09:30:00,3088.0,3096.50506584,10.941596344,43.75,612.0,0,35.4326306477,-312.0,8.82352941176,612.0,-312.0
09:30:01,3088.0,3096.50034211,10.9427862217,43.75,1794.0,32.6923076923,35.4364838785,566.0,4.23940149624,1400.0,254.0
09:30:01,3088.0,3096.49562101,10.9439715634,56.0,928.0,0,35.4403224203,248.0,6.23875224954,1164.0,502.0
09:30:02,3086.0,3096.48979173,10.9456490595,51.8518518519,404.0,0,35.4687266996,78.0,0.160513643651,860.0,580.0
09:30:02,3086.0,3096.48396569,10.9466787201,51.8518518519,820.0,0,35.4720632536,-194.0,9.5655989469,846.666666667,386.0
09:30:03,3086.0,3096.47814288,10.9465478767,51.8518518519,374.0,0,35.4716392634,-280.0,15.9367396594,711.619047619,106.0
09:30:03,3087.0,3096.47287871,10.9460076401,53.8461538462,330.0,0,35.4583985749,48.0,24.9462365591,571.047619048,466.0
09:30:04,3087.0,3096.46761746,10.945460158,53.8461538462,150.0,0,35.4566250665,126.0,40.7850964737,392.476190476,26.0
09:30:04,3088.0,3096.46291453,10.9445294836,56.0,670.0,0,35.4421291567,-150.0,54.9490538573,440.761904762,-372.0
09:30:05,3088.0,3096.45821422,10.9435919542,56.0,466.0,0,35.4390931161,8.0,71.6725978648,443.047619048,-442.0
09:30:05,3087.0,3096.45296111,10.9434344712,53.8461538462,988.0,0,35.4500630747,-104.0,59.9731363331,591.523809524,-352.0
09:30:06,3088.0,3096.44826633,10.9428948565,56.0,34.0,0,35.4368356751,26.0,54.8142532221,459.428571429,-46.0
09:30:06,3087.0,3096.44301875,10.9431104094,53.8461538462,358.0,0,35.4490133119,-50.0,49.8874718679,436.095238095,-144.0
09:30:07,3087.0,3096.43777409,10.942933028,53.8461538462,132.0,0,35.4484387044,124.0,45.921450151,346.857142857,-146.0
09:30:07,3088.0,3096.43308773,10.9423741379,56.0,76.0,0,35.4351494104,52.0,40.4089581305,242.476190476,56.0
09:30:08,3087.0,3096.42784859,10.94218341,53.8461538462,18.0,0,35.4460103984,4.0,33.00124533,149.80952381,52.0
09:30:08,3087.0,3096.42261235,10.9415732274,53.8461538462,276.0,0,35.4440337785,-48.0,40.2684563758,152.19047619,108.0
09:30:09,3088.0,3096.41793442,10.9409945916,56.0,46.0,0,35.4306819677,6.0,42.3841059603,122.761904762,88.0
09:30:09,3087.0,3096.41270368,10.9407835071,53.8461538462,98.0,0,35.4414755657,18.0,20.7430340557,107.619047619,156.0
09:30:10,3087.0,3096.40747586,10.9405656409,53.8461538462,116.0,0,35.4407698118,112.0,21.5873015873,110.0,144.0
09:30:10,3088.0,3096.40280633,10.9399674853,56.0,24.0,0,35.4273558463,24.0,23.1833910035,86.8571428571,116.0
09:30:11,3087.0,3096.397584,10.9397362652,53.8461538462,40.0,0,35.4380831397,22.0,22.3333333333,70.7619047619,134.0
09:30:11,3087.0,3096.39236457,10.9398869212,53.8461538462,124.0,0,35.4385711733,-24.0,25.0,77.619047619,158.0
09:30:12,3087.0,3096.38714804,10.9396423616,53.8461538462,70.0,0,35.4377789492,14.0,21.186440678,76.2857142857,166.0
09:30:12,3088.0,3096.38248981,10.9390183391,56.0,74.0,0,35.4242821861,12.0,13.3928571429,74.9523809524,160.0
09:30:13,3087.0,3096.37727876,10.9391497486,53.8461538462,234.0,0,35.436183183,-2.0,41.3427561837,120.476190476,46.0
09:30:13,3087.0,3096.37207061,10.9392748084,53.8461538462,138.0,0,35.4365883006,-40.0,49.4117647059,132.952380952,-18.0
09:30:14,3088.0,3096.36742075,10.9393858022,56.0,214.0,0,35.4254721572,6.0,46.6042154567,161.714285714,-34.0
09:30:14,3088.0,3096.36277347,10.9391267362,56.0,40.0,0,35.424633213,-10.0,50.3896103896,132.476190476,-20.0
09:30:15,3088.0,3096.35812878,10.939226474,56.0,64.0,0,35.4249561981,-6.0,47.9057591623,114.095238095,-40.0
09:30:15,3088.0,3096.35348666,10.9389557444,56.0,56.0,0,35.4240794831,-26.0,48.7935656836,93.7142857143,-78.0
09:30:16,3088.0,3096.34884713,10.9390442261,56.0,122.0,0,35.4243660171,-82.0,30.2839116719,93.0476190476,-158.0
09:30:16,3089.0,3096.34476557,10.9387814981,57.6923076923,58.0,0,35.4120475821,-22.0,20.2166064982,79.4285714286,-140.0
09:30:17,3088.0,3096.34013087,10.9388591184,56.0,18.0,0,35.4237665751,-18.0,13.4078212291,58.1904761905,-164.0
09:30:17,3089.0,3096.33605416,10.9382201668,57.6923076923,44.0,0,35.4102303877,-14.0,16.0220994475,53.7142857143,-168.0
09:30:18,3088.0,3096.3314243,10.9382867301,56.0,382.0,0,35.421912986,-14.0,10.5882352941,145.619047619,-176.0
09:30:18,3088.0,3096.32679702,10.9383477626,56.0,216.0,0,35.4221106301,40.0,6.66666666667,174.952380952,-110.0
09:30:19,3088.0,3096.3221723,10.9384032643,56.0,16.0,0,35.4222903636,6.0,8.17438692098,139.523809524,-22.0
09:30:19,3088.0,3096.31755016,10.9384532354,56.0,24.0,0,35.422452187,-12.0,5.71428571428,111.428571429,-12.0
09:30:20,3088.0,3096.31293058,10.9384976758,56.0,456.0,0,35.4225961005,-184.0,7.20562390158,208.380952381,-178.0
09:30:20,3088.0,3096.30831357,10.9385365858,56.0,18.0,0,35.4227221043,-8.0,8.09352517986,159.333333333,-172.0
09:30:21,3088.0,3096.30369912,10.9389116867,56.0,80.0,0,35.4239368092,-32.0,19.012345679,129.238095238,-190.0
09:30:21,3088.0,3096.29908724,10.9392816327,56.0,36.0,0,35.4251348208,-18.0,24.126984127,100.952380952,-248.0
09:30:22,3088.0,3096.29447791,10.9396464243,56.0,40.0,0,35.4263161409,-14.0,20.4892966361,82.380952381,-268.0
09:30:22,3088.0,3096.28987115,10.9403229126,56.0,12.0,0,35.4285068413,-6.0,21.1838006231,54.6666666667,-262.0
09:30:23,3088.0,3096.28526694,10.9403351564,56.0,28.0,0,35.4285464908,-6.0,56.0747663551,32.0952380952,-84.0
09:30:23,3088.0,3096.2806653,10.9403418707,56.0,24.0,0,35.428568234,-24.0,54.5454545455,28.7619047619,-100.0
09:30:24,3088.0,3096.2760662,10.9403430555,56.0,26.0,0,35.428572071,-12.0,38.5542168675,25.7142857143,-80.0
09:30:24,3088.0,3096.27146967,10.9406817242,56.0,12.0,0,35.4296687959,0.0,49.2957746479,21.2380952381,-62.0
09:30:25,3088.0,3096.26687568,10.9413330285,56.0,408.0,0,35.4317779422,152.0,93.7254901961,131.047619048,104.0
09:30:25,3087.0,3096.26172885,10.9420290588,53.8461538462,102.0,0,35.4455103944,44.0,88.6666666667,135.904761905,154.0
09:30:26,3087.0,3096.25658487,10.9427195165,53.8461538462,28.0,0,35.447747057,2.0,87.3333333333,115.333333333,162.0
09:30:26,3087.0,3096.25144375,10.9434044028,53.8461538462,38.0,0,35.4499656715,-2.0,86.6449511401,97.619047619,184.0
09:30:27,3088.0,3096.24686089,10.9440353808,56.0,50.0,0,35.440529083,-6.0,85.5799373041,82.6666666667,190.0
09:30:27,3088.0,3096.24228057,10.9446615566,56.0,26.0,0,35.4425568544,-8.0,84.9693251534,59.7142857143,182.0
09:30:28,3087.0,3096.2371474,10.9453305303,53.8461538462,10.0,0,35.4562051515,0.0,62.2047244095,31.5238095238,30.0
09:30:28,3087.0,3096.23201707,10.9459939364,53.8461538462,242.0,0,35.4583541834,-78.0,83.7563451777,88.5714285714,-92.0
09:30:29,3087.0,3096.2268896,10.9469709436,53.8461538462,126.0,0,35.4615190916,8.0,63.4146341464,105.80952381,-86.0
09:30:29,3087.0,3096.22176497,10.9476233962,53.8461538462,48.0,0,35.4636326407,2.0,56.9721115538,96.0952380952,-82.0
09:30:30,3087.0,3096.21664319,10.9482702845,53.8461538462,0.0,0,35.4657281648,0.0,0,72.1904761905,-76.0
09:30:30,3088.0,3096.21207966,10.9485462949,56.0,88.0,0,35.4551369654,-72.0,59.9221789883,75.8095238095,-140.0
09:30:31,3087.0,3096.20696326,10.9488370204,53.8461538462,44.0,0,35.467564044,-26.0,62.0437956204,63.9047619048,-166.0
09:30:31,3088.0,3096.2024051,10.9487569056,56.0,90.0,0,35.4558189948,-48.0,46.4646464646,63.5238095238,-136.0
09:30:32,3088.0,3096.19784947,10.948671265,56.0,38.0,0,35.4555416613,-30.0,66.2337662338,55.5238095238,-174.0
09:30:32,3087.0,3096.19274098,10.9485733751,53.8461538462,46.0,0,35.4667099939,10.0,73.8562091503,54.0,-166.0
09:30:33,3088.0,3096.18819072,10.9481048271,56.0,64.0,0,35.4537073417,-2.0,78.3783783784,57.7142857143,-168.0
09:30:33,3088.0,3096.18364299,10.9483483026,56.0,216.0,0,35.4544957987,210.0,44.1767068273,101.80952381,114.0
09:30:34,3087.0,3096.17854238,10.9486040847,53.8461538462,18.0,0,35.4668094744,12.0,41.1016949153,83.2380952381,152.0
09:30:34,3087.0,3096.17344461,10.9492005987,53.8461538462,62.0,0,35.4687418162,40.0,28.8288288288,78.4761904762,240.0
09:30:35,3088.0,3096.16890506,10.9490812196,56.0,12.0,0,35.4568692343,6.0,28.7081339713,60.7619047619,276.0
09:30:35,3087.0,3096.16381264,10.9496666581,53.8461538462,30.0,0,35.4702515649,20.0,25.3731343284,49.4285714286,286.0
09:30:36,3087.0,3096.15872305,10.9502465409,53.8461538462,8.0,0,35.4721300319,-4.0,11.5606936416,32.5714285714,284.0
09:30:36,3087.0,3096.15363628,10.9504734663,53.8461538462,60.0,0,35.4728651321,-50.0,20.0,33.2380952381,24.0
09:30:37,3088.0,3096.14910774,10.9506794105,56.0,82.0,0,35.4620447233,-12.0,13.3858267716,47.619047619,0.0
09:30:37,3087.0,3096.14402632,10.9512426679,53.8461538462,182.0,0,35.475356877,50.0,6.41711229946,87.5238095238,10.0
09:30:38,3087.0,3096.13894771,10.9518003727,53.8461538462,272.0,0,35.4771635009,-96.0,11.9873817035,147.428571429,-92.0
09:30:38,3087.0,3096.13387193,10.9520043828,53.8461538462,196.0,0,35.4778243692,-86.0,9.00000000001,173.238095238,-198.0
09:30:39,3088.0,3096.12935437,10.951840648,56.0,72.0,0,35.4658052074,16.0,10.1851851852,155.714285714,-178.0
09:30:39,3088.0,3096.12483931,10.9520199353,56.0,100.0,0,35.4663858009,40.0,17.6991150443,143.142857143,-88.0
09:30:40,3087.0,3096.11977136,10.9528788566,53.8461538462,58.0,0,35.4806571318,42.0,19.0909090909,116.666666667,-34.0
09:30:40,3087.0,3096.11470623,10.9534090612,53.8461538462,20.0,0,35.4823746718,12.0,23.9554317549,80.4761904762,-72.0
09:30:41,3088.0,3096.11019931,10.9535727267,56.0,120.0,0,35.4714142703,-58.0,21.9081272085,80.5714285714,-34.0
09:30:41,3088.0,3096.1056949,10.9533819929,56.0,222.0,0,35.4707966093,-206.0,21.2837837838,117.047619048,-154.0
09:30:42,3087.0,3096.10063758,10.9538958027,53.8461538462,26.0,0,35.4839514178,0.0,20.1465201465,96.2857142857,-170.0
09:30:42,3088.0,3096.09613848,10.9540436753,56.0,74.0,0,35.4729393629,0.0,12.3076923077,91.4285714286,-210.0
09:30:43,3087.0,3096.09108647,10.9545466067,53.8461538462,38.0,0,35.4860596264,-6.0,11.2,77.5238095238,-258.0
09:30:43,3087.0,3096.08603727,10.955043993,53.8461538462,4.0,0,35.4876708552,0.0,11.1570247934,54.8571428571,-270.0
09:30:44,3087.0,3096.08099088,10.9558606526,53.8461538462,130.0,0,35.4903163349,0.0,8.90688259109,68.9523809524,-212.0
09:30:44,3087.0,3096.07594728,10.9563471338,53.8461538462,34.0,0,35.4918922376,0.0,20.9150326797,55.1428571429,-6.0
09:30:45,3087.0,3096.07090649,10.9568280722,53.8461538462,22.0,0,35.4934501854,0.0,24.5033112583,46.8571428571,-6.0
09:30:45,3088.0,3096.0664239,10.9572696956,56.0,42.0,0,35.4833863199,0.0,32.5925925926,44.4761904762,-6.0
09:30:46,3087.0,3096.06138839,10.9580654664,53.8461538462,42.0,0,35.4974585889,14.0,38.6861313869,43.619047619,14.0
09:30:46,3087.0,3096.05635569,10.9585303601,53.8461538462,46.0,0,35.4989645615,12.0,36.7088607595,43.7142857143,26.0
09:30:47,3088.0,3096.05188118,10.9589570869,56.0,12.0,0,35.48885067,0.0,59.595959596,32.0952380952,26.0
09:30:47,3088.0,3096.04740915,10.9593790376,56.0,32.0,0,35.4902170905,20.0,61.2244897959,31.8095238095,46.0
09:30:48,3088.0,3096.04293961,10.9600970662,56.0,24.0,0,35.4925423128,8.0,60.6060606061,29.3333333333,54.0
09:30:48,3088.0,3096.03847255,10.960810648,56.0,54.0,0,35.4948531348,20.0,52.3809523809,35.3333333333,74.0
09:30:49,3087.0,3096.03345257,10.9615763227,53.8461538462,38.0,0,35.5088316252,0.0,43.6893203883,36.1904761905,60.0
09:30:49,3087.0,3096.02843538,10.9626381454,53.8461538462,20.0,0,35.5122712842,-2.0,43.3333333333,32.0952380952,46.0
09:30:50,3087.0,3096.02342098,10.9630667815,53.8461538462,26.0,0,35.5136598041,-8.0,36.0824742268,30.9523809524,38.0
09:30:50,3087.0,3096.01840936,10.9638169071,53.8461538462,40.0,0,35.5160897542,-20.0,25.7425742574,33.1428571429,-2.0
09:30:51,3088.0,3096.01395592,10.9642050035,56.0,74.0,33.3333333333,35.5058452185,-52.0,18.253968254,44.6666666667,-62.0
09:30:51,3087.0,3096.00894956,10.9652469952,47.8260869565,32.0,0,35.5207223688,-8.0,7.82608695652,41.8095238095,-90.0
09:30:52,3087.0,3096.00394598,10.9659819632,47.8260869565,88.0,0,35.5231032173,-10.0,9.99999999999,56.0,-100.0
09:30:52,3087.0,3095.99894517,10.9667117527,47.8260869565,22.0,0,35.5254672909,-10.0,12.0567375886,48.9523809524,-108.0
09:30:53,3087.0,3095.99394715,10.9674363648,47.8260869565,38.0,0,35.5278145929,-6.0,13.6054421769,46.380952381,-106.0
09:30:53,3088.0,3095.9895073,10.9681026866,50.0,46.0,0,35.5184672493,-8.0,16.0,45.5238095238,-94.0
09:30:54,3088.0,3095.98506992,10.9687645712,50.0,6.0,0,35.5206106581,0.0,18.9655172414,32.9523809524,-42.0
09:30:54,3087.0,3095.9800796,10.9697774175,47.8260869565,128.0,0,35.5353981778,-18.0,12.8048780488,58.4761904762,-52.0
09:30:55,3087.0,3095.97509205,10.9710632299,47.8260869565,6.0,0,35.539563427,6.0,12.1951219512,44.5714285714,-36.0
09:30:55,3087.0,3095.97010727,10.9723444965,47.8260869565,20.0,0,35.5437139505,4.0,13.1147540984,38.5714285714,-22.0
09:30:56,3087.0,3095.96512526,10.9733431179,47.8260869565,56.0,0,35.5469488755,50.0,10.6870229008,42.9523809524,34.0
09:30:56,3087.0,3095.96014602,10.974615154,47.8260869565,10.0,0,35.5510694978,6.0,7.0796460177,33.3333333333,48.0
09:30:57,3088.0,3095.95572495,10.9755283345,50.0,60.0,0,35.5425140367,36.0,14.2857142857,39.7142857143,84.0
09:30:57,3087.0,3095.95075093,10.9765129585,47.8260869565,24.0,0,35.5572172287,12.0,27.2727272727,33.2380952381,114.0
09:30:58,3087.0,3095.94577967,10.9774927426,47.8260869565,170.0,0,35.5603911325,24.0,26.4705882353,73.4285714286,132.0
09:30:58,3088.0,3095.94136657,10.9781139983,50.0,140.0,0,35.5508873002,24.0,39.5652173913,97.2380952381,152.0
09:30:59,3087.0,3095.93640052,10.9790843204,47.8260869565,12.0,0,35.5655468754,8.0,44.2307692308,78.7619047619,110.0
09:30:59,3087.0,3095.93143724,10.9800498064,47.8260869565,168.0,0,35.5686744618,126.0,32.4041811847,106.952380952,230.0
09:31:00,3088.0,3095.92703211,10.9806573905,50.0,80.0,0,35.559123674,20.0,28.9562289562,102.476190476,214.0
09:31:00,3087.0,3095.92207402,10.9813086111,47.8260869565,172.0,0,35.5727522225,70.0,27.2237196765,123.333333333,272.0
09:31:01,3087.0,3095.91711869,10.9822596529,47.8260869565,550.0,0,35.5758330187,-164.0,14.4385026738,245.142857143,84.0
09:31:01,3087.0,3095.91216611,10.9829007249,47.8260869565,306.0,0,35.5779097017,222.0,4.81366459627,279.142857143,282.0
09:31:02,3087.0,3095.90721628,10.9832060213,47.8260869565,16.0,0,35.578898676,6.0,5.10835913313,222.380952381,280.0
09:31:02,3087.0,3095.9022692,10.9838366061,47.8260869565,66.0,0,35.5809413868,18.0,10.756302521,179.714285714,172.0
09:31:03,3087.0,3095.89732487,10.9841310584,47.8260869565,4.0,0,35.5818952329,0.0,10.7719928187,124.19047619,152.0
09:31:03,3087.0,3095.89238329,10.9844199956,47.8260869565,18.0,0,35.5828312134,6.0,10.2083333333,76.2857142857,88.0
09:31:04,3087.0,3095.88744444,10.984703418,47.8260869565,30.0,0,35.5837493295,28.0,28.6363636364,39.1428571429,280.0
09:31:04,3086.0,3095.88195295,10.9856893408,45.8333333333,24.0,0,35.5984748569,2.0,92.4050632911,25.0476190476,60.0
09:31:05,3087.0,3095.8770199,10.9859617176,47.8260869565,22.0,0,35.5878254539,-8.0,93.9024390244,23.8095238095,46.0
09:31:05,3087.0,3095.87208959,10.9862285813,47.8260869565,152.0,0,35.5886899298,-90.0,42.4,59.4285714286,-62.0
09:31:06,3086.0,3095.86660662,10.9871978497,45.8333333333,78.0,0,35.6033630906,-48.0,33.950617284,69.8095238095,-110.0
09:31:06,3086.0,3095.86112669,10.9884684786,45.8333333333,26.0,0,35.6074804882,-4.0,29.5180722892,61.8095238095,-120.0
09:31:07,3086.0,3095.85564981,10.9897338422,45.8333333333,30.0,0,35.6115808238,-4.0,22.8915662651,54.5714285714,-152.0
09:31:07,3086.0,3095.85017597,10.9906866824,45.8333333333,24.0,0,35.6146684458,6.0,19.8795180723,45.619047619,-148.0
09:31:08,3086.0,3095.84470517,10.9916339363,45.8333333333,82.0,0,35.617737966,-66.0,14.7959183673,53.2380952381,-206.0
09:31:08,3086.0,3095.83923741,10.9925756054,45.8333333333,200.0,0,35.620789389,-12.0,10.4545454545,91.7142857143,-128.0
09:31:09,3086.0,3095.83377268,10.9935116912,45.8333333333,76.0,0,35.6238227195,14.0,10.0456621004,92.4761904762,-66.0
09:31:09,3086.0,3095.82831099,10.9947501361,45.8333333333,96.0,0,35.6278358267,8.0,7.87401574801,99.0476190476,-54.0
09:31:10,3086.0,3095.82285234,10.995983326,45.8333333333,68.0,0,35.6318319054,-2.0,6.22710622709,94.2857142857,-52.0
09:31:10,3086.0,3095.81739671,10.9974942397,45.8333333333,36.0,0,35.6367279317,14.0,6.09318996414,78.5714285714,-44.0
09:31:11,3086.0,3095.81194412,10.9987170829,45.8333333333,28.0,0,35.6406904824,8.0,5.55555555554,60.0,30.0
09:31:11,3087.0,3095.80704995,10.9998446643,47.8260869565,200.0,0,35.6327977464,20.0,11.1111111111,93.1428571429,62.0
09:31:12,3086.0,3095.8016031,11.0010573987,45.8333333333,204.0,0,35.648274137,50.0,9.17721518987,127.428571429,98.0
09:31:12,3086.0,3095.79615928,11.0022648868,45.8333333333,86.0,0,35.6521869306,46.0,9.00321543408,121.904761905,136.0
09:31:13,3086.0,3095.79071848,11.0034671304,45.8333333333,60.0,0,35.6560827296,-44.0,8.79478827362,109.428571429,94.0
09:31:13,3086.0,3095.7852807,11.0046641311,45.8333333333,98.0,0,35.6599615396,-46.0,6.50887573965,108.19047619,34.0
09:31:14,3086.0,3095.77984595,11.0058558908,45.8333333333,220.0,0,35.6638233661,-22.0,8.52534562212,138.857142857,4.0
09:31:14,3086.0,3095.77441421,11.0070424111,45.8333333333,70.0,0,35.6676682147,-50.0,6.50406504065,117.523809524,-66.0
09:31:15,3086.0,3095.76898548,11.0085080698,45.8333333333,242.0,0,35.6724175949,30.0,5.67010309278,151.523809524,-86.0
09:31:15,3086.0,3095.76355978,11.0096842752,45.8333333333,52.0,0,35.6762290188,-34.0,6.19946091644,129.428571429,-166.0
09:31:16,3086.0,3095.75813708,11.011139926,45.8333333333,106.0,0,35.6809459688,-10.0,7.36040609136,124.380952381,-132.0
09:31:16,3087.0,3095.7532728,11.0122196402,47.8260869565,64.0,0,35.6728851319,-6.0,10.6100795756,105.142857143,-92.0
09:31:17,3086.0,3095.74785582,11.0139254028,45.8333333333,42.0,0,35.6899721412,-14.0,9.02777777777,81.2380952381,-84.0
09:31:17,3087.0,3095.74299725,11.0147109823,47.8260869565,44.0,0,35.6809555632,-10.0,12.7272727273,66.380952381,-44.0
09:31:18,3087.0,3095.73814138,11.015777038,47.8260869565,8.0,0,35.6844089341,0.0,22.1518987342,42.4761904762,-74.0
09:31:18,3086.0,3095.7327328,11.0169233455,45.8333333333,38.0,0,35.6996867967,0.0,25.8278145695,38.2857142857,-40.0
09:31:19,3087.0,3095.72788263,11.0176945086,47.8260869565,52.0,0,35.6906203711,22.0,35.4838709677,38.7619047619,-8.0
09:31:19,3087.0,3095.72303516,11.0184608838,47.8260869565,24.0,0,35.69310296,22.0,33.6538461539,33.8095238095,20.0
09:31:20,3086.0,3095.71763497,11.0195919766,45.8333333333,12.0,0,35.7083343376,12.0,38.202247191,27.3333333333,46.0
09:31:20,3086.0,3095.71223778,11.0207178493,45.8333333333,38.0,0,35.7119826613,24.0,30.2325581396,29.7142857143,80.0
09:31:21,3086.0,3095.70684359,11.0218385035,45.8333333333,790.0,0,35.7156140748,-182.0,5.45073375263,247.238095238,-102.0
09:31:21,3086.0,3095.7014524,11.0229539408,45.8333333333,30.0,0,35.7192285832,-20.0,4.43974630022,210.380952381,-122.0
09:31:22,3086.0,3095.6960642,11.0237524139,45.8333333333,84.0,0,35.7218159882,-28.0,10.8384458078,189.333333333,-172.0
09:31:22,3087.0,3095.6912344,11.0241769625,47.8260869565,128.0,0,35.711619574,16.0,10.9057301294,179.333333333,-178.0
09:31:23,3086.0,3095.68585187,11.0249645691,45.8333333333,118.0,0,35.7257439051,-4.0,9.93265993266,161.523809524,-194.0
09:31:23,3086.0,3095.68047234,11.0260589061,45.8333333333,16.0,0,35.7292900391,-10.0,9.43396226415,109.523809524,-228.0
09:31:24,3086.0,3095.67509579,11.0271480334,45.8333333333,208.0,0,35.7328192916,-30.0,18.4931506849,113.428571429,-76.0
09:31:24,3087.0,3095.67027763,11.0278644518,47.8260869565,104.0,0,35.7235647937,-64.0,17.0212765957,115.333333333,-120.0
09:31:25,3086.0,3095.66490675,11.0289433893,45.8333333333,288.0,0,35.7386370359,108.0,33.6426914153,166.285714286,16.0
09:31:25,3086.0,3095.65953885,11.0303048322,45.8333333333,56.0,0,35.743048711,-10.0,36.7088607595,141.238095238,-10.0
09:31:26,3086.0,3095.65417393,11.0316613789,45.8333333333,42.0,0,35.74744452,6.0,42.2969187675,115.619047619,0.0
09:31:26,3087.0,3095.64936739,11.0326464169,47.8260869565,262.0,0,35.7390554483,146.0,35.8333333333,156.476190476,156.0
09:31:27,3087.0,3095.64456352,11.0338899623,47.8260869565,30.0,0,35.7430837782,28.0,44.5012787724,119.333333333,214.0
09:31:27,3086.0,3095.63920691,11.0354955362,45.8333333333,12.0,0,35.7598688793,0.0,51.3043478261,85.5238095238,278.0
09:31:28,3086.0,3095.63385329,11.037096507,45.8333333333,46.0,0,35.7650567305,10.0,29.0178571428,65.8095238095,180.0
09:31:28,3087.0,3095.62905803,11.0383271365,47.8260869565,36.0,0,35.7574575202,-2.0,34.5794392523,54.7619047619,188.0
09:31:29,3087.0,3095.62426544,11.0395536028,47.8260869565,134.0,0,35.7614305243,-2.0,28.0769230769,72.6666666667,180.0
09:31:29,3086.0,3095.61892011,11.0411412314,45.8333333333,78.0,0,35.7781634199,78.0,30.3571428571,70.1904761905,112.0
09:31:30,3086.0,3095.61357775,11.0429628869,45.8333333333,20.0,0,35.7840663865,10.0,29.4478527607,59.9047619048,94.0
09:31:30,3086.0,3095.60823836,11.0445414671,45.8333333333,14.0,0,35.7891816822,4.0,28.0487804878,48.380952381,98.0
09:31:31,3086.0,3095.60290193,11.046115456,45.8333333333,1012.0,0,35.7942820997,-396.0,7.26429675424,321.904761905,-308.0
09:31:31,3086.0,3095.59756847,11.0474206671,45.8333333333,154.0,0,35.7985115589,88.0,5.52407932011,304.285714286,-218.0
09:31:32,3086.0,3095.59223797,11.0484315091,45.8333333333,8.0,0,35.8017871326,-2.0,5.75427682736,239.333333333,-218.0
09:31:32,3085.0,3095.58635502,11.0501159147,44.0,176.0,0,35.8188522357,56.0,9.39306358381,228.380952381,-240.0
09:31:33,3086.0,3095.58103075,11.0514061309,45.8333333333,356.0,0,35.8114262179,-70.0,13.3720930233,264.19047619,-320.0
09:31:33,3086.0,3095.57570943,11.0526914771,45.8333333333,226.0,0,35.8155913064,-82.0,13.6645962733,246.857142857,-406.0
09:31:34,3085.0,3095.56983567,11.0546252959,44.0,108.0,0,35.8334693545,14.0,23.5408560311,185.714285714,4.0
09:31:34,3085.0,3095.56396517,11.0559987488,44.0,232.0,0,35.8379213899,-24.0,39.4213381555,203.047619048,-108.0
09:31:35,3086.0,3095.55865333,11.0569786598,45.8333333333,128.0,0,35.8294836675,4.0,35.2365415987,186.952380952,-102.0
09:31:35,3086.0,3095.55334444,11.0582439466,45.8333333333,554.0,0,35.8335837543,30.0,27.5561097257,286.857142857,-128.0
09:31:36,3085.0,3095.5474831,11.0596011268,44.0,550.0,0,35.849598466,54.0,37.0411568409,367.619047619,-4.0
09:31:36,3085.0,3095.54162502,11.0609526713,44.0,886.0,0,35.8539794856,682.0,26.2001627339,535.142857143,760.0
09:31:37,3085.0,3095.53577019,11.0622985822,44.0,1154.0,0,35.8583422439,750.0,18.3789954338,747.80952381,1496.0
09:31:37,3085.0,3095.52991861,11.0636388617,44.0,96.0,0,35.8626867477,44.0,12.8266033254,608.380952381,1564.0
09:31:38,3084.0,3095.52351487,11.0650686283,42.3076923077,68.0,0,35.8789514538,-26.0,14.5707376058,467.428571429,1534.0
09:31:38,3084.0,3095.5171147,11.0664919351,42.3076923077,802.0,0,35.883566586,328.0,14.0607424072,539.047619048,1832.0
09:31:39,3084.0,3095.51071808,11.0679087845,42.3076923077,732.0,0,35.8881607797,-120.0,5.72498662384,578.857142857,1658.0
09:31:39,3084.0,3095.50432501,11.0693191789,42.3076923077,166.0,0,35.892734043,142.0,6.49436713053,448.285714286,1118.0
09:31:40,3084.0,3095.49793549,11.0707231208,42.3076923077,246.0,0,35.8972863838,6.0,18.1990521327,374.857142857,374.0
09:31:40,3084.0,3095.49154953,11.0721206127,42.3076923077,754.0,0,35.9018178102,298.0,31.8641618497,489.80952381,628.0
09:31:41,3083.0,3095.4846117,11.0736041641,40.7407407407,52.0,32.0754716981,35.9182749402,-8.0,31.3953488372,372.857142857,646.0
09:31:41,3084.0,3095.47823314,11.0749883336,44.4444444444,866.0,0,35.9111165162,-222.0,41.40625,489.238095238,96.0
09:31:42,3083.0,3095.47130271,11.076800581,42.3076923077,546.0,0,35.9286428187,338.0,57.4904942966,511.142857143,554.0
09:31:42,3083.0,3095.46437613,11.0786058387,42.3076923077,104.0,0,35.9344983417,62.0,59.4236760125,415.619047619,474.0
09:31:43,3084.0,3095.4580088,11.0799701629,44.4444444444,582.0,0,35.9272703079,128.0,35.6060606061,459.619047619,596.0
09:31:43,3084.0,3095.45164501,11.0809846579,44.4444444444,206.0,0,35.9305598504,88.0,22.8353140917,380.19047619,386.0
09:31:44,3084.0,3095.44528475,11.0819923688,44.4444444444,396.0,0,35.9338273954,216.0,18.5925925926,381.142857143,610.0
09:31:44,3085.0,3095.43948343,11.0825851565,46.4285714286,122.0,0,35.9241009934,-20.0,6.95296523516,287.428571429,812.0
09:31:45,3084.0,3095.43312992,11.0835795573,44.4444444444,354.0,0,35.9389739211,-86.0,-2.49433106577,295.428571429,388.0
09:31:45,3085.0,3095.42733535,11.0841595209,46.4285714286,262.0,0,35.9292042816,80.0,3.2258064516,286.285714286,406.0
09:31:46,3085.0,3095.42154399,11.0847331892,46.4285714286,210.0,0,35.9310638225,-22.0,28.2580645161,254.761904762,256.0
09:31:46,3084.0,3095.41520045,11.0853381645,44.4444444444,266.0,0,35.9446762793,42.0,28.4472049689,256.952380952,210.0
09:31:47,3084.0,3095.40886044,11.08630578,44.4444444444,112.0,0,35.9478138134,-24.0,37.7073906486,212.285714286,-30.0
09:31:47,3085.0,3095.40307934,11.08685992,46.4285714286,126.0,0,35.9379576013,34.0,37.1428571428,185.142857143,24.0
09:31:48,3085.0,3095.39730146,11.0874077689,46.4285714286,68.0,0,35.9397334486,22.0,33.5249042145,141.238095238,132.0
09:31:48,3085.0,3095.39152678,11.0875789557,46.4285714286,792.0,0,35.9402883491,-222.0,10.6734434562,317.80952381,-170.0
09:31:49,3085.0,3095.38575532,11.0877434522,46.4285714286,174.0,0,35.9408215629,98.0,11.7035110533,292.571428571,-50.0
09:31:49,3085.0,3095.37998706,11.0882720513,46.4285714286,80.0,0,35.9425350123,-36.0,12.573964497,242.19047619,-128.0
09:31:50,3085.0,3095.374222,11.0884233787,46.4285714286,62.0,0,35.9430255386,20.0,13.2104454685,195.523809524,-84.0
09:31:50,3084.0,3095.36790474,11.0893445652,44.4444444444,136.0,0,35.9576672023,22.0,17.0731707317,172.380952381,-96.0
09:31:51,3085.0,3095.36214639,11.0894825047,46.4285714286,1302.0,0,35.9464586862,846.0,55.7737627651,481.904761905,728.0
09:31:51,3085.0,3095.35639124,11.089613756,46.4285714286,42.0,0,35.946884136,4.0,84.855233853,372.666666667,954.0
09:31:52,3086.0,3095.35119469,11.0893586762,48.275862069,1222.0,0,35.9344091904,-222.0,86.7088607595,636.285714286,634.0
09:31:52,3086.0,3095.34600103,11.0894693541,48.275862069,96.0,0,35.9347678357,-56.0,85.8041958042,528.285714286,614.0
09:31:53,3087.0,3095.34136565,11.0892199767,50.0,1136.0,0,35.9223193284,-86.0,81.8505338078,716.666666667,508.0
09:31:53,3088.0,3095.33728824,11.0878662097,51.6129032258,84.0,0,35.9063024924,30.0,81.6589386914,553.333333333,516.0
09:31:54,3086.0,3095.3321023,11.0875868718,48.275862069,326.0,0,35.9286677633,-192.0,66.3454920853,461.619047619,-522.0
09:31:54,3086.0,3095.32691924,11.0869032958,48.275862069,334.0,0,35.9264526761,34.0,63.1644777986,418.666666667,-492.0
09:31:55,3086.0,3095.32173906,11.0862129892,48.275862069,276.0,0,35.9242157783,60.0,43.4280639432,345.238095238,-210.0
09:31:55,3086.0,3095.31656175,11.0859143994,48.275862069,14.0,0,35.9232482158,-12.0,45.069124424,242.0,-166.0
09:31:56,3086.0,3095.31138732,11.0852108685,48.275862069,294.0,0,35.9209684658,-56.0,12.6506024096,222.666666667,-136.0
09:31:56,3086.0,3095.30621576,11.0845006034,48.275862069,116.0,0,35.9186668937,-44.0,17.9411764706,192.571428571,-210.0
09:31:57,3086.0,3095.30104708,11.0837836027,48.275862069,42.0,0,35.9163434953,-22.0,24.3494423792,139.80952381,-40.0
09:31:57,3086.0,3095.29588127,11.083059865,48.275862069,14.0,0,35.9139982665,-12.0,18.5185185185,92.5714285714,-86.0
09:31:58,3086.0,3095.29071832,11.0823293892,48.275862069,188.0,0,35.9116312029,88.0,38.9221556886,110.285714286,-58.0
09:31:58,3086.0,3095.28555825,11.0815921739,48.275862069,128.0,0,35.9092423003,-2.0,46.547314578,115.047619048,-48.0
09:31:59,3085.0,3095.27984563,11.081625307,46.4285714286,34.0,0,35.9209896499,-4.0,71.6475095785,87.5238095238,4.0
09:31:59,3086.0,3095.2746916,11.0812749968,48.275862069,30.0,0,35.9082145069,2.0,68.3486238532,71.2380952381,50.0
09:32:00,3085.0,3095.26898502,11.0812949636,46.4285714286,438.0,0,35.9199188448,-122.0,84.375,175.619047619,-50.0
09:32:00,3085.0,3095.26328161,11.0809074726,46.4285714286,816.0,0,35.9186627962,-96.0,78.0905752754,369.142857143,-134.0
09:32:01,3086.0,3095.25813677,11.0805377113,48.275862069,1358.0,0,35.905825377,-70.0,77.3181169758,679.333333333,-292.0
09:32:01,3085.0,3095.25243939,11.0805376034,46.4285714286,148.0,0,35.9174638684,-120.0,77.7620396601,588.095238095,-410.0
09:32:02,3085.0,3095.24674517,11.0809071558,46.4285714286,110.0,0,35.9186617691,16.0,78.3448275862,485.047619048,-390.0
09:32:02,3086.0,3095.24160952,11.0808949385,48.275862069,252.0,0,35.9069829505,-26.0,80.333119795,418.952380952,-418.0
09:32:03,3087.0,3095.23703212,11.0801498631,50.0,62.0,0,35.892937684,-40.0,76.2563729061,288.0,-336.0
09:32:03,3086.0,3095.23190186,11.0801259318,48.275862069,40.0,0,35.9044910297,-10.0,76.8527918782,168.666666667,-250.0
09:32:04,3086.0,3095.22677445,11.0800961438,48.275862069,50.0,0,35.9043945035,-12.0,77.3413897281,89.1428571429,-192.0
09:32:04,3086.0,3095.22164989,11.0800604991,48.275862069,64.0,0,35.904278999,0.0,76.124567474,75.9047619048,-72.0
09:32:05,3087.0,3095.21708357,11.0796695385,50.0,22.0,0,35.8913817251,-22.0,73.8775510204,54.6666666667,-110.0
09:32:05,3087.0,3095.21251979,11.0792731041,50.0,14.0,0,35.890097519,0.0,46.0317460317,35.3333333333,-84.0
09:32:06,3086.0,3095.20740315,11.0792202895,48.275862069,28.0,0,35.9015563495,-4.0,46.7889908257,31.3333333333,-48.0
09:32:06,3086.0,3095.20228934,11.0795147418,48.275862069,174.0,0,35.9025105048,-154.0,70.4545454545,70.6666666667,-192.0
09:32:07,3087.0,3095.19773378,11.0794550406,50.0,338.0,0,35.8906868824,-112.0,89.0625,150.476190476,-292.0
09:32:07,3087.0,3095.19318075,11.0793902621,50.0,340.0,0,35.8904770396,138.0,93.8864628821,217.142857143,-154.0
09:32:08,3088.0,3095.18918565,11.0786434487,51.6129032258,38.0,0,35.8764360386,-24.0,91.8454935622,184.380952381,-156.0
09:32:08,3087.0,3095.18463736,11.078214604,50.0,40.0,0,35.8866686232,-18.0,90.3966597077,151.428571429,-174.0
09:32:09,3087.0,3095.18009161,11.0777802818,50.0,10.0,0,35.8852616839,-2.0,91.4893617021,108.666666667,-172.0
09:32:09,3087.0,3095.17554837,11.0776948063,50.0,52.0,0,35.8849847954,26.0,89.7310513447,78.7619047619,8.0
09:32:10,3088.0,3095.17156306,11.0772817091,51.6129032258,92.0,0,35.8720262599,-14.0,83.2167832168,66.0952380952,106.0
09:32:10,3087.0,3095.16702457,11.0768315516,50.0,28.0,0,35.8821883757,28.0,48.4615384615,46.8571428571,-4.0
09:32:11,3088.0,3095.16304399,11.0764086416,51.6129032258,14.0,0,35.8691989688,2.0,56.7796610169,38.4761904762,22.0
09:32:11,3088.0,3095.15906563,11.0759810061,51.6129032258,46.0,0,35.8678141388,-10.0,67.7685950413,40.380952381,30.0
09:32:12,3088.0,3095.15508947,11.0755486445,51.6129032258,44.0,0,35.8664140044,6.0,66.6666666667,41.4285714286,38.0
09:32:12,3088.0,3095.15111553,11.0751115564,51.6129032258,64.0,0,35.8649985636,-8.0,72.2222222222,46.5714285714,4.0
09:32:13,3088.0,3095.14714379,11.0746697412,51.6129032258,76.0,0,35.8635678148,-20.0,73.5294117647,54.5714285714,-2.0
09:32:13,3088.0,3095.14317426,11.0748596959,51.6129032258,66.0,0,35.8641829531,2.0,81.2903225807,60.4761904762,-28.0
09:32:14,3088.0,3095.13920693,11.0750456343,51.6129032258,68.0,0,35.8647850853,-16.0,80.7692307692,65.1428571429,-46.0
09:32:14,3087.0,3095.1346864,11.0752425356,50.0,12.0,0,35.8770409316,-2.0,78.1818181818,51.2380952381,-38.0
09:32:15,3088.0,3095.13072379,11.0754201074,51.6129032258,56.0,0,35.8659977571,4.0,83.6257309942,51.5238095238,-40.0
09:32:15,3088.0,3095.12676338,11.0752873015,51.6129032258,164.0,0,35.8655676863,82.0,63.3484162896,82.0952380952,50.0
09:32:16,3088.0,3095.12280516,11.0751501397,51.6129032258,102.0,0,35.8651235094,-6.0,57.2649572649,90.1904761905,64.0
09:32:16,3088.0,3095.11884915,11.074676806,51.6129032258,54.0,0,35.8635906931,0.0,56.1403508772,83.3333333333,62.0
09:32:17,3088.0,3095.11489533,11.0745307532,51.6129032258,8.0,0,35.8631177242,-8.0,53.0303030303,63.9047619048,70.0
09:32:17,3088.0,3095.11094371,11.0743803438,51.6129032258,42.0,0,35.8626306471,-2.0,56.338028169,57.0476190476,70.0
09:32:18,3088.0,3095.10699428,11.0742255777,51.6129032258,26.0,0,35.8621294614,14.0,50.505050505,44.1904761905,80.0
09:32:18,3087.0,3095.10249165,11.0743860816,50.0,50.0,0,35.8742665421,-28.0,70.2127659574,39.619047619,-30.0
09:32:19,3088.0,3095.09854691,11.0742224318,51.6129032258,8.0,0,35.862119274,0.0,78.7234042553,28.4761904762,-24.0
09:32:19,3088.0,3095.09460437,11.0737215214,51.6129032258,30.0,0,35.8604971548,-10.0,73.1707317073,28.0952380952,-34.0
09:32:20,3088.0,3095.09066402,11.0735489776,51.6129032258,16.0,0,35.859938399,10.0,67.4418604651,24.8571428571,-16.0
09:32:20,3088.0,3095.08672585,11.0730387968,51.6129032258,60.0,0,35.8582862589,38.0,49.4736842105,33.8095238095,24.0
09:32:21,3088.0,3095.08278988,11.0728573576,51.6129032258,120.0,0,35.8576986969,104.0,38.0281690141,59.0476190476,114.0
09:32:21,3088.0,3095.07885609,11.0723379043,51.6129032258,56.0,0,35.8560165294,12.0,36.5517241379,61.5238095238,154.0
09:32:22,3088.0,3095.07492448,11.0721475683,51.6129032258,10.0,0,35.8554001565,4.0,35.6164383562,50.5714285714,158.0
09:32:22,3088.0,3095.07099506,11.0719528735,51.6129032258,36.0,0,35.8547696679,10.0,42.9530201342,46.9523809524,178.0
09:32:23,3088.0,3095.06706782,11.0714196063,51.6129032258,452.0,0,35.8530427665,-160.0,76.8392370572,161.904761905,8.0
09:32:23,3087.0,3095.06258736,11.0715339447,50.0,802.0,0,35.8650273557,-72.0,80.8943089431,356.095238095,-102.0
09:32:24,3088.0,3095.05866479,11.0709912345,51.6129032258,68.0,0,35.851655552,-14.0,87.3595505618,305.238095238,-220.0
09:32:24,3089.0,3095.0552998,11.0701512774,53.125,54.0,0,35.8373301309,-24.0,88.1856540084,252.857142857,-256.0
09:32:25,3089.0,3095.05193668,11.069641888,53.125,228.0,0,35.8356810876,100.0,77.1951219512,250.285714286,-160.0
09:32:25,3089.0,3095.04857543,11.0691284599,53.125,14.0,0,35.8340189701,0.0,76.761433869,176.19047619,-170.0
09:32:26,3089.0,3095.04521604,11.0686109926,53.125,22.0,0,35.8323437766,-16.0,68.0134680135,105.428571429,-26.0
09:32:26,3088.0,3095.04130312,11.0680458443,51.6129032258,40.0,0,35.8421173715,-4.0,41.3145539906,60.2857142857,42.0
09:32:27,3089.0,3095.03794777,11.0675199603,53.125,22.0,0,35.8288117846,-2.0,31.5789473684,46.2857142857,54.0
09:32:27,3088.0,3095.03403888,11.0672816094,51.6129032258,204.0,0,35.8396425176,156.0,50.9433962264,86.4761904762,234.0
09:32:28,3088.0,3095.03013217,11.0670388959,51.6129032258,32.0,0,35.8388565281,0.0,76.0479041916,70.380952381,134.0
09:32:28,3088.0,3095.02622763,11.0664555389,51.6129032258,68.0,0,35.8369674187,22.0,69.587628866,73.9047619048,156.0
09:32:29,3089.0,3095.02288065,11.0655763631,53.125,56.0,0,35.8225197898,28.0,65.4028436019,71.4285714286,200.0
09:32:29,3089.0,3095.01953554,11.0646927589,53.125,74.0,0,35.8196593036,52.0,72.3684210526,72.4761904762,256.0
09:32:30,3089.0,3095.01619228,11.0638047253,53.125,30.0,0,35.8167844782,14.0,72.4137931035,59.3333333333,272.0
09:32:30,3089.0,3095.01285088,11.0629122613,53.125,14.0,0,35.81389531,10.0,54.0145985401,41.2380952381,126.0
09:32:31,3089.0,3095.00951133,11.0620153657,53.125,48.0,43.3962264151,35.8109917957,8.0,57.9310344828,41.9047619048,134.0
09:32:31,3088.0,3095.00561824,11.0610417397,46.6666666667,32.0,0,35.8194356855,12.0,65.3543307087,37.2380952381,124.0
09:32:32,3089.0,3095.00228271,11.060135623,48.275862069,32.0,0,35.8049065168,28.0,69.5652173913,34.2857142857,124.0
09:32:32,3089.0,3094.99894904,11.0588620265,48.275862069,828.0,0,35.8007835108,84.0,80.8943089431,259.904761905,156.0
09:32:33,3089.0,3094.99561721,11.0575835661,48.275862069,1306.0,0,35.7966447591,-292.0,91.2389380531,586.19047619,-150.0
09:32:33,3089.0,3094.99228724,11.0566637321,48.275862069,322.0,0,35.7936669866,100.0,93.1464174455,570.571428571,-60.0
09:32:34,3089.0,3094.98895912,11.0557394597,48.275862069,38.0,0,35.7906748451,12.0,93.2759968726,459.142857143,-56.0
09:32:34,3090.0,3094.98618824,11.0545464503,50.0,180.0,0,35.7752312308,104.0,90.4656319291,388.761904762,36.0
09:32:35,3090.0,3094.98341891,11.0533492913,50.0,226.0,0,35.7713569298,-152.0,91.4482758621,324.476190476,-144.0
09:32:35,3090.0,3094.98065111,11.0521479813,50.0,178.0,0,35.7674691951,-70.0,94.2222222222,237.238095238,-298.0
09:32:36,3090.0,3094.97788485,11.0505779938,50.0,132.0,0,35.7623883294,-66.0,83.6431226766,167.80952381,-72.0
09:32:36,3090.0,3094.97512012,11.0490034186,50.0,30.0,0,35.7572926167,-20.0,75.0,125.142857143,-192.0
09:32:37,3090.0,3094.97235694,11.0474242536,50.0,80.0,0,35.7521820505,-52.0,78.4503631961,110.666666667,-256.0
09:32:37,3090.0,3094.96959528,11.0462057023,50.0,68.0,0,35.7482385186,-58.0,81.7927170868,90.7619047619,-418.0
09:32:38,3090.0,3094.96683516,11.0449829925,50.0,424.0,0,35.7442815293,-212.0,42.5438596491,177.904761905,-478.0
09:32:38,3089.0,3094.96352118,11.0436536961,48.275862069,492.0,0,35.7515496799,-96.0,17.4551386623,275.047619048,-504.0
09:32:39,3089.0,3094.96020903,11.042319516,48.275862069,48.0,0,35.7472305471,-22.0,16.6374781086,230.380952381,-460.0
09:32:39,3089.0,3094.95689872,11.0413465223,48.275862069,72.0,0,35.7440806807,-8.0,19.5945945946,196.571428571,-448.0
09:32:40,3089.0,3094.95359025,11.0403690747,48.275862069,12.0,0,35.7409163959,-8.0,15.0537634409,143.619047619,-404.0
09:32:40,3089.0,3094.95028362,11.0393871721,48.275862069,54.0,0,35.7377376889,-40.0,17.7858439201,105.904761905,-386.0
09:32:41,3089.0,3094.94697882,11.0384008133,48.275862069,132.0,0,35.7345445559,52.0,37.7777777778,91.1428571429,-122.0
09:32:41,3089.0,3094.94367587,11.0374099971,48.275862069,24.0,0,35.7313369929,18.0,90.6432748538,59.4285714286,-8.0
09:32:42,3089.0,3094.94037474,11.0364147223,48.275862069,24.0,0,35.7281149962,-20.0,90.5660377359,50.0,-6.0
09:32:42,3089.0,3094.93707545,11.0350476702,48.275862069,14.0,0,35.723689447,-8.0,88.4615384615,38.8571428571,-6.0
09:32:43,3089.0,3094.93377799,11.0336757213,48.275862069,12.0,0,35.7192480457,-4.0,88.4615384615,29.9047619048,-2.0
09:32:43,3089.0,3094.93048236,11.0326666465,48.275862069,58.0,0,35.7159813743,-18.0,89.3939393939,34.0952380952,20.0
09:32:44,3089.0,3094.92718856,11.0316531079,48.275862069,30.0,0,35.7127002522,-4.0,87.6543209877,30.0952380952,-36.0
09:32:44,3089.0,3094.9238966,11.030266914,48.275862069,20.0,0,35.7082127356,-4.0,100.0,28.0952380952,-58.0
09:32:45,3089.0,3094.92060646,11.029244235,48.275862069,20.0,0,35.7049020233,0.0,98.7012987013,26.2857142857,-38.0
09:32:45,3089.0,3094.91731814,11.0282170882,48.275862069,302.0,0,35.7015768476,-26.0,99.5475113122,105.238095238,-56.0
09:32:46,3089.0,3094.91403166,11.0271854725,48.275862069,4.0,0,35.6982372045,-2.0,99.5391705069,85.3333333333,-54.0
09:32:46,3089.0,3094.910747,11.0261493865,48.275862069,22.0,0,35.69488309,-12.0,99.4974874372,70.9523809524,-48.0
09:32:47,3089.0,3094.90746416,11.0247395724,48.275862069,10.0,0,35.6903191077,6.0,97.3544973545,54.8571428571,-38.0
09:32:47,3089.0,3094.90418315,11.0236943321,48.275862069,110.0,0,35.6869353582,-20.0,94.4444444444,68.2857142857,-54.0
09:32:48,3089.0,3094.90090396,11.0226446177,48.275862069,18.0,0,35.6835371242,-10.0,94.8497854077,51.1428571429,-64.0
09:32:48,3089.0,3094.89762659,11.0215904277,48.275862069,104.0,0,35.6801244017,-88.0,88.0597014926,58.6666666667,-126.0
09:32:49,3088.0,3094.89379564,11.0208169887,46.6666666667,30.0,0,35.6891741863,4.0,87.7551020408,54.4761904762,-120.0
09:32:49,3089.0,3094.89052221,11.0197536963,48.275862069,112.0,0,35.674178363,94.0,64.5833333333,72.4761904762,-14.0
09:32:50,3088.0,3094.88669521,11.0189708431,46.6666666667,104.0,0,35.6831957355,98.0,52.3012552301,83.9047619048,78.0
09:32:50,3088.0,3094.88287033,11.0181832002,46.6666666667,24.0,0,35.6806450785,-2.0,45.4081632653,68.0,96.0
09:32:51,3089.0,3094.87960298,11.0171061715,48.275862069,40.0,0,35.6656075479,4.0,43.4782608696,60.7619047619,110.0
09:32:51,3089.0,3094.87633744,11.0160246598,48.275862069,6.0,0,35.6621063769,0.0,27.8481012658,42.7619047619,198.0
09:32:52,3089.0,3094.87307371,11.0149386637,48.275862069,14.0,0,35.6585906886,4.0,25.3333333333,31.7142857143,198.0
09:32:52,3088.0,3094.8692564,11.0141323358,46.6666666667,2.0,0,35.6675269943,2.0,33.6842105263,18.0,106.0
09:32:53,3089.0,3094.86599661,11.0130372201,48.275862069,150.0,0,35.6524351574,-106.0,28.813559322,51.8095238095,-98.0
09:32:53,3088.0,3094.86218322,11.012221462,46.6666666667,4.0,0,35.6613389313,0.0,22.2222222222,41.7142857143,-96.0
09:32:54,3089.0,3094.85892736,11.0111172217,48.275862069,30.0,0,35.6462195586,20.0,28.1553398058,40.0,-80.0
09:32:54,3089.0,3094.8556733,11.0100084905,48.275862069,66.0,0,35.6426302702,8.0,41.3533834586,49.0476190476,-72.0
09:32:55,3088.0,3094.85186565,11.0091786586,46.6666666667,2.0,0,35.6514852935,0.0,37.7952755906,36.9523809524,-76.0
09:32:55,3089.0,3094.84861552,11.0080607951,48.275862069,206.0,0,35.6363250085,-90.0,65.9388646288,83.7142857143,-168.0
09:32:56,3089.0,3094.84536719,11.0069384367,48.275862069,68.0,0,35.6326916048,2.0,96.2765957447,81.3333333333,-60.0
09:32:56,3088.0,3094.84156527,11.0060945203,46.6666666667,448.0,0,35.6414977989,96.0,86.3414634146,191.428571429,36.0
09:32:57,3089.0,3094.83832085,11.0049630218,48.275862069,452.0,0,35.6262966067,100.0,90.9822866345,281.523809524,116.0
09:32:57,3089.0,3094.83507824,11.0038270244,48.275862069,498.0,0,35.6226190494,-42.0,93.9068100358,364.666666667,66.0
09:32:58,3089.0,3094.83183743,11.0030351838,48.275862069,86.0,0,35.620055629,42.0,94.3117178612,309.523809524,108.0
09:32:58,3089.0,3094.82859842,11.0018903959,48.275862069,80.0,0,35.6163496145,-48.0,92.5245098039,248.666666667,150.0
09:32:59,3089.0,3094.82536121,11.0010901676,48.275862069,4.0,0,35.6137590406,4.0,91.9642857143,172.095238095,152.0
09:32:59,3089.0,3094.8221258,10.9995620564,48.275862069,14.0,0,35.6088120958,-6.0,97.3544973545,101.428571429,50.0
09:33:00,3089.0,3094.81889218,10.9984037527,48.275862069,484.0,0,35.6050623267,-136.0,97.2555746141,185.714285714,-186.0
09:33:00,3089.0,3094.81566036,10.9972409419,48.275862069,32.0,0,35.6012979665,18.0,91.1428571429,139.333333333,-126.0
09:33:01,3090.0,3094.81298574,10.9954420657,50.0,20.0,0,35.583954905,8.0,90.2208201893,111.714285714,-160.0
09:33:01,3090.0,3094.8103126,10.9936385084,50.0,204.0,0,35.5781181503,28.0,91.5567282322,139.80952381,-84.0
09:33:02,3090.0,3094.80764095,10.9922059368,50.0,14.0,0,35.5734819963,10.0,91.40625,107.714285714,-78.0
09:33:02,3089.0,3094.80441537,10.991025095,48.275862069,18.0,0,35.5811754451,12.0,90.414507772,76.2857142857,-60.0
09:33:03,3090.0,3094.801747,10.9892078231,50.0,50.0,0,35.5637793629,-24.0,72.1893491124,53.8095238095,52.0
09:33:03,3089.0,3094.7985247,10.9876415425,48.275862069,136.0,0,35.5702218922,-106.0,82.3529411765,76.5714285714,-72.0
09:33:04,3090.0,3094.79585959,10.9861913328,50.0,56.0,0,35.5540172581,-34.0,83.6820083682,71.5238095238,-114.0
09:33:04,3090.0,3094.79319596,10.9847368855,50.0,200.0,0,35.5493103092,98.0,88.6075949367,105.904761905,-44.0
09:33:05,3089.0,3094.78997842,10.9835334629,48.275862069,18.0,0,35.5569228322,10.0,89.539748954,88.4761904762,-44.0
09:33:05,3090.0,3094.78731806,10.982070401,50.0,36.0,0,35.5406809095,14.0,92.3387096774,76.0,-42.0
09:33:06,3089.0,3094.78410377,10.9808580783,48.275862069,50.0,0,35.5482618268,-20.0,88.3064516129,66.6666666667,-38.0
09:33:06,3090.0,3094.78144667,10.9793863953,50.0,144.0,0,35.5319948068,70.0,91.2698412698,84.1904761905,138.0
09:33:07,3090.0,3094.77879105,10.9779104665,50.0,16.0,0,35.5272183381,0.0,89.224137931,64.7619047619,172.0
09:33:07,3090.0,3094.77613691,10.9764302901,50.0,44.0,0,35.5224281233,26.0,83.7662337662,55.2380952381,100.0
09:33:08,3090.0,3094.77348423,10.9749458645,50.0,92.0,0,35.5176241569,18.0,86.9109947644,66.8571428571,108.0
09:33:08,3090.0,3094.77083303,10.973078641,50.0,86.0,0,35.5115813624,-48.0,87.037037037,73.2380952381,46.0
09:33:09,3090.0,3094.76818331,10.9715854914,50.0,60.0,0,35.506749163,-26.0,96.3800904977,69.8095238095,40.0
09:33:09,3090.0,3094.76553505,10.9700880871,50.0,148.0,0,35.5019031945,-72.0,94.1704035874,91.0476190476,-102.0
09:33:10,3090.0,3094.76288827,10.9685864264,50.0,50.0,0,35.4970434513,0.0,95.8333333333,84.0952380952,-102.0
09:33:10,3089.0,3094.75968755,10.9669548221,48.275862069,162.0,0,35.5032529043,-36.0,93.9799331104,107.523809524,-164.0
09:33:11,3090.0,3094.75704402,10.9650645993,50.0,66.0,0,35.4856459524,-36.0,94.0559440559,97.9047619048,-218.0
09:33:11,3090.0,3094.75440195,10.9635495823,50.0,74.0,0,35.4807429849,-42.0,95.0,91.8095238095,-212.0
09:33:12,3090.0,3094.75176135,10.9616501494,50.0,22.0,0,35.4745959526,-12.0,94.6360153257,71.4285714286,-198.0
09:33:12,3090.0,3094.74912221,10.9601263813,50.0,20.0,0,35.4696646643,0.0,95.4314720812,52.2857142857,-126.0
09:33:13,3090.0,3094.74648454,10.9585983456,50.0,40.0,0,35.4647195651,-2.0,92.7083333333,44.9523809524,-128.0
09:33:13,3089.0,3094.74329294,10.9569381558,48.275862069,154.0,0,35.4708260142,-150.0,96.2765957447,70.6666666667,-242.0
09:33:14,3090.0,3094.74065851,10.9554012237,50.0,42.0,0,35.4543728922,-2.0,88.6363636364,64.7619047619,-208.0
09:33:14,3090.0,3094.73802554,10.9538600185,50.0,32.0,0,35.4493851732,2.0,84.5161290323,57.1428571429,-164.0
09:33:15,3090.0,3094.73539404,10.9523145385,50.0,96.0,0,35.4443836197,46.0,69.7916666667,69.8095238095,-106.0
09:33:15,3090.0,3094.73276399,10.9507647818,50.0,48.0,0,35.4393682258,-12.0,71.8446601942,65.2380952381,-118.0
09:33:16,3090.0,3094.73013541,10.9492107465,50.0,6.0,0,35.4343389856,-4.0,71.9576719577,47.3333333333,-120.0
09:33:16,3090.0,3094.72750829,10.9472702359,50.0,124.0,0,35.4280590158,24.0,65.5172413793,64.7619047619,54.0
09:33:17,3090.0,3094.72488262,10.9453249752,50.0,14.0,0,35.4217636736,4.0,70.625,52.1904761905,60.0
09:33:17,3090.0,3094.72225842,10.9433749618,50.0,34.0,0,35.415452951,-20.0,72.6708074534,46.6666666667,38.0
09:33:18,3090.0,3094.71963567,10.9414201934,50.0,306.0,0,35.4091268395,62.0,95.8646616541,118.761904762,54.0
09:33:18,3090.0,3094.71701438,10.9394606673,50.0,1046.0,0,35.4027853311,-548.0,31.2418300653,392.285714286,-482.0
09:33:19,3089.0,3094.71383914,10.9373390323,48.275862069,400.0,0,35.4073778968,-238.0,25.5717255717,433.714285714,-716.0
09:33:19,3089.0,3094.71066566,10.9356209462,48.275862069,362.0,0,35.4018159475,-166.0,34.5050878816,445.523809524,-906.0
09:33:20,3088.0,3094.70693855,10.9337650625,46.6666666667,14.0,0,35.40727028,6.0,34.3200740055,346.571428571,-904.0
09:33:20,3089.0,3094.70376891,10.9316268852,48.275862069,56.0,0,35.3888859995,4.0,34.9816849817,259.619047619,-880.0
09:33:21,3089.0,3094.70060103,10.9294831431,48.275862069,30.0,42.3076923077,35.3819460766,-18.0,25.786163522,164.19047619,-960.0
09:33:21,3088.0,3094.69687951,10.9276100048,51.8518518519,28.0,0,35.3873380984,-20.0,56.404494382,81.3333333333,-432.0
09:33:22,3089.0,3094.69371545,10.9254549867,53.8461538462,2.0,0,35.3689057517,0.0,98.3739837398,39.5238095238,-194.0
09:33:22,3089.0,3094.69055316,10.923705096,53.8461538462,66.0,0,35.3632408417,-2.0,95.9183673469,34.9523809524,-30.0
09:33:23,3089.0,3094.68739262,10.9223356464,53.8461538462,6.0,0,35.3588075312,4.0,97.8723404255,27.3333333333,-32.0
09:33:23,3088.0,3094.68367843,10.9212372076,51.8518518519,208.0,0,35.3667008019,-12.0,98.2352941176,77.8095238095,-48.0
09:33:24,3089.0,3094.68052171,10.9194724942,53.8461538462,4.0,0,35.349538667,-4.0,98.0891719745,62.7619047619,-34.0
09:33:24,3088.0,3094.67681134,10.9179780241,51.8518518519,6.0,0,35.3561464513,2.0,97.2602739726,49.5238095238,-12.0
09:33:25,3089.0,3094.67365843,10.9162030436,53.8461538462,34.0,0,35.3389544953,-2.0,96.2962962963,45.3333333333,-14.0
09:33:25,3089.0,3094.67050727,10.9144229953,53.8461538462,6.0,0,35.3331919564,-2.0,95.4545454545,31.619047619,-14.0
09:33:26,3089.0,3094.66735787,10.9126378769,53.8461538462,30.0,0,35.3274130038,-20.0,95.8333333333,27.619047619,-38.0
09:33:26,3089.0,3094.66421021,10.9108476858,53.8461538462,28.0,0,35.3216176296,-6.0,90.7407407407,21.9047619048,-32.0
09:33:27,3088.0,3094.6605089,10.9097144388,51.8518518519,6.0,0,35.329386136,2.0,87.2727272727,18.4761904762,-26.0
09:33:27,3089.0,3094.65736504,10.9083018525,53.8461538462,68.0,0,35.3133760198,-52.0,88.3720930233,32.6666666667,-80.0
09:33:28,3089.0,3094.65422294,10.9068846617,53.8461538462,0.0,0,35.3087881572,0.0,0,24.4761904762,-78.0
09:33:28,3088.0,3094.65052717,10.9057370223,51.8518518519,38.0,0,35.3165059013,-4.0,82.3529411765,28.7619047619,-80.0
09:33:29,3088.0,3094.64683346,10.9041961533,51.8518518519,80.0,0,35.3115160405,-32.0,83.6363636364,43.5238095238,-92.0
09:33:29,3089.0,3094.6436972,10.9027646284,53.8461538462,446.0,0,35.2954503996,-286.0,94.670846395,160.476190476,-372.0
09:33:30,3089.0,3094.64056268,10.9009396894,53.8461538462,30.0,0,35.289542536,-20.0,90.9365558912,138.666666667,-394.0
09:33:30,3090.0,3094.63798531,10.8988615578,55.5555555556,50.0,0,35.2713966272,36.0,92.2360248447,121.428571429,-306.0
09:33:31,3090.0,3094.63540937,10.8971679092,55.5555555556,278.0,0,35.2659155638,-126.0,72.4511930586,170.19047619,-432.0
09:33:31,3090.0,3094.63283486,10.8954699182,55.5555555556,66.0,0,35.2604204471,22.0,73.6842105263,145.142857143,-406.0
09:33:32,3090.0,3094.63026177,10.8933778162,55.5555555556,90.0,0,35.2536498907,32.0,71.25,125.619047619,-342.0
09:33:32,3089.0,3094.62713472,10.8915284641,53.8461538462,120.0,0,35.2590756364,2.0,46.6876971609,114.19047619,-54.0
09:33:33,3090.0,3094.6245648,10.8898168397,55.5555555556,86.0,0,35.2421256949,36.0,51.3043478261,108.571428571,2.0
09:33:33,3090.0,3094.62199631,10.8877103635,55.5555555556,68.0,0,35.2353086198,10.0,51.9774011299,95.1428571429,-24.0
09:33:34,3090.0,3094.61942925,10.8855990495,55.5555555556,68.0,0,35.2284758884,2.0,70.6827309237,80.8571428571,104.0
09:33:34,3090.0,3094.61686361,10.8838739018,55.5555555556,182.0,0,35.2228928862,-42.0,39.0879478827,109.142857143,40.0
09:33:35,3090.0,3094.6142994,10.8817531572,55.5555555556,6.0,0,35.216029635,-6.0,35.4716981132,81.619047619,2.0
09:33:35,3090.0,3094.61173661,10.8796275666,55.5555555556,106.0,0,35.2091507009,-4.0,45.7364341085,86.6666666667,-4.0
09:33:36,3090.0,3094.60917525,10.8774971271,55.5555555556,4.0,0,35.2022560747,-2.0,41.935483871,63.2380952381,-42.0
09:33:36,3090.0,3094.60661531,10.8753618359,55.5555555556,14.0,0,35.1953457472,-4.0,34.7368421053,46.5714285714,-56.0
09:33:37,3090.0,3094.60405679,10.8732216901,55.5555555556,30.0,0,35.1884197092,-16.0,26.3157894737,37.0476190476,-74.0
09:33:37,3090.0,3094.60149969,10.8710766869,55.5555555556,34.0,0,35.1814779513,-2.0,88.6597938144,30.4761904762,-34.0
09:33:38,3090.0,3094.59894401,10.8689268234,55.5555555556,10.0,0,35.1745204642,0.0,88.8888888889,24.0952380952,-28.0
09:33:38,3089.0,3094.59583435,10.8670181116,53.8461538462,206.0,0,35.1797284288,-2.0,91.2751677852,73.5238095238,-26.0
09:33:39,3089.0,3094.59272641,10.8651042638,53.8461538462,4.0,0,35.1735327414,0.0,90.6040268456,60.4761904762,-24.0
09:33:39,3090.0,3094.59017561,10.8629395449,55.5555555556,138.0,0,35.1551441582,-30.0,88.1516587678,85.7142857143,-50.0
09:33:40,3090.0,3094.58762622,10.8607699541,55.5555555556,586.0,0,35.148122829,86.0,97.1370143149,233.047619048,52.0
09:33:40,3090.0,3094.58507825,10.8585954887,55.5555555556,22.0,0,35.141085724,2.0,95.6521739131,192.761904762,56.0
09:33:41,3090.0,3094.58253169,10.8564161457,55.5555555556,38.0,0,35.1340328339,38.0,91.9517102616,157.619047619,94.0
09:33:41,3090.0,3094.57998654,10.854231922,55.5555555556,10.0,0,35.126964149,4.0,89.2230576441,113.142857143,100.0
09:33:42,3091.0,3094.57799821,10.8518233093,57.1428571429,8.0,0,35.1078075357,0.0,88.7780548629,77.4285714286,100.0
09:33:42,3091.0,3094.57601099,10.8489893674,57.1428571429,52.0,0,35.0986391697,-2.0,86.592178771,54.0952380952,128.0
09:33:43,3091.0,3094.57402487,10.8465712246,57.1428571429,82.0,0,35.0908159968,14.0,35.8490566038,43.4285714286,56.0
09:33:43,3090.0,3094.57148445,10.8443675857,55.5555555556,30.0,0,35.0950407304,6.0,43.6363636364,41.9047619048,60.0
09:33:44,3091.0,3094.56950084,10.8419400427,57.1428571429,72.0,0,35.0758332018,24.0,41.7322834646,52.0,46.0
09:33:44,3091.0,3094.56751834,10.8395078558,57.1428571429,12.0,0,35.0679645933,-8.0,46.09375,43.3333333333,34.0
09:33:45,3091.0,3094.56553693,10.8370710219,57.1428571429,12.0,0,35.0600809508,-10.0,49.2307692308,34.5714285714,24.0
09:33:45,3090.0,3094.56300123,10.8348481811,55.5555555556,24.0,0,35.0642335959,6.0,46.5517241379,29.0476190476,32.0
09:33:46,3091.0,3094.56102233,10.8324019222,57.1428571429,1666.0,0,35.0449754843,-362.0,94.8237885463,494.0,-344.0
09:33:46,3091.0,3094.55904454,10.8299510069,57.1428571429,538.0,0,35.0370462856,254.0,96.3855421687,561.238095238,-96.0
09:33:47,3092.0,3094.55762324,10.8273028087,58.6206896552,22.0,0,35.0171500928,-8.0,98.5048372911,456.857142857,-128.0
09:33:47,3091.0,3094.55564733,10.8252403924,57.1428571429,134.0,0,35.0218065104,-54.0,95.4924874791,386.857142857,-174.0
09:33:48,3092.0,3094.55422792,10.8229814323,58.6206896552,232.0,0,35.0031741018,-160.0,95.6422018349,339.047619048,-324.0
09:33:48,3092.0,3094.5528093,10.8207185493,58.6206896552,62.0,0,34.9958555928,-24.0,95.7799547852,232.19047619,-354.0
09:33:49,3092.0,3094.55139147,10.8184517409,58.6206896552,68.0,0,34.9885243885,-46.0,88.6363636364,125.238095238,-38.0
09:33:49,3092.0,3094.54997442,10.8161810048,58.6206896552,38.0,0,34.9811804811,-6.0,73.7410071943,85.8095238095,-298.0
09:33:50,3092.0,3094.54855816,10.8139063383,58.6206896552,136.0,0,34.9738238625,-26.0,79.104477612,98.1904761905,-316.0
09:33:50,3092.0,3094.54714269,10.811627739,58.6206896552,90.0,0,34.9664545247,-18.0,87.2204472844,92.0,-280.0
09:33:51,3092.0,3094.545728,10.8097188638,58.6206896552,210.0,0,34.9602809307,-66.0,86.0927152318,122.19047619,-186.0
09:33:51,3092.0,3094.5443141,10.8074326276,58.6206896552,48.0,0,34.9528868939,-22.0,88.4745762712,107.142857143,-184.0
09:33:52,3092.0,3094.54290099,10.8051424514,58.6206896552,88.0,0,34.9454801145,-30.0,89.8360655738,104.19047619,-168.0
09:33:52,3092.0,3094.54148866,10.8028483327,58.6206896552,286.0,0,34.9380605843,-76.0,95.5710955711,156.857142857,-238.0
09:33:53,3092.0,3094.54007711,10.8009248539,58.6206896552,254.0,0,34.9318397605,-102.0,95.6967213115,188.571428571,-314.0
09:33:53,3092.0,3094.53866635,10.7989978816,58.6206896552,100.0,0,34.9256076378,96.0,97.1602434077,170.666666667,-200.0
09:33:54,3092.0,3094.53725637,10.7966923947,58.6206896552,198.0,0,34.9181513413,132.0,97.7412731006,180.285714286,-2.0
09:33:54,3092.0,3094.53584717,10.7943829557,58.6206896552,210.0,0,34.9106822631,-40.0,98.0633802817,193.904761905,-20.0
09:33:55,3092.0,3094.53443876,10.7924450563,58.6206896552,138.0,0,34.9044148004,90.0,97.4704890388,179.238095238,100.0
09:33:55,3091.0,3094.53247573,10.7903185773,57.1428571429,162.0,0,34.9088274905,2.0,96.0451977401,169.047619048,178.0
09:33:56,3092.0,3094.53106919,10.7879973885,58.6206896552,94.0,0,34.8900303638,-56.0,96.2305986696,145.333333333,224.0
09:33:56,3092.0,3094.52966343,10.7856722376,58.6206896552,904.0,0,34.8825104709,-36.0,98.0070339977,360.666666667,92.0
09:33:57,3092.0,3094.52825845,10.7833431221,58.6206896552,16.0,0,34.8749777558,-4.0,96.9816272966,284.0,-44.0
09:33:57,3093.0,3094.52740965,10.7808456365,60.0,212.0,0,34.8556276642,-166.0,83.4862385321,272.0,-170.0
09:33:58,3093.0,3094.52656133,10.7787213182,60.0,204.0,0,34.8487595158,-66.0,78.0150753769,257.619047619,-326.0
09:33:58,3093.0,3094.52571348,10.7765937172,60.0,284.0,0,34.8418807539,-224.0,78.9964994166,262.952380952,-552.0
09:33:59,3093.0,3094.52486609,10.774085493,60.0,50.0,0,34.8337713966,-30.0,77.6047904192,195.619047619,-526.0
09:33:59,3093.0,3094.52401918,10.7723028727,60.0,22.0,0,34.8280079946,-20.0,52.0304568528,122.380952381,-510.0
09:34:00,3092.0,3094.52261734,10.7706812225,58.6206896552,220.0,0,34.8340272397,-42.0,61.0887096774,147.714285714,-548.0
09:34:00,3092.0,3094.52121627,10.7687042992,58.6206896552,174.0,0,34.827633568,-34.0,68.3438155136,150.19047619,-416.0
09:34:01,3093.0,3094.52037139,10.7669126183,60.0,150.0,0,34.8105807252,-64.0,71.5555555555,147.619047619,-414.0
09:34:01,3093.0,3094.51952697,10.7651180517,60.0,82.0,0,34.8047786993,-14.0,59.3123209169,128.19047619,-204.0
09:34:02,3093.0,3094.51868302,10.7629678316,60.0,132.0,0,34.7978268075,-100.0,53.8461538462,132.666666667,-274.0
09:34:02,3092.0,3094.51728414,10.7613305777,58.6206896552,372.0,0,34.803785827,44.0,61.2389380531,201.80952381,-210.0
09:34:03,3092.0,3094.51588604,10.7596902062,58.6206896552,414.0,0,34.7984806151,-248.0,34.4410876133,266.285714286,-416.0
09:34:03,3092.0,3094.51448871,10.7580467156,58.6206896552,298.0,0,34.7931653158,10.0,50.2762430939,288.380952381,-372.0
09:34:04,3092.0,3094.51309216,10.7564001046,58.6206896552,98.0,0,34.7878399243,82.0,52.8653295129,247.428571429,-226.0
09:34:04,3091.0,3094.51114099,10.7549389996,57.1428571429,48.0,0,34.7943675174,2.0,55.0660792952,194.666666667,-210.0
09:34:05,3092.0,3094.5097463,10.7532860288,58.6206896552,62.0,0,34.7777685277,-18.0,59.4427244582,147.523809524,-128.0
09:34:05,3092.0,3094.50835238,10.7516299331,58.6206896552,78.0,0,34.7724124616,70.0,55.7114228457,108.285714286,-102.0
09:34:06,3091.0,3094.50640384,10.7501589853,57.1428571429,22.0,0,34.7789032201,2.0,98.3498349835,67.0476190476,148.0
09:34:06,3092.0,3094.50501178,10.7484965213,58.6206896552,64.0,0,34.7622785295,20.0,87.0967741936,56.4761904762,158.0
09:34:07,3092.0,3094.50362049,10.746476163,58.6206896552,38.0,0,34.7557443824,28.0,84.6153846154,49.619047619,104.0
09:34:07,3092.0,3094.50222998,10.7444522578,58.6206896552,52.0,0,34.749198764,20.0,81.0126582278,49.619047619,122.0
09:34:08,3092.0,3094.50084023,10.7424248037,58.6206896552,682.0,0,34.7426416679,-154.0,94.0170940171,229.428571429,-14.0
09:34:08,3093.0,3094.50000667,10.7405873808,60.0,26.0,0,34.725468415,-18.0,91.8552036199,192.285714286,-102.0
09:34:09,3092.0,3094.49861816,10.7389087774,58.6206896552,8.0,0,34.7312703019,0.0,93.3333333333,152.476190476,-104.0
09:34:09,3092.0,3094.49723042,10.7368712215,58.6206896552,152.0,0,34.7246805352,4.0,79.7494780793,154.476190476,-120.0
09:34:10,3093.0,3094.49639886,10.7346686217,60.0,102.0,0,34.7063324334,80.0,71.6242661448,138.0,-68.0
09:34:10,3093.0,3094.49556776,10.732462694,60.0,728.0,0,34.6992004333,298.0,83.6277974087,297.333333333,210.0
09:34:11,3092.0,3094.49418172,10.7304147027,58.6206896552,36.0,45.4545454545,34.7037991678,12.0,70.9125475285,226.761904762,376.0
09:34:11,3093.0,3094.49335185,10.7282020027,50.0,376.0,0,34.6854251622,-152.0,79.3152639087,284.095238095,242.0
09:34:12,3093.0,3094.49252244,10.7259859687,50.0,348.0,0,34.6782604871,-58.0,54.8794489093,316.761904762,184.0
09:34:12,3093.0,3094.49169349,10.7237665986,50.0,218.0,0,34.6710850263,-48.0,52.6548672566,296.095238095,132.0
09:34:13,3092.0,3094.4903096,10.7217047047,47.8260869565,584.0,0,34.6756297047,-60.0,63.6681222707,376.857142857,-8.0
09:34:13,3093.0,3094.48948188,10.7194785458,50.0,40.0,0,34.6572212925,-28.0,46.4419475655,279.238095238,-334.0
09:34:14,3092.0,3094.48809922,10.7174096281,47.8260869565,90.0,0,34.6617387712,-18.0,45.1690821256,228.666666667,-364.0
09:34:14,3092.0,3094.48671732,10.7153371353,47.8260869565,180.0,0,34.6550360132,-142.0,25.4794520548,201.238095238,-354.0
09:34:15,3092.0,3094.4853362,10.7132610653,47.8260869565,130.0,0,34.6483216861,-26.0,52.8180354267,168.857142857,-322.0
09:34:15,3092.0,3094.48395584,10.7111814162,47.8260869565,24.0,0,34.6415957832,8.0,65.0763358779,116.571428571,-266.0
09:34:16,3092.0,3094.48257625,10.7087135651,47.8260869565,78.0,0,34.6336143761,12.0,38.7453874539,88.9523809524,-194.0
09:34:16,3092.0,3094.48119742,10.7062416569,47.8260869565,22.0,0,34.6256198478,4.0,42.748091603,69.4285714286,-162.0
09:34:17,3092.0,3094.47981936,10.7037656889,47.8260869565,84.0,0,34.6176121892,40.0,56.7567567567,68.4761904762,-104.0
09:34:17,3092.0,3094.47844206,10.7012856582,47.8260869565,26.0,0,34.6095913912,14.0,87.3626373626,51.2380952381,52.0
09:34:18,3092.0,3094.47706553,10.6983899648,47.8260869565,28.0,0,34.6002262769,2.0,81.679389313,41.9047619048,80.0
09:34:18,3092.0,3094.47568977,10.6959015458,47.8260869565,34.0,0,34.5921783498,-18.0,82.3529411765,39.1428571429,54.0
09:34:19,3092.0,3094.47431477,10.6934090552,47.8260869565,104.0,0,34.5841172549,86.0,63.7583892618,55.9047619048,128.0
09:34:19,3092.0,3094.47294053,10.6909124904,47.8260869565,66.0,0,34.5760429831,14.0,67.83625731,60.5714285714,138.0
09:34:20,3092.0,3094.47156706,10.6884118483,47.8260869565,20.0,0,34.567955525,14.0,61.1510791367,50.0,112.0
09:34:20,3091.0,3094.46963894,10.6860921172,45.8333333333,24.0,0,34.5716341547,12.0,53.6231884058,43.619047619,110.0
09:34:21,3091.0,3094.4677119,10.6837680619,45.8333333333,8.0,0,34.5641153733,0.0,49.21875,32.7619047619,108.0
09:34:21,3092.0,3094.46634133,10.6808415328,47.8260869565,12.0,0,34.5434719689,-8.0,43.5897435898,24.0,118.0
09:34:22,3092.0,3094.46497152,10.6783240661,47.8260869565,12.0,0,34.5353300974,-6.0,71.8309859155,16.2857142857,26.0
09:34:22,3092.0,3094.46360247,10.6753885638,47.8260869565,14.0,0,34.5258362347,-6.0,46.6666666666,13.5238095238,6.0
09:34:23,3091.0,3094.46167878,10.6721925465,45.8333333333,58.0,0,34.526666278,-42.0,28.125,25.8095238095,-50.0
09:34:23,3092.0,3094.46031157,10.669247373,47.8260869565,426.0,0,34.5059746863,-250.0,83.0188679245,141.428571429,-312.0
09:34:24,3092.0,3094.4589451,10.6658566822,47.8260869565,16.0,0,34.4950086747,-8.0,84.3866171004,120.761904762,-320.0
09:34:24,3092.0,3094.4575794,10.6629019362,47.8260869565,12.0,0,34.485452575,-2.0,84.0148698885,98.5714285714,-314.0
09:34:25,3092.0,3094.45621446,10.6595010618,47.8260869565,84.0,0,34.474453628,-80.0,80.3278688525,96.9523809524,-388.0
09:34:25,3092.0,3094.45485028,10.6565367263,47.8260869565,14.0,0,34.4648665147,-2.0,80.9836065574,71.9047619048,-384.0
09:34:26,3092.0,3094.45348685,10.6531256498,47.8260869565,144.0,0,34.4538345725,-22.0,75.2873563218,84.0,-364.0
09:34:26,3092.0,3094.45212418,10.6497093075,47.8260869565,4.0,0,34.4427855998,2.0,44.5255474453,52.0,-112.0
09:34:27,3092.0,3094.45076227,10.6462876942,47.8260869565,52.0,0,34.4317195801,-28.0,50.9677419355,53.8095238095,-132.0
09:34:27,3092.0,3094.44940111,10.6428608048,47.8260869565,10.0,0,34.4206364969,-10.0,51.9480519481,41.9047619048,-140.0
09:34:28,3091.0,3094.44748531,10.6396118662,45.8333333333,214.0,0,34.4212612948,8.0,74.8858447489,88.380952381,-52.0
09:34:28,3092.0,3094.44612597,10.6366179619,47.8260869565,390.0,0,34.4004461897,-214.0,87.2235872236,178.952380952,-264.0
09:34:29,3093.0,3094.44532279,10.6330185393,50.0,52.0,0,34.3776868389,-20.0,93.6288088643,155.047619048,-262.0
09:34:29,3093.0,3094.44452006,10.6298583337,50.0,46.0,0,34.3674695561,-38.0,88.7434554974,133.80952381,-302.0
09:34:30,3092.0,3094.44316237,10.6268503254,47.8260869565,26.0,0,34.3688561625,-22.0,84.8238482385,104.857142857,-296.0
09:34:30,3093.0,3094.44236083,10.6236810946,50.0,118.0,0,34.3474978811,-8.0,85.3427895981,103.428571429,-294.0
09:34:31,3092.0,3094.44100434,10.6206638174,47.8260869565,26.0,0,34.3488480512,0.0,77.811550152,70.5714285714,-302.0
09:34:31,3092.0,3094.43964861,10.6176418385,47.8260869565,58.0,0,34.3390745099,-16.0,45.3987730061,55.8095238095,-104.0
09:34:32,3092.0,3094.43829362,10.6146151537,47.8260869565,126.0,0,34.3292857493,-14.0,35.5,76.2857142857,-98.0
09:34:32,3092.0,3094.43693939,10.6115837591,47.8260869565,64.0,0,34.3194817565,-26.0,40.6698564593,75.5238095238,-86.0
09:34:33,3093.0,3094.43614131,10.6083917254,50.0,88.0,0,34.2980657143,58.0,36.6666666667,80.7619047619,-6.0
09:34:33,3093.0,3094.43534368,10.6051952095,50.0,126.0,0,34.2877310363,30.0,14.7540983607,93.9047619048,32.0
09:34:34,3093.0,3094.43454649,10.6015472862,50.0,46.0,0,34.2759369097,-16.0,15.7480314961,83.8095238095,16.0
09:34:34,3091.0,3094.43263894,10.5982316251,45.8333333333,6.0,0,34.2873879817,-4.0,12.7192982456,61.3333333333,28.0
09:34:35,3091.0,3094.43073244,10.59535794,45.8333333333,0.0,0,34.2780910385,0.0,0,39.619047619,42.0
09:34:35,3092.0,3094.42938241,10.5922977454,47.8260869565,30.0,0,34.2571078442,-22.0,16.8918918919,32.4761904762,46.0
09:34:36,3092.0,3094.42803313,10.5892328118,47.8260869565,14.0,0,34.2471953811,-12.0,25.2252252252,22.380952381,-24.0
09:34:36,3092.0,3094.4266846,10.5861631351,47.8260869565,12.0,0,34.2372675779,-6.0,61.1111111111,15.2380952381,-60.0
09:34:37,3092.0,3094.42533681,10.5830887111,47.8260869565,22.0,0,34.2273244214,2.0,83.3333333333,16.380952381,-42.0
09:34:37,3092.0,3094.42398978,10.5800095357,47.8260869565,74.0,0,34.217365898,-6.0,92.1052631579,33.5238095238,-44.0
09:34:38,3091.0,3094.42208809,10.5771065635,45.8333333333,48.0,0,34.2190442042,46.0,82.0,40.0,2.0
09:34:38,3092.0,3094.42074286,10.5735681071,47.8260869565,6.0,0,34.1965333347,4.0,78.4090909091,32.1904761905,28.0
09:34:39,3092.0,3094.41939837,10.5704742381,47.8260869565,70.0,0,34.1865272899,-40.0,81.8965517241,43.8095238095,0.0
09:34:39,3092.0,3094.41805464,10.5673756006,47.8260869565,2.0,0,34.1765058233,0.0,81.0810810811,33.3333333333,6.0
09:34:40,3092.0,3094.41671165,10.5642721904,47.8260869565,52.0,0,34.1664689212,-18.0,87.3015873016,37.619047619,-14.0
09:34:40,3092.0,3094.4153694,10.5611640035,47.8260869565,24.0,0,34.1564165701,-2.0,83.1683168317,32.4761904762,-10.0
09:34:41,3091.0,3094.4134725,10.5582312946,45.8333333333,28.0,0,34.1579789538,6.0,92.3076923077,30.8571428571,-50.0
09:34:41,3092.0,3094.41213206,10.5551134264,47.8260869565,14.0,0,34.1368480802,2.0,92.6315789474,26.1904761905,-52.0
09:34:42,3091.0,3094.41023695,10.5521707877,45.8333333333,106.0,0,34.1383720082,4.0,76.9911504425,47.4285714286,-8.0
09:34:42,3092.0,3094.40889831,10.5490432213,47.8260869565,6.0,0,34.1172161104,6.0,77.3913043478,38.380952381,-2.0
09:34:43,3091.0,3094.407005,10.5465166562,45.8333333333,58.0,0,34.1200797678,56.0,74.5762711864,44.0,72.0
09:34:43,3091.0,3094.40511274,10.5435593236,45.8333333333,8.0,0,34.1105122083,4.0,70.9090909091,35.0476190476,78.0
09:34:44,3092.0,3094.40377694,10.5404174161,47.8260869565,4.0,0,34.0893189395,0.0,69.387755102,25.7142857143,72.0
09:34:44,3091.0,3094.40188648,10.5378769941,45.8333333333,76.0,0,34.0921287419,44.0,48.0620155039,38.0952380952,114.0
09:34:45,3092.0,3094.40055247,10.5351527964,47.8260869565,4.0,0,34.0722923559,2.0,42.3076923077,26.9523809524,112.0
09:34:45,3091.0,3094.3986638,10.5326035224,45.8333333333,24.0,0,34.0750680116,18.0,35.632183908,26.380952381,124.0
09:34:46,3092.0,3094.39733158,10.5298707059,47.8260869565,2.0,0,34.0552092688,-2.0,11.8644067797,18.6666666667,66.0
09:34:46,3092.0,3094.39600009,10.5267056622,47.8260869565,30.0,0,34.0449730343,28.0,9.99999999999,21.619047619,90.0
09:34:47,3091.0,3094.39411395,10.5241428751,45.8333333333,14.0,0,34.0476961344,10.0,10.6666666667,18.9523809524,100.0
09:34:47,3092.0,3094.39278426,10.5213968899,47.8260869565,4.0,0,34.0278036544,-4.0,25.641025641,12.9523809524,52.0
09:34:48,3092.0,3094.3914553,10.5186466374,47.8260869565,8.0,0,34.018908918,6.0,26.8292682927,11.5238095238,56.0
09:34:48,3092.0,3094.39012709,10.5158921143,47.8260869565,2.0,0,34.0100003697,0.0,36.6666666667,8.19047619048,38.0
09:34:49,3092.0,3094.38879961,10.5131333172,47.8260869565,58.0,0,34.0010779987,40.0,63.7931034483,21.9047619048,80.0
09:34:49,3091.0,3094.38691746,10.5105484786,45.8333333333,16.0,0,34.0037155568,8.0,74.5098039216,20.9523809524,60.0
09:34:50,3092.0,3094.38559177,10.5077810088,47.8260869565,4.0,0,33.9837678162,0.0,80.4347826087,17.2380952381,50.0
09:34:50,3091.0,3094.3837114,10.5051872512,45.8333333333,14.0,0,33.9863709193,8.0,70.5882352941,16.8571428571,62.0
09:34:51,3091.0,3094.38183209,10.5021585046,45.8333333333,8.0,0,33.9765723216,4.0,64.7058823529,14.2857142857,60.0
09:34:51,3092.0,3094.38050921,10.4989469049,47.8260869565,28.0,0,33.9551969756,28.0,68.75,17.4285714286,88.0
09:34:52,3092.0,3094.37918708,10.4957304334,47.8260869565,216.0,0,33.9447944159,-88.0,17.4825174825,73.0476190476,-40.0
09:34:52,3091.0,3094.37731027,10.4926866028,45.8333333333,8.0,0,33.9459288348,2.0,17.2661870503,61.7142857143,-46.0
09:34:53,3092.0,3094.37598991,10.4894602599,47.8260869565,14.0,0,33.9245157175,2.0,18.75,52.4761904762,-44.0
09:34:53,3092.0,3094.37467028,10.4862290317,47.8260869565,14.0,0,33.9140654325,12.0,22.2222222222,42.7619047619,-40.0
09:34:54,3092.0,3094.37335139,10.4829929139,47.8260869565,88.0,0,33.9035993333,10.0,38.5869565217,54.1904761905,-34.0
09:34:54,3092.0,3094.37203322,10.4797519018,47.8260869565,6.0,0,33.8931174055,2.0,35.2601156069,38.380952381,-60.0
09:34:55,3092.0,3094.37071579,10.4765059909,47.8260869565,128.0,0,33.8826196343,22.0,89.1472868217,58.4761904762,50.0
09:34:55,3092.0,3094.3693991,10.4732551767,47.8260869565,18.0,0,33.8721060049,12.0,91.0447761194,51.3333333333,60.0
09:34:56,3092.0,3094.36808313,10.4699994546,47.8260869565,868.0,0,33.8615765027,-166.0,96.256684492,286.571428571,-108.0
09:34:56,3093.0,3094.36732329,10.4670225487,50.0,32.0,0,33.841004037,-16.0,94.0350877193,242.285714286,-136.0
09:34:57,3092.0,3094.36600848,10.4641914942,47.8260869565,4.0,0,33.8427926719,-2.0,94.3181818182,189.142857143,-148.0
09:34:57,3092.0,3094.36469439,10.4609217543,47.8260869565,1338.0,0,33.8322178342,252.0,97.4036850921,521.142857143,102.0
09:34:58,3093.0,3094.36393644,10.4574973843,50.0,920.0,0,33.8102081614,376.0,98.1761006289,670.285714286,456.0
09:34:58,3094.0,3094.36373431,10.4539452909,52.0,120.0,0,33.7877999059,-26.0,97.2577696527,553.142857143,418.0
09:34:59,3094.0,3094.36353229,10.450388734,52.0,212.0,0,33.7763048933,-130.0,95.9634424981,457.428571429,454.0
09:34:59,3094.0,3094.36333039,10.446827709,52.0,60.0,0,33.7647954396,-42.0,96.9856819895,349.523809524,428.0
09:35:00,3094.0,3094.36312859,10.4432622115,52.0,38.0,0,33.7532715302,4.0,96.2797619048,234.0,434.0
09:35:00,3093.0,3094.36237151,10.4393520054,50.0,26.0,0,33.7515422096,-14.0,91.2790697674,113.428571429,168.0
09:35:01,3093.0,3094.36161485,10.4354364228,50.0,556.0,46.4285714286,33.7388827118,362.0,34.1897233202,206.761904762,154.0
09:35:01,3093.0,3094.3608586,10.4315154574,50.0,852.0,0,33.7262058111,-446.0,13.7614678899,402.0,-266.0
09:35:02,3093.0,3094.36010278,10.4270985949,50.0,48.0,0,33.7119256221,-2.0,7.08860759494,332.666666667,-138.0
09:35:02,3093.0,3094.35934738,10.4226755965,50.0,170.0,0,33.6976255948,-10.0,13.0177514793,306.0,-106.0
09:35:03,3093.0,3094.35859239,10.4182464543,50.0,196.0,0,33.6833057041,-196.0,21.645021645,281.523809524,-306.0
09:35:03,3092.0,3094.35728243,10.4134412747,48.0,152.0,0,33.6786587151,-48.0,22.7963525836,236.952380952,-340.0
09:35:04,3092.0,3094.35597319,10.4086288656,48.0,68.0,0,33.6630946493,-68.0,34.0511440108,162.380952381,-770.0
09:35:04,3092.0,3094.35466468,10.4038092168,48.0,18.0,0,33.6475071694,-2.0,82.8220858896,96.7619047619,-326.0
09:35:05,3092.0,3094.3533569,10.3989823183,48.0,34.0,0,33.6318962429,-4.0,80.5642633229,75.4285714286,-328.0
09:35:05,3093.0,3094.35260524,10.3945202763,50.0,4.0,0,33.6065964317,0.0,74.5762711864,46.1904761905,-318.0
09:35:06,3093.0,3094.351854,10.3895315309,50.0,96.0,0,33.5904672839,-68.0,56.9892473118,51.1428571429,-190.0
09:35:06,3093.0,3094.35110318,10.3850566907,50.0,24.0,0,33.5759996466,-22.0,71.3114754098,40.2857142857,-164.0
09:35:07,3093.0,3094.35035278,10.380054291,50.0,46.0,0,33.5598263529,0.0,69.3693693694,41.8095238095,-96.0
09:35:07,3092.0,3094.34904739,10.3757141506,48.0,226.0,0,33.5566434367,-6.0,35.3488372093,95.8095238095,-100.0
09:35:08,3092.0,3094.34774272,10.3708453529,48.0,18.0,0,33.5408970015,-12.0,33.8164251208,80.4761904762,-108.0
09:35:08,3092.0,3094.34643878,10.3659692364,48.0,20.0,0,33.5251268965,-18.0,33.488372093,66.4761904762,-126.0
09:35:09,3092.0,3094.34513557,10.3605358755,48.0,32.0,0,33.5075545778,0.0,25.6830601093,55.1428571429,-58.0
09:35:09,3093.0,3094.34438848,10.3554976006,50.0,44.0,0,33.480431945,0.0,31.6062176166,50.2857142857,-36.0
09:35:10,3092.0,3094.3430864,10.3505991358,48.0,10.0,0,33.4754176448,-2.0,21.7142857143,34.7619047619,-38.0
09:35:10,3093.0,3094.34234045,10.3449951966,50.0,16.0,0,33.4464765489,-4.0,52.8571428571,22.6666666667,-36.0
09:35:11,3092.0,3094.34103951,10.3395298588,48.0,262.0,0,33.4396179133,-240.0,20.3125,90.8571428571,-264.0
09:35:11,3092.0,3094.3397393,10.3346084899,48.0,84.0,0,33.4237014549,-20.0,16.0714285714,96.5714285714,-266.0
09:35:12,3092.0,3094.3384398,10.3291269664,48.0,228.0,0,33.4059733714,-2.0,10.5590062112,140.380952381,-268.0
09:35:12,3092.0,3094.33714103,10.3236370838,48.0,42.0,0,33.388218253,-20.0,4.36137071651,121.714285714,-288.0
09:35:13,3092.0,3094.33584298,10.3181388287,48.0,30.0,0,33.3704360567,-28.0,4.83383685801,99.7142857143,-314.0
09:35:13,3092.0,3094.33454565,10.3126321877,48.0,18.0,0,33.352626739,-4.0,3.61445783133,73.3333333333,-314.0
09:35:14,3092.0,3094.33324904,10.3065354094,48.0,2.0,0,33.3329088273,-2.0,2.9702970297,42.2857142857,-76.0
09:35:14,3092.0,3094.33195315,10.3004291495,48.0,2.0,0,33.3131602506,0.0,3.1055900621,23.619047619,-56.0
09:35:15,3092.0,3094.33065798,10.2943133911,48.0,18.0,0,33.2933809544,-10.0,14.2857142857,13.4285714286,-64.0
09:35:15,3093.0,3094.32991893,10.2880425468,50.0,22.0,0,33.2623425373,-22.0,36.9565217391,14.380952381,-66.0
09:35:16,3092.0,3094.32862489,10.2806587554,48.0,26.0,0,33.2492197781,0.0,56.8181818182,17.4285714286,-38.0
09:35:16,3093.0,3094.32788697,10.2731175583,50.0,4.0,0,33.2140884524,-4.0,67.5675675676,14.380952381,-38.0
09:35:17,3092.0,3094.32659406,10.265709728,48.0,20.0,0,33.2008723415,-16.0,58.6956521739,16.5714285714,-52.0
09:35:17,3092.0,3094.32530186,10.2589299252,48.0,16.0,0,33.1789454243,-12.0,58.4905660377,16.7619047619,-64.0
09:35:18,3092.0,3094.32401039,10.2514985204,48.0,30.0,0,33.1549111267,-24.0,45.7627118644,20.2857142857,-78.0
09:35:18,3092.0,3094.32271963,10.2440549456,48.0,10.0,0,33.1308374696,-6.0,35.8490566038,17.5238095238,-62.0
09:35:19,3092.0,3094.32142959,10.237241348,48.0,132.0,0,33.1088012548,90.0,64.1509433962,50.1904761905,28.0
09:35:19,3092.0,3094.32014026,10.2310324918,48.0,26.0,0,33.0887208662,0.0,61.5384615384,47.5238095238,32.0
09:35:20,3093.0,3094.31940706,10.2240532441,50.0,536.0,0,33.0554582738,396.0,88.8,189.523809524,444.0
09:35:20,3092.0,3094.31811886,10.2178245334,48.0,74.0,0,33.0460043123,-2.0,81.4356435644,174.952380952,454.0
09:35:21,3092.0,3094.31683137,10.2115860993,48.0,26.0,0,33.0258282643,-10.0,84.328358209,143.904761905,468.0
09:35:21,3092.0,3094.3155446,10.2053379241,48.0,30.0,0,33.0056207118,4.0,82.2815533981,114.19047619,478.0
09:35:22,3093.0,3094.31481394,10.1983173653,50.0,8.0,0,32.9722514235,4.0,80.8571428572,77.2380952381,392.0
09:35:22,3093.0,3094.31408369,10.1912860344,50.0,134.0,0,32.9495183781,64.0,84.6534653465,82.1904761905,456.0
09:35:23,3092.0,3094.31279845,10.1843876977,48.0,26.0,0,32.9378644817,12.0,53.6912751678,51.1428571429,72.0
09:35:23,3093.0,3094.31206932,10.1773346428,50.0,4.0,0,32.9044120363,2.0,71.9298245614,38.0952380952,76.0
09:35:24,3093.0,3094.31134059,10.1702707485,50.0,42.0,0,32.8815737101,40.0,75.4098360656,39.2380952381,126.0
09:35:24,3093.0,3094.31061227,10.1625467935,50.0,420.0,0,32.8566013369,294.0,93.3753943217,147.619047619,416.0
09:35:25,3093.0,3094.30988436,10.1554604869,50.0,14.0,0,32.8336905492,6.0,93.75,121.428571429,418.0
09:35:25,3092.0,3094.30860144,10.1485064887,48.0,16.0,0,32.8218191742,-10.0,90.4214559387,95.5238095238,344.0
09:35:26,3093.0,3094.30787465,10.1413982283,50.0,4.0,0,32.7882257623,0.0,94.4,71.8095238095,332.0
09:35:26,3092.0,3094.30659285,10.1344219955,48.0,10.0,0,32.7762677732,-2.0,93.675889328,50.8571428571,328.0
09:35:27,3092.0,3094.30531176,10.1274345496,48.0,2.0,0,32.7536693065,-2.0,93.1330472103,27.3333333333,286.0
09:35:27,3092.0,3094.30403139,10.1197826064,48.0,24.0,0,32.7289217541,10.0,31.4285714286,12.0,2.0
09:35:28,3092.0,3094.30275173,10.1127719904,48.0,14.0,0,32.7062483519,6.0,28.5714285714,12.6666666667,2.0
09:35:28,3092.0,3094.30147278,10.1057500898,48.0,30.0,0,32.6835384533,-16.0,45.2380952381,17.9047619048,-4.0
09:35:29,3092.0,3094.30019454,10.0987168808,48.0,14.0,0,32.6607919819,-2.0,38.2978723404,17.9047619048,-6.0
09:35:29,3093.0,3094.29947241,10.0921585347,50.0,18.0,0,32.6290285634,-2.0,45.0980392157,18.5714285714,-6.0
09:35:30,3093.0,3094.29875068,10.0849612858,50.0,8.0,0,32.6057590876,-2.0,50.0,16.0,-6.0
09:35:30,3092.0,3094.29747395,10.0778949177,48.0,12.0,0,32.5934505747,6.0,58.3333333333,14.2857142857,-10.0
09:35:31,3092.0,3094.29619793,10.0708171478,48.0,8.0,0,32.5705599865,2.0,51.1111111111,12.0,-14.0
09:35:31,3093.0,3094.29547802,10.0642172294,50.0,74.0,0,32.5386913335,-22.0,76.1194029851,28.8571428571,-20.0
09:35:32,3093.0,3094.29475851,10.0569757093,50.0,2.0,0,32.5152787238,0.0,85.2459016394,23.0476190476,-18.0
09:35:32,3093.0,3094.2940394,10.0497229516,50.0,20.0,0,32.4918297822,-20.0,87.0967741936,22.9523809524,-36.0
09:35:33,3093.0,3094.29332069,10.0430919536,50.0,108.0,0,32.4703910558,-32.0,76.7857142857,47.9047619048,-66.0
09:35:33,3092.0,3094.29204697,10.0359586474,48.0,426.0,0,32.4578222749,-34.0,28.8401253919,158.952380952,-106.0
09:35:34,3093.0,3094.29132937,10.0293069163,50.0,30.0,0,32.4258225553,0.0,28.7878787879,137.142857143,-108.0
09:35:34,3092.0,3094.29005676,10.0227862461,48.0,2.0,0,32.4152207184,-2.0,19.7278911565,106.285714286,-88.0
09:35:35,3092.0,3094.28878486,10.015619711,48.0,24.0,0,32.3920430497,18.0,22.2950819672,85.1428571429,-70.0
09:35:35,3093.0,3094.28806907,10.007636652,50.0,38.0,0,32.3557602715,-24.0,20.7006369427,66.9523809524,-74.0
09:35:36,3093.0,3094.28735367,10.0009425443,50.0,210.0,0,32.3341175051,110.0,36.7123287671,97.0476190476,68.0
09:35:36,3092.0,3094.28608328,9.99374131305,48.0,2.0,0,32.321284971,0.0,83.0065359477,62.8571428571,102.0
09:35:37,3093.0,3094.28536898,9.98572171625,50.0,26.0,0,32.2849069391,2.0,83.4437086093,55.7142857143,104.0
09:35:37,3093.0,3094.28465509,9.97768916999,50.0,94.0,0,32.2589368574,54.0,77.6649746193,68.1904761905,160.0
09:35:38,3093.0,3094.28394159,9.97031134586,50.0,6.0,0,32.2350835624,2.0,76.0638297872,51.1428571429,144.0
09:35:38,3093.0,3094.28322849,9.96225357131,50.0,0.0,0,32.209031915,0.0,0,33.2380952381,168.0
09:35:39,3093.0,3094.28251578,9.95485193679,50.0,28.0,0,32.1851016385,-4.0,57.6923076923,25.1428571429,54.0
09:35:39,3093.0,3094.28180347,9.94808063565,50.0,22.0,0,32.1632092973,14.0,53.4090909091,24.0,68.0
09:35:40,3092.0,3094.28053615,9.94012575373,48.0,4.0,0,32.1478840677,0.0,57.1428571429,16.7619047619,66.0
09:35:40,3092.0,3094.27926954,9.93282884237,48.0,186.0,0,32.1242847424,12.0,84.5528455285,62.5714285714,24.0
09:35:41,3093.0,3094.27855903,9.92538045031,50.0,62.0,0,32.0898171688,60.0,88.7417218543,68.5714285714,82.0
09:35:41,3093.0,3094.27784892,9.91792036504,50.0,108.0,0,32.0656979148,84.0,90.7317073171,85.0476190476,166.0
09:35:42,3092.0,3094.2765838,9.90991441066,48.0,28.0,0,32.0501759724,0.0,84.8780487805,73.5238095238,170.0
09:35:42,3092.0,3094.27531938,9.90256925135,48.0,44.0,0,32.0264206059,34.0,85.6481481482,66.5714285714,190.0
09:35:43,3092.0,3094.27405566,9.89521208186,48.0,20.0,0,32.0026263967,20.0,82.5892857143,51.7142857143,210.0
09:35:43,3093.0,3094.27334805,9.88770388889,50.0,24.0,0,31.9680048138,20.0,75.5244755245,37.2380952381,218.0
09:35:44,3092.0,3094.27208543,9.88097104599,48.0,10.0,0,31.9565687128,6.0,66.6666666667,26.4761904762,164.0
09:35:44,3092.0,3094.27082351,9.87357851935,48.0,8.0,0,31.9326601531,4.0,40.2985074627,17.619047619,84.0
09:35:45,3092.0,3094.26956229,9.86682355669,48.0,50.0,0,31.9108135727,-14.0,32.0512820513,25.5238095238,70.0
09:35:45,3093.0,3094.26885718,9.85926898287,50.0,540.0,0,31.8760717196,-80.0,4.2944785276,172.380952381,-44.0
09:35:46,3092.0,3094.26759705,9.85184086561,48.0,410.0,0,31.8623572627,-234.0,2.68714011516,258.476190476,-298.0
09:35:46,3091.0,3094.26578222,9.84521880576,46.1538461538,264.0,0,31.851241688,8.0,4.36817472698,284.285714286,-310.0
09:35:47,3091.0,3094.2639684,9.83793324614,46.1538461538,894.0,0,31.8276714531,88.0,2.67774699907,478.666666667,-228.0
09:35:47,3091.0,3094.26215559,9.83063522306,46.1538461538,62.0,0,31.8040608963,-6.0,5.31531531531,393.238095238,-238.0
09:35:48,3091.0,3094.26034379,9.82397859721,46.1538461538,464.0,0,31.7825253873,382.0,4.63173880029,420.095238095,158.0
09:35:48,3090.0,3094.25797759,9.8168505925,44.4444444444,1368.0,0,31.7697430178,880.0,3.46620450606,685.523809524,1118.0
09:35:49,3090.0,3094.2556127,9.80902620354,44.4444444444,148.0,0,31.7444213707,-120.0,3.62499999999,562.952380952,1232.0
09:35:49,3089.0,3094.25269373,9.80209438442,42.8571428571,152.0,0,31.7322576381,-136.0,3.04404145077,454.0,1088.0
09:35:50,3090.0,3094.25033178,9.79558402333,44.4444444444,22.0,0,31.7009191693,-20.0,4.15162454873,313.238095238,980.0
09:35:50,3089.0,3094.24741573,9.78862704594,42.8571428571,26.0,0,31.6886599092,-6.0,1.83486238531,215.142857143,980.0
09:35:51,3090.0,3094.24505671,9.78143488663,44.4444444444,54.0,42.1052631579,31.6551290829,-44.0,2.48587570621,126.761904762,554.0
09:35:51,3089.0,3094.2421436,9.77445192411,50.0,382.0,0,31.6427708777,-302.0,46.1734693878,151.619047619,-628.0
09:35:52,3090.0,3094.23978751,9.76789351652,52.1739130435,80.0,0,31.6113058787,-80.0,62.2905027933,137.142857143,-588.0
09:35:52,3089.0,3094.23687733,9.76088518283,50.0,192.0,0,31.5988513527,-110.0,76.1904761905,157.904761905,-562.0
09:35:53,3090.0,3094.23452416,9.75430294018,52.1739130435,988.0,0,31.567323431,16.0,90.243902439,404.19047619,-526.0
09:35:53,3090.0,3094.2321723,9.74770912862,52.1739130435,26.0,0,31.545984235,16.0,90.0116144019,329.619047619,-504.0
09:35:54,3090.0,3094.22982175,9.74110372467,52.1739130435,50.0,0,31.5246075232,50.0,89.7555296857,261.904761905,-410.0
09:35:54,3091.0,3094.2280279,9.73429369628,54.1666666667,134.0,0,31.4923768886,130.0,83.2653061225,218.380952381,22.0
09:35:55,3090.0,3094.22567965,9.72700136108,52.1739130435,4.0,0,31.4789688061,2.0,82.0659971306,149.523809524,104.0
09:35:55,3091.0,3094.2238881,9.71950310785,54.1666666667,4.0,0,31.4445263923,2.0,82.0895522388,84.2857142857,216.0
09:35:56,3090.0,3094.22154215,9.71348655158,52.1739130435,76.0,0,31.4352315585,4.0,7.48299319727,48.5714285714,204.0
09:35:56,3090.0,3094.2191975,9.70682232718,52.1739130435,104.0,0,31.4136644892,0.0,4.83870967742,64.2857142857,188.0
09:35:57,3090.0,3094.21685415,9.69947974534,52.1739130435,2.0,0,31.3899020885,2.0,5.55555555556,47.1428571429,140.0
09:35:57,3090.0,3094.2145121,9.69212395023,52.1739130435,132.0,0,31.3660969263,62.0,11.1801242236,69.4285714286,72.0
09:35:58,3090.0,3094.21217136,9.68475491175,52.1739130435,10.0,0,31.3422489053,2.0,10.9756097561,56.9523809524,72.0
09:35:58,3090.0,3094.20983191,9.67737259963,52.1739130435,18.0,0,31.3183579276,2.0,11.1111111111,46.4761904762,72.0
09:35:59,3090.0,3094.20749377,9.66927855838,52.1739130435,4.0,0,31.2921636193,4.0,9.62962962963,31.3333333333,72.0
09:35:59,3090.0,3094.20515692,9.66186882451,52.1739130435,28.0,0,31.2681838981,16.0,13.4020618557,26.4761904762,88.0
09:36:00,3091.0,3094.20337677,9.65492503695,54.1666666667,36.0,0,31.2356034841,2.0,19.298245614,27.5238095238,88.0
09:36:00,3091.0,3094.20159761,9.64659678604,54.1666666667,20.0,0,31.2086599354,2.0,25.8620689655,22.380952381,28.0
09:36:01,3090.0,3094.19926404,9.63844539085,52.1739130435,20.0,0,31.1923799057,4.0,23.8095238095,22.5714285714,30.0
09:36:01,3090.0,3094.19693176,9.63098138661,52.1739130435,18.0,0,31.1682245521,-8.0,20.6349206349,21.7142857143,20.0
09:36:02,3090.0,3094.19460078,9.62350388805,52.1739130435,12.0,0,31.1440255277,-4.0,19.4029850746,19.1428571429,12.0
09:36:02,3091.0,3094.19282649,9.61649656439,54.1666666667,38.0,0,31.1112797295,36.0,18.0555555556,23.619047619,32.0
09:36:03,3090.0,3094.19049779,9.60899285826,52.1739130435,2.0,0,31.0970642662,2.0,7.27272727274,17.3333333333,32.0
09:36:03,3090.0,3094.18817039,9.60215221101,52.1739130435,10.0,0,31.0749262492,0.0,2.00000000001,14.9523809524,30.0
09:36:04,3091.0,3094.18639967,9.59575667778,54.1666666667,46.0,0,31.0441820698,12.0,28.5714285714,23.3333333333,38.0
09:36:04,3090.0,3094.18407454,9.58954161226,52.1739130435,42.0,0,31.03411525,-4.0,26.6666666667,29.3333333333,42.0
09:36:05,3090.0,3094.1817507,9.58266606373,52.1739130435,50.0,0,31.0118642839,28.0,26.5957446809,36.4761904762,74.0
09:36:05,3091.0,3094.17998355,9.57558749366,54.1666666667,42.0,0,30.9789307462,-38.0,45.8333333333,39.5238095238,0.0
09:36:06,3090.0,3094.17766198,9.56868764545,52.1739130435,16.0,0,30.9666266843,14.0,43.6893203883,34.9523809524,12.0
09:36:06,3090.0,3094.1753417,9.56177555555,52.1739130435,14.0,0,30.9442574613,-8.0,44.7619047619,29.1428571429,4.0
09:36:07,3090.0,3094.17302271,9.55485119739,52.1739130435,10.0,0,30.9218485353,8.0,34.4827586207,22.0,0.0
09:36:07,3090.0,3094.17070501,9.54723214689,52.1739130435,1202.0,0,30.8971914139,-528.0,89.5052473763,357.142857143,-524.0
09:36:08,3091.0,3094.168944,9.53869652543,54.1666666667,14.0,0,30.859581124,-4.0,91.3713405239,297.619047619,-556.0
09:36:08,3092.0,3094.16773936,9.53138169207,56.0,198.0,0,30.8259433767,-90.0,92.0220082531,292.380952381,-608.0
09:36:09,3091.0,3094.16598,9.5242159037,54.1666666667,414.0,0,30.8127334316,0.0,72.1382289417,341.428571429,-622.0
09:36:09,3091.0,3094.16422161,9.51635233314,54.1666666667,132.0,0,30.7872932162,-116.0,68.3248730964,290.952380952,-730.0
09:36:10,3091.0,3094.1624642,9.50916133555,54.1666666667,2.0,0,30.7640289083,0.0,68.6034658512,197.714285714,-738.0
09:36:10,3091.0,3094.16070776,9.50195806657,54.1666666667,80.0,0,30.7407248999,-12.0,25.0,127.142857143,-222.0
09:36:11,3092.0,3094.1595077,9.49389403759,56.0,4.0,0,30.7047025795,0.0,25.3012048193,88.2857142857,-218.0
09:36:11,3091.0,3094.1577529,9.48666549543,54.1666666667,8.0,0,30.6912503896,-2.0,3.12500000001,51.0476190476,-130.0
09:36:12,3092.0,3094.15655449,9.47857476377,56.0,20.0,0,30.6551577095,0.0,13.8211382114,26.2857142857,-130.0
09:36:12,3092.0,3094.15535673,9.47116057508,56.0,2.0,0,30.6311790915,-2.0,18.9655172414,15.1428571429,-16.0
09:36:13,3092.0,3094.15415964,9.46304310867,56.0,0.0,0,30.6049259659,0.0,0,9.61904761905,-16.0
09:36:13,3092.0,3094.15296322,9.45491180976,56.0,0.0,0,30.578628104,0.0,0,4.19047619048,-4.0
09:36:14,3091.0,3094.15121206,9.44692659784,54.1666666667,12.0,0,30.5626871493,-12.0,42.8571428571,6.0,-16.0
09:36:14,3091.0,3094.14946187,9.43892727332,54.1666666667,12.0,0,30.5368077429,-2.0,34.7826086956,7.42857142857,-16.0
09:36:15,3091.0,3094.14771266,9.43091380026,54.1666666667,24.0,0,30.5108825631,0.0,12.0,12.0952380952,-16.0
09:36:15,3091.0,3094.14596442,9.42288614259,54.1666666667,2.0,0,30.4849114933,-2.0,8.00000000001,10.2857142857,-16.0
09:36:16,3091.0,3094.14421714,9.414844264,54.1666666667,12.0,0,30.4588944161,-2.0,16.1290322581,11.3333333333,-18.0
09:36:16,3092.0,3094.14302624,9.40662872069,56.0,18.0,0,30.4224732234,-6.0,30.0,13.5238095238,-24.0
09:36:17,3091.0,3094.1412806,9.3985584001,54.1666666667,8.0,0,30.406206406,4.0,39.4736842105,12.0,-8.0
09:36:17,3091.0,3094.13953593,9.39047374855,54.1666666667,36.0,0,30.3800509497,-14.0,62.0,18.6666666667,-20.0
09:36:18,3091.0,3094.13779223,9.3816455911,54.1666666667,14.0,0,30.3514901038,-6.0,64.4444444445,17.9047619048,-26.0
09:36:18,3091.0,3094.13604949,9.37353128825,54.1666666667,6.0,0,30.3252387197,-2.0,61.7021276596,15.3333333333,-26.0
09:36:19,3092.0,3094.13486313,9.36524366415,56.0,6.0,0,30.2886276331,0.0,65.9090909091,12.5714285714,-24.0
09:36:19,3091.0,3094.13312202,9.35710054213,54.1666666667,6.0,0,30.2720819868,-2.0,57.8947368421,10.0952380952,-20.0
09:36:20,3091.0,3094.13138188,9.34894289924,54.1666666667,0.0,0,30.245690389,0.0,0,6.47619047619,-24.0
09:36:20,3092.0,3094.13019811,9.33987850861,56.0,4.0,0,30.206592848,-4.0,27.7777777778,4.38095238095,-14.0
09:36:21,3091.0,3094.12845959,9.33169092692,54.1666666667,2.0,0,30.189876826,0.0,41.6666666667,3.2380952381,-8.0
09:36:21,3091.0,3094.12672204,9.32275322534,54.1666666667,62.0,0,30.1609615831,-60.0,12.5,19.8095238095,-66.0
09:36:22,3092.0,3094.12554086,9.31364072887,56.0,4.0,0,30.1217358631,0.0,7.69230769231,17.1428571429,-66.0
09:36:22,3091.0,3094.12380493,9.30467000762,54.1666666667,56.0,0,30.1024587759,-2.0,28.125,29.4285714286,-66.0
09:36:23,3091.0,3094.12206997,9.29642103908,54.1666666667,330.0,0,30.0757717214,86.0,7.86026200873,117.619047619,20.0
09:36:23,3091.0,3094.12033596,9.28741797481,54.1666666667,36.0,0,30.0466450172,2.0,6.5306122449,106.095238095,26.0
09:36:24,3090.0,3094.11804752,9.27932621809,52.1739130435,8.0,0,30.0301819356,-2.0,7.66129032258,85.0476190476,24.0
09:36:24,3091.0,3094.11631576,9.27103172905,54.1666666667,4.0,0,29.9936322518,0.0,9.58904109589,62.5714285714,84.0
09:36:25,3091.0,3094.11458495,9.26198022567,54.1666666667,30.0,0,29.9643488375,-2.0,14.224137931,50.2857142857,82.0
09:36:25,3091.0,3094.11285511,9.254367921,54.1666666667,0.0,0,29.9397215173,0.0,0,28.1904761905,84.0
09:36:26,3090.0,3094.11057082,9.24621593854,52.1739130435,16.0,0,29.9230289273,-16.0,44.6808510638,13.3333333333,-18.0
09:36:26,3091.0,3094.10884321,9.23786140057,54.1666666667,26.0,0,29.8863196395,0.0,80.9523809524,16.2857142857,-20.0
09:36:27,3091.0,3094.10711655,9.2294917759,54.1666666667,0.0,0,29.8592422384,0.0,0,12.2857142857,-18.0
09:36:27,3090.0,3094.10483545,9.22129419695,52.1739130435,8.0,0,29.8423760419,0.0,77.5,10.9523809524,-18.0
09:36:28,3090.0,3094.10255562,9.21379867976,52.1739130435,18.0,0,29.8181187047,-12.0,70.5882352941,12.2857142857,-28.0
09:36:28,3090.0,3094.10027706,9.20628951677,52.1739130435,6.0,0,29.7938172064,0.0,67.5675675676,10.7619047619,-28.0
09:36:29,3091.0,3094.09855516,9.19857979762,54.1666666667,8.0,0,29.7592358383,-2.0,78.7878787879,9.52380952381,-14.0
09:36:29,3091.0,3094.09683422,9.19154619897,54.1666666667,42.0,0,29.7364807472,0.0,82.9268292683,18.380952381,-14.0
09:36:30,3090.0,3094.09455883,9.18468732036,52.1739130435,28.0,0,29.7239071856,-24.0,83.6363636364,22.4761904762,-38.0
09:36:30,3090.0,3094.09228471,9.17781624538,52.1739130435,8.0,0,29.701670697,-6.0,81.8181818182,19.5238095238,-44.0
09:36:31,3090.0,3094.09001185,9.1709329466,52.1739130435,26.0,0,29.6793946492,6.0,86.4406779661,21.7142857143,-26.0
09:36:31,3091.0,3094.08829565,9.16385101538,54.1666666667,12.0,0,29.646881318,4.0,88.7096774194,19.5238095238,-22.0
09:36:32,3090.0,3094.08602501,9.15694329002,52.1739130435,34.0,0,29.6341206797,-30.0,69.3333333333,23.3333333333,-50.0
09:36:32,3091.0,3094.08431102,9.14914282904,54.1666666667,2.0,0,29.5992974087,2.0,58.1818181818,16.7619047619,-48.0
09:36:33,3090.0,3094.08204259,9.14220979429,52.1739130435,32.0,0,29.5864394637,4.0,36.8421052632,20.6666666667,-20.0
09:36:33,3090.0,3094.07977542,9.1352643944,52.1739130435,2.0,0,29.5639624414,0.0,37.037037037,15.8095238095,-14.0
09:36:34,3091.0,3094.07806491,9.12742407765,54.1666666667,4.0,0,29.5290329267,2.0,20.9302325581,11.8095238095,-18.0
09:36:34,3090.0,3094.07579995,9.12045318819,52.1739130435,240.0,0,29.5160297353,164.0,12.101910828,76.2857142857,142.0
09:36:35,3091.0,3094.07409164,9.11328414127,54.1666666667,4.0,0,29.4832874192,4.0,14.0845070423,62.4761904762,176.0
09:36:35,3091.0,3094.07238429,9.10610280709,54.1666666667,36.0,0,29.4600543743,2.0,22.641509434,59.2380952381,176.0
09:36:36,3090.0,3094.07012248,9.09909468007,52.1739130435,10.0,0,29.4469083497,-2.0,26.3513513514,46.9523809524,170.0
09:36:36,3091.0,3094.06841733,9.09188859338,54.1666666667,120.0,0,29.4140685648,18.0,23.6714975845,67.1428571429,188.0
09:36:37,3090.0,3094.06615773,9.08415405314,52.1739130435,10.0,0,29.3985568063,6.0,24.2857142857,50.2857142857,192.0
09:36:37,3090.0,3094.06389938,9.07640527075,52.1739130435,36.0,0,29.3734798406,-30.0,33.3333333333,40.5714285714,-2.0
09:36:38,3090.0,3094.06164228,9.06864220971,52.1739130435,72.0,0,29.3483566657,-16.0,29.5774647887,50.8571428571,-22.0
09:36:38,3090.0,3094.05938644,9.06086483332,52.1739130435,54.0,0,29.3231871629,-18.0,16.5562913907,52.7619047619,-42.0
09:36:39,3090.0,3094.05713185,9.05233751614,52.1739130435,250.0,0,29.2955906671,156.0,15.1291512915,109.80952381,116.0
09:36:39,3090.0,3094.05487852,9.04379395951,52.1739130435,90.0,0,29.2679416165,-44.0,15.234375,109.714285714,54.0
09:36:40,3090.0,3094.05262643,9.03597162768,52.1739130435,202.0,0,29.2426266268,-40.0,10.2272727273,143.047619048,8.0
09:36:40,3090.0,3094.0503756,9.02813482627,52.1739130435,92.0,0,29.2172648099,-58.0,9.47368421052,135.80952381,-20.0
09:36:41,3090.0,3094.04812602,9.02028351759,52.1739130435,1144.0,42.8571428571,29.191856044,-410.0,56.6593886463,426.476190476,-414.0
09:36:41,3091.0,3094.04643308,9.01294250724,50.0,106.0,0,29.1586622687,-34.0,60.7218683652,369.523809524,-430.0
09:36:42,3091.0,3094.04474109,9.00558879544,50.0,14.0,0,29.1348715478,-6.0,66.9902912621,283.80952381,-592.0
09:36:42,3091.0,3094.04305004,8.99751138433,50.0,10.0,0,29.1087395158,-2.0,69.387755102,208.19047619,-550.0
09:36:43,3091.0,3094.04135992,8.9894194966,50.0,4.0,0,29.082560649,0.0,79.4160583942,134.666666667,-510.0
09:36:43,3091.0,3094.03967075,8.98131309311,50.0,32.0,0,29.0563348208,0.0,83.0534351145,78.5714285714,-452.0
09:36:44,3091.0,3094.03798251,8.97319213454,50.0,26.0,0,29.030061904,-22.0,55.2083333333,23.619047619,-64.0
09:36:44,3091.0,3094.03629521,8.96505658131,50.0,10.0,0,29.0037417707,0.0,0,17.3333333333,-30.0
09:36:45,3092.0,3094.03516425,8.95746894624,52.1739130435,48.0,0,28.9698219477,-6.0,1.53846153847,26.4761904762,-30.0
09:36:45,3091.0,3094.03347852,8.95002137645,50.0,16.0,0,28.9550998915,-12.0,1.4705882353,24.8571428571,-40.0
09:36:46,3091.0,3094.03179372,8.94184372128,50.0,14.0,0,28.9286435499,-14.0,2.73972602741,22.380952381,-54.0
09:36:46,3091.0,3094.03010986,8.93365131672,50.0,52.0,0,28.9021394912,-40.0,2.40963855423,30.2857142857,-94.0
09:36:47,3091.0,3094.02842693,8.92544412216,50.0,46.0,0,28.8755875838,-30.0,3.22580645162,35.5238095238,-102.0
09:36:47,3091.0,3094.02674494,8.91722209675,50.0,8.0,0,28.8489876957,2.0,4.34782608696,28.9523809524,-100.0
09:36:48,3091.0,3094.02506388,8.90898519945,50.0,90.0,0,28.8223396941,14.0,4.42477876107,45.9047619048,-80.0
09:36:48,3090.0,3094.02282835,8.90091670615,47.619047619,58.0,0,28.8055556833,-40.0,-11.1940298507,51.7142857143,-108.0
09:36:49,3092.0,3094.02170487,8.89249786111,52.1739130435,26.0,0,28.7596955405,-20.0,-0.714285714281,46.380952381,-114.0
09:36:49,3092.0,3094.02058201,8.88330935564,52.1739130435,102.0,0,28.7299785111,-100.0,29.0909090909,62.1904761905,-174.0
09:36:50,3091.0,3094.01890438,8.87501173708,50.0,2.0,0,28.7124287838,0.0,33.2167832168,47.0476190476,-144.0
09:36:50,3091.0,3094.01722768,8.86669903485,50.0,8.0,0,28.6855355382,0.0,35.3146853147,35.7142857143,-146.0
09:36:51,3092.0,3094.01610731,8.85821962141,52.1739130435,24.0,0,28.6488344806,0.0,45.0,28.9523809524,-160.0
09:36:51,3091.0,3094.01443216,8.84987673416,50.0,2.0,0,28.6311120484,0.0,84.756097561,19.0476190476,-120.0
09:36:52,3091.0,3094.01275794,8.84151863509,50.0,24.0,0,28.6040719349,0.0,67.2839506173,18.0952380952,-100.0
09:36:52,3092.0,3094.01164005,8.83299401427,52.1739130435,60.0,0,28.5672510164,-52.0,12.5,27.5238095238,-52.0
09:36:53,3092.0,3094.01052278,8.82445430324,52.1739130435,156.0,0,28.5396322873,-144.0,60.5839416058,66.380952381,-196.0
09:36:53,3091.0,3094.00885073,8.81678165839,50.0,10.0,0,28.5240428935,0.0,57.2463768116,56.1904761905,-196.0
09:36:54,3091.0,3094.00717961,8.80836344996,50.0,30.0,0,28.4968083143,-2.0,56.0283687943,51.619047619,-198.0
09:36:54,3092.0,3094.00606482,8.8005119406,52.1739130435,14.0,0,28.4621990317,0.0,56.462585034,42.1904761905,-198.0
09:36:55,3091.0,3094.00439525,8.79279776382,50.0,10.0,0,28.4464502226,0.0,59.2857142857,31.0476190476,-198.0
09:36:55,3092.0,3094.00328201,8.7849192995,52.1739130435,108.0,0,28.4117700501,26.0,69.5121951219,48.5714285714,-120.0
09:36:56,3091.0,3094.00161398,8.77644222874,50.0,46.0,0,28.3935368125,36.0,54.128440367,46.0952380952,60.0
09:36:56,3092.0,3094.00050228,8.76853576399,52.1739130435,18.0,0,28.3587831953,2.0,53.9823008849,40.8571428571,62.0
09:36:57,3092.0,3093.9993912,8.76061574288,52.1739130435,342.0,0,28.333168638,-220.0,47.5836431227,127.80952381,-156.0
09:36:57,3092.0,3093.99828073,8.75194369505,52.1739130435,22.0,0,28.3051219116,-10.0,46.8864468865,108.476190476,-166.0
09:36:58,3091.0,3093.99661549,8.74414565616,50.0,4.0,0,28.2890509743,-4.0,47.4074074074,83.619047619,-170.0
09:36:58,3091.0,3093.99495116,8.73559341338,50.0,12.0,0,28.2613827673,0.0,43.2432432433,61.3333333333,-196.0
09:36:59,3091.0,3093.99328776,8.72702535391,50.0,28.0,0,28.2336633902,0.0,37.558685446,48.1904761905,-232.0
09:36:59,3092.0,3093.99218069,8.71829164356,52.1739130435,6.0,0,28.19628604,-6.0,39.1304347826,29.619047619,-240.0
09:37:00,3091.0,3093.99051883,8.70969191954,50.0,18.0,0,28.1775862813,6.0,28.8888888889,15.0476190476,-14.0
09:37:00,3091.0,3093.98885789,8.7002999629,50.0,22.0,0,28.1472014329,10.0,22.2222222222,17.0476190476,6.0
09:37:01,3092.0,3093.98775327,8.69151777153,52.1739130435,318.0,0,28.1096952507,-104.0,77.2277227723,103.619047619,-94.0
09:37:01,3091.0,3093.98609387,8.68286910947,50.0,4.0,0,28.0908091539,2.0,78.2828282828,85.5238095238,-92.0
09:37:02,3091.0,3093.98443539,8.67495169784,50.0,32.0,0,28.065194752,32.0,75.0,75.8095238095,-60.0
09:37:02,3092.0,3093.98333323,8.66612262805,52.1739130435,1004.0,0,28.0275634801,-450.0,144.492131617,343.619047619,-504.0
09:37:03,3092.0,3093.98223169,8.65727756637,52.1739130435,16.0,0,27.9989572004,4.0,144.699140401,281.619047619,-506.0
09:37:03,3092.0,3093.98113075,8.64841646374,52.1739130435,26.0,0,27.9702990418,-2.0,146.0,222.571428571,-518.0
09:37:04,3092.0,3093.98003043,8.6395392708,52.1739130435,140.0,0,27.9415888448,-64.0,143.371522095,195.904761905,-478.0
09:37:04,3092.0,3093.97893072,8.63139830667,52.1739130435,54.0,0,27.915259724,4.0,137.893081761,153.142857143,-476.0
09:37:05,3092.0,3093.97783162,8.62248981186,52.1739130435,136.0,0,27.8864482919,-136.0,137.209302326,131.428571429,-644.0
09:37:05,3092.0,3093.97673313,8.61431943368,52.1739130435,2.0,0,27.8600240417,0.0,43.8502673797,66.4761904762,-194.0
09:37:06,3092.0,3093.97563525,8.60537944999,52.1739130435,46.0,0,27.8311107697,-46.0,42.0792079208,61.8095238095,-244.0
09:37:06,3092.0,3093.97453798,8.59717948293,52.1739130435,20.0,0,27.8045908245,-4.0,40.2010050251,48.2857142857,-246.0
09:37:07,3092.0,3093.97344132,8.58896513819,52.1739130435,14.0,0,27.7780243797,-4.0,63.9705882353,33.3333333333,-186.0
09:37:07,3091.0,3093.97178986,8.5801262617,50.0,14.0,0,27.7584155991,-12.0,75.8620689655,24.380952381,-202.0
09:37:08,3092.0,3093.97069473,8.5718819647,52.1739130435,14.0,0,27.7227747888,-8.0,50.9090909091,17.3333333333,-74.0
09:37:08,3092.0,3093.9696002,8.56362316235,52.1739130435,4.0,0,27.6960645613,0.0,51.7857142857,13.2380952381,-74.0
09:37:09,3091.0,3093.96795088,8.55549767296,50.0,318.0,0,27.6787372144,-260.0,95.8333333333,98.7619047619,-288.0
09:37:09,3092.0,3093.96685788,8.54720963329,52.1739130435,4.0,0,27.6429807028,0.0,96.7391304348,81.619047619,-284.0
09:37:10,3091.0,3093.96521009,8.53978524898,50.0,112.0,0,27.6279043966,-92.0,75.1072961373,96.0952380952,-372.0
09:37:10,3092.0,3093.9641186,8.53220028285,52.1739130435,16.0,0,27.5944381722,12.0,76.4957264957,78.4761904762,-348.0
09:37:11,3092.0,3093.96302773,8.524602449,52.1739130435,52.0,0,27.5698656177,0.0,72.7272727273,71.0476190476,-340.0
09:37:11,3092.0,3093.96193746,8.51625841143,52.1739130435,8.0,0,27.5428797265,8.0,72.9411764706,49.2380952381,-332.0
09:37:12,3091.0,3093.9602924,8.50878106705,50.0,108.0,0,27.5275996993,-50.0,53.3333333333,55.8095238095,-122.0
09:37:12,3092.0,3093.95920365,8.50114342346,52.1739130435,10.0,0,27.493995548,0.0,54.2483660131,44.380952381,-122.0
09:37:13,3092.0,3093.95811551,8.49419605316,52.1739130435,304.0,0,27.471526692,-110.0,140.963855422,116.666666667,-140.0
09:37:13,3092.0,3093.95702797,8.48723731389,52.1739130435,72.0,0,27.4490210669,-8.0,137.906137184,113.523809524,-160.0
09:37:14,3092.0,3093.95594103,8.48026717765,52.1739130435,32.0,0,27.4264785823,-4.0,138.951310861,96.2857142857,-164.0
09:37:14,3092.0,3093.9548547,8.47257991504,52.1739130435,6.0,0,27.4016168015,4.0,137.969924812,72.5714285714,-168.0
09:37:15,3093.0,3093.95432437,8.46547231569,54.1666666667,22.0,0,27.3697779363,18.0,141.704035874,53.5238095238,-100.0
09:37:15,3092.0,3093.95323894,8.45846713997,52.1739130435,22.0,0,27.3559739326,-8.0,135.807860262,38.5714285714,-108.0
09:37:16,3092.0,3093.9521541,8.45145045171,52.1739130435,8.0,0,27.3332808917,0.0,48.1481481481,19.0476190476,2.0
09:37:16,3092.0,3093.95106988,8.44442222219,52.1739130435,52.0,0,27.3105505246,2.0,12.676056338,26.1904761905,12.0
09:37:17,3093.0,3093.95054165,8.43655932571,54.1666666667,520.0,0,27.2762991455,-40.0,80.0,168.0,-24.0
09:37:17,3093.0,3093.95001372,8.42939411275,54.1666666667,0.0,0,27.2531332452,0.0,0,138.0,-28.0
09:37:18,3092.0,3093.94893068,8.42233052921,52.1739130435,40.0,0,27.2391026171,40.0,78.1931464174,119.714285714,-6.0
09:37:18,3093.0,3093.94840364,8.4151424179,54.1666666667,8.0,0,27.2070559906,0.0,80.5732484076,91.4285714286,2.0
09:37:19,3092.0,3093.9473215,8.40805561979,52.1739130435,12.0,0,27.192935381,2.0,81.6455696203,64.9523809524,4.0
09:37:19,3093.0,3093.94679535,8.40084449293,54.1666666667,42.0,0,27.1608292691,-18.0,87.1382636656,46.8571428571,-16.0
09:37:20,3092.0,3093.9457141,8.3937343622,52.1739130435,40.0,0,27.1466182477,0.0,38.0281690141,28.6666666667,24.0
09:37:20,3092.0,3093.94463345,8.38661245327,52.1739130435,6.0,0,27.1235849071,-2.0,39.1891891892,23.619047619,22.0
09:37:21,3093.0,3093.9441088,8.37936651879,54.1666666667,216.0,0,27.0913886802,-188.0,82.0987654321,78.2857142857,-206.0
09:37:21,3093.0,3093.94358444,8.37210900443,54.1666666667,216.0,0,27.0679243596,-210.0,89.8496240602,124.571428571,-416.0
09:37:22,3092.0,3093.94250497,8.3649518495,52.1739130435,2.0,0,27.053531208,0.0,89.6551724138,99.8095238095,-418.0
09:37:22,3093.0,3093.9419815,8.35767096079,54.1666666667,16.0,0,27.0212446194,-10.0,89.5161290323,79.5238095238,-410.0
09:37:23,3093.0,3093.94145832,8.35037840127,54.1666666667,28.0,0,26.9976669941,-4.0,97.1074380165,63.9047619048,-414.0
09:37:23,3092.0,3093.94038003,8.34318572675,52.1739130435,8.0,0,26.9831362443,0.0,96.70781893,43.1428571429,-412.0
09:37:24,3092.0,3093.93930234,8.33598106085,52.1739130435,10.0,0,26.959835255,2.0,95.7142857143,22.8571428571,-222.0
09:37:24,3092.0,3093.93822525,8.32876437248,52.1739130435,126.0,0,26.9364953832,78.0,87.3684210526,45.5238095238,66.0
09:37:25,3092.0,3093.93714876,8.32081225539,52.1739130435,40.0,0,26.9107770226,-12.0,78.0701754386,47.9047619048,54.0
09:37:25,3092.0,3093.93607286,8.31357056598,52.1739130435,288.0,0,26.8873562936,-220.0,89.6,119.333333333,-156.0
09:37:26,3092.0,3093.93499757,8.3063167572,52.1739130435,44.0,0,26.8638963687,-12.0,84.1085271318,108.095238095,-164.0
09:37:26,3092.0,3093.93392287,8.29832475564,52.1739130435,56.0,0,26.8380490156,-32.0,79.0780141844,99.5238095238,-196.0
09:37:27,3092.0,3093.93284876,8.29104574262,52.1739130435,4.0,0,26.8145075764,0.0,79.2114695341,73.8095238095,-198.0
09:37:27,3092.0,3093.93177526,8.2837545118,52.1739130435,62.0,0,26.7909266229,12.0,70.4453441296,64.9523809524,-264.0
09:37:28,3092.0,3093.93070235,8.27572229793,52.1739130435,2.0,0,26.7649492171,2.0,73.6842105263,42.0,-250.0
09:37:28,3092.0,3093.92963003,8.2684056564,52.1739130435,38.0,0,26.7412860815,0.0,30.0970873786,31.1428571429,-30.0
09:37:29,3092.0,3093.92855831,8.26107669704,52.1739130435,152.0,0,26.7175831082,-10.0,40.7643312102,64.7619047619,-28.0
09:37:29,3093.0,3093.92804259,8.25362542395,54.1666666667,356.0,0,26.6848542643,34.0,52.7687296417,151.523809524,38.0
09:37:30,3092.0,3093.92697175,8.24553953026,52.1739130435,44.0,0,26.667333539,44.0,49.2354740061,134.857142857,82.0
09:37:30,3093.0,3093.92645691,8.23806296433,54.1666666667,26.0,0,26.6345391669,6.0,49.1909385113,111.142857143,76.0
09:37:31,3093.0,3093.92594236,8.22907199195,54.1666666667,26.0,47.3684210526,26.6054703911,4.0,47.6635514019,89.1428571429,78.0
09:37:31,3093.0,3093.92542809,8.22083394811,61.9047619048,6.0,0,26.5788359137,-4.0,48.8524590164,60.2857142857,74.0
09:37:32,3092.0,3093.9243587,8.21269109743,59.0909090909,66.0,0,26.5610966928,-44.0,50.3816793893,50.0952380952,40.0
09:37:32,3092.0,3093.92328991,8.2045338076,59.0909090909,22.0,0,26.5347147723,8.0,28.4210526316,31.4285714286,14.0
09:37:33,3092.0,3093.92222171,8.1955898964,59.0909090909,20.0,0,26.5057887982,16.0,33.734939759,28.0952380952,-14.0
09:37:33,3092.0,3093.92115411,8.18662934302,59.0909090909,94.0,0,26.4768090007,24.0,54.7008547009,47.0476190476,4.0
09:37:34,3093.0,3093.9206425,8.17831764805,61.9047619048,250.0,0,26.4413761657,234.0,81.2227074236,107.333333333,234.0
09:37:34,3093.0,3093.92013117,8.16999159451,61.9047619048,8.0,0,26.4144571436,4.0,80.8695652174,87.8095238095,242.0
09:37:35,3093.0,3093.91962013,8.16165113844,61.9047619048,16.0,0,26.3874915565,8.0,82.4390243902,70.4761904762,294.0
09:37:35,3093.0,3093.91910937,8.15329623564,61.9047619048,20.0,0,26.3604792617,4.0,86.2745098039,56.6666666667,290.0
09:37:36,3093.0,3093.9185989,8.14492684167,61.9047619048,8.0,0,26.3334201153,6.0,90.404040404,39.5238095238,280.0
09:37:36,3093.0,3093.91808871,8.1365429118,61.9047619048,24.0,0,26.3063139728,-10.0,88.3435582822,27.5238095238,246.0
09:37:37,3093.0,3093.9175788,8.12814440105,61.9047619048,2.0,0,26.2791606888,0.0,56.4102564103,12.5714285714,12.0
09:37:37,3092.0,3093.91651377,8.11983917294,59.0909090909,4.0,0,26.260799395,2.0,56.7567567568,10.0,10.0
09:37:38,3093.0,3093.91600474,8.11141123874,61.9047619048,366.0,0,26.2250605844,-148.0,93.8679245283,111.047619048,-146.0
09:37:38,3093.0,3093.91549599,8.10296858706,61.9047619048,18.0,0,26.197764588,-8.0,90.9952606635,96.0,-158.0
09:37:39,3093.0,3093.91498752,8.09451117184,61.9047619048,20.0,0,26.1704208595,-14.0,88.0184331797,81.619047619,-178.0
09:37:39,3093.0,3093.91447934,8.08603894678,61.9047619048,10.0,0,26.1430292492,0.0,90.0,63.8095238095,-168.0
09:37:40,3093.0,3093.91397143,8.07830427273,61.9047619048,20.0,0,26.1180222203,-16.0,89.9543378995,49.5238095238,-184.0
09:37:40,3094.0,3093.91401922,8.06973058873,63.6363636364,62.0,0,26.0818700347,-52.0,80.2419354839,46.380952381,-238.0
09:37:41,3094.0,3093.91406697,8.06114227251,63.6363636364,320.0,0,26.0541120637,2.0,14.6666666667,114.19047619,-88.0
09:37:41,3093.0,3093.91355929,8.05261170347,61.9047619048,988.0,0,26.0349553944,-280.0,5.35211267604,375.047619048,-360.0
09:37:42,3093.0,3093.9130519,8.04482256248,61.9047619048,470.0,0,26.0097722679,30.0,3.74331550801,441.714285714,-316.0
09:37:42,3093.0,3093.91254479,8.03626290808,61.9047619048,388.0,0,25.9820979893,-128.0,10.1423487544,463.523809524,-444.0
09:37:43,3092.0,3093.91148256,8.02855313441,59.0909090909,14.0,0,25.9655664114,-10.0,9.36663693131,360.476190476,-438.0
09:37:43,3093.0,3093.91097632,8.02072354422,61.9047619048,106.0,0,25.931857563,40.0,9.62379702537,284.0,-346.0
09:37:44,3093.0,3093.91047037,8.01212032767,61.9047619048,2000.0,0,25.9040424432,-768.0,55.1185073122,746.571428571,-1116.0
09:37:44,3092.0,3093.90940929,8.00360797788,59.0909090909,14.0,0,25.8848899673,12.0,72.8943850267,561.714285714,-824.0
09:37:45,3092.0,3093.9083488,7.99584259259,59.0909090909,6.0,0,25.8597755258,4.0,86.4319620253,420.952380952,-850.0
09:37:45,3092.0,3093.9072889,7.98806362122,59.0909090909,0.0,0,25.834617145,0.0,0,300.571428571,-722.0
09:37:46,3093.0,3093.90678499,7.98016529869,61.9047619048,18.0,0,25.8007284148,6.0,95.3824626866,203.80952381,-706.0
09:37:46,3093.0,3093.90628136,7.97225357621,61.9047619048,26.0,0,25.7751489693,-2.0,99.4670542636,109.142857143,-748.0
09:37:47,3093.0,3093.90577801,7.96432841383,61.9047619048,64.0,0,25.7495260712,30.0,60.15625,29.1428571429,50.0
09:37:47,3093.0,3093.90527494,7.9563897714,61.9047619048,2.0,0,25.7238595907,0.0,62.0689655172,23.619047619,38.0
09:37:48,3093.0,3093.90477215,7.94843760853,61.9047619048,6.0,0,25.6981493971,4.0,63.7931034483,19.8095238095,38.0
09:37:48,3093.0,3093.90426964,7.94047188459,61.9047619048,6.0,0,25.6723953592,2.0,62.2950819672,16.0,40.0
09:37:49,3092.0,3093.90321201,7.93259751879,59.0909090909,6.0,0,25.6552313027,2.0,56.3636363636,11.9047619048,36.0
09:37:49,3092.0,3093.90215496,7.92393771359,59.0909090909,126.0,0,25.6272241707,16.0,27.619047619,42.6666666667,54.0
09:37:50,3092.0,3093.9010985,7.91603447281,59.0909090909,0.0,0,25.6016638836,0.0,0,32.6666666667,24.0
09:37:50,3093.0,3093.90059803,7.90723904539,61.9047619048,40.0,0,25.5649500336,20.0,36.9565217391,37.1428571429,44.0
09:37:51,3093.0,3093.90009784,7.89920247185,61.9047619048,0.0,0,25.5389669313,0.0,0,28.380952381,40.0
09:37:51,3092.0,3093.89904252,7.89125636913,59.0909090909,4.0,0,25.5215277139,0.0,34.0909090909,21.0476190476,38.0
09:37:52,3092.0,3093.89798779,7.8832961396,59.0909090909,48.0,0,25.4957831164,4.0,27.5229357798,26.380952381,40.0
09:37:52,3093.0,3093.89748905,7.87521773166,61.9047619048,34.0,0,25.4614216995,32.0,58.7301587302,25.7142857143,56.0
09:37:53,3093.0,3093.89699058,7.86712537897,61.9047619048,0.0,0,25.4352582573,0.0,0,19.7142857143,56.0
09:37:53,3093.0,3093.89649239,7.85901903846,61.9047619048,8.0,0,25.4090495909,8.0,46.8085106383,16.0,44.0
09:37:54,3092.0,3093.89543907,7.85022133446,59.0909090909,50.0,0,25.3888141477,6.0,30.5555555555,25.8095238095,50.0
09:37:54,3092.0,3093.89438635,7.84140710792,59.0909090909,304.0,0,25.3603075935,126.0,9.90990990991,105.80952381,176.0
09:37:55,3092.0,3093.8933342,7.8333595301,59.0909090909,8.0,0,25.3342804984,2.0,11.8811881188,86.9523809524,174.0
09:37:55,3092.0,3093.89228264,7.82529751338,59.0909090909,40.0,0,25.3082067056,20.0,13.1707317073,79.1428571429,162.0
09:37:56,3092.0,3093.89123166,7.81722101308,59.0909090909,364.0,0,25.2820860708,96.0,15.2454780362,163.619047619,258.0
09:37:56,3091.0,3093.88962587,7.80926846746,56.5217391304,206.0,0,25.2645372613,-54.0,11.7283950617,185.619047619,196.0
09:37:57,3092.0,3093.88857637,7.80116276154,59.0909090909,6.0,0,25.230151234,6.0,12.7155172414,141.047619048,196.0
09:37:57,3092.0,3093.88752745,7.79225390934,59.0909090909,16.0,0,25.201338646,4.0,19.375,101.428571429,74.0
09:37:58,3091.0,3093.88592372,7.78346632748,56.5217391304,10.0,0,25.1810622047,4.0,18.6915887851,73.8095238095,76.0
09:37:58,3092.0,3093.88487627,7.7753143718,59.0909090909,14.0,0,25.1465535957,4.0,13.961038961,47.2380952381,60.0
09:37:59,3091.0,3093.88327401,7.76649367456,56.5217391304,10.0,0,25.1261522956,10.0,8.39694656488,20.7619047619,-26.0
09:37:59,3093.0,3093.88278344,7.75820890917,61.9047619048,1038.0,0,25.0831196546,-146.0,119.561243144,304.857142857,-118.0
09:38:00,3092.0,3093.88173774,7.75001146953,59.0909090909,4.0,0,25.0647201472,2.0,119.413919414,253.904761905,-122.0
09:38:00,3092.0,3093.88069262,7.74100383879,59.0909090909,10.0,0,25.0355880944,8.0,119.521178637,204.761904762,-118.0
09:38:01,3093.0,3093.88020348,7.7318773324,61.9047619048,6.0,0,24.997986849,2.0,120.33271719,154.761904762,-120.0
09:38:01,3092.0,3093.87915921,7.7228353024,59.0909090909,38.0,0,24.9768282743,2.0,120.433996383,114.095238095,-122.0
09:38:02,3092.0,3093.87811552,7.71377591143,59.0909090909,16.0,0,24.9475288209,4.0,120.143884892,66.0,-128.0
09:38:02,3092.0,3093.87707242,7.70469909824,59.0909090909,80.0,0,24.9181730215,-34.0,83.1168831169,35.9047619048,-16.0
09:38:03,3091.0,3093.87547449,7.69574196842,56.5217391304,80.0,0,24.8972564491,-54.0,86.0869565217,51.4285714286,-72.0
09:38:03,3091.0,3093.87387744,7.68756955203,56.5217391304,28.0,0,24.8708170561,-24.0,90.3225806452,48.4761904762,-104.0
09:38:04,3092.0,3093.87283669,7.67924470932,59.0909090909,8.0,0,24.835849642,-2.0,89.6,38.9523809524,-108.0
09:38:04,3092.0,3093.87179651,7.67090454531,59.0909090909,34.0,0,24.8088762785,-28.0,90.243902439,36.7619047619,-138.0
09:38:05,3091.0,3093.87020151,7.6618799016,56.5217391304,100.0,0,24.7877059256,-18.0,83.6363636364,53.619047619,-160.0
09:38:05,3092.0,3093.8691628,7.65350770869,59.0909090909,2.0,0,24.7526122532,0.0,78.5714285714,38.4761904762,-126.0
09:38:06,3092.0,3093.86812467,7.64431183267,59.0909090909,8.0,0,24.7228713864,0.0,73.3333333333,28.7619047619,-72.0
09:38:06,3092.0,3093.86708711,7.63509804929,59.0909090909,4.0,0,24.6930726044,2.0,70.5128205128,21.3333333333,-46.0
09:38:07,3092.0,3093.86605013,7.62586629363,59.0909090909,6.0,0,24.6632156974,4.0,68.8311688312,15.619047619,-40.0
09:38:07,3092.0,3093.86501372,7.61661650036,59.0909090909,4.0,0,24.633300454,0.0,59.6774193548,9.42857142857,-12.0
09:38:08,3091.0,3093.86342249,7.60748473524,56.5217391304,6.0,0,24.6117267397,6.0,53.3333333333,5.2380952381,12.0
09:38:08,3091.0,3093.86183214,7.59833459254,56.5217391304,32.0,0,24.5821242075,30.0,26.6666666667,12.9523809524,42.0
09:38:09,3092.0,3093.86079807,7.58817769056,59.0909090909,2.0,0,24.5413250018,0.0,25.9259259259,10.6666666667,42.0
09:38:09,3091.0,3093.85920918,7.57898939483,56.5217391304,20.0,0,24.5195386439,18.0,20.0,13.8095238095,58.0
09:38:10,3091.0,3093.85762117,7.56978251539,56.5217391304,10.0,0,24.4897525571,4.0,13.5135135135,13.3333333333,58.0
09:38:10,3092.0,3093.85658945,7.5604213856,59.0909090909,10.0,0,24.4515568745,4.0,17.5,12.6666666667,62.0
09:38:11,3092.0,3093.8555583,7.55018395655,59.0909090909,2.0,0,24.4184474662,2.0,21.0526315789,9.42857142857,58.0
09:38:11,3092.0,3093.85452772,7.53992516725,59.0909090909,14.0,0,24.3852689756,6.0,34.4827586207,9.80952380952,34.0
09:38:12,3091.0,3093.85294231,7.52978025334,56.5217391304,12.0,0,24.3603372803,6.0,26.4705882353,10.4761904762,40.0
09:38:12,3092.0,3093.85191318,7.51947838928,59.0909090909,6.0,0,24.3191409744,0.0,37.037037037,8.95238095238,22.0
09:38:13,3091.0,3093.85032923,7.50929002825,56.5217391304,8.0,0,24.2940473253,-8.0,38.4615384615,8.66666666667,10.0
09:38:13,3092.0,3093.84930155,7.49980979183,59.0909090909,20.0,0,24.2555297278,-6.0,32.2580645161,11.9047619048,0.0
09:38:14,3091.0,3093.84771905,7.48957909777,56.5217391304,14.0,0,24.2302785434,0.0,27.027027027,12.9523809524,-2.0
09:38:14,3091.0,3093.84613742,7.48019421395,56.5217391304,8.0,0,24.199916577,2.0,23.5294117647,11.7142857143,-6.0
09:38:15,3092.0,3093.84511207,7.46978603409,59.0909090909,46.0,0,24.1584283121,-40.0,17.6470588235,21.619047619,-52.0
09:38:15,3092.0,3093.84408729,7.46022655466,59.0909090909,2.0,0,24.1275114963,2.0,14.2857142857,17.3333333333,-50.0
09:38:16,3091.0,3093.84250768,7.45078233008,56.5217391304,2.0,0,24.1047632808,0.0,15.2173913044,13.2380952381,-42.0
09:38:16,3091.0,3093.84092895,7.44044502332,56.5217391304,2.0,0,24.0713200366,-2.0,10.8108108108,9.42857142857,-38.0
09:38:17,3091.0,3093.8393511,7.4300851928,56.5217391304,0.0,0,24.0378039236,0.0,0,5.90476190476,-38.0
09:38:17,3091.0,3093.83777412,7.41970274416,56.5217391304,2.0,0,24.0042146366,-2.0,7.4074074074,3.61904761905,-42.0
09:38:18,3092.0,3093.83675342,7.40916347472,59.0909090909,10.0,0,23.9623657009,2.0,55.5555555556,3.90476190476,0.0
09:38:18,3091.0,3093.83517788,7.39961522502,56.5217391304,4.0,0,23.9392275154,-2.0,40.0,4.19047619048,-4.0
09:38:19,3091.0,3093.83360322,7.39004702703,56.5217391304,22.0,0,23.9082724912,-8.0,20.0,9.52380952381,-12.0
09:38:19,3091.0,3093.83202943,7.38045880315,56.5217391304,306.0,0,23.8772526792,-126.0,90.6976744186,95.0476190476,-136.0
09:38:20,3091.0,3093.83045652,7.37250489285,56.5217391304,8.0,0,23.8515201969,-8.0,90.3409090909,80.9523809524,-144.0
09:38:20,3091.0,3093.82888448,7.36372639076,56.5217391304,6.0,0,23.823119996,0.0,89.3258426966,65.9047619048,-142.0
09:38:21,3091.0,3093.82731331,7.35493031918,56.5217391304,6.0,49.0909090909,23.7946629543,-2.0,88.0681818182,50.6666666667,-146.0
09:38:21,3091.0,3093.82574302,7.34692855431,56.5217391304,0.0,0,23.7687756529,0.0,0,33.9047619048,-144.0
09:38:22,3092.0,3093.824729,7.33877827636,58.3333333333,12.0,0,23.734729225,-10.0,92.899408284,20.7619047619,-146.0
09:38:22,3091.0,3093.82316014,7.33152224585,56.5217391304,6.0,0,23.7189331797,-2.0,26.3157894737,6.38095238095,-22.0
09:38:23,3092.0,3093.82214756,7.32411996989,58.3333333333,10.0,0,23.6873220242,0.0,20.0,7.42857142857,-14.0
09:38:23,3091.0,3093.82058013,7.3168375075,56.5217391304,18.0,0,23.6714251294,-2.0,26.9230769231,10.6666666667,-16.0
09:38:24,3092.0,3093.81956898,7.30940894889,58.3333333333,54.0,0,23.6397443366,46.0,26.0,23.619047619,32.0
09:38:24,3091.0,3093.81800299,7.30284214502,56.5217391304,4.0,0,23.6261473472,0.0,26.9230769231,20.0,32.0
09:38:25,3091.0,3093.81643786,7.29626383653,56.5217391304,36.0,0,23.6048652104,16.0,18.75,25.3333333333,58.0
09:38:25,3092.0,3093.81542901,7.28954158981,58.3333333333,14.0,0,23.5754902646,-8.0,20.5882352941,23.2380952381,52.0
09:38:26,3091.0,3093.81386532,7.28294030213,56.5217391304,12.0,0,23.5617609257,-2.0,17.3913043478,20.1904761905,50.0
09:38:26,3091.0,3093.81230249,7.27558149642,56.5217391304,0.0,0,23.5379537251,0.0,0,13.619047619,52.0
09:38:27,3091.0,3093.81074054,7.26895605607,56.5217391304,18.0,0,23.5165191073,6.0,14.2857142857,13.0476190476,12.0
09:38:27,3091.0,3093.80917945,7.2623189508,56.5217391304,4.0,0,23.4950467512,0.0,14.2857142857,10.1904761905,12.0
09:38:28,3092.0,3093.80817463,7.25553834863,58.3333333333,104.0,0,23.4655185919,54.0,9.2105263158,35.9047619048,50.0
09:38:28,3091.0,3093.80661497,7.24887794106,56.5217391304,40.0,0,23.4515624104,18.0,25.8426966292,40.0952380952,76.0
09:38:29,3091.0,3093.80505617,7.24291799166,56.5217391304,0.0,0,23.4322807883,0.0,0,31.619047619,78.0
09:38:29,3092.0,3093.80405364,7.23610349221,58.3333333333,24.0,0,23.4026632995,12.0,25.2631578947,30.5714285714,90.0
09:38:30,3092.0,3093.80305166,7.22999135546,58.3333333333,2.0,0,23.3828957162,2.0,25.2873563218,22.0952380952,86.0
09:38:30,3091.0,3093.80149484,7.22400055029,56.5217391304,10.0,0,23.3710791016,4.0,23.3333333333,16.6666666667,90.0
09:38:31,3092.0,3093.80049429,7.21715290039,58.3333333333,10.0,0,23.3413741927,0.0,58.1395348837,10.9523809524,36.0
09:38:31,3091.0,3093.79893889,7.21114107167,56.5217391304,10.0,0,23.3294761296,8.0,32.1428571428,9.71428571429,26.0
09:38:32,3092.0,3093.79793976,7.20498819299,58.3333333333,10.0,0,23.302031672,10.0,42.4242424242,9.90476190476,36.0
09:38:32,3091.0,3093.79638578,7.19963560035,56.5217391304,16.0,0,23.2922536407,10.0,44.8275862069,11.3333333333,34.0
09:38:33,3092.0,3093.79538807,7.19414368741,58.3333333333,942.0,0,23.2669588855,-638.0,96.1923847696,277.714285714,-606.0
09:38:33,3092.0,3093.79439091,7.18864328535,58.3333333333,4.0,0,23.2491697456,-4.0,96.7741935484,231.333333333,-614.0
09:38:34,3092.0,3093.7933943,7.18313437466,58.3333333333,206.0,0,23.2313530875,-6.0,79.9663299663,242.952380952,-620.0
09:38:34,3093.0,3093.79295365,7.17816906398,60.0,24.0,0,23.2077887617,-10.0,79.8668885191,193.238095238,-638.0
09:38:35,3092.0,3093.79195784,7.17328827928,58.3333333333,62.0,0,23.199509312,0.0,75.7575757576,153.714285714,-648.0
09:38:35,3093.0,3093.79151798,7.16830897957,60.0,48.0,0,23.1759100536,-2.0,74.1835147745,107.714285714,-660.0
09:38:36,3092.0,3093.79052297,7.16341390438,58.3333333333,14.0,0,23.1675740763,-6.0,6.70391061452,50.4761904762,-28.0
09:38:36,3093.0,3093.79008391,7.1584205574,60.0,8.0,0,23.1439397265,-4.0,7.18232044198,35.7142857143,-28.0
09:38:37,3093.0,3093.7896451,7.15342023005,60.0,26.0,0,23.127773133,-24.0,15.3846153846,25.9047619048,-46.0
09:38:37,3092.0,3093.78865113,7.14850367987,58.3333333333,46.0,0,23.1193521341,2.0,27.4509803922,30.380952381,-34.0
09:38:38,3093.0,3093.78821311,7.14284099425,60.0,18.0,0,23.0935693316,0.0,38.75,25.8095238095,-34.0
09:38:38,3093.0,3093.78777534,7.13781885625,60.0,44.0,0,23.077332222,36.0,64.1025641026,30.7619047619,4.0
09:38:39,3092.0,3093.78678241,7.13288004249,58.3333333333,6.0,0,23.0688229059,0.0,63.5135135135,25.0476190476,10.0
09:38:39,3093.0,3093.78634543,7.12784367662,60.0,10.0,0,23.0450813987,10.0,68.0,20.8571428571,24.0
09:38:40,3093.0,3093.78590869,7.12280023981,60.0,6.0,0,23.0287754278,4.0,80.0,15.4285714286,52.0
09:38:40,3093.0,3093.78547219,7.11774971701,60.0,10.0,0,23.0124465471,10.0,76.5957446808,12.0952380952,60.0
09:38:41,3092.0,3093.78448054,7.11212969593,58.3333333333,4.0,0,23.0017131175,-4.0,82.5,8.7619047619,56.0
09:38:41,3092.0,3093.78348944,7.10715384683,58.3333333333,8.0,0,22.9856204619,-8.0,54.5454545455,7.2380952381,12.0
09:38:42,3092.0,3093.78249888,7.10217058957,58.3333333333,6.0,0,22.9695038472,4.0,63.6363636364,6.85714285714,16.0
09:38:42,3093.0,3093.78206428,7.09709051302,60.0,46.0,0,22.9456531297,-44.0,25.0,17.9047619048,-38.0
09:38:43,3093.0,3093.78162992,7.09134831944,60.0,10.0,0,22.9270880034,2.0,23.8095238095,16.9523809524,-40.0
09:38:43,3093.0,3093.78119581,7.0862532326,60.0,102.0,0,22.9106150424,-40.0,39.7727272727,42.0952380952,-90.0
09:38:44,3092.0,3093.78020653,7.08185701391,58.3333333333,8.0,0,22.9038066427,-2.0,42.2222222222,36.0,-88.0
09:38:44,3093.0,3093.7797732,7.07736567242,60.0,6.0,0,22.8818806092,0.0,46.0674157303,29.1428571429,-80.0
09:38:45,3093.0,3093.77934011,7.07286832608,60.0,0.0,0,22.8673402072,0.0,0,20.6666666667,-84.0
09:38:45,3092.0,3093.77835186,7.06845356513,58.3333333333,6.0,0,22.8604578433,-2.0,59.0909090909,14.1904761905,-42.0
09:38:46,3092.0,3093.77736417,7.06461251045,58.3333333333,6.0,0,22.8480352861,0.0,57.8125,9.61904761905,-44.0
09:38:46,3092.0,3093.77637702,7.06018570188,58.3333333333,12.0,0,22.8337183114,0.0,63.1578947368,6.95238095238,-4.0
09:38:47,3093.0,3093.77594581,7.05624545512,60.0,2.0,0,22.8135966864,0.0,62.5,5.71428571429,-2.0
09:38:47,3092.0,3093.77495945,7.0529303898,58.3333333333,20.0,0,22.8102535246,0.0,30.4347826087,9.90476190476,-2.0
09:38:48,3093.0,3093.77452904,7.04898048293,60.0,28.0,0,22.7901082539,-2.0,54.0540540541,15.7142857143,-4.0
09:38:48,3093.0,3093.77409886,7.04556858801,60.0,20.0,0,22.7790772325,-2.0,61.3636363636,17.9047619048,-4.0
09:38:49,3092.0,3093.77311353,7.04169679481,58.3333333333,2.0,0,22.7739223635,-2.0,64.2857142857,14.2857142857,-6.0
09:38:49,3092.0,3093.77212874,7.03836365115,58.3333333333,10.0,0,22.7631424681,0.0,53.6585365854,13.1428571429,-6.0
09:38:50,3093.0,3093.7716999,7.03493871006,60.0,12.0,0,22.7447096995,0.0,58.6956521739,12.6666666667,-6.0
09:38:50,3093.0,3093.77127129,7.03150963169,60.0,0.0,0,22.7336231222,0.0,0,8.28571428571,-6.0
09:38:51,3093.0,3093.77084293,7.02807640999,60.0,18.0,0,22.722523149,-12.0,58.064516129,10.0,-16.0
09:38:51,3093.0,3093.7704148,7.02463903888,60.0,0.0,0,22.7114097604,0.0,0,7.04761904762,-14.0
09:38:52,3092.0,3093.76943151,7.02073832774,58.3333333333,6.0,0,22.7061394817,-4.0,52.1739130435,6.7619047619,-16.0
09:38:52,3092.0,3093.76844877,7.01683227019,58.3333333333,8.0,0,22.6935066953,-8.0,59.0909090909,6.85714285714,-24.0
09:38:53,3093.0,3093.76802197,7.01338130177,60.0,8.0,0,22.6750122915,-6.0,40.0,7.04761904762,-30.0
09:38:53,3092.0,3093.76704001,7.00946515611,58.3333333333,618.0,0,22.6696803238,90.0,2.43161094225,181.714285714,60.0
09:38:54,3092.0,3093.76605859,7.00609165607,58.3333333333,14.0,0,22.6587699097,14.0,3.36391437309,154.380952381,86.0
09:38:54,3092.0,3093.76507772,7.00216525154,58.3333333333,2.0,0,22.646071318,0.0,3.65853658537,123.80952381,86.0
09:38:55,3092.0,3093.76409739,6.99764475368,58.3333333333,8.0,0,22.6314513379,2.0,3.95136778116,94.8571428571,92.0
09:38:55,3092.0,3093.76311761,6.99370704237,58.3333333333,6.0,0,22.6187161784,2.0,3.96341463415,65.2380952381,102.0
09:38:56,3092.0,3093.76213837,6.98917411867,58.3333333333,10.0,0,22.6040560112,4.0,4.25531914894,36.8571428571,112.0
09:38:56,3092.0,3093.76115968,6.98522505978,58.3333333333,2.0,0,22.5912841519,0.0,71.4285714286,6.09523809524,22.0
09:38:57,3092.0,3093.76018153,6.98127057288,58.3333333333,14.0,0,22.5784947376,8.0,71.4285714286,8.09523809524,16.0
09:38:57,3092.0,3093.75920392,6.97671921708,58.3333333333,44.0,0,22.5637749582,42.0,61.9047619048,18.6666666667,58.0
09:38:58,3092.0,3093.75822686,6.97216130451,58.3333333333,0.0,0,22.5490339732,0.0,0,14.6666666667,56.0
09:38:58,3092.0,3093.75725034,6.96759682232,58.3333333333,2.0,0,22.534271741,2.0,63.8888888889,11.619047619,56.0
09:38:59,3092.0,3093.75627436,6.96361895058,58.3333333333,64.0,0,22.5214066966,2.0,84.126984127,26.4761904762,54.0
09:38:59,3091.0,3093.75474352,6.95976033272,56.5217391304,22.0,0,22.5162094232,4.0,72.602739726,26.7619047619,58.0
09:39:00,3091.0,3093.75321353,6.95589598031,56.5217391304,10.0,0,22.5037074743,4.0,70.4225352113,22.6666666667,54.0
09:39:00,3091.0,3093.75168439,6.95202588379,56.5217391304,6.0,0,22.4911869421,6.0,73.0769230769,17.619047619,18.0
09:39:01,3092.0,3093.75071151,6.94802569324,58.3333333333,18.0,0,22.470975722,10.0,68.8524590164,17.8095238095,28.0
09:39:01,3092.0,3093.74973916,6.94401998703,58.3333333333,20.0,0,22.4580206566,12.0,72.8571428571,17.7142857143,38.0
09:39:02,3091.0,3093.74821195,6.93953648232,56.5217391304,10.0,0,22.4507812434,8.0,48.8372093023,13.9047619048,44.0
09:39:02,3092.0,3093.74724099,6.93492208805,58.3333333333,4.0,0,22.4285966625,2.0,61.7647058824,10.9523809524,42.0
09:39:03,3092.0,3093.74627057,6.92898540998,58.3333333333,14.0,0,22.4093965394,2.0,63.8888888889,11.7142857143,40.0
09:39:03,3091.0,3093.74474529,6.92384160989,56.5217391304,2.0,0,22.4000052083,2.0,67.6470588235,8.85714285714,36.0
09:39:04,3092.0,3093.74377625,6.91856591506,58.3333333333,2.0,0,22.3756983023,2.0,76.9230769231,6.19047619048,28.0
09:39:04,3092.0,3093.74280776,6.91328216502,58.3333333333,188.0,0,22.3586098481,180.0,94.5454545455,57.4285714286,196.0
09:39:05,3092.0,3093.7418398,6.9079903413,58.3333333333,154.0,0,22.3414952824,-146.0,98.3516483516,90.9523809524,42.0
09:39:05,3091.0,3093.74031698,6.902813682,56.5217391304,2.0,0,22.3319756778,2.0,98.3425414365,74.1904761905,42.0
09:39:06,3092.0,3093.73935041,6.89814754164,58.3333333333,34.0,0,22.3096621657,-2.0,98.9528795812,66.6666666667,38.0
09:39:06,3092.0,3093.73838437,6.89347461618,58.3333333333,22.0,0,22.2945492115,12.0,99.5024875622,54.7619047619,48.0
09:39:07,3092.0,3093.73741887,6.88879489183,58.3333333333,0.0,0,22.2794142685,0.0,0,35.619047619,46.0
09:39:07,3092.0,3093.7364539,6.88471185528,58.3333333333,4.0,0,22.266209105,2.0,98.1481481481,17.7142857143,-132.0
09:39:08,3092.0,3093.73548947,6.88001910505,58.3333333333,16.0,0,22.2510320344,2.0,94.8717948718,12.0,16.0
09:39:08,3092.0,3093.73452558,6.87531951558,58.3333333333,10.0,0,22.2358328447,-4.0,93.023255814,11.1428571429,10.0
09:39:09,3092.0,3093.73356222,6.87121835388,58.3333333333,10.0,0,22.2225690617,2.0,90.3225806452,9.90476190476,14.0
09:39:09,3092.0,3093.7325994,6.86711149562,58.3333333333,10.0,0,22.2092868552,8.0,84.0,9.80952380952,10.0
09:39:10,3091.0,3093.73108171,6.86368696587,56.5217391304,4.0,0,22.2053929663,2.0,81.4814814815,8.57142857143,12.0
09:39:10,3091.0,3093.72956486,6.86025747614,56.5217391304,0.0,0,22.1942978846,0.0,0,6.0,10.0
09:39:11,3091.0,3093.72804886,6.85682301898,56.5217391304,8.0,56.25,22.1831867324,6.0,76.1904761905,5.90476190476,14.0
09:39:11,3091.0,3093.7265337,6.85391027889,72.2222222222,12.0,0,22.1737634387,2.0,81.8181818182,7.33333333333,20.0
09:39:12,3092.0,3093.72557478,6.85034465655,73.6842105263,16.0,0,22.1550603381,12.0,84.0,9.80952380952,30.0
09:39:12,3092.0,3093.72461639,6.84677429231,73.6842105263,24.0,0,22.1435132352,24.0,90.625,14.2857142857,46.0
09:39:13,3091.0,3093.72310314,6.84332060917,72.2222222222,14.0,0,22.1395037501,-6.0,78.3783783784,15.2380952381,38.0
09:39:13,3092.0,3093.72214612,6.84026908629,73.6842105263,22.0,0,22.1224744059,10.0,70.8333333333,18.0,48.0
09:39:14,3092.0,3093.72118964,6.83721366227,73.6842105263,6.0,0,22.1125926982,6.0,72.3404255319,15.1428571429,48.0
09:39:14,3092.0,3093.72023369,6.83415433189,73.6842105263,0.0,0,22.1026983567,0.0,0,10.6666666667,46.0
09:39:15,3091.0,3093.71872287,6.83121204653,72.2222222222,14.0,0,22.1003301408,2.0,67.5,10.7619047619,36.0
09:39:15,3092.0,3093.71776829,6.82761468027,73.6842105263,4.0,0,22.0815481251,0.0,53.3333333333,8.09523809524,12.0
09:39:16,3092.0,3093.71681424,6.82454307587,73.6842105263,10.0,0,22.0716140876,6.0,67.8571428571,8.09523809524,24.0
09:39:16,3092.0,3093.71586072,6.82093658149,73.6842105263,0.0,0,22.0599501342,0.0,0,5.42857142857,14.0
09:39:17,3091.0,3093.71435233,6.81744575825,72.2222222222,2.0,0,22.0557934592,0.0,73.3333333333,4.38095238095,8.0
09:39:17,3092.0,3093.71340017,6.81382952821,73.6842105263,4.0,0,22.036964839,2.0,76.4705882353,4.09523809524,10.0
09:39:18,3092.0,3093.71244855,6.81074083075,73.6842105263,42.0,0,22.0269755199,6.0,25.8064516129,14.4761904762,14.0
09:39:18,3092.0,3093.71149745,6.80654178795,73.6842105263,2.0,0,22.0133951745,2.0,26.6666666667,12.0952380952,16.0
09:39:19,3092.0,3093.71054688,6.80291105082,73.6842105263,2.0,0,22.0016528164,2.0,19.2307692308,9.80952380952,12.0
09:39:19,3091.0,3093.70904144,6.79939534689,72.2222222222,20.0,0,21.9973967871,0.0,13.8888888889,13.0476190476,12.0
09:39:20,3092.0,3093.70809224,6.79628902008,73.6842105263,4.0,0,21.9802361581,4.0,18.9189189189,10.7619047619,16.0
09:39:20,3091.0,3093.70658816,6.79329834978,72.2222222222,18.0,0,21.9776717884,6.0,18.1818181818,12.380952381,20.0
09:39:21,3091.0,3093.70508492,6.79079755289,72.2222222222,0.0,0,21.9695812128,0.0,0,8.19047619048,14.0
09:39:21,3092.0,3093.70413791,6.78817389738,73.6842105263,2.0,0,21.9539906125,2.0,30.4347826087,6.57142857143,14.0
09:39:22,3091.0,3093.70263603,6.78566626549,72.2222222222,10.0,0,21.9529804772,2.0,33.3333333333,7.2380952381,14.0
09:39:22,3091.0,3093.70113498,6.78265999024,72.2222222222,0.0,0,21.9432545786,0.0,0,4.66666666667,14.0
09:39:23,3092.0,3093.70019017,6.78002601601,73.6842105263,6.0,0,21.9276391203,0.0,55.5555555555,4.7619047619,10.0
09:39:23,3091.0,3093.69869048,6.77750768474,72.2222222222,8.0,0,21.9265858452,2.0,76.9230769231,5.33333333333,6.0
09:39:24,3092.0,3093.69774703,6.77486708334,73.6842105263,14.0,0,21.9109543446,-14.0,85.0,8.09523809524,-8.0
09:39:24,3092.0,3093.6968041,6.77222321917,73.6842105263,12.0,0,21.9024036842,0.0,88.0,9.61904761905,-10.0
09:39:25,3092.0,3093.69586169,6.7695760884,73.6842105263,14.0,0,21.8938424593,10.0,92.5925925926,11.2380952381,-2.0
09:39:25,3092.0,3093.6949198,6.76692568721,73.6842105263,0.0,0,21.8852706572,0.0,0,8.66666666667,-2.0
09:39:26,3092.0,3093.69397844,6.76427201174,73.6842105263,2.0,0,21.8766882656,2.0,92.0,6.66666666667,0.0
09:39:26,3092.0,3093.69303761,6.76207196678,73.6842105263,0.0,0,21.8695729844,0.0,0,4.28571428571,-2.0
09:39:27,3092.0,3093.69209729,6.75941207082,73.6842105263,6.0,0,21.8609704749,6.0,94.1176470588,4.0,18.0
09:39:27,3092.0,3093.6911575,6.75674888948,73.6842105263,2.0,0,21.8523573399,0.0,91.6666666667,2.95238095238,18.0
09:39:28,3092.0,3093.69021823,6.75454030543,73.6842105263,4.0,0,21.8452144419,0.0,100.0,2.95238095238,8.0
09:39:28,3091.0,3093.68872408,6.75244683018,72.2222222222,146.0,0,21.8455089944,-52.0,33.75,44.0,-44.0
09:39:29,3091.0,3093.68723076,6.7503504653,72.2222222222,6.0,0,21.8387268369,0.0,32.9268292683,38.0952380952,-46.0
09:39:29,3091.0,3093.68573826,6.74866879877,72.2222222222,0.0,0,21.8332863111,0.0,0,30.2857142857,-46.0
09:39:30,3091.0,3093.6842466,6.74698478037,72.2222222222,2.0,0,21.8278381765,0.0,30.0,23.0476190476,-52.0
09:39:30,3091.0,3093.68275577,6.74567528925,72.2222222222,0.0,0,21.8236017122,0.0,0,15.4285714286,-52.0
09:39:31,3092.0,3093.68182116,6.74424672509,73.6842105263,22.0,0,21.8119234317,-8.0,27.2727272727,14.1904761905,-60.0
09:39:31,3092.0,3093.68088708,6.74281647362,73.6842105263,100.0,0,21.8072977801,96.0,83.0769230769,34.380952381,88.0
09:39:32,3092.0,3093.67995351,6.74172079706,73.6842105263,4.0,0,21.8037541949,4.0,85.9375,29.3333333333,92.0
09:39:32,3092.0,3093.67902046,6.73990969071,73.6842105263,22.0,0,21.7978968005,8.0,88.0,29.5238095238,100.0
09:39:33,3092.0,3093.67808793,6.73809644855,73.6842105263,4.0,0,21.7920324986,2.0,88.1578947368,23.5238095238,102.0
09:39:33,3092.0,3093.67715592,6.73628106888,73.6842105263,102.0,0,21.7861612836,-92.0,92.9133858268,45.4285714286,10.0
09:39:34,3092.0,3093.67622442,6.73404387523,73.6842105263,4.0,0,21.7789258578,-2.0,98.3050847458,34.4761904762,16.0
09:39:34,3092.0,3093.67529345,6.73222396435,73.6842105263,112.0,0,21.7730399882,-106.0,55.6451612903,55.2380952381,-186.0
09:39:35,3091.0,3093.67380759,6.73051824518,72.2222222222,20.0,0,21.774565659,-20.0,50.7575757576,49.1428571429,-210.0
09:39:35,3092.0,3093.67287795,6.72869394051,73.6842105263,54.0,0,21.7616233522,0.0,56.0810810811,52.0,-218.0
09:39:36,3092.0,3093.67194883,6.72686748934,73.6842105263,4.0,0,21.7557163303,-2.0,56.7567567568,39.0476190476,-222.0
09:39:36,3091.0,3093.67046483,6.72515489289,72.2222222222,4.0,0,21.7572141472,-4.0,34.3434343434,26.0952380952,-134.0
09:39:37,3091.0,3093.66898165,6.7230186856,72.2222222222,862.0,0,21.7503030916,294.0,6.25,262.952380952,162.0
09:39:37,3091.0,3093.66749929,6.72087954911,72.2222222222,152.0,0,21.7433825594,130.0,5.47445255474,256.095238095,398.0
09:39:38,3091.0,3093.66601776,6.71873748061,72.2222222222,16.0,0,21.7364525416,10.0,6.95970695971,208.476190476,428.0
09:39:38,3090.0,3093.66398165,6.71717144965,68.4210526316,2.0,0,21.7384189309,-2.0,2.11538461538,157.047619048,426.0
09:39:39,3091.0,3093.66250207,6.71544607396,72.2222222222,236.0,0,21.7258041862,-6.0,19.9685534591,174.952380952,422.0
09:39:39,3091.0,3093.66102331,6.71329567439,72.2222222222,40.0,0,21.7188472157,-2.0,19.2660550459,125.80952381,424.0
09:39:40,3091.0,3093.65954538,6.71156526701,72.2222222222,24.0,0,21.7132490036,-6.0,49.7872340426,70.380952381,124.0
09:39:40,3092.0,3093.65862366,6.70929426635,73.6842105263,6.0,0,21.6988818446,0.0,74.0740740741,49.7142857143,-6.0
09:39:41,3091.0,3093.65714706,6.70713545206,72.2222222222,12.0,0,21.6989176708,-12.0,70.0,37.7142857143,-28.0
09:39:41,3091.0,3093.65567128,6.70497368713,72.2222222222,18.0,0,21.6919239312,-2.0,66.6666666667,27.619047619,-28.0
09:39:42,3091.0,3093.65419632,6.7032330508,72.2222222222,8.0,0,21.6862926263,-4.0,-9.25925925926,13.9047619048,-26.0
09:39:42,3091.0,3093.65272217,6.70106567442,72.2222222222,4.0,0,21.6792807325,0.0,-13.8888888889,9.90476190476,-24.0
09:39:43,3091.0,3093.65124885,6.69842919098,72.2222222222,24.0,0,21.670751184,-12.0,25.0,13.3333333333,-30.0
09:39:43,3091.0,3093.64977634,6.69625558142,72.2222222222,24.0,0,21.6637191246,4.0,13.3333333333,16.7619047619,-26.0
09:39:44,3092.0,3093.64886005,6.69349803707,73.6842105263,4.0,0,21.6477944278,-2.0,17.0731707317,13.619047619,-16.0
09:39:44,3091.0,3093.64738887,6.69131830536,72.2222222222,30.0,0,21.6477460542,-26.0,14.8936170213,18.2857142857,-40.0
09:39:45,3091.0,3093.64591851,6.68866811651,72.2222222222,2.0,0,21.639172166,-2.0,13.6363636364,14.380952381,-38.0
09:39:45,3091.0,3093.64444896,6.68601428056,72.2222222222,10.0,0,21.6305864787,-4.0,12.7659574468,13.0476190476,-42.0
09:39:46,3091.0,3093.64298023,6.68382499692,72.2222222222,14.0,0,21.6235037105,-10.0,4.76190476191,12.5714285714,-40.0
09:39:46,3091.0,3093.64151232,6.68116421344,72.2222222222,20.0,0,21.6148955465,0.0,5.0,14.2857142857,-44.0
09:39:47,3092.0,3093.64060062,6.678855241,73.6842105263,20.0,0,21.60043739,-20.0,22.9166666667,16.1904761905,-62.0
09:39:47,3092.0,3093.63968943,6.67654351692,73.6842105263,4.0,0,21.5929609215,-2.0,34.2857142857,12.7619047619,-38.0
09:39:48,3091.0,3093.63822334,6.67434222495,72.2222222222,2.0,0,21.5928250565,0.0,34.2857142857,10.0,-36.0
09:39:48,3091.0,3093.63675807,6.67166811812,72.2222222222,94.0,0,21.5841737888,-10.0,24.6753246753,33.5238095238,-42.0
09:39:49,3091.0,3093.63529361,6.66899033578,72.2222222222,2.0,0,21.5755106302,0.0,25.352112676,26.7619047619,-32.0
09:39:49,3091.0,3093.63382996,6.6663088735,72.2222222222,14.0,0,21.5668355662,-12.0,26.4705882353,24.0,-44.0
09:39:50,3092.0,3093.63292253,6.66398195943,73.6842105263,12.0,0,21.552334927,0.0,14.0625,20.9523809524,-24.0
09:39:50,3091.0,3093.6314602,6.66176484143,72.2222222222,14.0,0,21.5521347183,0.0,11.5942028985,18.8571428571,-22.0
09:39:51,3091.0,3093.62999869,6.65954471435,72.2222222222,8.0,0,21.5449521655,-8.0,11.1111111111,14.5714285714,-30.0
09:39:51,3091.0,3093.62853798,6.65732157519,72.2222222222,4.0,0,21.537759868,0.0,3.70370370371,8.85714285714,-20.0
09:39:52,3091.0,3093.62707809,6.65462323627,72.2222222222,80.0,0,21.5290302047,-60.0,1.51515151515,29.1428571429,-80.0
09:39:52,3091.0,3093.62561901,6.65192119283,72.2222222222,10.0,0,21.5202885565,0.0,1.5625,25.7142857143,-68.0
09:39:53,3092.0,3093.62471614,6.64910350868,73.6842105263,6.0,0,21.5042157461,-6.0,1.63934426229,21.3333333333,-74.0
09:39:53,3092.0,3093.62381377,6.6462823545,73.6842105263,2.0,0,21.4950917028,-2.0,3.63636363636,16.0952380952,-76.0
09:39:54,3092.0,3093.6229119,6.64294222497,73.6842105263,2.0,0,21.484289214,-2.0,5.76923076923,11.4285714286,-70.0
09:39:54,3092.0,3093.62201053,6.64011373522,73.6842105263,14.0,0,21.4751414464,-2.0,15.7894736842,10.4761904762,-72.0
09:39:55,3091.0,3093.62055426,6.63687690921,72.2222222222,2.0,0,21.4716173058,0.0,50.0,5.61904761905,-12.0
09:39:55,3091.0,3093.6190988,6.6341522852,72.2222222222,80.0,0,21.462802605,40.0,16.9811320755,26.7619047619,28.0
09:39:56,3092.0,3093.61819955,6.63079557239,73.6842105263,24.0,0,21.4450050854,0.0,30.6451612903,28.5714285714,34.0
09:39:56,3092.0,3093.6173008,6.62795212004,73.6842105263,50.0,0,21.4358089264,0.0,44.1860465116,36.9523809524,36.0
09:39:57,3092.0,3093.61640255,6.62458719888,73.6842105263,6.0,0,21.4249262577,-4.0,45.4545454546,30.4761904762,34.0
09:39:57,3092.0,3093.6155048,6.62121794561,73.6842105263,6.0,0,21.4140295783,-6.0,41.6666666667,23.8095238095,30.0
09:39:58,3091.0,3093.61405215,6.61795508843,72.2222222222,2.0,0,21.4104014508,0.0,41.6666666667,16.380952381,30.0
09:39:58,3091.0,3093.6126003,6.61520692453,72.2222222222,204.0,0,21.4015105937,-182.0,23.9726027397,66.6666666667,-192.0
09:39:59,3091.0,3093.61114926,6.61245499296,72.2222222222,104.0,0,21.3926075476,4.0,12.9032258065,82.4761904762,-188.0
09:39:59,3091.0,3093.60969902,6.60969928903,72.2222222222,4.0,0,21.3836922971,2.0,2.45398773006,65.9047619048,-186.0
09:40:00,3091.0,3093.60824959,6.606939808,72.2222222222,30.0,0,21.3747648269,16.0,0.571428571428,58.9523809524,-166.0
09:40:00,3092.0,3093.60735637,6.6040664556,73.6842105263,34.0,0,21.3585590414,6.0,2.6455026455,52.0,-154.0
09:40:01,3091.0,3093.60590824,6.60129953536,72.2222222222,76.0,53.3333333333,21.3565174227,-28.0,14.6017699115,55.7142857143,-182.0
09:40:01,3091.0,3093.60446091,6.59852882383,58.3333333333,52.0,0,21.3475536196,18.0,38.6666666667,49.0476190476,18.0
09:40:02,3092.0,3093.60356979,6.59512256646,61.5384615385,30.0,0,21.3296331386,6.0,53.0973451327,43.3333333333,20.0
09:40:02,3092.0,3093.60267917,6.59223439518,61.5384615385,114.0,0,21.3202923518,-30.0,66.6666666666,65.1428571429,-12.0
09:40:03,3091.0,3093.60123364,6.58892926725,58.3333333333,6.0,0,21.3164971441,6.0,72.4358974359,50.8571428571,-22.0
09:40:03,3091.0,3093.59978891,6.58561948116,58.3333333333,14.0,0,21.3057893276,4.0,73.9726027397,40.0,-24.0
09:40:04,3091.0,3093.59834498,6.58230502986,58.3333333333,20.0,0,21.2950664182,-2.0,68.6440677966,31.8095238095,2.0
09:40:04,3092.0,3093.59745726,6.57887682612,61.5384615385,10.0,0,21.2770919344,2.0,61.8556701031,23.4285714286,-14.0
09:40:05,3091.0,3093.59601463,6.57607783495,58.3333333333,8.0,0,21.2749202037,0.0,67.4418604651,16.4761904762,-20.0
09:40:05,3092.0,3093.5951282,6.57264110035,61.5384615385,130.0,0,21.2569246454,82.0,54.2553191489,45.4285714286,92.0
09:40:06,3092.0,3093.59424226,6.56919992498,61.5384615385,504.0,0,21.2457953589,-360.0,87.4635568513,180.476190476,-274.0
09:40:06,3092.0,3093.59335682,6.56628028098,61.5384615385,242.0,0,21.2363527845,-200.0,92.1225382932,216.952380952,-478.0
09:40:07,3092.0,3093.59247187,6.56283065598,61.5384615385,14.0,0,21.2251961707,-12.0,92.731277533,177.428571429,-488.0
09:40:07,3092.0,3093.59158741,6.55990340164,61.5384615385,0.0,0,21.2157289833,0.0,0,134.19047619,-490.0
09:40:08,3093.0,3093.59125884,6.55637941504,64.2857142857,8.0,0,21.1974762853,-4.0,93.5412026726,93.7142857143,-494.0
09:40:08,3092.0,3093.59037505,6.55291698312,61.5384615385,18.0,0,21.1931338393,-2.0,95.6743002545,56.0952380952,-578.0
09:40:09,3093.0,3093.59004716,6.54938445416,64.2857142857,4.0,0,21.1748608282,-2.0,89.5104895105,19.8095238095,-220.0
09:40:09,3093.0,3093.58971944,6.54584770845,64.2857142857,22.0,0,21.1634261508,-8.0,39.3939393939,12.4761904762,-28.0
09:40:10,3093.0,3093.58939191,6.54283577074,64.2857142857,0.0,0,21.1536882339,0.0,0,9.33333333333,-16.0
09:40:10,3093.0,3093.58906456,6.53929102299,64.2857142857,32.0,0,21.1422276851,4.0,38.0952380952,16.0,-12.0
09:40:11,3092.0,3093.58818199,6.53633703038,61.5384615385,450.0,0,21.1395117412,186.0,4.94296577947,140.571428571,178.0
09:40:11,3092.0,3093.58729992,6.53284909392,61.5384615385,6.0,0,21.1282312223,6.0,5.83657587549,117.238095238,186.0
09:40:12,3092.0,3093.58641833,6.52988738961,61.5384615385,32.0,0,21.1186526184,32.0,10.7011070111,101.904761905,220.0
09:40:12,3092.0,3093.58553723,6.5263908633,61.5384615385,4.0,0,21.1073443186,0.0,9.54198473282,77.2380952381,228.0
09:40:13,3092.0,3093.58465662,6.52288980116,61.5384615385,10.0,0,21.0960213491,10.0,11.2359550562,55.1428571429,238.0
09:40:13,3092.0,3093.5837765,6.51938419586,61.5384615385,2.0,0,21.0846836865,2.0,10.7142857143,30.2857142857,236.0
09:40:14,3092.0,3093.58289687,6.51640659114,61.5384615385,10.0,0,21.0750536583,0.0,100.0,9.14285714286,50.0
09:40:14,3092.0,3093.58201773,6.51289234263,61.5384615385,22.0,0,21.0636880421,22.0,100.0,12.380952381,66.0
09:40:15,3092.0,3093.58113907,6.50990695634,61.5384615385,4.0,0,21.0540328472,4.0,100.0,9.71428571429,38.0
09:40:15,3092.0,3093.5802609,6.50691787615,61.5384615385,52.0,0,21.0443657055,52.0,100.0,22.0952380952,90.0
09:40:16,3092.0,3093.57938323,6.50339084751,61.5384615385,6.0,0,21.0329587565,6.0,100.0,19.0476190476,86.0
09:40:16,3092.0,3093.57850603,6.49985923399,61.5384615385,4.0,0,21.0215369793,4.0,100.0,15.619047619,88.0
09:40:17,3092.0,3093.57762933,6.49632302813,61.5384615385,2.0,0,21.0101003497,0.0,100.0,11.5238095238,88.0
09:40:17,3091.0,3093.57619771,6.49288826879,58.3333333333,22.0,0,21.0057854053,-18.0,77.7777777778,13.5238095238,48.0
09:40:18,3092.0,3093.57532229,6.48934273527,61.5384615385,8.0,0,20.987525017,2.0,78.7234042553,11.5238095238,46.0
09:40:18,3092.0,3093.57444735,6.48579258675,61.5384615385,6.0,0,20.9760432948,4.0,58.3333333333,8.7619047619,-2.0
09:40:19,3091.0,3093.5730175,6.48234348699,58.3333333333,34.0,0,20.9716709382,30.0,71.0526315789,16.1904761905,22.0
09:40:19,3092.0,3093.57214385,6.47820347729,61.5384615385,2.0,0,20.9514989563,2.0,70.2702702703,13.1428571429,20.0
09:40:20,3092.0,3093.57127067,6.47463881923,61.5384615385,2.0,0,20.939970308,2.0,70.2702702703,10.1904761905,22.0
09:40:20,3092.0,3093.57039799,6.47106951466,61.5384615385,0.0,0,20.9284266322,0.0,0,6.66666666667,40.0
09:40:21,3092.0,3093.56952579,6.46691350593,61.5384615385,30.0,0,20.9149854655,20.0,97.2972972973,12.7619047619,58.0
09:40:21,3092.0,3093.56865407,6.46275176815,61.5384615385,4.0,0,20.9015257702,0.0,94.4444444444,10.380952381,54.0
09:40:22,3092.0,3093.56778284,6.45858429023,61.5384615385,2.0,0,20.8880475104,2.0,95.0,7.52380952381,26.0
09:40:22,3092.0,3093.56691209,6.45441106105,61.5384615385,8.0,0,20.8745506502,8.0,91.3043478261,7.90476190476,32.0
09:40:23,3091.0,3093.56548642,6.45033674592,58.3333333333,106.0,0,20.8681227626,82.0,28.0,36.0,112.0
09:40:23,3092.0,3093.56461695,6.44615185715,61.5384615385,2.0,0,20.847839124,0.0,28.9473684211,29.4285714286,112.0
09:40:24,3092.0,3093.56374796,6.44254664944,61.5384615385,2.0,0,20.836179332,2.0,12.9032258065,22.7619047619,94.0
09:40:24,3092.0,3093.56287945,6.43835075285,61.5384615385,10.0,0,20.8226091619,10.0,18.4615384615,19.7142857143,104.0
09:40:25,3092.0,3093.56201143,6.43414904995,61.5384615385,2.0,0,20.8090202133,0.0,18.4615384615,14.0952380952,102.0
09:40:25,3092.0,3093.56114388,6.43052865365,61.5384615385,244.0,0,20.797311299,2.0,33.8797814208,77.619047619,96.0
09:40:26,3091.0,3093.55972142,6.42641980638,58.3333333333,208.0,0,20.7907467045,202.0,26.4957264957,119.619047619,216.0
09:40:26,3091.0,3093.55829975,6.42230485818,58.3333333333,56.0,0,20.7774340284,10.0,25.2873563218,113.333333333,226.0
09:40:27,3091.0,3093.55687887,6.41818379732,58.3333333333,0.0,0,20.7641015766,0.0,0,88.4761904762,224.0
09:40:27,3091.0,3093.55545877,6.41405661202,58.3333333333,4.0,0,20.750749311,0.0,23.3463035019,64.8571428571,214.0
09:40:28,3092.0,3093.55459487,6.40981991619,61.5384615385,6.0,0,20.7303360808,6.0,23.9382239382,42.0952380952,220.0
09:40:28,3092.0,3093.55373144,6.40557733445,61.5384615385,20.0,0,20.7166149238,2.0,12.925170068,23.1428571429,220.0
09:40:29,3092.0,3093.5528685,6.4013288551,61.5384615385,22.0,0,20.7028746931,2.0,53.7037037037,15.4285714286,20.0
09:40:29,3092.0,3093.55200604,6.39707446638,61.5384615385,2.0,0,20.6891153505,2.0,92.5925925926,10.8571428571,12.0
09:40:30,3092.0,3093.55114405,6.3928141565,61.5384615385,30.0,0,20.675336858,18.0,95.2380952381,16.8571428571,30.0
09:40:30,3091.0,3093.54972714,6.38865066585,58.3333333333,28.0,0,20.6685560202,6.0,75.9259259259,20.8571428571,36.0
09:40:31,3091.0,3093.54831102,6.38448096733,58.3333333333,102.0,0,20.6550662159,42.0,57.8431372549,44.8571428571,72.0
09:40:31,3091.0,3093.54689568,6.38089913456,58.3333333333,18.0,0,20.6434782742,0.0,48.5148514852,40.2857142857,70.0
09:40:32,3092.0,3093.54603654,6.37661523958,61.5384615385,30.0,0,20.6229470879,12.0,40.9523809524,39.2380952381,80.0
09:40:32,3092.0,3093.54517786,6.37232536485,61.5384615385,44.0,0,20.6090729782,14.0,34.9206349206,41.8095238095,92.0
09:40:33,3092.0,3093.54431967,6.36862529864,61.5384615385,28.0,0,20.5971063992,18.0,32.0,37.8095238095,92.0
09:40:33,3092.0,3093.54346195,6.36432402484,61.5384615385,22.0,0,20.5831954232,2.0,40.9836065574,32.1904761905,88.0
09:40:34,3091.0,3093.54204931,6.36011857856,58.3333333333,10.0,0,20.576249041,-4.0,40.7894736842,23.4285714286,42.0
09:40:34,3091.0,3093.54063745,6.35650437265,58.3333333333,0.0,0,20.5645563657,0.0,0,16.1904761905,42.0
09:40:35,3092.0,3093.53978178,6.35278343171,61.5384615385,36.0,0,20.5458713833,2.0,60.0,20.0952380952,32.0
09:40:35,3092.0,3093.53892659,6.34905757564,61.5384615385,22.0,0,20.533821396,4.0,83.0508474576,19.7142857143,22.0
09:40:36,3092.0,3093.53807186,6.34472766443,61.5384615385,0.0,0,20.5198178022,0.0,0,14.0952380952,4.0
09:40:36,3091.0,3093.53666222,6.34049287696,58.3333333333,92.0,0,20.5127559915,70.0,33.75,36.0952380952,72.0
09:40:37,3092.0,3093.53580875,6.33615068306,61.5384615385,18.0,0,20.4920785351,18.0,40.4761904762,33.619047619,94.0
09:40:37,3092.0,3093.53495576,6.33180239172,61.5384615385,24.0,0,20.4780154972,22.0,46.875,32.4761904762,116.0
09:40:38,3092.0,3093.53410324,6.3280495503,61.5384615385,16.0,0,20.4658782351,-2.0,34.8837209302,27.9047619048,112.0
09:40:38,3091.0,3093.5326958,6.3243924219,58.3333333333,22.0,0,20.4606678159,-6.0,24.4186046512,26.0,102.0
09:40:39,3091.0,3093.53128914,6.3201274051,58.3333333333,0.0,0,20.446869638,0.0,0,17.8095238095,102.0
09:40:39,3091.0,3093.52988326,6.31585597749,58.3333333333,4.0,0,20.4330507198,2.0,50.0,10.7619047619,34.0
09:40:40,3092.0,3093.52903356,6.31147786004,61.5384615385,4.0,0,20.4122828591,0.0,37.1428571429,7.90476190476,16.0
09:40:40,3092.0,3093.52818433,6.30709357161,61.5384615385,0.0,0,20.3981034011,0.0,0,4.57142857143,-6.0
09:40:41,3092.0,3093.52733558,6.30270309931,61.5384615385,8.0,0,20.3839039434,4.0,21.0526315789,4.66666666667,0.0
09:40:41,3091.0,3093.52593189,6.29840631788,58.3333333333,16.0,0,20.3765975991,6.0,25.0,7.42857142857,12.0
09:40:42,3091.0,3093.52452898,6.29410306027,58.3333333333,378.0,0,20.3626757045,224.0,1.9512195122,113.904761905,236.0
09:40:42,3091.0,3093.52312686,6.28979331321,58.3333333333,12.0,0,20.3487328153,12.0,4.78468899522,97.8095238095,246.0
09:40:43,3091.0,3093.52172551,6.28547706332,58.3333333333,4.0,0,20.3347688881,2.0,5.26315789474,79.0476190476,248.0
09:40:43,3091.0,3093.52032494,6.28115429723,58.3333333333,8.0,0,20.3207838797,2.0,5.6338028169,61.4285714286,250.0
09:40:44,3091.0,3093.51892515,6.27743385857,58.3333333333,2.0,0,20.3087475205,2.0,4.7619047619,41.7142857143,248.0
09:40:44,3091.0,3093.51752613,6.27309864952,58.3333333333,2.0,0,20.2947222566,0.0,5.41871921182,22.2857142857,242.0
09:40:45,3091.0,3093.5161279,6.2687568852,58.3333333333,10.0,0,20.2806757852,-2.0,78.9473684211,5.80952380952,16.0
09:40:45,3091.0,3093.51473044,6.26440855198,58.3333333333,4.0,0,20.2666080621,4.0,73.3333333333,5.14285714286,8.0
09:40:46,3090.0,3093.51277835,6.26019662059,53.8461538462,44.0,0,20.259535989,4.0,85.7142857143,16.2857142857,10.0
09:40:46,3090.0,3093.51082735,6.25597785727,53.8461538462,10.0,0,20.2458830332,2.0,88.8888888889,15.8095238095,10.0
09:40:47,3091.0,3093.50943283,6.25160951498,58.3333333333,90.0,0,20.2252006308,78.0,91.25,38.0952380952,86.0
09:40:47,3091.0,3093.50803909,6.24723454868,58.3333333333,10.0,0,20.2110467443,2.0,88.0952380952,33.3333333333,88.0
09:40:48,3091.0,3093.50664612,6.24346680761,58.3333333333,6.0,0,20.1988573524,6.0,89.0243902439,27.0476190476,96.0
09:40:48,3091.0,3093.50525393,6.23969362575,58.3333333333,24.0,0,20.1866503583,-2.0,88.0434782609,26.0952380952,90.0
09:40:49,3091.0,3093.50386251,6.23529999056,58.3333333333,4.0,0,20.1724360743,4.0,86.1111111111,18.4761904762,90.0
09:40:49,3091.0,3093.50247186,6.23089967841,58.3333333333,2.0,0,20.158200189,2.0,88.2352941176,12.1904761905,90.0
09:40:50,3090.0,3093.50052658,6.22663474494,53.8461538462,52.0,0,20.1509215047,-26.0,36.7346938775,20.5714285714,-14.0
09:40:50,3091.0,3093.49913778,6.22222092634,58.3333333333,4.0,0,20.1301226993,4.0,39.1304347826,17.0476190476,-12.0
09:40:51,3091.0,3093.49774976,6.21780038813,58.3333333333,2.0,54.5454545455,20.1158213786,0.0,36.3636363636,13.2380952381,-18.0
09:40:51,3091.0,3093.49636251,6.21399135663,58.3333333333,8.0,0,20.1034984038,4.0,27.7777777778,11.3333333333,-12.0
09:40:52,3090.0,3093.49442062,6.20969960109,53.8461538462,10.0,0,20.0961152139,2.0,25.641025641,10.7619047619,-14.0
09:40:52,3091.0,3093.49303522,6.20525936203,58.3333333333,10.0,0,20.0752486639,0.0,32.5581395349,9.90476190476,-16.0
09:40:53,3091.0,3093.49165058,6.20081234722,58.3333333333,0.0,0,20.0608616862,0.0,0,5.80952380952,10.0
09:40:53,3090.0,3093.48971132,6.19649980848,53.8461538462,2.0,0,20.0533974385,-2.0,75.0,4.7619047619,4.0
09:40:54,3091.0,3093.48832853,6.19266053037,58.3333333333,14.0,0,20.0344889368,8.0,72.7272727273,7.2380952381,12.0
09:40:54,3090.0,3093.48639111,6.18895670594,53.8461538462,16.0,0,20.0289861034,-8.0,50.0,9.71428571429,0.0
09:40:55,3090.0,3093.48445476,6.18462444716,53.8461538462,8.0,0,20.0149658484,0.0,44.0,9.52380952381,-2.0
09:40:55,3090.0,3093.48251949,6.18090837944,53.8461538462,0.0,0,20.0029397393,0.0,0,7.14285714286,-2.0
09:40:56,3090.0,3093.48058529,6.17718646626,53.8461538462,22.0,0,19.9908947128,-6.0,19.3548387097,11.5238095238,-8.0
09:40:56,3090.0,3093.47865217,6.17283424683,53.8461538462,110.0,0,19.9768098603,14.0,7.05882352941,40.0,8.0
09:40:57,3090.0,3093.47672012,6.16847490381,53.8461538462,6.0,0,19.9627019541,4.0,3.7037037037,33.619047619,4.0
09:40:57,3090.0,3093.47478915,6.16410842206,53.8461538462,16.0,0,19.9485709452,-14.0,2.46913580247,30.4761904762,-2.0
09:40:58,3090.0,3093.47285925,6.15973478641,53.8461538462,90.0,0,19.9344167845,0.0,1.6393442623,48.4761904762,-2.0
09:40:58,3090.0,3093.47093042,6.15535398161,53.8461538462,0.0,0,19.9202394227,0.0,0,36.8571428571,-2.0
09:40:59,3090.0,3093.46900266,6.15096599234,53.8461538462,0.0,0,19.9060388102,0.0,0,25.2380952381,4.0
09:40:59,3090.0,3093.46707597,6.14657080321,53.8461538462,18.0,0,19.8918148971,-10.0,3.07692307692,19.8095238095,-20.0
09:41:00,3090.0,3093.46515035,6.14279754903,53.8461538462,22.0,0,19.8796037186,-10.0,1.3698630137,19.9047619048,-34.0
09:41:00,3090.0,3093.4632258,6.13901834328,53.8461538462,260.0,0,19.8673732792,10.0,0.51282051282,87.2380952381,-10.0
09:41:01,3090.0,3093.46130232,6.13523317496,53.8461538462,984.0,0,19.8551235436,416.0,0.623052959484,349.80952381,406.0
09:41:01,3089.0,3093.45882451,6.13099562308,50.0,100.0,0,19.8478330304,-8.0,0.433526011544,317.238095238,398.0
09:41:02,3089.0,3093.45634807,6.12675059387,50.0,48.0,0,19.8340906244,-24.0,0.558659217862,265.047619048,374.0
09:41:02,3089.0,3093.45387301,6.12249807178,50.0,74.0,0,19.8203239617,-64.0,0.537634408588,218.0,320.0
09:41:03,3089.0,3093.45139932,6.11823804117,50.0,108.0,0,19.8065329918,-96.0,0.762388818285,178.0,234.0
09:41:03,3089.0,3093.44892701,6.11397048636,50.0,8.0,0,19.7927176638,0.0,1.05900151284,105.333333333,224.0
09:41:04,3089.0,3093.44645607,6.10969539157,50.0,154.0,0,19.7788779267,-44.0,5.69105691058,86.380952381,-236.0
09:41:04,3089.0,3093.4439865,6.10541274097,50.0,36.0,0,19.7650137293,28.0,14.0186915888,73.2380952381,-200.0
09:41:05,3089.0,3093.44151831,6.10175824058,50.0,20.0,0,19.7531830385,2.0,17.0,58.5714285714,-174.0
09:41:05,3089.0,3093.43905148,6.09809745047,50.0,66.0,0,19.741331986,-6.0,17.3469387755,58.380952381,-116.0
09:41:06,3089.0,3093.43658603,6.0944303593,50.0,4.0,0,19.7294605351,-2.0,21.5277777778,40.8571428571,-22.0
09:41:06,3089.0,3093.43412194,6.09011940121,50.0,16.0,0,19.715504698,-12.0,20.2702702703,31.7142857143,-34.0
09:41:07,3089.0,3093.43165922,6.08580081236,50.0,16.0,0,19.7015241579,-14.0,25.3164556962,22.1904761905,-4.0
09:41:07,3090.0,3093.42975328,6.08129138104,53.8461538462,4.0,0,19.6805546312,0.0,9.52380952381,15.8095238095,-32.0
09:41:08,3089.0,3093.42729299,6.07695759243,50.0,816.0,0,19.6728960584,472.0,1.08459869848,242.952380952,438.0
09:41:08,3089.0,3093.42483406,6.0732564688,50.0,74.0,0,19.6609144344,56.0,1.93548387097,220.19047619,500.0
09:41:09,3089.0,3093.4223765,6.06890800452,50.0,128.0,0,19.6468371788,28.0,1.70777988615,212.476190476,530.0
09:41:09,3089.0,3093.41992031,6.06519349609,50.0,618.0,0,19.6348122243,-290.0,1.08695652174,338.857142857,252.0
09:41:10,3089.0,3093.41746548,6.06147258699,50.0,332.0,0,19.622766549,250.0,0.912778904664,354.857142857,516.0
09:41:10,3089.0,3093.41501201,6.05710235087,50.0,390.0,0,19.6086188115,-94.0,0.678541136555,372.380952381,422.0
09:41:11,3088.0,3093.41200451,6.05359626178,46.6666666667,102.0,0,19.6036148374,8.0,3.40632603406,289.238095238,-42.0
09:41:11,3089.0,3093.40955408,6.04985536379,50.0,618.0,0,19.5851581865,-18.0,8.3180987203,387.523809524,-116.0
09:41:12,3089.0,3093.407105,6.04610801632,50.0,58.0,0,19.5730269224,40.0,9.06515580737,299.904761905,-104.0
09:41:12,3089.0,3093.40465729,6.04170870994,50.0,70.0,0,19.5587850759,-58.0,16.6878980892,219.047619048,128.0
09:41:13,3089.0,3093.40221094,6.03730158404,50.0,52.0,0,19.5445179153,34.0,21.2403100775,159.142857143,-88.0
09:41:13,3089.0,3093.39976595,6.03288662148,50.0,26.0,0,19.5302253852,2.0,29.8056155508,105.142857143,8.0
09:41:14,3089.0,3093.39732231,6.02911145,50.0,10.0,0,19.5180040466,4.0,28.0575539568,63.9047619048,4.0
09:41:14,3088.0,3093.39432463,6.02490917405,46.6666666667,70.0,0,19.5107162372,46.0,35.6643356643,44.1904761905,68.0
09:41:15,3089.0,3093.39188402,6.02047124376,50.0,118.0,0,19.4900331621,-60.0,39.8843930636,64.2857142857,-32.0
09:41:15,3088.0,3093.38888936,6.01690263208,46.6666666667,36.0,0,19.4847883163,12.0,21.7948717949,58.0952380952,38.0
09:41:16,3088.0,3093.38589636,6.01267693716,46.6666666667,30.0,0,19.4711040711,8.0,20.6896551724,51.8095238095,12.0
09:41:16,3088.0,3093.38290503,6.0090941818,46.6666666667,38.0,0,19.4595018841,26.0,19.2052980132,48.8571428571,36.0
09:41:17,3088.0,3093.37991536,6.00550465083,46.6666666667,20.0,0,19.4478777553,10.0,19.8717948718,40.1904761905,42.0
09:41:17,3088.0,3093.37692735,6.00190833207,46.6666666667,16.0,0,19.4362316453,14.0,23.2558139535,29.9047619048,10.0
09:41:18,3089.0,3093.37449639,5.99742527061,50.0,32.0,0,19.4154265802,12.0,16.2790697674,26.7619047619,82.0
09:41:18,3088.0,3093.37151139,5.99381480964,46.6666666667,78.0,0,19.4100220519,18.0,13.0841121495,40.8571428571,88.0
09:41:19,3088.0,3093.36852805,5.99019752245,46.6666666667,52.0,0,19.398308039,4.0,16.1016949153,45.5238095238,84.0
09:41:19,3088.0,3093.36554636,5.98657339669,46.6666666667,14.0,0,19.3865718805,2.0,18.8679245283,38.2857142857,60.0
09:41:20,3088.0,3093.36256633,5.98294241991,46.6666666667,218.0,0,19.374813536,10.0,56.5853658537,90.4761904762,60.0
09:41:20,3088.0,3093.35958795,5.97930457965,46.6666666667,70.0,0,19.3630329652,28.0,54.7413793104,90.9523809524,74.0
09:41:21,3089.0,3093.35716663,5.97543349711,50.0,388.0,0,19.3442327521,154.0,43.9024390244,179.714285714,216.0
09:41:21,3089.0,3093.35474666,5.97216669225,50.0,144.0,0,19.3336571455,-84.0,40.8577878104,181.80952381,114.0
09:41:22,3089.0,3093.35232802,5.96889436352,50.0,26.0,0,19.3230636566,20.0,43.488372093,147.047619048,130.0
09:41:22,3088.0,3093.34935533,5.96584258095,46.6666666667,112.0,0,19.3194384098,32.0,38.8308977036,138.095238095,160.0
09:41:23,3089.0,3093.3469397,5.96255908168,50.0,12.0,0,19.3025544891,4.0,23.670212766,95.9047619048,154.0
09:41:23,3088.0,3093.34397,5.95949589798,46.6666666667,56.0,0,19.29888568,-42.0,21.6802168022,76.0952380952,84.0
09:41:24,3088.0,3093.34100195,5.95642694185,46.6666666667,44.0,0,19.2889473505,-36.0,10.152284264,53.5238095238,-106.0
09:41:24,3088.0,3093.33803555,5.95335220436,46.6666666667,66.0,0,19.2789902991,-4.0,12.6582278481,53.619047619,-26.0
09:41:25,3088.0,3093.3350708,5.95027167654,46.6666666667,16.0,0,19.2690144966,-12.0,5.22875816993,43.1428571429,-58.0
09:41:25,3088.0,3093.3321077,5.94718534941,46.6666666667,116.0,0,19.2590199139,-24.0,10.9677419355,61.7142857143,-114.0
09:41:26,3088.0,3093.32914624,5.94409321392,46.6666666667,24.0,0,19.2490065218,-20.0,8.07453416149,53.8095238095,-138.0
09:41:26,3088.0,3093.32618642,5.94099526101,46.6666666667,10.0,0,19.2389742908,4.0,8.69565217391,41.3333333333,-92.0
09:41:27,3088.0,3093.32322825,5.93789148157,46.6666666667,48.0,0,19.2289231916,26.0,9.28571428571,41.9047619048,-30.0
09:41:27,3089.0,3093.32082712,5.93455693142,50.0,110.0,0,19.2119033066,84.0,38.2716049383,60.0,58.0
09:41:28,3089.0,3093.31842733,5.9312167469,50.0,12.0,0,19.2010901486,10.0,38.75,48.0,80.0
09:41:28,3089.0,3093.31602887,5.92725216351,50.0,652.0,0,19.1882556281,336.0,88.3177570094,219.047619048,440.0
09:41:29,3089.0,3093.31363174,5.92390011018,50.0,20.0,0,19.1774040472,16.0,89.4366197183,184.0,476.0
09:41:29,3089.0,3093.31123595,5.9211153789,50.0,32.0,0,19.1683890544,6.0,86.9565217391,152.571428571,478.0
09:41:30,3089.0,3093.30884148,5.91775253468,50.0,208.0,0,19.1575025402,138.0,73.3075435203,170.380952381,590.0
09:41:30,3089.0,3093.30644835,5.91495802141,50.0,194.0,0,19.1484558803,-90.0,74.7763864043,176.571428571,416.0
09:41:31,3089.0,3093.30405654,5.91158435214,50.0,12.0,0,19.1375343222,-8.0,74.5974955277,126.761904762,398.0
09:41:31,3090.0,3093.30222146,5.90860285129,53.8461538462,8.0,0,19.1216920754,2.0,39.6624472574,75.8095238095,64.0
09:41:32,3089.0,3093.299832,5.90579397449,50.0,18.0,0,19.1187891696,0.0,39.406779661,58.380952381,48.0
09:41:32,3089.0,3093.29744387,5.90298041482,50.0,110.0,0,19.1096808508,0.0,34.1818181818,67.3333333333,42.0
09:41:33,3089.0,3093.29505706,5.90016216559,50.0,4.0,0,19.1005573506,-2.0,54.3352601156,42.2857142857,-98.0
09:41:33,3090.0,3093.29322698,5.89658553636,53.8461538462,4.0,0,19.0828010886,2.0,7.69230769231,26.9523809524,-6.0
09:41:34,3090.0,3093.29139792,5.89358093345,53.8461538462,30.0,0,19.0730774545,0.0,12.6436781609,28.0952380952,2.0
09:41:34,3089.0,3093.28901447,5.8907483372,50.0,6.0,0,19.070082024,0.0,11.6279069767,21.5238095238,0.0
09:41:35,3089.0,3093.28663235,5.88791102337,50.0,6.0,0,19.060896806,-6.0,9.99999999999,15.0476190476,-6.0
09:41:35,3089.0,3093.28425155,5.88506898514,50.0,8.0,0,19.0516962938,0.0,24.1379310345,9.71428571429,-6.0
09:41:36,3089.0,3093.28187207,5.88222221566,50.0,110.0,0,19.0424804651,94.0,69.512195122,38.380952381,90.0
09:41:36,3089.0,3093.27949391,5.87937070806,50.0,2.0,0,19.0332492977,-2.0,69.1358024691,31.1428571429,86.0
09:41:37,3089.0,3093.27711708,5.87651445545,50.0,2.0,0,19.0240027693,0.0,76.1194029851,24.0,86.0
09:41:37,3089.0,3093.27474156,5.87307247077,50.0,6.0,0,19.0128600543,-4.0,74.6268656716,19.3333333333,82.0
09:41:38,3089.0,3093.27236736,5.86962466858,50.0,44.0,0,19.0016985062,-42.0,58.1395348837,25.5238095238,46.0
09:41:38,3089.0,3093.26999449,5.86675314935,50.0,24.0,0,18.9924025554,-6.0,57.4468085106,24.1904761905,40.0
09:41:39,3090.0,3093.26817833,5.86370148129,53.8461538462,8.0,0,18.9763801984,4.0,13.9534883721,17.5238095238,-50.0
09:41:39,3090.0,3093.26636318,5.86006214942,53.8461538462,16.0,0,18.9646024253,-4.0,14.0,18.0,-52.0
09:41:40,3089.0,3093.26399363,5.85717603552,50.0,2.0,0,18.9613986258,-2.0,14.0,13.8095238095,-54.0
09:41:40,3089.0,3093.2616254,5.85370094365,50.0,16.0,0,18.9501487331,-6.0,14.5454545454,13.619047619,-56.0
09:41:41,3089.0,3093.25925849,5.85021997582,50.0,186.0,48.8372093023,18.9388798181,100.0,30.1587301587,61.5238095238,86.0
09:41:41,3089.0,3093.2568929,5.84731844735,36.3636363636,98.0,0,18.9294867185,80.0,23.9263803681,77.5238095238,172.0
09:41:42,3089.0,3093.25452861,5.84382627038,36.3636363636,8.0,0,18.9181815163,2.0,24.5398773006,64.2857142857,170.0
09:41:42,3089.0,3093.25216564,5.84032818713,36.3636363636,8.0,0,18.9068571937,2.0,26.4150943396,51.0476190476,176.0
09:41:43,3090.0,3093.25035938,5.83723672973,41.6666666667,8.0,0,18.8907337532,2.0,27.7777777778,38.1904761905,180.0
09:41:43,3090.0,3093.24855413,5.83414065842,41.6666666667,6.0,0,18.8807141049,6.0,29.2993630573,24.4761904762,192.0
09:41:44,3089.0,3093.24619448,5.8312141918,36.3636363636,8.0,0,18.8773525147,8.0,23.5294117647,11.8095238095,100.0
09:41:44,3089.0,3093.24383614,5.82828286658,36.3636363636,4.0,0,18.8678629543,4.0,57.1428571429,6.47619047619,24.0
09:41:45,3089.0,3093.2414791,5.82475765802,36.3636363636,60.0,0,18.8564508191,28.0,19.1489361702,21.619047619,50.0
09:41:45,3089.0,3093.23912338,5.82122648398,36.3636363636,160.0,0,18.8450193719,-50.0,4.87804878049,62.8571428571,-2.0
09:41:46,3090.0,3093.23732437,5.81751559124,41.6666666667,46.0,0,18.8269112985,22.0,2.81690140845,64.2857142857,18.0
09:41:46,3089.0,3093.23497095,5.81456334677,36.3636363636,40.0,0,18.8234488403,4.0,6.91823899371,62.1904761905,16.0
09:41:47,3089.0,3093.23261884,5.81160620368,36.3636363636,80.0,0,18.8138756998,54.0,5.64102564102,69.9047619048,62.0
09:41:47,3090.0,3093.23082344,5.80847076595,41.6666666667,2.0,0,18.7976400193,2.0,5.67010309278,51.9047619048,60.0
09:41:48,3089.0,3093.22847364,5.8055039272,36.3636363636,24.0,0,18.7941208391,6.0,6.81818181818,40.2857142857,38.0
09:41:48,3089.0,3093.22612514,5.80253216729,36.3636363636,42.0,0,18.7845003797,32.0,10.2564102564,35.5238095238,120.0
09:41:49,3089.0,3093.22377794,5.80010086651,36.3636363636,122.0,0,18.7766295452,0.0,7.09677419354,59.2380952381,98.0
09:41:49,3090.0,3093.22198745,5.79694682703,41.6666666667,8.0,0,18.7603457185,-2.0,2.87769784172,46.7619047619,92.0
09:41:50,3089.0,3093.21964256,5.79450719046,36.3636363636,326.0,0,18.7585211734,84.0,12.9770992366,126.666666667,122.0
09:41:50,3089.0,3093.21729896,5.79151678463,36.3636363636,32.0,0,18.7488403517,8.0,11.9133574007,110.857142857,128.0
09:41:51,3089.0,3093.21495667,5.7890686619,36.3636363636,22.0,0,18.7409150596,0.0,13.768115942,90.7619047619,122.0
09:41:51,3088.0,3093.21206027,5.78683690839,33.3333333333,26.0,0,18.7397568277,-4.0,14.552238806,71.9047619048,86.0
09:41:52,3088.0,3093.20916549,5.78460087908,33.3333333333,0.0,0,18.7325158001,0.0,0,46.380952381,86.0
09:41:52,3089.0,3093.20682771,5.78214042025,36.3636363636,2.0,0,18.7184863071,2.0,18.6274509804,27.2380952381,90.0
09:41:53,3089.0,3093.20449124,5.77912695252,36.3636363636,10.0,0,18.7087308272,-2.0,23.9130434783,10.6666666667,4.0
09:41:53,3088.0,3093.20160065,5.77687789467,33.3333333333,6.0,0,18.7075061356,2.0,36.3636363636,8.0,-2.0
09:41:54,3088.0,3093.19871168,5.77407466132,33.3333333333,8.0,0,18.6984283074,4.0,34.6153846154,7.14285714286,2.0
09:41:54,3089.0,3093.19637971,5.77104649961,36.3636363636,10.0,0,18.6825720285,4.0,66.6666666667,7.52380952381,10.0
09:41:55,3089.0,3093.19404903,5.76801332355,36.3636363636,2.0,0,18.672752747,2.0,68.4210526316,6.38095238095,12.0
09:41:55,3088.0,3093.19116425,5.76519463122,33.3333333333,38.0,0,18.6696717332,-6.0,37.8378378378,15.4285714286,4.0
09:41:56,3088.0,3093.18828107,5.76177053442,33.3333333333,44.0,0,18.6585833369,-12.0,20.3703703704,24.4761904762,-6.0
09:41:56,3089.0,3093.1859549,5.75872153915,36.3636363636,4.0,0,18.6426725126,0.0,22.641509434,20.4761904762,-8.0
09:41:57,3089.0,3093.18363001,5.75566749677,36.3636363636,50.0,0,18.6327856807,-16.0,25.6756756757,29.7142857143,-28.0
09:41:57,3088.0,3093.18075102,5.75282747846,33.3333333333,42.0,0,18.6296226634,38.0,38.8888888889,34.6666666667,6.0
09:41:58,3089.0,3093.17842902,5.74976321976,36.3636363636,2.0,0,18.6136718024,2.0,38.8888888889,26.6666666667,6.0
09:41:58,3089.0,3093.17610832,5.74669388984,36.3636363636,32.0,0,18.6037354802,20.0,50.5747126437,27.2380952381,32.0
09:41:59,3088.0,3093.1732335,5.7438382444,33.3333333333,10.0,0,18.6005124495,4.0,65.7142857143,21.8095238095,48.0
09:41:59,3088.0,3093.17036028,5.74097729426,33.3333333333,10.0,0,18.5912477146,-2.0,63.0136986301,18.0,46.0
09:42:00,3088.0,3093.16748866,5.7381110315,33.3333333333,50.0,0,18.5819657756,16.0,49.3150684931,25.3333333333,78.0
09:42:00,3088.0,3093.16461863,5.73523944816,33.3333333333,1770.0,0,18.5726666067,914.0,4.16221985059,524.095238095,954.0
09:42:01,3087.0,3093.16119479,5.73318625996,30.7692307692,26.0,0,18.5720319403,0.0,5.26870389884,442.285714286,952.0
09:42:01,3087.0,3093.15777285,5.73112844527,30.7692307692,128.0,0,18.5653658739,-14.0,4.51354062187,388.476190476,918.0
09:42:02,3087.0,3093.15435282,5.72906599912,30.7692307692,312.0,0,18.5586848044,220.0,13.5888501742,382.666666667,1134.0
09:42:02,3087.0,3093.15093468,5.72699891649,30.7692307692,90.0,0,18.5519887156,60.0,14.6464646465,299.047619048,1196.0
09:42:03,3087.0,3093.14751845,5.72492719238,30.7692307692,42.0,0,18.5452775911,18.0,14.6959459459,197.904761905,1198.0
09:42:03,3087.0,3093.14410411,5.72336137528,30.7692307692,20.0,0,18.5402052973,0.0,50.1618122977,90.8571428571,284.0
09:42:04,3087.0,3093.14069166,5.72179167744,30.7692307692,26.0,0,18.5351204323,-2.0,46.2783171521,68.8571428571,282.0
09:42:04,3087.0,3093.13728112,5.71970682982,30.7692307692,160.0,0,18.5283667957,0.0,42.4615384615,85.1428571429,296.0
09:42:05,3088.0,3093.13442786,5.7178633884,33.3333333333,6.0,0,18.5163969832,4.0,15.6976744186,55.9047619048,80.0
09:42:05,3087.0,3093.13102079,5.71628181406,30.7692307692,26.0,0,18.5172718305,4.0,6.42857142856,46.9523809524,24.0
09:42:06,3088.0,3093.12817102,5.71391857066,33.3333333333,118.0,0,18.5036223143,36.0,16.2921348314,67.3333333333,42.0
09:42:06,3087.0,3093.12476742,5.71232898817,30.7692307692,24.0,0,18.5044670819,18.0,17.7777777778,57.2380952381,60.0
09:42:07,3087.0,3093.12136572,5.71022230843,30.7692307692,38.0,0,18.4976427225,28.0,24.7311827957,50.9523809524,90.0
09:42:07,3087.0,3093.11796591,5.70811094457,30.7692307692,102.0,0,18.4908031894,58.0,38.8535031847,62.380952381,148.0
09:42:08,3087.0,3093.11456798,5.70599489139,30.7692307692,6.0,0,18.4839484658,-4.0,37.5796178344,49.1428571429,140.0
09:42:08,3088.0,3093.11172734,5.70360942007,33.3333333333,22.0,0,18.4702377593,4.0,37.4193548387,40.4761904762,140.0
09:42:09,3088.0,3093.10888828,5.70121948591,33.3333333333,156.0,0,18.4624983352,70.0,22.4137931035,70.2857142857,174.0
09:42:09,3087.0,3093.1054954,5.69908959591,30.7692307692,468.0,0,18.4615795138,158.0,8.58585858586,187.428571429,314.0
09:42:10,3087.0,3093.1021044,5.69695499536,30.7692307692,156.0,0,18.454664708,-40.0,5.71428571428,194.285714286,246.0
09:42:10,3086.0,3093.09815988,5.69456368439,28.5714285714,82.0,0,18.4528959313,2.0,1.57303370786,174.380952381,190.0
09:42:11,3087.0,3093.09477296,5.69185358405,30.7692307692,158.0,0,18.4381392421,-28.0,4.03071017274,177.142857143,166.0
09:42:11,3086.0,3093.09083251,5.68945059483,28.5714285714,108.0,0,18.4363272678,-8.0,9.21985815603,158.380952381,154.0
09:42:12,3086.0,3093.08689425,5.68704169229,28.5714285714,22.0,0,18.4285213619,-2.0,10.46277666,110.952380952,82.0
09:42:12,3086.0,3093.08295818,5.68462686892,28.5714285714,82.0,0,18.42069627,-26.0,20.3947368421,87.0476190476,-102.0
09:42:13,3087.0,3093.0795797,5.68189369596,30.7692307692,8.0,0,18.4058752704,-2.0,25.6521739131,60.380952381,-64.0
09:42:13,3086.0,3093.07564769,5.67946713289,28.5714285714,90.0,0,18.4039764514,18.0,37.6068376068,64.1904761905,-48.0
09:42:14,3087.0,3093.07227327,5.67672242312,30.7692307692,118.0,0,18.3891234957,8.0,59.8130841121,75.619047619,-12.0
09:42:14,3086.0,3093.06834532,5.67485312803,28.5714285714,284.0,0,18.3890250422,98.0,57.9470198676,136.380952381,94.0
09:42:15,3086.0,3093.06441955,5.67240933825,28.5714285714,44.0,0,18.3811060863,30.0,55.910543131,120.19047619,126.0
09:42:15,3086.0,3093.06049596,5.66995958245,28.5714285714,26.0,0,18.373167798,12.0,59.298245614,97.8095238095,164.0
09:42:16,3087.0,3093.05712996,5.6671921325,30.7692307692,32.0,0,18.3582511581,6.0,58.9225589226,79.8095238095,172.0
09:42:16,3086.0,3093.05321042,5.66473054479,28.5714285714,48.0,0,18.3562234115,26.0,53.9855072464,65.2380952381,180.0
09:42:17,3086.0,3093.04929306,5.66226296754,28.5714285714,272.0,0,18.3482273738,-148.0,27.1954674221,116.666666667,24.0
09:42:17,3086.0,3093.04537787,5.65978939292,28.5714285714,86.0,0,18.3402119019,-6.0,11.8110236221,107.619047619,-80.0
09:42:18,3086.0,3093.04146486,5.65730981306,28.5714285714,698.0,0,18.3321769704,314.0,5.16351118762,282.857142857,204.0
09:42:18,3087.0,3093.03810942,5.65389081999,30.7692307692,18.0,0,18.3151630061,-8.0,5.19930675911,232.666666667,184.0
09:42:19,3087.0,3093.03475585,5.65108772852,30.7692307692,96.0,0,18.3060826969,28.0,4.105090312,205.142857143,206.0
09:42:19,3087.0,3093.03140413,5.64827881983,30.7692307692,10.0,0,18.2969835433,0.0,4.40677966103,150.0,180.0
09:42:20,3086.0,3093.02749888,5.64515097694,28.5714285714,148.0,0,18.292776983,-96.0,15.3409090909,136.095238095,232.0
09:42:20,3087.0,3093.0241512,5.64170512597,30.7692307692,704.0,0,18.2756887787,72.0,50.5376344086,286.952380952,310.0
09:42:21,3087.0,3093.02080538,5.6382522287,30.7692307692,28.0,0,18.2645034943,22.0,85.6573705179,215.238095238,18.0
09:42:21,3088.0,3093.01801682,5.63453087616,33.3333333333,112.0,0,18.2465378114,-48.0,86.7030965392,199.428571429,-22.0
09:42:22,3087.0,3093.01467441,5.63106394679,30.7692307692,576.0,0,18.2412178386,-160.0,95.1837769328,311.714285714,-210.0
09:42:22,3088.0,3093.01188925,5.62732870864,33.3333333333,66.0,0,18.22321473,-6.0,95.8384332925,255.428571429,-216.0
09:42:23,3088.0,3093.00910564,5.62358654395,33.3333333333,42.0,0,18.2110963211,0.0,96.2041884817,189.619047619,-120.0
09:42:23,3089.0,3093.00687898,5.61822002231,36.3636363636,2.0,0,18.1878278482,2.0,92.2518159806,117.428571429,-190.0
09:42:24,3089.0,3093.00465355,5.61284340697,36.3636363636,50.0,0,18.1704221656,-20.0,88.4433962264,92.380952381,-232.0
09:42:24,3088.0,3093.00187396,5.6076682507,33.3333333333,4.0,0,18.159547444,0.0,87.5675675676,53.1428571429,-184.0
09:42:25,3088.0,3092.99909591,5.60248280499,33.3333333333,764.0,0,18.1427551975,-286.0,9.69827586207,236.19047619,-310.0
09:42:25,3088.0,3092.99631941,5.59801849175,33.3333333333,594.0,0,18.1282982246,292.0,1.64835164835,361.714285714,-12.0
09:42:26,3088.0,3092.99354445,5.59354563562,33.3333333333,62.0,0,18.1138135869,-2.0,4.87804878049,310.095238095,-14.0
09:42:26,3088.0,3092.99077103,5.5897475594,33.3333333333,98.0,0,18.1015141172,-4.0,10.6870229008,267.80952381,-20.0
09:42:27,3089.0,3092.98855455,5.58504724938,36.3636363636,504.0,0,18.0804378419,-24.0,30.0098716683,336.952380952,-24.0
09:42:27,3088.0,3092.9857839,5.57981478408,33.3333333333,110.0,0,18.0693483941,0.0,33.3958724203,271.904761905,-24.0
09:42:28,3089.0,3092.98357019,5.57509663317,36.3636363636,152.0,0,18.0482247755,16.0,56.8421052632,213.80952381,278.0
09:42:28,3089.0,3092.98135771,5.57036999791,36.3636363636,16.0,0,18.0329232694,-10.0,91.932059448,146.0,-24.0
09:42:29,3089.0,3092.97914646,5.56489736104,36.3636363636,28.0,0,18.0152067369,-8.0,88.3259911894,109.142857143,-30.0
09:42:29,3088.0,3092.97638103,5.55962511365,33.3333333333,178.0,0,18.0039673369,4.0,71.0526315789,116.761904762,-22.0
09:42:30,3088.0,3092.97361714,5.55508175757,33.3333333333,38.0,0,17.9892543963,-32.0,49.4252873563,80.5714285714,-30.0
09:42:30,3089.0,3092.97141019,5.54957872247,36.3636363636,80.0,0,17.965615806,2.0,43.0894308943,78.5714285714,-28.0
09:42:31,3089.0,3092.96920447,5.54406520079,36.3636363636,54.0,52.5,17.9477669174,42.0,25.8883248731,70.5714285714,-2.0
09:42:31,3088.0,3092.96644456,5.53875166998,27.2727272727,2.0,0,17.9363719883,0.0,26.3157894737,52.380952381,8.0
09:42:32,3089.0,3092.96424159,5.53396036162,30.0,6.0,0,17.915054586,2.0,29.0502793296,36.0,18.0
09:42:32,3089.0,3092.96203985,5.52841614823,30.0,4.0,0,17.8971063394,0.0,58.6956521739,20.0952380952,14.0
09:42:33,3089.0,3092.95983933,5.52360657112,30.0,4.0,0,17.881536326,2.0,73.3333333333,12.4761904762,48.0
09:42:33,3089.0,3092.95764003,5.51878827252,30.0,0.0,0,17.8659380787,0.0,0,5.33333333333,46.0
09:42:34,3089.0,3092.95544195,5.51321417646,30.0,18.0,0,17.8478930931,2.0,64.7058823529,7.14285714286,6.0
09:42:34,3088.0,3092.95268969,5.50858756487,27.2727272727,8.0,0,17.8386903008,4.0,65.0,7.80952380952,10.0
09:42:35,3088.0,3092.94993896,5.50395200327,27.2727272727,104.0,0,17.8236787671,-20.0,76.8115942029,35.619047619,-12.0
09:42:35,3088.0,3092.94718976,5.49855761109,27.2727272727,112.0,0,17.8062098805,-34.0,43.0894308943,61.0476190476,-46.0
09:42:36,3089.0,3092.94499748,5.49294243457,30.0,30.0,0,17.7822675124,2.0,41.9117647059,57.9047619048,-46.0
09:42:36,3089.0,3092.94280643,5.48806836394,30.0,50.0,0,17.7664887146,0.0,49.6894409938,59.2380952381,-46.0
09:42:37,3089.0,3092.94061659,5.48243255012,30.0,42.0,0,17.7482439305,2.0,54.3352601156,55.9047619048,-46.0
09:42:37,3089.0,3092.93842796,5.47678585086,30.0,18.0,0,17.729963907,8.0,56.1797752809,44.5714285714,-42.0
09:42:38,3088.0,3092.93568516,5.47133787976,27.2727272727,12.0,0,17.7180630821,-2.0,43.9393939394,31.0476190476,-24.0
09:42:38,3089.0,3092.93349927,5.46642523603,30.0,24.0,0,17.6964235546,2.0,71.5909090909,25.3333333333,12.0
09:42:39,3088.0,3092.9307592,5.46095619058,27.2727272727,144.0,0,17.6844436223,10.0,43.4482758621,58.0952380952,20.0
09:42:39,3088.0,3092.92802065,5.45547600502,27.2727272727,34.0,0,17.6666969075,0.0,38.6861313869,54.0,20.0
09:42:40,3089.0,3092.92583902,5.45053428545,30.0,24.0,0,17.6449798817,6.0,28.90625,47.8095238095,24.0
09:42:40,3088.0,3092.9231032,5.44503284094,27.2727272727,8.0,0,17.6328783709,4.0,25.2032520325,37.9047619048,20.0
09:42:41,3088.0,3092.92036891,5.44028114628,27.2727272727,36.0,0,17.6174907587,16.0,24.4444444444,36.4761904762,38.0
09:42:41,3088.0,3092.91763613,5.43475824874,27.2727272727,12.0,0,17.5996057278,2.0,23.2558139535,27.0476190476,38.0
09:42:42,3088.0,3092.91490487,5.42922404819,27.2727272727,60.0,0,17.5816840939,38.0,50.5747126437,31.9047619048,66.0
09:42:42,3089.0,3092.91273052,5.42423357504,30.0,8.0,0,17.5598367596,-4.0,44.5945945946,25.9047619048,62.0
09:42:43,3088.0,3092.91000199,5.41867780328,27.2727272727,106.0,0,17.5475317464,66.0,24.3478260869,49.1428571429,122.0
09:42:43,3089.0,3092.90783037,5.41366785935,30.0,22.0,0,17.5256324356,2.0,29.5081967213,44.4761904762,120.0
09:42:44,3089.0,3092.90565995,5.40864865257,30.0,32.0,0,17.5093837895,32.0,30.8333333333,42.0,136.0
09:42:44,3088.0,3092.90293534,5.40306086091,27.2727272727,68.0,0,17.4969587465,-12.0,24.3243243243,50.0,122.0
09:42:45,3089.0,3092.90076765,5.39725289492,30.0,6.0,0,17.4724923759,6.0,14.8760330578,37.619047619,90.0
09:42:45,3089.0,3092.89860116,5.39220372704,30.0,38.0,0,17.456146737,24.0,25.7352941176,36.9523809524,118.0
09:42:46,3089.0,3092.89643587,5.38637398361,30.0,48.0,0,17.4372741457,24.0,42.0560747664,37.7142857143,76.0
09:42:46,3089.0,3092.89427178,5.38053274675,30.0,20.0,0,17.4183643469,0.0,42.4528301887,33.2380952381,74.0
09:42:47,3089.0,3092.8921089,5.37467997899,30.0,12.0,0,17.3994172191,10.0,48.9583333333,26.5714285714,52.0
09:42:47,3088.0,3092.88939181,5.36902406816,27.2727272727,20.0,0,17.386735972,4.0,66.6666666667,23.1428571429,68.0
09:42:48,3088.0,3092.88667624,5.36335643827,27.2727272727,52.0,0,17.3683822483,52.0,75.7894736842,31.1428571429,114.0
09:42:48,3088.0,3092.88396217,5.35845379595,27.2727272727,158.0,0,17.3525058159,26.0,59.3548387097,67.2380952381,116.0
09:42:49,3088.0,3092.88124962,5.35276373031,27.2727272727,340.0,0,17.3340794375,14.0,28.5714285714,149.619047619,106.0
09:42:49,3089.0,3092.87909396,5.34763256001,30.0,16.0,0,17.3118567822,0.0,28.0936454849,125.523809524,106.0
09:42:50,3089.0,3092.87693951,5.34249178206,30.0,2.0,0,17.2952145745,-2.0,27.2108843537,97.619047619,94.0
09:42:50,3088.0,3092.87423085,5.33676850453,27.2727272727,2.0,0,17.2822814266,2.0,27.0175438596,70.1904761905,92.0
09:42:51,3088.0,3092.8715237,5.33103329311,27.2727272727,310.0,0,17.2637088507,-82.0,12.5603864734,131.619047619,-42.0
09:42:51,3088.0,3092.86881805,5.32528610922,27.2727272727,70.0,0,17.245097504,-12.0,12.972972973,112.19047619,-80.0
09:42:52,3088.0,3092.8661139,5.31952691407,27.2727272727,170.0,0,17.2264472606,28.0,46.6666666667,125.523809524,-66.0
09:42:52,3088.0,3092.86341125,5.31454108212,27.2727272727,0.0,0,17.2103014317,0.0,0,98.380952381,-66.0
09:42:53,3088.0,3092.86071011,5.30875889334,27.2727272727,28.0,0,17.1915767271,-24.0,47.5862068966,80.0,-88.0
09:42:53,3088.0,3092.85801046,5.3037521586,27.2727272727,18.0,0,17.1753632079,-6.0,49.3288590604,57.5238095238,-96.0
09:42:54,3088.0,3092.85531232,5.29873543614,27.2727272727,26.0,0,17.159117345,-18.0,101.923076923,36.5714285714,-32.0
09:42:54,3088.0,3092.85261567,5.29291907022,27.2727272727,8.0,0,17.1402819632,0.0,102.4,24.0,-20.0
09:42:55,3088.0,3092.84992052,5.28709046804,27.2727272727,0.0,0,17.1214069561,0.0,0,12.0952380952,-48.0
09:42:55,3088.0,3092.84722687,5.28124958909,27.2727272727,8.0,0,17.1024921926,8.0,97.7272727273,10.5714285714,-40.0
09:42:56,3088.0,3092.84453472,5.27539639257,27.2727272727,4.0,0,17.0835375407,0.0,96.875,7.52380952381,-16.0
09:42:56,3087.0,3092.84128865,5.26979073278,25.0,10.0,0,17.0709126426,6.0,92.8571428572,7.33333333333,-4.0
09:42:57,3087.0,3092.83804439,5.26417263967,25.0,46.0,0,17.0527134424,30.0,57.8947368421,17.8095238095,44.0
09:42:57,3087.0,3092.83480194,5.25854207339,25.0,102.0,0,17.0344738367,-60.0,80.0,43.3333333333,-16.0
09:42:58,3088.0,3092.83211668,5.25343697021,27.2727272727,108.0,0,17.0124254217,-44.0,82.0143884892,66.0952380952,-60.0
09:42:58,3088.0,3092.82943292,5.24906737748,27.2727272727,22.0,0,16.9982751861,0.0,82.8767123288,59.1428571429,-68.0
09:42:59,3088.0,3092.82675064,5.2439427064,27.2727272727,20.0,0,16.9816797487,10.0,77.2727272727,50.9523809524,-58.0
09:42:59,3088.0,3092.82406986,5.23880770527,27.2727272727,10.0,0,16.965050859,2.0,74.6753246753,39.1428571429,-62.0
09:43:00,3088.0,3092.82139057,5.23366234369,27.2727272727,2.0,0,16.9483884187,2.0,81.0606060606,25.0476190476,-90.0
09:43:00,3088.0,3092.81871276,5.22850659107,27.2727272727,14.0,0,16.9316923286,10.0,64.7727272727,16.4761904762,-20.0
09:43:01,3088.0,3092.81603644,5.22334041663,27.2727272727,22.0,0,16.9149624891,20.0,24.4444444444,14.380952381,44.0
09:43:01,3088.0,3092.81336161,5.2189155533,27.2727272727,2.0,0,16.9006332685,0.0,0,10.6666666667,44.0
09:43:02,3088.0,3092.81068826,5.21372947131,27.2727272727,6.0,0,16.8838389615,0.0,0,9.04761904762,34.0
09:43:02,3088.0,3092.8080164,5.20853287766,27.2727272727,2.0,0,16.8670106142,0.0,0,6.95238095238,32.0
09:43:03,3088.0,3092.80534602,5.20332574085,27.2727272727,28.0,0,16.8501481245,26.0,0,12.6666666667,56.0
09:43:03,3088.0,3092.80267712,5.19886380631,27.2727272727,78.0,0,16.8356988546,34.0,23.1884057971,31.4285714286,80.0
09:43:04,3088.0,3092.80000971,5.19363653105,27.2727272727,66.0,0,16.8187711498,66.0,17.5824175824,43.7142857143,126.0
09:43:04,3089.0,3092.79789918,5.18895048143,30.0,22.0,0,16.7981563012,12.0,16.8316831683,41.3333333333,138.0
09:43:05,3089.0,3092.79578982,5.18349719879,30.0,4.0,0,16.7805024241,4.0,19.0,32.8571428571,142.0
09:43:05,3089.0,3092.79368164,5.1787931095,30.0,0.0,0,16.7652739058,0.0,0,23.3333333333,142.0
09:43:06,3088.0,3092.79101922,5.17352543553,27.2727272727,30.0,0,16.7536445451,14.0,19.0,22.4761904762,130.0
09:43:06,3089.0,3092.78891368,5.16804136431,30.0,6.0,0,16.7304673497,2.0,6.25,14.6666666667,98.0
09:43:07,3089.0,3092.78680932,5.16330947529,30.0,24.0,0,16.7151488355,10.0,23.2558139535,15.4285714286,42.0
09:43:07,3089.0,3092.78470612,5.15780511715,30.0,0.0,0,16.697329612,0.0,0,11.3333333333,30.0
09:43:08,3088.0,3092.78204869,5.15326037722,27.2727272727,12.0,0,16.6880193563,2.0,25.0,11.7142857143,28.0
09:43:08,3088.0,3092.77939273,5.14870677009,27.2727272727,4.0,0,16.6732732192,0.0,23.6842105263,9.42857142857,28.0
09:43:09,3088.0,3092.77673825,5.14485692491,27.2727272727,2.0,0,16.660806104,0.0,37.5,6.38095238095,14.0
09:43:09,3089.0,3092.77464064,5.13931361608,30.0,28.0,0,16.6374671935,8.0,62.8571428571,12.0952380952,20.0
09:43:10,3089.0,3092.7725442,5.13375945201,30.0,2.0,0,16.6194867336,0.0,70.8333333333,9.33333333333,10.0
09:43:10,3089.0,3092.77044893,5.12896422262,30.0,10.0,0,16.6039631681,0.0,68.9655172414,9.90476190476,10.0
09:43:11,3089.0,3092.76835481,5.12338935094,30.0,6.0,0,16.5859156716,0.0,80.7692307692,8.85714285714,8.0
09:43:11,3088.0,3092.76570646,5.11800851026,27.2727272727,40.0,0,16.573861756,32.0,81.8181818182,17.8095238095,40.0
09:43:12,3088.0,3092.76305959,5.11261655818,27.2727272727,32.0,0,16.5564007713,8.0,86.4406779661,22.7619047619,48.0
09:43:12,3088.0,3092.76041418,5.10798756458,27.2727272727,2.0,0,16.5414105071,2.0,80.4347826087,17.7142857143,42.0
09:43:13,3089.0,3092.75832564,5.10236963075,30.0,14.0,0,16.5178686654,8.0,80.7692307692,17.3333333333,50.0
09:43:13,3089.0,3092.75623826,5.09751682467,30.0,22.0,0,16.5021587072,20.0,84.4827586207,18.6666666667,70.0
09:43:14,3089.0,3092.75415204,5.09265501561,30.0,8.0,0,16.4864196038,2.0,84.7457627119,15.4285714286,72.0
09:43:14,3089.0,3092.75206698,5.08700595168,30.0,4.0,0,16.4681319252,0.0,87.8048780488,10.9523809524,40.0
09:43:15,3089.0,3092.74998307,5.08212505373,30.0,0.0,0,16.4523310253,0.0,0,7.04761904762,32.0
09:43:15,3089.0,3092.74790033,5.07723507159,30.0,6.0,0,16.4365007174,2.0,88.8888888889,6.38095238095,32.0
09:43:16,3089.0,3092.74581874,5.07155459127,30.0,498.0,0,16.4181113346,-218.0,99.2565055762,146.095238095,-194.0
09:43:16,3089.0,3092.74373831,5.06664534596,30.0,14.0,0,16.4022186661,0.0,96.9811320755,124.476190476,-214.0
09:43:17,3090.0,3092.74221443,5.06079392072,36.3636363636,4.0,0,16.3779738535,2.0,96.9581749049,100.380952381,-214.0
09:43:17,3090.0,3092.7406914,5.05493131067,36.3636363636,16.0,0,16.3590010054,2.0,96.6542750929,79.9047619048,-212.0
09:43:18,3090.0,3092.73916922,5.04905747683,36.3636363636,70.0,0,16.3399918344,6.0,96.7105263158,74.2857142857,-206.0
09:43:18,3090.0,3092.73764788,5.04317237999,36.3636363636,16.0,0,16.3209462136,8.0,96.1165048544,49.9047619048,-200.0
09:43:19,3090.0,3092.73612739,5.03806424711,36.3636363636,2.0,0,16.3044150392,-2.0,80.3278688525,21.0476190476,16.0
09:43:19,3090.0,3092.73460774,5.03294700504,36.3636363636,6.0,0,16.2878543852,0.0,91.2280701754,16.9523809524,16.0
09:43:20,3090.0,3092.73308894,5.02703026211,36.3636363636,30.0,0,16.2687063499,-4.0,85.7142857143,20.0952380952,10.0
09:43:20,3090.0,3092.73157097,5.02110210592,36.3636363636,0.0,0,16.2495213784,0.0,0,13.4285714286,8.0
09:43:21,3089.0,3092.72949845,5.01610399668,30.0,6.0,44.1176470588,16.2386014784,-6.0,66.6666666667,9.2380952381,-4.0
09:43:21,3090.0,3092.72798249,5.01094782162,50.0,6.0,0,16.2166596169,4.0,64.0,8.09523809524,-8.0
09:43:22,3090.0,3092.72646736,5.00578238942,50.0,12.0,0,16.1999430078,0.0,70.0,9.14285714286,-6.0
09:43:22,3090.0,3092.72495308,5.00060767141,50.0,8.0,0,16.1831963476,-2.0,64.5161290323,8.57142857143,-8.0
09:43:23,3090.0,3092.72343964,4.99542363872,50.0,6.0,0,16.1664195428,-2.0,68.4210526316,7.33333333333,-6.0
09:43:23,3090.0,3092.72192704,4.99023026232,50.0,30.0,0,16.1496124994,4.0,76.4705882353,14.0952380952,-2.0
09:43:24,3090.0,3092.72041527,4.98502751302,50.0,6.0,0,16.132775123,2.0,85.2941176471,12.5714285714,6.0
09:43:24,3089.0,3092.71834895,4.97996343385,42.8571428571,32.0,0,16.1216038648,26.0,85.1063829787,18.4761904762,28.0
09:43:25,3090.0,3092.71683918,4.97548712641,50.0,84.0,0,16.1019000855,-20.0,91.5662650602,38.0,8.0
09:43:25,3090.0,3092.71533024,4.97100329566,50.0,0.0,0,16.0873893063,0.0,0,30.0952380952,10.0
09:43:26,3090.0,3092.71382214,4.96576473914,50.0,4.0,0,16.070436049,4.0,93.5897435897,23.7142857143,16.0
09:43:26,3090.0,3092.71231488,4.96051666838,50.0,4.0,0,16.0534520012,0.0,93.8461538462,17.4285714286,12.0
09:43:27,3090.0,3092.71080846,4.95600831732,50.0,0.0,0,16.0388618684,0.0,0,11.2380952381,10.0
09:43:27,3090.0,3092.70930287,4.95074217375,50.0,48.0,0,16.0218193325,-14.0,82.8571428572,19.0476190476,-30.0
09:43:28,3089.0,3092.70724272,4.94636503741,42.8571428571,4.0,0,16.0128359903,-2.0,56.6666666667,13.5238095238,-12.0
09:43:28,3089.0,3092.70518371,4.94041939009,42.8571428571,8.0,0,15.9935881842,-2.0,52.9411764706,12.9523809524,-14.0
09:43:29,3090.0,3092.70368125,4.9343143419,50.0,24.0,0,15.9686548282,0.0,63.6363636364,16.5714285714,-18.0
09:43:29,3089.0,3092.70162422,4.92990984817,42.8571428571,6.0,0,15.9595657111,-2.0,60.0,14.0952380952,-20.0
09:43:30,3090.0,3092.70012374,4.92535045284,50.0,20.0,0,15.9396454785,-10.0,63.6363636364,15.5238095238,-30.0
09:43:30,3090.0,3092.69862408,4.92078330485,50.0,44.0,0,15.9248650643,-38.0,45.2830188679,22.8571428571,-54.0
09:43:31,3090.0,3092.69712526,4.91545104244,50.0,0.0,0,15.9076085516,0.0,0,17.8095238095,-52.0
09:43:31,3089.0,3092.69507188,4.91101404504,42.8571428571,24.0,0,15.8983944482,20.0,55.9322033898,19.8095238095,-30.0
09:43:32,3089.0,3092.69301963,4.90656900944,42.8571428571,14.0,0,15.8840045628,-2.0,50.0,18.1904761905,-32.0
09:43:32,3090.0,3092.69152392,4.90120919195,50.0,12.0,0,15.8615184205,12.0,57.8947368421,16.4761904762,-18.0
09:43:33,3089.0,3092.68947364,4.89598581323,42.8571428571,46.0,0,15.8497436492,-44.0,35.7142857143,24.1904761905,-52.0
09:43:33,3090.0,3092.68797991,4.89136853152,50.0,24.0,0,15.829671623,20.0,58.3333333333,24.380952381,6.0
09:43:34,3089.0,3092.6859316,4.88612604224,42.8571428571,100.0,0,15.8178246754,0.0,31.8181818182,47.2380952381,6.0
09:43:34,3090.0,3092.68443983,4.88072733366,50.0,18.0,0,15.7952340895,6.0,29.9065420561,41.9047619048,-8.0
09:43:35,3090.0,3092.68294889,4.87531859516,50.0,2.0,0,15.7777300814,-2.0,26.7326732673,32.2857142857,-8.0
09:43:35,3090.0,3092.68145877,4.87066651332,50.0,8.0,0,15.7626748004,-4.0,23.2323232323,24.9523809524,-24.0
09:43:36,3090.0,3092.67996949,4.86600641608,50.0,12.0,0,15.7475935796,-2.0,35.3658536585,18.9523809524,18.0
09:43:36,3090.0,3092.67848103,4.8605696127,50.0,10.0,0,15.7299987466,-6.0,28.0,14.0,-8.0
09:43:37,3090.0,3092.6769934,4.85512265264,50.0,12.0,0,15.7123710442,-4.0,87.0967741936,10.2857142857,-12.0
09:43:37,3090.0,3092.67550659,4.8496655017,50.0,0.0,0,15.6947103615,0.0,0,7.33333333333,-18.0
09:43:38,3089.0,3092.67346521,4.84434349411,42.8571428571,10.0,0,15.6825622988,0.0,69.2307692308,8.09523809524,-16.0
09:43:38,3090.0,3092.67198037,4.83886576726,50.0,4.0,0,15.6597597646,0.0,75.0,6.7619047619,-12.0
09:43:39,3090.0,3092.67049634,4.83337774565,50.0,2.0,0,15.6419991768,2.0,68.4210526316,5.04761904762,-8.0
09:43:39,3090.0,3092.66901315,4.82865481581,50.0,8.0,0,15.6267146143,6.0,72.2222222222,5.52380952381,4.0
09:43:40,3090.0,3092.66753077,4.82392366297,50.0,16.0,0,15.61140344,2.0,75.0,8.38095238095,10.0
09:43:40,3090.0,3092.66604922,4.81840683675,50.0,14.0,0,15.5935496335,0.0,81.4814814815,10.4761904762,10.0
09:43:41,3090.0,3092.6645685,4.81287958259,50.0,0.0,0,15.5756620796,0.0,0,7.90476190476,10.0
09:43:41,3089.0,3092.66253319,4.80748656611,42.8571428571,14.0,0,15.5632456009,6.0,85.1851851852,9.80952380952,16.0
09:43:42,3090.0,3092.66105442,4.80271913723,50.0,6.0,0,15.5427803794,4.0,86.2068965517,8.95238095238,18.0
09:43:42,3090.0,3092.65957646,4.79716145493,50.0,8.0,0,15.5247943525,2.0,86.2068965517,8.47619047619,14.0
09:43:43,3090.0,3092.65809933,4.79159320395,50.0,4.0,0,15.5067741228,2.0,78.2608695652,6.85714285714,14.0
09:43:43,3090.0,3092.65662302,4.78601434738,50.0,52.0,0,15.4887195708,12.0,30.9523809524,19.5238095238,26.0
09:43:44,3090.0,3092.65514753,4.78121025764,50.0,42.0,0,15.4731723548,38.0,53.9682539682,27.5238095238,64.0
09:43:44,3090.0,3092.65367286,4.77561125782,50.0,10.0,0,15.4550526143,10.0,59.0163934426,24.380952381,68.0
09:43:45,3090.0,3092.652199,4.77078917172,50.0,0.0,0,15.4394471577,0.0,0,18.5714285714,64.0
09:43:45,3090.0,3092.65072597,4.7651698958,50.0,0.0,0,15.4212617987,0.0,0,13.0476190476,62.0
09:43:46,3090.0,3092.64925375,4.75953983537,50.0,100.0,0,15.4030415384,12.0,76.4705882353,36.4761904762,72.0
09:43:46,3090.0,3092.64778235,4.75389895211,50.0,414.0,0,15.3847862528,246.0,28.6219081272,145.047619048,306.0
09:43:47,3089.0,3092.64575637,4.74839088242,42.8571428571,166.0,0,15.3719355209,124.0,17.3913043478,165.523809524,392.0
09:43:47,3089.0,3092.64373151,4.74287171435,42.8571428571,4.0,0,15.3540683533,2.0,16.3742690059,133.80952381,384.0
09:43:48,3089.0,3092.64170778,4.73813606108,42.8571428571,8.0,0,15.3387376532,0.0,17.3410404624,103.523809524,384.0
09:43:48,3089.0,3092.63968517,4.73259578728,42.8571428571,16.0,0,15.3208021602,8.0,19.209039548,75.1428571429,392.0
09:43:49,3089.0,3092.63766368,4.72704430268,42.8571428571,10.0,0,15.3028303745,10.0,7.44336569581,44.2857142857,390.0
09:43:49,3088.0,3092.63508792,4.72168349868,37.5,2.0,0,15.2904258377,-2.0,17.4757281553,15.4285714286,142.0
09:43:50,3089.0,3092.63306899,4.7161094341,42.8571428571,14.0,0,15.2674309942,10.0,92.5925925926,9.61904761905,28.0
09:43:50,3088.0,3092.63049577,4.71152641644,37.5,16.0,0,15.257533732,10.0,93.9393939394,11.619047619,36.0
09:43:51,3089.0,3092.62847939,4.70673247121,42.8571428571,8.0,0,15.237075012,-2.0,93.9393939394,10.7619047619,34.0
09:43:51,3089.0,3092.62646413,4.70192943717,42.8571428571,14.0,0,15.2215261805,0.0,93.75,11.619047619,26.0
09:43:52,3089.0,3092.62444999,4.69631349216,42.8571428571,182.0,0,15.2033457176,102.0,98.3050847458,60.5714285714,118.0
09:43:52,3089.0,3092.62243696,4.6914911075,42.8571428571,16.0,0,15.1877342425,0.0,94.4,53.9047619048,120.0
09:43:53,3089.0,3092.62042506,4.68665954605,42.8571428571,18.0,0,15.1720930594,4.0,94.4881889764,47.1428571429,114.0
09:43:53,3088.0,3092.61785887,4.6820202456,37.5,8.0,0,15.1619826606,-2.0,94.3089430894,37.3333333333,102.0
09:43:54,3089.0,3092.6158495,4.67636187828,42.8571428571,2.0,0,15.1387564852,-2.0,94.1666666667,26.1904761905,102.0
09:43:54,3089.0,3092.61384126,4.67069188176,42.8571428571,10.0,0,15.1204010416,0.0,94.0677966102,17.619047619,102.0
09:43:55,3089.0,3092.61183412,4.66582105434,42.8571428571,4.0,0,15.1046327431,0.0,75.8620689655,7.52380952381,0.0
09:43:55,3089.0,3092.60982811,4.660128944,42.8571428571,8.0,0,15.0862057106,0.0,92.0,7.04761904762,0.0
09:43:56,3088.0,3092.6072678,4.65543953714,37.5,610.0,0,15.0759052368,-218.0,5.91900311525,178.952380952,-222.0
09:43:56,3088.0,3092.60470892,4.6499262904,37.5,44.0,0,15.0580514586,44.0,4.71976401178,160.952380952,-176.0
09:43:57,3089.0,3092.60270686,4.6450156148,42.8571428571,394.0,0,15.0372794263,172.0,21.3084112149,241.238095238,-2.0
09:43:57,3089.0,3092.60070591,4.63927875108,42.8571428571,40.0,0,15.018707514,-4.0,21.8181818182,201.714285714,-6.0
09:43:58,3089.0,3092.59870608,4.63352997185,42.8571428571,2.0,0,15.0000970277,-2.0,21.6757741348,149.904761905,-8.0
09:43:58,3089.0,3092.59670735,4.62858856443,42.8571428571,6.0,0,14.9841002409,-2.0,21.7153284671,99.3333333333,-10.0
09:43:59,3088.0,3092.59415433,4.62301806049,37.5,4.0,0,14.9709134083,2.0,46.5306122449,48.2857142857,210.0
09:43:59,3089.0,3092.59215813,4.6172345469,42.8571428571,4.0,0,14.9473439524,-4.0,51.5555555555,26.0952380952,162.0
09:44:00,3089.0,3092.59016305,4.61226203006,42.8571428571,4.0,0,14.9312464554,-2.0,63.3333333333,5.80952380952,-12.0
09:44:00,3088.0,3092.58761366,4.60665640744,37.5,40.0,0,14.9179287806,2.0,26.6666666667,14.380952381,-6.0
09:44:01,3089.0,3092.5856211,4.60166333823,42.8571428571,2.0,0,14.8969353779,0.0,26.6666666667,12.0952380952,-4.0
09:44:01,3088.0,3092.58307424,4.59686121443,37.5,4.0,0,14.8862085959,0.0,17.2413793103,10.380952381,-2.0
09:44:02,3089.0,3092.58108419,4.59184862179,42.8571428571,652.0,0,14.865162259,-94.0,4.24929178468,193.904761905,-98.0
09:44:02,3088.0,3092.57853985,4.58702678624,37.5,82.0,0,14.8543613544,60.0,3.31632653059,183.714285714,-34.0
09:44:03,3088.0,3092.57599693,4.58219501016,37.5,20.0,0,14.8387144111,8.0,5.24999999998,152.095238095,-24.0
09:44:03,3088.0,3092.57345541,4.57735326207,37.5,52.0,0,14.8230351751,12.0,11.3300492611,128.857142857,-14.0
09:44:04,3087.0,3092.57035991,4.57353413742,33.3333333333,104.0,0,14.8154652978,80.0,18.5995623632,119.904761905,66.0
09:44:04,3087.0,3092.56726612,4.56970694113,33.3333333333,60.0,0,14.8030675126,2.0,21.8556701031,93.5238095238,68.0
09:44:05,3087.0,3092.56417406,4.56509819476,33.3333333333,230.0,0,14.7881379811,104.0,35.0364963504,113.047619048,266.0
09:44:05,3088.0,3092.56163911,4.56021844696,37.5,28.0,0,14.7675467842,18.0,44.5344129555,94.9523809524,224.0
09:44:06,3088.0,3092.55910557,4.55610426912,37.5,4.0,0,14.7542236694,2.0,42.2594142259,72.5714285714,218.0
09:44:06,3088.0,3092.55657343,4.55198203337,37.5,6.0,0,14.7408744604,4.0,36.5740740741,51.5238095238,210.0
09:44:07,3087.0,3092.55348731,4.54733485912,33.3333333333,168.0,0,14.7305955916,104.0,23.7903225806,78.9523809524,234.0
09:44:07,3088.0,3092.55095829,4.54319542738,37.5,18.0,0,14.7124204255,8.0,18.5022026432,60.4761904762,240.0
09:44:08,3088.0,3092.54843069,4.53904786883,37.5,140.0,0,14.6989892125,6.0,29.6703296703,78.8571428571,142.0
09:44:08,3087.0,3092.54534908,4.53515281263,33.3333333333,12.0,0,14.6911331799,0.0,25.2873563219,64.9523809524,124.0
09:44:09,3087.0,3092.54226919,4.53046783586,33.3333333333,70.0,0,14.6759567083,-40.0,28.9855072464,68.380952381,82.0
09:44:09,3087.0,3092.539191,4.52577248539,33.3333333333,0.0,0,14.6607466323,0.0,0,48.6666666667,78.0
09:44:10,3087.0,3092.53611453,4.52106672891,33.3333333333,14.0,0,14.6455028471,10.0,29.9212598425,33.2380952381,-16.0
09:44:10,3088.0,3092.53359517,4.51609002742,37.5,2.0,0,14.6246438712,0.0,29.4117647059,21.7142857143,-24.0
09:44:11,3087.0,3092.5305218,4.51136339607,33.3333333333,38.0,41.6666666667,14.6140699581,0.0,44.1176470588,21.2380952381,-30.0
09:44:11,3088.0,3092.52800554,4.50636579062,40.0,26.0,0,14.593153467,2.0,49.3333333333,22.1904761905,-28.0
09:44:12,3088.0,3092.52549068,4.50135768271,40.0,4.0,0,14.576935501,-4.0,52.380952381,16.1904761905,8.0
09:44:12,3087.0,3092.52242182,4.49659950393,33.3333333333,2.0,0,14.5662439389,0.0,51.1627906977,12.7619047619,8.0
09:44:13,3088.0,3092.51991006,4.49157028516,40.0,4.0,0,14.5452405608,0.0,60.5263157895,9.80952380952,-2.0
09:44:13,3088.0,3092.5173997,4.48653045856,40.0,0.0,0,14.5289198787,0.0,0,6.19047619048,-2.0
09:44:14,3087.0,3092.51433532,4.48174042334,33.3333333333,18.0,0,14.518109567,18.0,55.5555555556,7.80952380952,16.0
09:44:14,3087.0,3092.51127266,4.47693967894,33.3333333333,30.0,0,14.5025580789,8.0,13.7931034483,13.8095238095,22.0
09:44:15,3087.0,3092.50821169,4.47212819087,33.3333333333,4.0,0,14.4869717877,4.0,6.89655172414,12.1904761905,30.0
09:44:15,3087.0,3092.50515242,4.4673059244,33.3333333333,604.0,0,14.4713505812,440.0,0.606060606061,182.0,470.0
09:44:16,3087.0,3092.50209485,4.46247284461,33.3333333333,0.0,0,14.455694346,0.0,0,150.571428571,470.0
09:44:16,3087.0,3092.49903898,4.45762891631,33.3333333333,690.0,0,14.4400029683,460.0,0.148588410107,316.476190476,930.0
09:44:17,3087.0,3092.49598481,4.45277410411,33.3333333333,28.0,0,14.4242763334,6.0,2.21238938053,260.380952381,918.0
09:44:17,3086.0,3092.49237693,4.44823101717,30.0,8.0,0,14.4142288307,-2.0,2.69865067467,198.095238095,908.0
09:44:18,3087.0,3092.48932646,4.44335437153,33.3333333333,1030.0,0,14.3937621365,-466.0,65.6779661017,428.857142857,438.0
09:44:18,3087.0,3092.48627768,4.43846673525,33.3333333333,80.0,0,14.3779291715,-22.0,84.6405228758,339.333333333,-24.0
09:44:19,3088.0,3092.48378599,4.43330795732,40.0,16.0,0,14.3565672193,4.0,84.1252699784,256.476190476,-20.0
09:44:19,3087.0,3092.48074029,4.4283982557,33.3333333333,28.0,0,14.3453134296,-2.0,130.756302521,176.285714286,-482.0
09:44:20,3088.0,3092.47825168,4.42321735558,40.0,6.0,0,14.3238904002,2.0,130.993150685,121.333333333,-486.0
09:44:20,3087.0,3092.47520905,4.41828543885,33.3333333333,20.0,0,14.3125540617,-4.0,129.322033898,71.4285714286,-488.0
09:44:21,3087.0,3092.47216812,4.41334234607,33.3333333333,4.0,0,14.2965414515,-2.0,7.79220779221,16.380952381,-24.0
09:44:21,3087.0,3092.46912887,4.40838803964,33.3333333333,18.0,0,14.2804925158,-12.0,10.8695652174,14.1904761905,-14.0
09:44:22,3087.0,3092.46609131,4.40423477469,33.3333333333,12.0,0,14.2670384668,0.0,6.81818181817,13.2380952381,-18.0
09:44:22,3087.0,3092.46305543,4.4000725215,33.3333333333,4.0,0,14.2535553013,0.0,12.5,10.1904761905,-16.0
09:44:23,3088.0,3092.46057664,4.39564135091,40.0,56.0,0,14.2345898669,2.0,45.6140350877,23.1428571429,-16.0
09:44:23,3087.0,3092.45754383,4.39146109576,33.3333333333,12.0,0,14.2256595263,4.0,47.1698113207,21.1428571429,-8.0
09:44:24,3087.0,3092.45451271,4.38727177487,33.3333333333,22.0,0,14.2120886779,8.0,45.1612903226,22.380952381,2.0
09:44:24,3088.0,3092.45203866,4.38356776588,40.0,2.0,0,14.1954914698,0.0,51.8518518518,17.0476190476,14.0
09:44:25,3088.0,3092.449566,4.37985666059,40.0,26.0,0,14.1834736418,16.0,49.1803278688,19.3333333333,30.0
09:44:25,3087.0,3092.4465393,4.37639810994,33.3333333333,24.0,0,14.1768646256,20.0,43.661971831,20.380952381,50.0
09:44:26,3087.0,3092.44351429,4.3729323068,33.3333333333,4.0,0,14.1656375342,2.0,20.0,14.7619047619,50.0
09:44:26,3087.0,3092.44049095,4.36945923392,33.3333333333,8.0,0,14.1543868932,8.0,27.9069767442,12.7619047619,54.0
09:44:27,3087.0,3092.4374693,4.36597887395,33.3333333333,20.0,0,14.1431126464,18.0,21.4285714286,14.380952381,64.0
09:44:27,3087.0,3092.43444932,4.36249120944,33.3333333333,4.0,0,14.1318147374,4.0,18.6046511628,11.5238095238,68.0
09:44:28,3087.0,3092.43143102,4.3582358179,33.3333333333,0.0,0,14.1180298604,0.0,0,7.42857142857,52.0
09:44:28,3087.0,3092.42841439,4.35473259657,33.3333333333,38.0,0,14.1066815568,10.0,45.9459459459,15.4285714286,42.0
09:44:29,3087.0,3092.42539945,4.3512220151,33.3333333333,4.0,0,14.0953094108,0.0,43.2432432432,13.0476190476,40.0
09:44:29,3087.0,3092.42238617,4.34770405565,33.3333333333,8.0,0,14.0839133646,0.0,35.1351351351,11.8095238095,32.0
09:44:30,3088.0,3092.41992997,4.34391968094,40.0,208.0,0,14.0670974124,-68.0,83.2061068702,67.7142857143,-54.0
09:44:30,3088.0,3092.41747514,4.3401280063,40.0,56.0,0,14.0548186733,12.0,86.6242038217,71.2380952381,-46.0
09:44:31,3088.0,3092.41502167,4.3363290126,40.0,44.0,0,14.0425162325,4.0,88.2681564246,68.8571428571,-42.0
09:44:31,3087.0,3092.41201416,4.33201461416,33.3333333333,4.0,0,14.0330891291,2.0,90.1234567901,52.9523809524,-50.0
09:44:32,3088.0,3092.40956372,4.32819994197,40.0,32.0,0,14.0161915219,2.0,91.4772727273,46.6666666667,-48.0
09:44:32,3087.0,3092.40655924,4.32386772448,33.3333333333,10.0,0,14.006698168,0.0,93.2203389831,32.7619047619,-48.0
09:44:33,3088.0,3092.40411183,4.32003728515,40.0,50.0,0,13.9897580478,18.0,95.9183673469,30.1904761905,38.0
09:44:33,3088.0,3092.40166578,4.31619942416,40.0,36.0,0,13.9773297415,24.0,96.5909090909,31.1428571429,50.0
09:44:34,3088.0,3092.39922109,4.31235412171,40.0,170.0,0,13.9648773371,-52.0,98.0132450331,71.3333333333,-6.0
09:44:34,3089.0,3092.39733316,4.30830714047,45.4545454545,6.0,0,13.9472552298,-2.0,97.3684210526,58.6666666667,-10.0
09:44:35,3089.0,3092.39544628,4.30264022268,45.4545454545,288.0,0,13.9289097529,-26.0,98.9285714286,126.476190476,-38.0
09:44:35,3090.0,3092.39411584,4.29767176956,50.0,46.0,0,13.9083228788,-6.0,98.322147651,112.952380952,-44.0
09:44:36,3089.0,3092.39223075,4.29282346869,45.4545454545,182.0,0,13.8971300378,0.0,92.3076923077,136.571428571,-62.0
09:44:36,3089.0,3092.3903467,4.28796563717,45.4545454545,80.0,0,13.8814038108,-10.0,91.7098445596,124.761904762,-96.0
09:44:37,3089.0,3092.38846369,4.28309824258,45.4545454545,24.0,0,13.8656466254,-12.0,88.178913738,94.8571428571,-56.0
09:44:37,3090.0,3092.38713714,4.27809219624,50.0,28.0,0,13.8449585639,-6.0,88.8888888889,73.0476190476,-60.0
09:44:38,3090.0,3092.38581132,4.27307674592,50.0,24.0,0,13.8287273331,-20.0,80.7291666667,49.0476190476,-54.0
09:44:38,3090.0,3092.38448624,4.26805185848,50.0,14.0,0,13.8124655614,-12.0,80.6818181818,34.7619047619,-60.0
09:44:39,3089.0,3092.38260649,4.26314625274,45.4545454545,12.0,0,13.8010561759,2.0,82.4175824176,21.4285714286,-58.0
09:44:39,3090.0,3092.38128319,4.25810228952,50.0,202.0,0,13.7802663091,-50.0,92.1052631579,70.4761904762,-98.0
09:44:40,3089.0,3092.37940522,4.25232607914,45.4545454545,22.0,0,13.7660280969,0.0,94.701986755,62.2857142857,-86.0
09:44:40,3090.0,3092.37808369,4.24640894037,50.0,844.0,0,13.7424237553,-128.0,98.747763864,289.047619048,-208.0
09:44:41,3090.0,3092.3767629,4.24133361131,50.0,40.0,0,13.7259987421,18.0,95.4144620811,247.238095238,-170.0
09:44:41,3090.0,3092.37544284,4.23624863165,50.0,14.0,0,13.7095424972,2.0,94.532627866,197.238095238,-156.0
09:44:42,3091.0,3092.37467892,4.23023475839,53.8461538462,466.0,0,13.6856511109,-306.0,95.717884131,276.380952381,-464.0
09:44:42,3092.0,3092.37447082,4.22507034787,57.1428571429,94.0,0,13.6645224705,-32.0,99.8648648649,227.619047619,-446.0
09:44:43,3090.0,3092.37315204,4.21995553192,50.0,154.0,0,13.6568140191,-100.0,90.1985111662,201.142857143,-546.0
09:44:43,3091.0,3092.37238939,4.21476892407,53.8461538462,54.0,0,13.6356160598,-20.0,78.5888077859,139.80952381,-438.0
09:44:44,3091.0,3092.37162716,4.2095728281,53.8461538462,56.0,0,13.6188056554,0.0,80.1909307876,116.666666667,-456.0
09:44:44,3091.0,3092.37086536,4.20436720881,53.8461538462,24.0,0,13.6019644413,-18.0,80.8962264151,83.619047619,-476.0
09:44:45,3091.0,3092.37010398,4.1991520308,53.8461538462,10.0,0,13.5850923028,0.0,62.7551020408,46.0952380952,-170.0
09:44:45,3090.0,3092.36878762,4.19398860658,50.0,1062.0,0,13.5727786621,342.0,-7.35294117645,330.857142857,204.0
09:44:46,3089.0,3092.36691659,4.18894266654,45.4545454545,34.0,0,13.5608373795,26.0,-5.16129032255,275.80952381,330.0
09:44:46,3090.0,3092.365602,4.18289048859,50.0,26.0,0,13.5368624226,4.0,-6.93069306928,224.19047619,354.0
09:44:47,3090.0,3092.36428814,4.17769558873,50.0,6.0,0,13.520050449,0.0,-8.95008605849,168.19047619,354.0
09:44:47,3090.0,3092.36297502,4.17249059649,50.0,0.0,0,13.5032058139,0.0,0,112.857142857,372.0
09:44:48,3090.0,3092.36166262,4.16727547404,50.0,4.0,0,13.486328395,0.0,-11.3074204947,59.8095238095,372.0
09:44:48,3090.0,3092.36035095,4.16205018331,50.0,24.0,0,13.469418069,2.0,87.2340425532,12.7619047619,32.0
09:44:49,3090.0,3092.35904,4.15681468595,50.0,52.0,0,13.4524747118,28.0,91.0714285714,23.1428571429,34.0
09:44:49,3090.0,3092.35772979,4.15156894335,50.0,16.0,0,13.4354981985,0.0,84.3137254902,22.380952381,30.0
09:44:50,3091.0,3092.35697571,4.1470644087,53.8461538462,12.0,0,13.4165784817,-10.0,83.3333333333,20.9523809524,20.0
09:44:50,3090.0,3092.35566664,4.14179953584,50.0,44.0,0,13.403881993,20.0,73.6842105263,28.380952381,40.0
09:44:51,3090.0,3092.3543583,4.1365243059,50.0,16.0,0,13.3868100515,-12.0,74.3902439024,25.7142857143,28.0
09:44:51,3090.0,3092.35305068,4.13205355598,50.0,24.0,0,13.3723416051,2.0,69.512195122,24.7619047619,28.0
09:44:52,3090.0,3092.3517438,4.12757480434,50.0,114.0,0,13.3578472632,48.0,71.6814159292,49.5238095238,48.0
09:44:52,3090.0,3092.35043764,4.1222708892,50.0,8.0,0,13.3406824893,2.0,75.2293577982,41.0476190476,50.0
09:44:53,3090.0,3092.3491322,4.11777492017,50.0,50.0,0,13.3261324277,-36.0,60.15625,44.9523809524,24.0
09:44:53,3090.0,3092.34782749,4.11402275834,50.0,44.0,0,13.3139895092,2.0,53.125,45.3333333333,6.0
09:44:54,3090.0,3092.3465235,4.10951166334,50.0,98.0,0,13.2993904962,-10.0,62.1301775148,61.1428571429,8.0
09:44:54,3090.0,3092.34522024,4.10499243432,50.0,12.0,0,13.2847651596,0.0,60.1226993865,48.4761904762,6.0
09:44:55,3091.0,3092.3444731,4.10116209818,53.8461538462,318.0,0,13.2680753743,-34.0,78.1132075472,123.80952381,-76.0
09:44:55,3090.0,3092.34317098,4.0973836503,50.0,38.0,0,13.2601412631,-4.0,78.2142857143,109.428571429,-82.0
09:44:56,3091.0,3092.34242498,4.09354142575,53.8461538462,14.0,0,13.2434209827,-2.0,86.2595419847,86.7619047619,-48.0
09:44:56,3090.0,3092.34112399,4.08975073005,50.0,122.0,0,13.2354392558,90.0,75.415282392,96.6666666667,40.0
09:44:57,3091.0,3092.34037913,4.08589655,53.8461538462,10.0,0,13.2186882886,-2.0,72.7626459144,70.8571428571,48.0
09:44:57,3091.0,3092.33963468,4.08203644371,53.8461538462,28.0,0,13.2062000767,-4.0,75.0943396226,54.380952381,44.0
09:44:58,3091.0,3092.33889065,4.07817039436,53.8461538462,206.0,0,13.1936926379,58.0,29.6650717703,88.0,136.0
09:44:58,3090.0,3092.33759163,4.07435517128,50.0,172.0,0,13.185615441,-60.0,21.7391304348,117.238095238,80.0
09:44:59,3091.0,3092.33684873,4.0697146668,53.8461538462,6.0,0,13.1663366768,-4.0,20.2205882353,92.6666666667,78.0
09:44:59,3090.0,3092.33555084,4.06588604378,50.0,24.0,0,13.1582072614,-18.0,23.3183856502,73.619047619,-30.0
09:45:00,3090.0,3092.33425367,4.06205107681,50.0,2.0,0,13.1457963651,0.0,21.9178082192,52.9523809524,-28.0
09:45:00,3089.0,3092.33240182,4.05833427447,45.4545454545,1228.0,0,13.1380196648,244.0,-0.366300366317,382.952380952,220.0
09:45:01,3090.0,3092.3311064,4.05448645536,50.0,26.0,51.4285714286,13.1213153895,2.0,-1.9204389575,312.380952381,164.0
09:45:01,3090.0,3092.3298117,4.04986495736,33.3333333333,40.0,0,13.1063590853,8.0,-1.80995475116,254.380952381,232.0
09:45:02,3089.0,3092.32796232,4.04535913802,30.0,490.0,0,13.0960153384,222.0,-1.54696132598,331.238095238,458.0
09:45:02,3089.0,3092.32611397,4.04084455174,30.0,4.0,0,13.081400297,4.0,-1.34078212292,246.19047619,480.0
09:45:03,3088.0,3092.32371124,4.03651388791,27.2727272727,314.0,0,13.0716123313,-4.0,-0.951474785938,250.666666667,476.0
09:45:03,3088.0,3092.32130984,4.03217426719,27.2727272727,122.0,0,13.0575591554,62.0,5.62248995983,185.428571429,294.0
09:45:04,3087.0,3092.31835438,4.02808715287,25.0,134.0,0,13.048549248,0.0,5.97826086956,176.285714286,292.0
09:45:04,3088.0,3092.31595596,4.02372952689,27.2727272727,510.0,0,13.0302121985,-30.0,34.6886912325,269.428571429,254.0
09:45:05,3089.0,3092.31411427,4.01917048709,30.0,4.0,0,13.0112349857,-2.0,50.3676470588,195.619047619,30.0
09:45:05,3088.0,3092.31171821,4.01479482279,27.2727272727,14.0,0,13.0012785712,-10.0,49.9089253188,147.80952381,16.0
09:45:06,3088.0,3092.30932348,4.01041005531,27.2727272727,16.0,0,12.9870791947,0.0,68.0,100.095238095,20.0
09:45:06,3088.0,3092.30693007,4.00516810231,27.2727272727,44.0,0,12.9701039583,-22.0,75.3462603878,74.5714285714,-64.0
09:45:07,3089.0,3092.3050934,3.99972221258,30.0,18.0,0,12.9482752107,-8.0,85.4785478548,45.3333333333,-72.0
09:45:07,3089.0,3092.30325775,3.99511549764,30.0,12.0,0,12.9333619218,-4.0,18.5185185185,19.9047619048,-46.0
09:45:08,3089.0,3092.30142311,3.98964747313,30.0,102.0,0,12.9156603209,102.0,58.2524271845,43.9047619048,58.0
09:45:08,3089.0,3092.2995895,3.98502125054,30.0,18.0,0,12.90068388,4.0,58.0952380952,39.2380952381,72.0
09:45:09,3088.0,3092.2972015,3.98057780873,27.2727272727,8.0,0,12.8904721785,0.0,60.396039604,31.5238095238,72.0
09:45:09,3088.0,3092.29481483,3.97612503491,27.2727272727,12.0,0,12.8760525742,2.0,75.2941176471,25.3333333333,96.0
09:45:10,3088.0,3092.29242948,3.97080548745,27.2727272727,6.0,0,12.8588260604,-2.0,77.2151898734,18.9523809524,102.0
09:45:10,3088.0,3092.29004546,3.9663326968,27.2727272727,102.0,0,12.8443416347,0.0,46.7741935484,40.5714285714,106.0
09:45:11,3089.0,3092.28821817,3.96165879804,30.0,26.0,0,12.8250527615,-12.0,20.9302325581,36.1904761905,-8.0
09:45:11,3089.0,3092.28639189,3.9569755566,30.0,66.0,0,12.8098917339,-2.0,43.6363636364,46.8571428571,-14.0
09:45:12,3089.0,3092.28456662,3.95228293928,30.0,92.0,0,12.7947003538,18.0,61.8421052632,62.6666666667,4.0
09:45:12,3088.0,3092.28218697,3.94777245168,27.2727272727,2.0,0,12.784237214,0.0,61.9047619048,48.7619047619,2.0
09:45:13,3089.0,3092.28036404,3.94219560307,30.0,480.0,0,12.7620446846,8.0,24.4791666667,171.904761905,12.0
09:45:13,3089.0,3092.27854212,3.93747329993,30.0,2.0,0,12.7467572027,0.0,28.1437125748,135.904761905,12.0
09:45:14,3089.0,3092.27672121,3.93187330679,30.0,2.0,0,12.7286283807,2.0,26.0869565217,104.666666667,26.0
09:45:14,3089.0,3092.27490132,3.92713061422,30.0,2.0,0,12.7132748922,0.0,17.9310344827,74.5714285714,28.0
09:45:15,3088.0,3092.27252703,3.92256966513,27.2727272727,8.0,0,12.7026219726,0.0,2.82258064514,49.2380952381,10.0
09:45:15,3089.0,3092.27070946,3.91780771401,30.0,2.0,0,12.6830939269,2.0,3.2258064516,26.1904761905,12.0
09:45:16,3088.0,3092.26833751,3.91322732166,27.2727272727,14.0,0,12.6723682696,2.0,33.3333333333,6.57142857143,6.0
09:45:16,3089.0,3092.26652227,3.90844597287,30.0,60.0,0,12.652787222,6.0,70.4545454546,22.2857142857,12.0
09:45:17,3088.0,3092.26415264,3.90384599853,27.2727272727,4.0,0,12.6419883372,4.0,68.8888888889,19.2380952381,14.0
09:45:17,3089.0,3092.26233972,3.89904511102,30.0,4.0,0,12.6223538719,2.0,69.5652173913,16.0952380952,16.0
09:45:18,3089.0,3092.26052781,3.89423442135,30.0,6.0,0,12.6067802569,-2.0,73.3333333333,13.4285714286,14.0
09:45:18,3088.0,3092.25816151,3.89041362966,27.2727272727,44.0,0,12.5984897334,-38.0,63.6363636364,21.7142857143,-26.0
09:45:19,3089.0,3092.25635192,3.88558446912,30.0,136.0,0,12.5787778217,-134.0,85.0393700787,54.2857142857,-162.0
09:45:19,3090.0,3092.25509874,3.88062613274,33.3333333333,322.0,0,12.5586606238,-40.0,94.1860465116,134.19047619,-208.0
09:45:20,3089.0,3092.25329086,3.87658971772,30.0,42.0,0,12.5496591703,38.0,87.3646209386,121.619047619,-174.0
09:45:20,3090.0,3092.25203938,3.87161312562,33.3333333333,582.0,0,12.5294923159,-82.0,91.6961130742,261.523809524,-258.0
09:45:21,3090.0,3092.25078859,3.86662675586,33.3333333333,16.0,0,12.513355197,2.0,90.5429071804,212.19047619,-254.0
09:45:21,3090.0,3092.2495385,3.86163057057,33.3333333333,2.0,0,12.4971863125,0.0,92.1818181818,158.380952381,-216.0
09:45:22,3090.0,3092.2482891,3.85662453161,33.3333333333,10.0,0,12.4809855392,10.0,90.5544147844,108.857142857,-72.0
09:45:22,3090.0,3092.2470404,3.85242744542,33.3333333333,4.0,0,12.467402736,2.0,85.0609756098,63.619047619,-30.0
09:45:23,3090.0,3092.24579239,3.84822289433,33.3333333333,4.0,0,12.4537957745,0.0,90.2912621359,33.5238095238,-68.0
09:45:23,3090.0,3092.24454508,3.84318973383,33.3333333333,102.0,0,12.4375072292,96.0,0,33.2380952381,110.0
09:45:24,3090.0,3092.24329845,3.83896903558,33.3333333333,500.0,0,12.4238480116,434.0,0,169.523809524,542.0
09:45:24,3090.0,3092.24205252,3.83474079435,33.3333333333,10.0,0,12.410164383,10.0,1.5873015873,142.761904762,552.0
09:45:25,3090.0,3092.24080728,3.83050498516,33.3333333333,30.0,0,12.3964562627,30.0,6.15384615385,121.333333333,572.0
09:45:25,3089.0,3092.23900734,3.82713265609,30.0,22.0,0,12.3895521401,14.0,7.48502994012,96.6666666667,584.0
09:45:26,3089.0,3092.23720839,3.823754447,30.0,0.0,0,12.3786158854,0.0,0,64.8571428571,584.0
09:45:26,3090.0,3092.23596584,3.82025268216,33.3333333333,24.0,0,12.3632772885,4.0,12.6279863481,40.0952380952,492.0
09:45:27,3090.0,3092.23472398,3.81598938678,33.3333333333,0.0,0,12.3494802161,0.0,0,12.1904761905,58.0
09:45:27,3090.0,3092.23348281,3.81315931356,33.3333333333,82.0,0,12.3403214031,2.0,41.7721518987,31.5238095238,50.0
09:45:28,3090.0,3092.23224233,3.81032511331,33.3333333333,14.0,0,12.331149234,0.0,35.2112676056,28.0,20.0
09:45:28,3090.0,3092.23100254,3.80680140799,33.3333333333,6.0,0,12.3197456569,4.0,36.5079365079,22.9523809524,10.0
09:45:29,3090.0,3092.22976344,3.80395821099,33.3333333333,2.0,0,12.3105443721,0.0,37.5,17.5238095238,10.0
09:45:29,3089.0,3092.22796963,3.80238213184,30.0,44.0,0,12.3094274258,0.0,16.2162162162,24.0,6.0
09:45:30,3089.0,3092.22617681,3.80080375475,30.0,0.0,0,12.3043177557,0.0,0,16.9523809524,6.0
09:45:30,3090.0,3092.22494039,3.79957453759,33.3333333333,18.0,0,12.2963577268,4.0,47.619047619,15.0476190476,8.0
09:45:31,3089.0,3092.22314925,3.79846053937,30.0,20.0,0,12.2967320795,0.0,33.3333333333,16.7619047619,8.0
09:45:31,3090.0,3092.22191451,3.79675966458,33.3333333333,8.0,0,12.2872481055,0.0,34.7826086956,14.7619047619,4.0
09:45:32,3090.0,3092.22068046,3.79505672626,33.3333333333,14.0,0,12.2817369782,8.0,36.5384615385,14.380952381,12.0
09:45:32,3090.0,3092.21944709,3.79335172162,33.3333333333,518.0,0,12.2762191638,-138.0,96.1937716263,157.428571429,-126.0
09:45:33,3090.0,3092.2182144,3.79164464788,33.3333333333,210.0,0,12.2706946533,-18.0,97.2081218274,189.904761905,-144.0
09:45:33,3090.0,3092.2169824,3.78939185933,33.3333333333,1010.0,0,12.2634040755,454.0,-5.95505617978,440.952380952,306.0
09:45:34,3090.0,3092.21575109,3.78815095453,33.3333333333,284.0,0,12.2593882024,98.0,-5.38160469668,437.333333333,404.0
09:45:34,3090.0,3092.21452046,3.78643762349,33.3333333333,8.0,0,12.2538434417,0.0,-5.38160469668,342.285714286,404.0
09:45:35,3089.0,3092.21273511,3.78483791872,30.0,2.0,0,12.2526316566,0.0,-5.80708661418,245.523809524,396.0
09:45:35,3089.0,3092.21095075,3.78370767238,30.0,4.0,0,12.2489727173,2.0,-41.8972332016,149.904761905,536.0
09:45:36,3090.0,3092.20972279,3.781988248,33.3333333333,8.0,0,12.2394441683,2.0,-63.829787234,79.9047619048,556.0
09:45:36,3090.0,3092.2084955,3.78113811945,33.3333333333,6.0,0,12.2366929432,-2.0,6.41025641026,18.9523809524,100.0
09:45:37,3090.0,3092.2072689,3.78028706492,33.3333333333,8.0,0,12.2339387214,0.0,77.7777777778,6.38095238095,2.0
09:45:37,3089.0,3092.20548758,3.77987604106,30.0,4.0,0,12.2365686017,2.0,62.5,5.80952380952,4.0
09:45:38,3090.0,3092.20426265,3.77934918298,33.3333333333,26.0,0,12.2309035048,-24.0,78.5714285714,11.7142857143,-20.0
09:45:38,3089.0,3092.202483,3.77893670949,30.0,208.0,0,12.2335277096,54.0,22.3076923077,68.4761904762,32.0
09:45:39,3089.0,3092.20070434,3.77877616505,30.0,22.0,0,12.2330079801,22.0,27.0072992701,62.380952381,52.0
09:45:39,3089.0,3092.19892666,3.77861510328,30.0,20.0,0,12.2324865759,0.0,30.5555555556,55.0476190476,54.0
09:45:40,3090.0,3092.19770537,3.77851821788,33.3333333333,142.0,0,12.2282142973,74.0,53.0805687204,81.9047619048,128.0
09:45:40,3090.0,3092.19648477,3.7784211462,33.3333333333,4.0,0,12.2279001495,-2.0,53.5545023697,62.9523809524,124.0
09:45:41,3089.0,3092.19470943,3.77825894607,30.0,2.0,0,12.2313335904,0.0,50.7537688442,43.4285714286,148.0
09:45:41,3089.0,3092.19293509,3.77809622841,30.0,2.0,0,12.2308068255,-2.0,97.9166666667,25.0476190476,92.0
09:45:42,3089.0,3092.19116173,3.77793299313,30.0,8.0,0,12.230278385,2.0,93.2584269663,18.1904761905,72.0
09:45:42,3089.0,3092.18938935,3.77776924019,30.0,2.0,0,12.2297482687,-2.0,91.25,10.2857142857,70.0
09:45:43,3089.0,3092.18761796,3.7776049695,30.0,4.0,0,12.2292164762,-4.0,9.09090909091,3.80952380952,-8.0
09:45:43,3089.0,3092.18584756,3.77744018099,30.0,2.0,0,12.2286830074,-2.0,0,3.33333333333,-8.0
09:45:44,3088.0,3092.18352273,3.77720860704,27.2727272727,168.0,0,12.2318931575,-104.0,33.3333333333,50.380952381,-112.0
09:45:44,3089.0,3092.1817546,3.77704257552,30.0,4.0,0,12.2273958418,-2.0,32.9787234043,42.6666666667,-112.0
09:45:45,3089.0,3092.17998745,3.77687602595,30.0,22.0,0,12.2268566719,14.0,41.5841584158,40.0,-100.0
09:45:45,3089.0,3092.17822128,3.7764548235,30.0,12.0,0,12.2254931159,10.0,45.2830188679,33.8095238095,-88.0
09:45:46,3089.0,3092.17645609,3.77603283843,30.0,18.0,0,12.2241270263,16.0,50.4424778761,28.8571428571,-68.0
09:45:46,3089.0,3092.17469188,3.77561007048,30.0,6.0,0,12.2227584023,4.0,51.3043478261,19.8095238095,-62.0
09:45:47,3089.0,3092.17292865,3.77518651939,30.0,4.0,0,12.2213872431,4.0,90.9090909091,10.0,46.0
09:45:47,3088.0,3092.170611,3.77462056592,27.2727272727,24.0,0,12.2235121953,4.0,93.0232558139,13.7142857143,52.0
09:45:48,3089.0,3092.16885004,3.77419518647,30.0,2.0,0,12.2181780073,2.0,90.9090909091,10.1904761905,40.0
09:45:48,3088.0,3092.16653466,3.77395554188,27.2727272727,4.0,0,12.2213586201,2.0,86.2068965517,8.19047619048,32.0
09:45:49,3088.0,3092.16422056,3.77371488018,27.2727272727,12.0,0,12.2205792752,0.0,65.3846153846,8.85714285714,16.0
09:45:49,3089.0,3092.16246315,3.77295787296,30.0,102.0,0,12.2141724602,100.0,89.1891891892,35.5238095238,112.0
09:45:50,3088.0,3092.16015131,3.7727151433,27.2727272727,22.0,0,12.2173417853,2.0,78.313253012,34.7619047619,110.0
09:45:50,3088.0,3092.15784076,3.7724713958,27.2727272727,12.0,0,12.2165524475,6.0,76.6233766234,30.2857142857,112.0
09:45:51,3088.0,3092.15553149,3.77189701593,27.2727272727,84.0,45.7142857143,12.2146924091,-16.0,76.2711864407,46.9523809524,94.0
09:45:51,3088.0,3092.1532235,3.77165106746,33.3333333333,16.0,0,12.2138959439,14.0,77.4193548387,40.2857142857,106.0
09:45:52,3089.0,3092.15147219,3.77121847839,40.0,18.0,0,12.2085415293,0.0,75.5905511811,33.619047619,106.0
09:45:52,3089.0,3092.14972186,3.77078510303,40.0,0.0,0,12.207138566,0.0,0,21.5238095238,6.0
09:45:53,3089.0,3092.1479725,3.77035094111,40.0,6.0,0,12.2057330564,-2.0,66.1764705882,16.0,2.0
09:45:53,3088.0,3092.14566871,3.77010131016,33.3333333333,8.0,0,12.2088772997,-8.0,62.1212121212,11.8095238095,-12.0
09:45:54,3088.0,3092.1433662,3.76985065976,33.3333333333,208.0,0,12.208065608,8.0,7.03125,64.9523809524,12.0
09:45:54,3088.0,3092.14106497,3.76959898971,33.3333333333,4.0,0,12.2072506143,-2.0,1.63934426229,53.9047619048,-4.0
09:45:55,3089.0,3092.13932042,3.76916137478,40.0,62.0,0,12.2018820809,28.0,8.33333333333,60.0,24.0
09:45:55,3089.0,3092.13757684,3.76872297198,40.0,0.0,0,12.2004628423,0.0,0,46.2857142857,24.0
09:45:56,3088.0,3092.13527882,3.7684685034,33.3333333333,12.0,0,12.2035897131,-6.0,7.48299319727,36.0,20.0
09:45:56,3088.0,3092.13298208,3.76821301428,33.3333333333,14.0,0,12.2027623519,0.0,7.33333333333,26.0,28.0
09:45:57,3088.0,3092.13068662,3.76762487812,33.3333333333,4.0,0,12.2008577659,4.0,22.9166666666,12.8571428571,24.0
09:45:57,3088.0,3092.12839243,3.76703533922,33.3333333333,10.0,0,12.1989486374,10.0,21.568627451,11.1428571429,36.0
09:45:58,3088.0,3092.12609952,3.76677645489,33.3333333333,0.0,0,12.1981102814,0.0,0,6.28571428571,8.0
09:45:58,3088.0,3092.12380788,3.76618432466,33.3333333333,4.0,0,12.1961927612,4.0,0,5.52380952381,12.0
09:45:59,3088.0,3092.12151751,3.76559078989,33.3333333333,0.0,0,12.1942706927,0.0,0,3.42857142857,18.0
09:45:59,3089.0,3092.11978381,3.76440557134,40.0,22.0,0,12.1864861487,22.0,5.0,8.19047619048,40.0
09:46:00,3089.0,3092.11805108,3.76321866727,40.0,18.0,0,12.1826437917,12.0,29.6296296296,11.4285714286,48.0
09:46:00,3088.0,3092.11576391,3.76221364933,33.3333333333,10.0,0,12.1833343566,4.0,29.6296296296,11.7142857143,42.0
09:46:01,3088.0,3092.11347801,3.76120670115,33.3333333333,20.0,0,12.1800735141,18.0,21.6216216216,14.8571428571,60.0
09:46:01,3088.0,3092.11119338,3.76019782117,33.3333333333,60.0,0,12.1768064157,52.0,12.3076923077,28.4761904762,108.0
09:46:02,3088.0,3092.10891002,3.75959496768,33.3333333333,8.0,0,12.1748541699,2.0,11.5942028986,24.5714285714,110.0
09:46:02,3088.0,3092.10662792,3.75899070378,33.3333333333,6.0,0,12.1728973568,2.0,13.1147540984,19.7142857143,90.0
09:46:03,3089.0,3092.1049025,3.75820213083,40.0,2.0,0,12.1664037903,2.0,3.77358490566,14.4761904762,80.0
09:46:03,3088.0,3092.10262263,3.7575951788,33.3333333333,104.0,0,12.1683781697,86.0,51.0,39.1428571429,162.0
09:46:04,3088.0,3092.10034403,3.7569868143,33.3333333333,2.0,0,12.1664080774,2.0,56.043956044,30.1904761905,146.0
09:46:04,3088.0,3092.09806669,3.7567121411,33.3333333333,938.0,0,12.1655185917,-342.0,10.7547169811,289.523809524,-248.0
09:46:05,3088.0,3092.09579062,3.75610116845,33.3333333333,62.0,0,12.1635400533,-48.0,15.7989228007,256.761904762,-298.0
09:46:05,3087.0,3092.09296041,3.7557449718,30.0,82.0,0,12.1663264393,24.0,14.9579831933,227.142857143,-276.0
09:46:06,3088.0,3092.09068718,3.75546675602,33.3333333333,40.0,0,12.1614856089,6.0,17.2638436482,181.904761905,-272.0
09:46:06,3087.0,3092.0878598,3.75510754026,30.0,216.0,0,12.1642615493,16.0,24.0298507463,185.142857143,-342.0
09:46:07,3088.0,3092.0855894,3.75482697568,33.3333333333,82.0,0,12.1594137813,-24.0,28.3098591549,144.761904762,-368.0
09:46:07,3088.0,3092.08332026,3.75454538313,33.3333333333,134.0,0,12.1585018884,74.0,86.038961039,115.428571429,48.0
09:46:08,3087.0,3092.08049698,3.75418182469,30.0,40.0,0,12.1612627946,36.0,81.8181818182,97.5238095238,132.0
09:46:08,3088.0,3092.07823066,3.75356123083,33.3333333333,54.0,0,12.1553148667,36.0,89.3992932862,84.6666666667,144.0
09:46:09,3088.0,3092.07596561,3.7529392185,33.3333333333,94.0,0,12.1533005781,-36.0,89.3548387097,84.5714285714,102.0
09:46:09,3088.0,3092.07370181,3.75231578701,33.3333333333,12.0,0,12.1512816937,0.0,86.0576923077,58.4761904762,86.0
09:46:10,3087.0,3092.07088387,3.75194590459,30.0,24.0,0,12.1540197752,-2.0,83.7988826816,45.5238095238,108.0
09:46:10,3087.0,3092.0680675,3.75157431974,30.0,1008.0,0,12.1528160665,-440.0,13.474025974,316.476190476,-406.0
09:46:11,3088.0,3092.06580809,3.75094638264,33.3333333333,136.0,0,12.146847094,28.0,17.7710843373,296.666666667,-414.0
09:46:11,3088.0,3092.06354993,3.74990492678,33.3333333333,22.0,0,12.1434745038,2.0,17.4382716049,239.714285714,-448.0
09:46:12,3087.0,3092.06073763,3.74952832425,30.0,46.0,0,12.1461882872,-6.0,11.3782051282,191.142857143,-418.0
09:46:12,3087.0,3092.05792689,3.74873740061,30.0,20.0,0,12.1436261763,-12.0,11.4649681529,137.428571429,-430.0
09:46:13,3087.0,3092.05511771,3.74794425133,30.0,6.0,0,12.1410568556,-6.0,10.3392568659,79.3333333333,-434.0
09:46:13,3086.0,3092.05175469,3.74789010603,27.2727272727,142.0,0,12.1448156385,62.0,35.4838709677,60.9523809524,68.0
09:46:14,3086.0,3092.04839354,3.74742050171,27.2727272727,234.0,0,12.1432939135,140.0,13.6170212766,110.095238095,180.0
09:46:14,3086.0,3092.04503425,3.7469483468,27.2727272727,2082.0,0,12.1417639235,-566.0,70.8300395257,682.571428571,-388.0
09:46:15,3087.0,3092.04223223,3.74614616788,30.0,386.0,0,12.1352321603,296.0,75.8885017422,672.380952381,-86.0
09:46:15,3087.0,3092.03943177,3.74534175698,30.0,34.0,0,12.1326263588,-8.0,75.1040221914,545.428571429,-82.0
09:46:16,3087.0,3092.03663286,3.74453511265,30.0,40.0,0,12.1300133225,0.0,74.0233036326,419.523809524,-76.0
09:46:16,3087.0,3092.03383551,3.74414109182,30.0,26.0,0,12.1287369349,-14.0,76.7309064954,288.0,-152.0
09:46:17,3088.0,3092.03159512,3.74307752003,33.3333333333,8.0,0,12.121365026,-2.0,82.7639751553,156.857142857,-294.0
09:46:17,3087.0,3092.02880056,3.74226461443,30.0,12.0,0,12.122658291,-2.0,77.0750988142,37.619047619,270.0
09:46:18,3087.0,3092.02600756,3.7414494699,30.0,38.0,0,12.1200177191,0.0,2.53164556962,24.380952381,-26.0
09:46:18,3087.0,3092.02321611,3.74063208496,30.0,2.0,0,12.1173698897,0.0,1.5873015873,17.4285714286,-18.0
09:46:19,3087.0,3092.02042621,3.73981245816,30.0,2.0,0,12.1147147981,-2.0,2.27272727273,12.0,-20.0
09:46:19,3087.0,3092.01763786,3.73899058802,30.0,22.0,0,12.1120524393,0.0,4.7619047619,14.0952380952,-6.0
09:46:20,3087.0,3092.01485105,3.73858335181,30.0,2.0,0,12.110733242,0.0,2.5641025641,10.6666666667,-4.0
09:46:20,3087.0,3092.0120658,3.73775728913,30.0,22.0,0,12.108057302,0.0,9.0909090909,13.2380952381,-2.0
09:46:21,3088.0,3092.00983749,3.73667740442,33.3333333333,842.0,0,12.100639263,-70.0,86.0986547085,249.619047619,-72.0
09:46:21,3088.0,3092.00761042,3.73559553444,33.3333333333,70.0,0,12.0971357981,2.0,80.0,227.142857143,-70.0
09:46:22,3088.0,3092.00538459,3.73451167747,33.3333333333,8.0,0,12.0936258985,6.0,79.5031055901,183.714285714,-62.0
09:46:22,3088.0,3092.00316,3.73342583177,33.3333333333,102.0,0,12.0901095589,46.0,73.2313575526,166.857142857,-16.0
09:46:23,3089.0,3092.00149204,3.73216126402,40.0,26.0,0,12.0821018583,-4.0,73.4579439252,124.476190476,-20.0
09:46:23,3089.0,3091.999825,3.73089494402,40.0,2.0,0,12.0780024086,0.0,74.4761904762,74.0952380952,-20.0
09:46:24,3088.0,3091.9976035,3.72980339071,33.3333333333,244.0,0,12.0783788559,-6.0,4.86725663717,93.8095238095,44.0
09:46:24,3088.0,3091.99538322,3.72821569708,33.3333333333,6.0,0,12.073237361,2.0,5.67010309278,74.0,44.0
09:46:25,3088.0,3091.99316418,3.72662525651,33.3333333333,8.0,0,12.0680869706,-2.0,6.70103092784,57.8095238095,36.0
09:46:25,3088.0,3091.99094637,3.72503206548,33.3333333333,526.0,0,12.0629276732,244.0,3.20197044335,189.619047619,234.0
09:46:26,3088.0,3091.9887298,3.72343612047,33.3333333333,44.0,0,12.0577594575,-4.0,2.40963855422,163.523809524,234.0
09:46:26,3088.0,3091.98651445,3.72233323839,33.3333333333,4.0,0,12.0541879482,2.0,2.64423076923,125.142857143,236.0
09:46:27,3088.0,3091.98430034,3.72164977978,33.3333333333,12.0,0,12.0519746755,10.0,5.66666666667,88.9523809524,252.0
09:46:27,3088.0,3091.98208745,3.72054319511,33.3333333333,0.0,0,12.0483911759,0.0,0,60.380952381,250.0
09:46:28,3088.0,3091.97987579,3.71943460085,33.3333333333,260.0,0,12.0448011686,260.0,34.2789598109,106.380952381,512.0
09:46:28,3088.0,3091.97766537,3.71832399521,33.3333333333,8.0,0,12.0412046477,8.0,90.8536585366,68.380952381,276.0
09:46:29,3088.0,3091.97545616,3.71721137638,33.3333333333,20.0,0,12.0376016074,6.0,100.0,58.4761904762,286.0
09:46:29,3088.0,3091.97324819,3.71609674255,33.3333333333,44.0,0,12.0339920419,8.0,99.4186046512,56.5714285714,292.0
09:46:30,3087.0,3091.97048604,3.71522975047,30.0,66.0,0,12.0350817961,66.0,92.9648241206,59.0476190476,348.0
09:46:30,3088.0,3091.96828083,3.71411096943,33.3333333333,314.0,0,12.0275614295,274.0,96.0674157303,129.80952381,622.0
09:46:31,3089.0,3091.96663224,3.71281554963,40.0,66.0,0,12.0194741004,34.0,82.6254826255,114.761904762,396.0
09:46:31,3088.0,3091.96442917,3.71169286026,33.3333333333,18.0,0,12.0197307651,16.0,81.0606060606,95.2380952381,404.0
09:46:32,3088.0,3091.96222732,3.71099263783,33.3333333333,10.0,0,12.0174632054,6.0,79.5366795367,72.9523809524,404.0
09:46:32,3088.0,3091.9600267,3.7098662146,33.3333333333,10.0,0,12.0138154618,6.0,76.4462809917,51.1428571429,402.0
09:46:33,3088.0,3091.95782729,3.70873776405,33.3333333333,44.0,0,12.010161153,44.0,71.4285714286,40.6666666667,380.0
09:46:33,3088.0,3091.95562911,3.70803265531,33.3333333333,0.0,0,12.0078777698,0.0,0,18.6666666667,106.0
09:46:34,3089.0,3091.95398755,3.70672661822,40.0,2.0,0,11.9997624416,2.0,16.6666666667,12.1904761905,74.0
09:46:34,3088.0,3091.9517915,3.70559252647,33.3333333333,4.0,0,11.9999757982,4.0,8.57142857143,9.33333333333,62.0
09:46:35,3088.0,3091.94959667,3.70445640037,33.3333333333,36.0,0,11.9962966333,36.0,6.24999999999,16.2857142857,92.0
09:46:35,3088.0,3091.94740306,3.70331823804,33.3333333333,12.0,0,11.9926108745,4.0,6.12244897958,15.1428571429,90.0
09:46:36,3088.0,3091.94521067,3.70217803762,33.3333333333,2.0,0,11.9889185156,2.0,10.7142857143,11.0476190476,48.0
09:46:36,3088.0,3091.94301949,3.70103579721,33.3333333333,2.0,0,11.9852195505,2.0,10.3448275862,8.95238095238,50.0
09:46:37,3088.0,3091.94082953,3.69989151493,33.3333333333,494.0,0,11.9815139732,182.0,1.45454545453,147.333333333,230.0
09:46:37,3087.0,3091.93808539,3.69899318968,30.0,24.0,0,11.9824852273,22.0,5.26315789473,128.0,248.0
09:46:38,3088.0,3091.93589817,3.69784470718,33.3333333333,18.0,0,11.9748857098,0.0,7.97101449274,106.0,212.0
09:46:38,3087.0,3091.93315677,3.696941919,30.0,10.0,0,11.9758403596,0.0,7.99999999999,82.5714285714,208.0
09:46:39,3088.0,3091.93097229,3.69528519047,33.3333333333,12.0,0,11.9665971194,12.0,9.64285714285,59.8095238095,218.0
09:46:39,3088.0,3091.92878902,3.69362562981,33.3333333333,14.0,0,11.9612228945,2.0,11.8881118881,37.1428571429,218.0
09:46:40,3088.0,3091.92660697,3.69246814308,33.3333333333,18.0,0,11.9574745566,0.0,85.4166666667,15.0476190476,36.0
09:46:40,3088.0,3091.92442612,3.69080334358,33.3333333333,8.0,0,11.9520833665,2.0,85.0,12.7619047619,16.0
09:46:41,3088.0,3091.92224649,3.68964139539,33.3333333333,2.0,50.0,11.9483205809,2.0,81.25,9.52380952381,18.0
09:46:41,3088.0,3091.92006807,3.68797134464,33.3333333333,4.0,0,11.9429123855,2.0,93.1034482759,7.61904761905,20.0
09:46:42,3087.0,3091.91733546,3.68654544038,30.0,44.0,0,11.9421621003,42.0,93.3333333333,17.4285714286,50.0
09:46:42,3087.0,3091.91460436,3.68511645083,30.0,10.0,0,11.9375330445,6.0,86.0465116279,16.0,54.0
09:46:43,3087.0,3091.91187479,3.68368437241,30.0,30.0,0,11.9328939825,4.0,59.1836734694,20.4761904762,58.0
09:46:43,3088.0,3091.90970213,3.68200260862,33.3333333333,2.0,0,11.9235835771,0.0,56.5217391304,16.380952381,56.0
09:46:44,3088.0,3091.90753067,3.68031797975,33.3333333333,4.0,0,11.9181281728,0.0,55.3191489362,13.1428571429,54.0
09:46:44,3087.0,3091.90480502,3.67887688134,30.0,62.0,0,11.9173206392,0.0,72.3684210526,26.380952381,52.0
09:46:45,3088.0,3091.90263629,3.67718641394,33.3333333333,30.0,0,11.9079870918,26.0,71.0144927536,27.7142857143,36.0
09:46:45,3088.0,3091.90046876,3.67549306972,33.3333333333,6.0,0,11.9025034641,4.0,74.6268656716,22.8571428571,34.0
09:46:46,3088.0,3091.89830244,3.67430681293,33.3333333333,4.0,0,11.898661959,4.0,92.5925925926,17.619047619,34.0
09:46:46,3088.0,3091.89613731,3.67260814916,33.3333333333,452.0,0,11.8931611048,-300.0,20.7885304659,141.619047619,-266.0
09:46:47,3088.0,3091.89397339,3.67141736641,33.3333333333,0.0,0,11.889304943,0.0,0,115.047619048,-266.0
09:46:47,3087.0,3091.89125528,3.66995912784,30.0,76.0,0,11.8884325489,-2.0,9.50704225351,110.380952381,-268.0
09:46:48,3087.0,3091.88853867,3.66849776459,30.0,4.0,0,11.8836986219,-2.0,4.79704797047,84.4761904762,-296.0
09:46:48,3087.0,3091.88582357,3.66703327292,30.0,54.0,0,11.8789545608,38.0,10.1694915254,74.0952380952,-262.0
09:46:49,3088.0,3091.88366537,3.66532029153,33.3333333333,64.0,0,11.8695605296,4.0,9.53846153846,64.2857142857,-262.0
09:46:49,3087.0,3091.88095298,3.66384966494,30.0,6.0,0,11.8686416098,-2.0,21.568627451,35.0476190476,36.0
09:46:50,3088.0,3091.87879749,3.66213076974,33.3333333333,8.0,0,11.8592317673,0.0,23.5849056604,27.619047619,36.0
09:46:50,3087.0,3091.8760878,3.66065399271,30.0,8.0,0,11.8582895779,4.0,37.5,19.8095238095,42.0
09:46:51,3088.0,3091.87393502,3.65892916771,33.3333333333,206.0,0,11.8488638851,196.0,73.4104046243,71.8095238095,240.0
09:46:51,3087.0,3091.87122803,3.65796087702,30.0,4.0,0,11.8495655232,0.0,72.2972972973,56.4761904762,202.0
09:46:52,3087.0,3091.86852254,3.65647521993,30.0,0.0,0,11.844752899,0.0,0,42.380952381,198.0
09:46:52,3088.0,3091.86637396,3.65474187795,33.3333333333,2.0,0,11.8353040089,0.0,92.9824561404,31.9047619048,200.0
09:46:53,3087.0,3091.86367117,3.65325003284,30.0,6.0,0,11.834305257,-4.0,91.1504424779,22.7619047619,196.0
09:46:53,3088.0,3091.86152528,3.65151072237,33.3333333333,56.0,0,11.8248404222,-2.0,78.102189781,28.0,190.0
09:46:54,3088.0,3091.85938059,3.65028528185,33.3333333333,4.0,0,11.8208720267,2.0,25.0,16.0952380952,-4.0
09:46:54,3088.0,3091.85723708,3.64854053986,33.3333333333,12.0,0,11.8152219555,0.0,37.5,16.0952380952,-4.0
09:46:55,3088.0,3091.85509477,3.64679284728,33.3333333333,4.0,0,11.8095623293,4.0,38.0952380952,13.4285714286,0.0
09:46:55,3087.0,3091.85239824,3.64528610708,30.0,4.0,0,11.8085069876,2.0,34.8837209302,10.5714285714,2.0
09:46:56,3087.0,3091.84970321,3.64429471237,30.0,4.0,0,11.8052954725,0.0,35.7142857143,7.61904761905,6.0
09:46:56,3088.0,3091.84756508,3.64305731351,33.3333333333,62.0,0,11.7974653935,8.0,64.4444444445,21.3333333333,16.0
09:46:57,3087.0,3091.84487274,3.64154203533,30.0,308.0,0,11.7963784753,92.0,13.7055837564,105.047619048,106.0
09:46:57,3087.0,3091.84218189,3.64002356143,30.0,10.0,0,11.7914595446,2.0,11.2244897959,89.1428571429,108.0
09:46:58,3087.0,3091.83949254,3.63902203955,30.0,2.0,0,11.7882152237,-2.0,10.7692307692,71.0476190476,102.0
09:46:58,3087.0,3091.83680468,3.63801812101,30.0,18.0,0,11.784963139,-2.0,10.8910891089,57.619047619,98.0
09:46:59,3087.0,3091.83411831,3.63701180382,30.0,4.0,0,11.7817032842,-4.0,10.8910891089,39.5238095238,94.0
09:46:59,3088.0,3091.83198883,3.63576027507,33.3333333333,16.0,0,11.7738350877,12.0,4.46927374301,24.8571428571,98.0
09:47:00,3087.0,3091.82930514,3.63422770805,30.0,10.0,0,11.7726845094,2.0,40.0,10.6666666667,8.0
09:47:00,3087.0,3091.82662294,3.63321396975,30.0,20.0,0,11.7694006147,-4.0,31.4285714286,13.5238095238,2.0
09:47:01,3088.0,3091.82449763,3.63143297865,33.3333333333,18.0,0,11.759821822,12.0,39.5348837209,15.3333333333,16.0
09:47:01,3087.0,3091.8218181,3.62989133599,30.0,16.0,0,11.7586373048,6.0,38.0952380952,15.8095238095,24.0
09:47:02,3087.0,3091.81914005,3.62886979481,30.0,72.0,0,11.7553281335,-32.0,27.6315789474,32.380952381,-4.0
09:47:02,3088.0,3091.8170189,3.62708007584,33.3333333333,56.0,0,11.7457256342,2.0,30.2083333333,41.1428571429,-14.0
09:47:03,3088.0,3091.81489892,3.62581152049,33.3333333333,6.0,0,11.7416176182,4.0,28.7234042553,33.7142857143,-12.0
09:47:03,3087.0,3091.81222472,3.62425811906,30.0,4.0,0,11.7403891126,0.0,31.3953488372,25.9047619048,-8.0
09:47:04,3088.0,3091.8101074,3.62298474208,33.3333333333,132.0,0,11.732463543,78.0,46.1538461538,55.4285714286,58.0
09:47:04,3087.0,3091.80743586,3.62142544065,30.0,4.0,0,11.7312129597,2.0,48.9051094891,42.9523809524,54.0
09:47:05,3088.0,3091.80532121,3.62014723074,33.3333333333,12.0,0,11.7232747109,-2.0,58.8785046729,33.3333333333,84.0
09:47:05,3087.0,3091.80265233,3.61910822818,30.0,158.0,0,11.7237066025,-82.0,34.8101265823,68.2857142857,0.0
09:47:06,3087.0,3091.79998493,3.61754021708,30.0,100.0,0,11.7186272014,40.0,25.8536585366,81.8095238095,36.0
09:47:06,3088.0,3091.79787441,3.61572781806,33.3333333333,28.0,0,11.7089631414,2.0,24.8847926267,70.2857142857,38.0
09:47:07,3088.0,3091.79576507,3.61391237502,33.3333333333,0.0,0,11.703084116,0.0,0,49.619047619,-40.0
09:47:07,3088.0,3091.7936569,3.61209388336,33.3333333333,0.0,0,11.6971952181,0.0,0,35.2380952381,-42.0
09:47:08,3088.0,3091.79154989,3.61027233848,33.3333333333,52.0,0,11.6912964329,50.0,13.0177514793,35.9047619048,10.0
09:47:08,3088.0,3091.78944406,3.60897670896,33.3333333333,10.0,0,11.6871007414,4.0,20.0,22.6666666667,96.0
09:47:09,3088.0,3091.7873394,3.60767888172,33.3333333333,20.0,0,11.682897933,-14.0,52.7272727273,19.3333333333,42.0
09:47:09,3088.0,3091.78523591,3.60584911491,33.3333333333,6.0,0,11.6769725224,2.0,68.1818181818,15.8095238095,42.0
09:47:10,3087.0,3091.78257818,3.60425673191,30.0,20.0,0,11.6755967992,0.0,70.3703703704,17.3333333333,42.0
09:47:10,3088.0,3091.78047733,3.6024207289,33.3333333333,4.0,0,11.6658702361,0.0,71.4285714286,13.3333333333,42.0
09:47:11,3087.0,3091.77782225,3.60082187978,30.0,20.0,0,11.6644699701,2.0,82.5,13.7142857143,-6.0
09:47:11,3087.0,3091.77516864,3.59975136316,30.0,0.0,0,11.6610021482,0.0,0,9.90476190476,-10.0
09:47:12,3087.0,3091.77251651,3.59814637421,30.0,0.0,0,11.6558029615,0.0,0,6.57142857143,4.0
09:47:12,3087.0,3091.76986584,3.59653807308,30.0,16.0,0,11.6505930453,-6.0,60.0,8.7619047619,-4.0
09:47:13,3087.0,3091.76721665,3.59492645532,30.0,6.0,0,11.6453723852,0.0,43.4782608696,7.61904761905,-4.0
09:47:13,3088.0,3091.76512434,3.59360538893,33.3333333333,48.0,0,11.6373231507,-40.0,20.0,19.1428571429,-44.0
09:47:14,3087.0,3091.76247778,3.59198772948,30.0,6.0,0,11.6358527032,-4.0,5.26315789475,16.5714285714,-50.0
09:47:14,3087.0,3091.75983269,3.59036674078,30.0,22.0,0,11.630601687,-14.0,4.08163265307,19.2380952381,-64.0
09:47:15,3088.0,3091.75774448,3.58850320425,33.3333333333,20.0,0,11.6208005319,-12.0,20.3389830509,20.2857142857,-76.0
09:47:15,3088.0,3091.75565742,3.58663654813,33.3333333333,2.0,0,11.614755661,0.0,25.0,15.2380952381,-70.0
09:47:16,3087.0,3091.75301612,3.58554156765,30.0,16.0,0,11.6149710646,12.0,22.8070175439,14.8571428571,-58.0
09:47:16,3088.0,3091.75093169,3.58366906265,33.3333333333,32.0,0,11.6051459283,-12.0,26.5306122449,18.5714285714,-30.0
09:47:17,3087.0,3091.74829302,3.58203222502,30.0,12.0,0,11.6036029317,-8.0,30.7692307692,17.3333333333,-34.0
09:47:17,3087.0,3091.74565581,3.58039203144,30.0,46.0,0,11.5982897034,-6.0,35.9375,25.5238095238,-26.0
09:47:18,3088.0,3091.74357547,3.57850993199,33.3333333333,10.0,0,11.5884388989,0.0,30.5084745763,22.2857142857,-14.0
09:47:18,3088.0,3091.74149628,3.57716280731,33.3333333333,154.0,0,11.5840764485,114.0,68.1481481482,60.6666666667,100.0
09:47:19,3088.0,3091.73941825,3.57527490741,33.3333333333,790.0,0,11.5779627831,-254.0,92.7203065134,273.523809524,-166.0
09:47:19,3088.0,3091.73734137,3.57338385079,33.3333333333,210.0,0,11.571838895,170.0,96.2356792144,283.80952381,16.0
09:47:20,3088.0,3091.73526565,3.57148963241,33.3333333333,64.0,0,11.5657047682,62.0,96.546310832,243.904761905,86.0
09:47:20,3089.0,3091.73374648,3.56943194983,40.0,22.0,0,11.5552992872,2.0,97.44,189.523809524,94.0
09:47:21,3088.0,3091.73167275,3.56807205567,33.3333333333,214.0,0,11.554637486,2.0,83.7689133425,191.142857143,96.0
09:47:21,3088.0,3091.72960018,3.56616895757,33.3333333333,0.0,0,11.5484746035,0.0,0,121.904761905,-18.0
09:47:22,3088.0,3091.72752875,3.56480411735,33.3333333333,18.0,0,11.5440547842,10.0,53.7878787879,65.1428571429,246.0
09:47:22,3088.0,3091.72545848,3.56343700045,33.3333333333,2.0,0,11.5396275921,0.0,23.125,40.5714285714,76.0
09:47:23,3088.0,3091.72338935,3.56152535942,33.3333333333,140.0,0,11.5334370448,20.0,33.3333333333,65.3333333333,34.0
09:47:23,3089.0,3091.72187678,3.5594509911,40.0,2.0,0,11.5229879932,2.0,35.1063829787,47.0476190476,34.0
09:47:24,3089.0,3091.72036505,3.5579169242,40.0,24.0,0,11.5180217682,14.0,77.4193548387,36.0,46.0
09:47:24,3089.0,3091.71885415,3.55583713078,40.0,50.0,0,11.5112888662,4.0,81.3559322034,41.4285714286,50.0
09:47:25,3089.0,3091.7173441,3.55429855168,40.0,12.0,0,11.5063080339,2.0,88.6956521739,33.619047619,42.0
09:47:25,3089.0,3091.71583488,3.55275791629,40.0,22.0,0,11.5013205448,6.0,89.6,28.9523809524,48.0
09:47:26,3089.0,3091.7143265,3.55121522193,40.0,0.0,0,11.4963263902,0.0,0,17.0476190476,28.0
09:47:26,3089.0,3091.71281896,3.54967046593,40.0,6.0,0,11.4913255614,0.0,91.2280701754,13.5238095238,26.0
09:47:27,3089.0,3091.71131226,3.54812364558,40.0,68.0,0,11.4863180498,68.0,94.9367088608,27.5238095238,80.0
09:47:27,3089.0,3091.70980639,3.54657475819,40.0,6.0,0,11.4813038465,4.0,92.9824561404,21.7142857143,80.0
09:47:28,3089.0,3091.70830136,3.54502380105,40.0,8.0,0,11.4762829429,6.0,92.7272727273,18.5714285714,84.0
09:47:28,3088.0,3091.70624177,3.54362926014,33.3333333333,14.0,0,11.4754833554,4.0,82.3529411765,17.3333333333,82.0
09:47:29,3089.0,3091.70473872,3.54254301794,40.0,72.0,0,11.4682519195,-44.0,49.4252873563,33.0476190476,38.0
09:47:29,3089.0,3091.7032365,3.54098611108,40.0,16.0,0,11.4632117549,14.0,48.9130434783,29.3333333333,52.0
09:47:30,3088.0,3091.70117972,3.54005491648,33.3333333333,8.0,0,11.4639084083,6.0,19.3548387097,22.8571428571,-10.0
09:47:30,3088.0,3091.69912408,3.53865213755,33.3333333333,0.0,0,11.4593657304,0.0,0,16.9523809524,-14.0
09:47:31,3088.0,3091.69706958,3.53724703541,33.3333333333,202.0,50.0,11.4548155292,2.0,3.84615384616,69.0476190476,-18.0
09:47:31,3089.0,3091.69557163,3.53615257024,40.0,14.0,0,11.4475641639,0.0,7.69230769231,58.1904761905,-22.0
09:47:32,3089.0,3091.6940745,3.53505669668,40.0,28.0,0,11.4440164995,20.0,16.4179104478,51.3333333333,42.0
09:47:32,3089.0,3091.69257821,3.53348810589,40.0,8.0,0,11.4389385105,-4.0,15.3846153846,40.8571428571,24.0
09:47:33,3089.0,3091.69108275,3.53238911213,40.0,12.0,0,11.435380745,0.0,18.1818181818,31.9047619048,18.0
09:47:33,3089.0,3091.68958812,3.53081671383,40.0,0.0,0,11.43029043,0.0,0,19.3333333333,18.0
09:47:34,3089.0,3091.68809432,3.52924221573,40.0,2.0,0,11.4251933173,0.0,78.125,7.33333333333,16.0
09:47:34,3089.0,3091.68660135,3.52813837833,40.0,20.0,0,11.4216198716,10.0,65.7142857143,10.0,26.0
09:47:35,3089.0,3091.6851092,3.52656005886,40.0,20.0,0,11.416510388,0.0,70.9677419355,12.380952381,6.0
09:47:35,3088.0,3091.68306249,3.52560999669,33.3333333333,782.0,0,11.4171308183,-602.0,5.02392344498,232.857142857,-592.0
09:47:36,3088.0,3091.68101691,3.52465827737,33.3333333333,0.0,0,11.4140488257,0.0,0,193.047619048,-592.0
09:47:36,3088.0,3091.67897247,3.52370489955,33.3333333333,2.0,0,11.4109614623,-2.0,4.11622276029,154.380952381,-594.0
09:47:37,3088.0,3091.67692916,3.52227549907,33.3333333333,14.0,0,11.4063325747,-14.0,5.4892601432,119.047619048,-608.0
09:47:37,3088.0,3091.67488699,3.52084374314,33.3333333333,6.0,0,11.4016960594,-6.0,5.09708737864,80.8571428571,-624.0
09:47:38,3088.0,3091.67284596,3.51940962887,33.3333333333,12.0,0,11.397051907,0.0,4.16666666667,45.0476190476,-624.0
09:47:38,3088.0,3091.67080605,3.51741856101,33.3333333333,2.0,0,11.3906041483,-2.0,100.0,6.7619047619,-24.0
09:47:39,3088.0,3091.66876728,3.51597929696,33.3333333333,28.0,0,11.3859433192,-6.0,100.0,13.0476190476,-30.0
09:47:39,3088.0,3091.66672964,3.51453766518,33.3333333333,4.0,0,11.3812748225,-2.0,100.0,11.1428571429,-30.0
09:47:40,3087.0,3091.66413774,3.5133284138,30.0,54.0,0,11.3810444244,-24.0,81.1320754717,23.4285714286,-40.0
09:47:40,3088.0,3091.66210267,3.51132554725,33.3333333333,10.0,0,11.3708728862,-8.0,81.8181818182,21.2380952381,-42.0
09:47:41,3088.0,3091.66006873,3.50987626624,33.3333333333,266.0,0,11.3661796187,0.0,50.5494505495,92.0,-42.0
09:47:41,3088.0,3091.65803593,3.50786724933,33.3333333333,32.0,0,11.3596737349,-4.0,51.7766497462,83.8095238095,-44.0
09:47:42,3088.0,3091.65600425,3.50585488025,33.3333333333,4.0,0,11.3531569956,-2.0,48.6486486487,66.1904761905,-40.0
09:47:42,3087.0,3091.6534183,3.50407342325,30.0,210.0,0,11.3510638913,0.0,65.2777777778,108.571428571,-38.0
09:47:43,3088.0,3091.65138918,3.50205424724,33.3333333333,6.0,0,11.3408492462,-2.0,65.9090909091,82.8571428571,-16.0
09:47:43,3088.0,3091.6493612,3.5000317018,33.3333333333,42.0,0,11.3342995524,-22.0,67.5,69.7142857143,-30.0
09:47:44,3088.0,3091.64733434,3.49800578108,33.3333333333,4.0,0,11.3277389284,-4.0,91.9463087248,44.1904761905,-34.0
09:47:44,3088.0,3091.6453086,3.49597647921,33.3333333333,0.0,0,11.321167355,0.0,0,30.0,-30.0
09:47:45,3088.0,3091.643284,3.49330301752,33.3333333333,58.0,0,11.3125097718,-56.0,86.875,33.9047619048,-84.0
09:47:45,3088.0,3091.64126051,3.49126634097,33.3333333333,2.0,0,11.3059143166,0.0,71.4285714286,19.2380952381,-84.0
09:47:46,3087.0,3091.63868275,3.48881784031,30.0,1002.0,0,11.3016450933,278.0,96.9314079422,300.19047619,196.0
09:47:46,3088.0,3091.63666182,3.48677367542,33.3333333333,130.0,0,11.2913655292,110.0,97.3244147157,284.571428571,328.0
09:47:47,3088.0,3091.63464201,3.48472609716,33.3333333333,4.0,0,11.2847347706,0.0,97.1571906355,228.761904762,332.0
09:47:47,3088.0,3091.63262333,3.48203107857,33.3333333333,0.0,0,11.2760073788,0.0,0,171.80952381,332.0
09:47:48,3088.0,3091.63060576,3.47997605356,33.3333333333,0.0,0,11.269352505,0.0,0,114.857142857,388.0
09:47:48,3088.0,3091.62858932,3.4779175957,33.3333333333,48.0,0,11.2626865146,38.0,95.4391891892,74.380952381,426.0
09:47:49,3088.0,3091.626574,3.47585569889,33.3333333333,0.0,0,11.2560093876,0.0,0,18.0,148.0
09:47:49,3088.0,3091.62455979,3.47379035701,33.3333333333,56.0,0,11.2493211043,56.0,3.7037037037,25.3333333333,94.0
09:47:50,3088.0,3091.62254671,3.47172156391,33.3333333333,2.0,0,11.2426216448,0.0,3.77358490565,20.7619047619,94.0
09:47:50,3088.0,3091.62053474,3.46964931341,33.3333333333,10.0,0,11.235910989,10.0,3.44827586206,18.5714285714,104.0
09:47:51,3088.0,3091.61852389,3.46692519291,33.3333333333,4.0,0,11.2270893553,4.0,3.33333333333,14.1904761905,108.0
09:47:51,3089.0,3091.61706956,3.46469276959,40.0,4.0,0,11.216227807,2.0,7.8947368421,9.61904761905,72.0
09:47:52,3088.0,3091.61506064,3.46260962745,33.3333333333,30.0,0,11.2131140785,12.0,5.66037735848,14.5714285714,84.0
09:47:52,3088.0,3091.61305283,3.45987260479,33.3333333333,6.0,0,11.2042506632,-2.0,3.57142857143,11.2380952381,26.0
09:47:53,3088.0,3091.61104613,3.45713071459,33.3333333333,8.0,0,11.1953714851,-6.0,3.22580645161,10.8571428571,20.0
09:47:53,3088.0,3091.60904055,3.4550358666,33.3333333333,6.0,0,11.1885876509,-6.0,3.44827586207,9.61904761905,4.0
09:47:54,3088.0,3091.60703609,3.45293751307,33.3333333333,4.0,0,11.1817924646,0.0,3.44827586207,8.0,0.0
09:47:54,3088.0,3091.60503273,3.45018248533,33.3333333333,420.0,0,11.1728707427,-308.0,0,125.238095238,-310.0
09:47:55,3088.0,3091.6030305,3.4480764789,33.3333333333,82.0,0,11.1660507736,-72.0,14.8288973384,126.095238095,-394.0
09:47:55,3087.0,3091.60047397,3.44554461597,30.0,24.0,0,11.1614662001,-20.0,16.5441176471,107.904761905,-412.0
09:47:56,3087.0,3091.59791886,3.44300766405,30.0,16.0,0,11.1532480209,8.0,18.8405797101,86.5714285714,-398.0
09:47:56,3088.0,3091.59592057,3.44088964191,33.3333333333,180.0,0,11.1427773378,134.0,17.3553719008,111.714285714,-258.0
09:47:57,3088.0,3091.59392339,3.43876807138,33.3333333333,0.0,0,11.1359069669,0.0,0,77.1428571429,-258.0
09:47:57,3088.0,3091.59192732,3.43598562602,33.3333333333,32.0,0,11.1268964573,22.0,40.7185628743,51.9047619048,72.0
09:47:58,3088.0,3091.58993236,3.43319820617,33.3333333333,12.0,0,11.1178698386,2.0,26.5151515152,39.4285714286,146.0
09:47:58,3087.0,3091.5873831,3.43129641123,30.0,20.0,0,11.115310694,20.0,22.3076923077,32.5714285714,186.0
09:47:59,3088.0,3091.58539067,3.42915923,33.3333333333,50.0,0,11.1047902526,50.0,31.9727891156,34.4761904762,228.0
09:47:59,3088.0,3091.58339934,3.42701846443,33.3333333333,26.0,0,11.0978577216,0.0,70.0,27.9047619048,94.0
09:48:00,3088.0,3091.58140911,3.42421333446,33.3333333333,26.0,0,11.0887737515,12.0,74.6987951807,28.6666666667,106.0
09:48:00,3087.0,3091.57886459,3.42229613015,30.0,76.0,0,11.0861552645,6.0,54.2857142857,42.4761904762,90.0
09:48:01,3088.0,3091.57687689,3.4201438494,33.3333333333,220.0,0,11.0755953672,210.0,25.3588516746,95.3333333333,298.0
09:48:01,3088.0,3091.57489028,3.4179879559,33.3333333333,10.0,0,11.0686138468,0.0,27.9411764706,78.2857142857,278.0
09:48:02,3087.0,3091.57234938,3.41605955537,30.0,34.0,0,11.0659525603,16.0,20.4081632653,68.5714285714,244.0
09:48:02,3088.0,3091.5703653,3.41447892921,33.3333333333,32.0,0,11.0572504184,24.0,15.5778894472,59.0476190476,268.0
09:48:03,3087.0,3091.56782691,3.41312662134,30.0,1002.0,0,11.0564516402,810.0,2.62008733624,326.380952381,1066.0
09:48:03,3086.0,3091.56473453,3.41150015878,27.2727272727,738.0,0,11.0547639623,0.0,1.57170923378,471.80952381,1060.0
09:48:04,3086.0,3091.56164387,3.41045368936,27.2727272727,244.0,0,11.0513729403,54.0,3.49514563105,444.571428571,904.0
09:48:04,3087.0,3091.55911033,3.40909231566,30.0,2488.0,0,11.0433829467,-362.0,22.1242838255,1057.33333333,542.0
09:48:05,3085.0,3091.55546739,3.40784819512,25.0,206.0,0,11.0465095466,118.0,21.7409766454,900.095238095,644.0
09:48:05,3085.0,3091.55182647,3.40718517291,25.0,268.0,0,11.044360366,-138.0,21.3101496159,752.380952381,482.0
09:48:06,3085.0,3091.54818758,3.40651875993,25.0,1558.0,0,11.0422001942,902.0,20.5379861868,962.0,574.0
09:48:06,3085.0,3091.54455071,3.40584895419,25.0,66.0,0,11.0400290249,14.0,23.5196687371,718.857142857,588.0
09:48:07,3085.0,3091.54091586,3.4056806099,25.0,174.0,0,11.0394833384,28.0,23.025210084,538.571428571,562.0
09:48:07,3085.0,3091.53728303,3.40500438489,25.0,908.0,0,11.0372913611,14.0,5.03144654088,571.333333333,938.0
09:48:08,3085.0,3091.53365221,3.40432476173,25.0,664.0,0,11.0350883687,-42.0,3.62836723474,609.619047619,778.0
09:48:08,3084.0,3091.52946801,3.40462094072,23.0769230769,136.0,0,11.0396269154,-116.0,3.53679406731,475.238095238,800.0
09:48:09,3084.0,3091.52528613,3.40440777287,23.0769230769,450.0,0,11.0389357097,34.0,3.16930775646,436.857142857,-68.0
09:48:09,3084.0,3091.52110658,3.40419076106,23.0769230769,392.0,0,11.0382320397,192.0,4.4052863436,434.666666667,110.0
09:48:10,3085.0,3091.51748475,3.40349737289,25.0,1438.0,0,11.0324063951,-372.0,8.22467402207,715.80952381,-290.0
09:48:10,3084.0,3091.51330953,3.4032729345,23.0769230769,208.0,0,11.0352559484,56.0,8.39416058395,585.333333333,-248.0
09:48:11,3083.0,3091.50858123,3.40359826843,21.4285714286,358.0,0,11.0398905885,-254.0,9.65794768612,531.047619048,-460.0
09:48:11,3083.0,3091.50385555,3.40391912831,21.4285714286,1294.0,0,11.0409313276,454.0,11.1594202899,758.761904762,110.0
09:48:12,3083.0,3091.4991325,3.40423551542,21.4285714286,756.0,0,11.0419575589,-52.0,11.1111111111,777.619047619,24.0
09:48:12,3083.0,3091.49441207,3.40505559816,21.4285714286,1240.0,0,11.0446175743,180.0,34.831885153,920.19047619,12.0
09:48:13,3083.0,3091.48969426,3.40536331477,21.4285714286,230.0,0,11.045615682,164.0,41.7523250122,733.80952381,548.0
09:48:13,3083.0,3091.48497907,3.4056665629,21.4285714286,296.0,0,11.0465992958,-146.0,46.9573550551,623.80952381,346.0
09:48:14,3083.0,3091.48026651,3.40596534375,21.4285714286,442.0,0,11.0475684196,134.0,52.6538280883,551.333333333,734.0
09:48:14,3083.0,3091.47555655,3.4062596585,21.4285714286,258.0,0,11.0485230571,-64.0,65.9217877095,422.285714286,216.0
09:48:15,3083.0,3091.47084922,3.4065495083,21.4285714286,66.0,0,11.0494632121,-4.0,82.1484992101,287.714285714,264.0
09:48:15,3083.0,3091.4661445,3.40624354117,21.4285714286,188.0,0,11.048470779,74.0,53.3783783784,220.857142857,158.0
09:48:16,3084.0,3091.46199779,3.40538240452,23.0769230769,156.0,0,11.0420959939,-24.0,55.0497866287,194.952380952,-30.0
09:48:16,3084.0,3091.45785339,3.4051088954,23.0769230769,404.0,0,11.041209129,-30.0,39.6301188904,243.428571429,86.0
09:48:17,3083.0,3091.45315589,3.405381079,21.4285714286,380.0,0,11.045673302,84.0,23.8292011019,279.904761905,36.0
09:48:17,3083.0,3091.44846099,3.40505597206,21.4285714286,1176.0,0,11.0446187871,-456.0,13.164556962,546.761904762,-356.0
09:48:18,3082.0,3091.44321331,3.40594930432,20.0,56.0,0,11.0511009225,-22.0,14.2372881356,449.904761905,-374.0
09:48:18,3082.0,3091.43796853,3.40624398289,20.0,3580.0,0,11.0520570503,1438.0,6.53685674548,1360.38095238,990.0
09:48:19,3081.0,3091.43217127,3.407243736,18.75,2724.0,0,11.0588891139,-416.0,-11.2019230769,1864.76190476,598.0
09:48:19,3081.0,3091.42637723,3.40883039932,18.75,2136.0,0,11.0640389462,-288.0,-5.65061679268,2078.85714286,340.0
09:48:20,3081.0,3091.42058641,3.41041053247,18.75,2128.0,0,11.0691675835,384.0,4.8813559322,2208.19047619,640.0
09:48:20,3081.0,3091.4147988,3.41139022338,18.75,326.0,0,11.0723473657,252.0,5.07762557078,1739.42857143,1348.0
09:48:21,3081.0,3091.40901441,3.41295723433,18.75,506.0,47.0588235294,11.0774334123,346.0,6.56140350877,1362.57142857,1716.0
09:48:21,3081.0,3091.40323323,3.41392351488,18.75,428.0,0,11.0805696685,124.0,9.62657613967,942.0,402.0
09:48:22,3081.0,3091.39745526,3.41547743531,18.75,148.0,0,11.0856132272,16.0,36.6008462623,591.523809524,834.0
09:48:22,3082.0,3091.3922359,3.41631857983,23.5294117647,612.0,0,11.0847455543,-38.0,50.0964320154,496.285714286,1084.0
09:48:23,3083.0,3091.38757484,3.41593488098,27.7777777778,470.0,0,11.0799055497,-132.0,43.7751004016,433.047619048,568.0
09:48:23,3083.0,3091.38291637,3.41554605607,27.7777777778,472.0,0,11.0786443596,-50.0,42.1092564492,449.333333333,266.0
09:48:24,3082.0,3091.37770509,3.41577629546,23.5294117647,126.0,0,11.0829860333,-16.0,39.3617021277,359.80952381,-96.0
09:48:24,3083.0,3091.3730521,3.41469942236,27.7777777778,196.0,0,11.0758982237,96.0,35.7707509881,308.380952381,-124.0
09:48:25,3082.0,3091.3678463,3.41424015009,23.5294117647,178.0,0,11.0780017848,-42.0,36.3193768257,262.857142857,-182.0
09:48:25,3083.0,3091.36319878,3.41382943398,27.7777777778,128.0,0,11.0730763347,-80.0,27.3885350318,201.619047619,-224.0
09:48:26,3082.0,3091.35799845,3.41403664584,23.5294117647,86.0,0,11.0773414855,8.0,23.1028667791,151.428571429,-84.0
09:48:26,3082.0,3091.35280101,3.41423805962,23.5294117647,86.0,0,11.077995002,-22.0,33.5,119.523809524,-56.0
09:48:27,3083.0,3091.34816185,3.41381140858,27.7777777778,106.0,0,11.0730178676,-66.0,38.717948718,111.714285714,-106.0
09:48:27,3082.0,3091.34296987,3.41400162548,23.5294117647,172.0,0,11.0772278568,-74.0,48.1481481481,123.714285714,-276.0
09:48:28,3082.0,3091.33778077,3.41418604619,23.5294117647,468.0,0,11.0778262368,-252.0,59.4646271511,221.428571429,-486.0
09:48:28,3082.0,3091.33259456,3.41496379199,23.5294117647,56.0,0,11.0803497469,-16.0,58.726899384,187.619047619,-422.0
09:48:29,3084.0,3091.32852202,3.41457618974,31.5789473684,1416.0,0,11.07190723,-758.0,84.2013888889,545.80952381,-1188.0
09:48:29,3084.0,3091.32445175,3.41290351705,31.5789473684,198.0,0,11.0664835183,176.0,85.9271523179,492.666666667,-990.0
09:48:30,3083.0,3091.31982834,3.41244617377,27.7777777778,478.0,0,11.0685896003,44.0,88.3070301291,514.19047619,-880.0
09:48:30,3083.0,3091.3152075,3.41130129763,27.7777777778,624.0,0,11.064876087,426.0,84.3827160494,559.714285714,-380.0
09:48:31,3084.0,3091.31114462,3.41029446431,31.5789473684,240.0,0,11.0580235548,146.0,88.1142098274,474.0,18.0
09:48:31,3084.0,3091.307084,3.40859931725,31.5789473684,514.0,0,11.052526969,104.0,90.3746397695,477.428571429,138.0
09:48:32,3083.0,3091.30247024,3.40743684443,27.7777777778,1258.0,0,11.0523413702,894.0,46.4975845411,671.619047619,1790.0
09:48:32,3083.0,3091.29785904,3.40626817585,27.7777777778,42.0,0,11.0485506839,4.0,43.536121673,525.904761905,1618.0
09:48:33,3084.0,3091.2938058,3.40378782062,31.5789473684,494.0,0,11.0369254884,486.0,45.3341740227,516.761904762,2060.0
09:48:33,3084.0,3091.28975481,3.40206799854,31.5789473684,52.0,0,11.0313488928,28.0,41.3846153846,380.571428571,1662.0
09:48:34,3083.0,3091.28515067,3.40088042341,27.7777777778,76.0,0,11.0310750029,-12.0,36.3711001642,278.476190476,1504.0
09:48:34,3083.0,3091.28054908,3.39891720912,27.7777777778,72.0,0,11.024707133,-6.0,18.7562688064,183.047619048,1394.0
09:48:35,3084.0,3091.27650546,3.39640822219,31.5789473684,28.0,0,11.0129968294,10.0,75.9162303665,96.0952380952,510.0
09:48:35,3084.0,3091.27246408,3.39389156027,31.5789473684,700.0,0,11.004836447,-404.0,4.50070323488,259.714285714,102.0
09:48:36,3083.0,3091.26786954,3.39267747018,27.7777777778,50.0,0,11.0044679539,10.0,-40.081799591,206.285714286,-374.0
09:48:36,3084.0,3091.26383296,3.39014638555,31.5789473684,106.0,0,10.9926925601,14.0,-30.2325581395,190.0,-388.0
09:48:37,3083.0,3091.25924321,3.38814559244,27.7777777778,32.0,0,10.9897683829,-4.0,-32.995951417,150.0,-380.0
09:48:37,3084.0,3091.25521142,3.38559908625,31.5789473684,32.0,0,10.9779477505,4.0,-31.8565400844,112.095238095,-370.0
09:48:38,3084.0,3091.25118187,3.38304482441,31.5789473684,78.0,0,10.9696654488,-20.0,-28.6573146293,89.2380952381,-400.0
09:48:38,3083.0,3091.24659915,3.38102081844,27.7777777778,218.0,0,10.9666585094,-96.0,70.5426356589,104.0,-92.0
09:48:39,3084.0,3091.24257438,3.37845103625,31.5789473684,1078.0,0,10.954769897,64.0,24.8704663213,387.428571429,-38.0
09:48:39,3083.0,3091.23799644,3.37718972175,27.7777777778,986.0,0,10.9542319875,314.0,12.7887788779,595.619047619,262.0
09:48:40,3083.0,3091.23342105,3.37514316112,27.7777777778,166.0,0,10.9475937759,110.0,17.5136825645,527.619047619,376.0
09:48:40,3083.0,3091.2288482,3.37386853462,27.7777777778,102.0,0,10.9434594052,44.0,17.8843226789,434.952380952,416.0
09:48:41,3083.0,3091.22427788,3.37180712025,27.7777777778,44.0,0,10.9367730141,-2.0,18.0416345413,322.380952381,434.0
09:48:41,3083.0,3091.21971011,3.36973782729,27.7777777778,44.0,0,10.9300610681,2.0,14.4628099174,211.428571429,532.0
09:48:42,3083.0,3091.21514487,3.36766064122,27.7777777778,36.0,0,10.92332352,-4.0,23.6574746009,106.476190476,464.0
09:48:42,3083.0,3091.21058217,3.36557554743,27.7777777778,268.0,0,10.9165603225,-2.0,85.4545454545,117.428571429,148.0
09:48:43,3083.0,3091.206022,3.3634825312,27.7777777778,350.0,0,10.9097714278,-242.0,89.0995260664,186.0,-204.0
09:48:43,3084.0,3091.20201977,3.36084423872,31.5789473684,146.0,0,10.8976791139,42.0,90.990990991,187.523809524,-206.0
09:48:44,3083.0,3091.19746435,3.35952119191,27.7777777778,20.0,0,10.8969224519,-4.0,89.1203703704,150.952380952,-208.0
09:48:44,3083.0,3091.19291147,3.3574052573,27.7777777778,272.0,0,10.8900592193,80.0,85.8974358974,187.523809524,-130.0
09:48:45,3084.0,3091.18891652,3.35474415319,31.5789473684,88.0,0,10.8778993294,-24.0,80.2447552448,160.666666667,-150.0
09:48:45,3084.0,3091.18492379,3.35286351497,31.5789473684,58.0,0,10.8718012807,4.0,72.8051391863,122.761904762,-144.0
09:48:46,3084.0,3091.18093327,3.35097664039,31.5789473684,16.0,0,10.8656830103,-12.0,55.0,82.8571428571,86.0
09:48:46,3083.0,3091.17638957,3.34883063016,27.7777777778,38.0,0,10.862246611,-8.0,48.3739837398,65.1428571429,36.0
09:48:47,3083.0,3091.17184839,3.3466765807,27.7777777778,216.0,0,10.8552597493,-142.0,34.8837209302,103.428571429,-102.0
09:48:47,3083.0,3091.16730974,3.34451447647,27.7777777778,120.0,0,10.8482467612,-84.0,13.0597014925,104.952380952,-266.0
09:48:48,3083.0,3091.1627736,3.34234430185,27.7777777778,48.0,0,10.841207596,-6.0,16.1290322581,93.1428571429,-248.0
09:48:48,3084.0,3091.15879539,3.33962905458,31.5789473684,16.0,0,10.828887985,-8.0,18.9427312775,74.0952380952,-260.0
09:48:49,3084.0,3091.15481939,3.33690567835,31.5789473684,60.0,0,10.8200573228,10.0,24.0963855422,69.619047619,-238.0
09:48:49,3083.0,3091.15029019,3.33471127769,27.7777777778,28.0,0,10.8164491654,2.0,24.5901639344,53.9047619048,-228.0
09:48:50,3084.0,3091.14631891,3.33197165475,31.5789473684,36.0,0,10.8040585433,-2.0,46.1038961039,40.9523809524,-88.0
09:48:50,3083.0,3091.14179443,3.33055855574,27.7777777778,64.0,0,10.8029794218,30.0,58.7301587302,44.5714285714,26.0
09:48:51,3084.0,3091.13782787,3.32780364254,31.5789473684,102.0,0,10.790543588,-18.0,70.5882352941,61.7142857143,14.0
09:48:51,3084.0,3091.13386351,3.32504050611,31.5789473684,80.0,0,10.7815840017,-22.0,68.6486486486,70.0,0.0
09:48:52,3084.0,3091.12990136,3.32138483501,31.5789473684,22.0,0,10.769730334,0.0,68.6746987952,58.6666666667,-10.0
09:48:52,3083.0,3091.125386,3.31914144363,27.7777777778,10.0,0,10.7659469466,-2.0,70.0636942675,45.7142857143,-14.0
09:48:53,3084.0,3091.12142855,3.31546581648,31.5789473684,52.0,0,10.7505376669,2.0,60.6060606061,45.619047619,-10.0
09:48:53,3084.0,3091.1174733,3.31177937654,31.5789473684,244.0,0,10.73858423,112.0,76.862745098,99.619047619,72.0
09:48:54,3083.0,3091.11296484,3.3086199498,27.7777777778,72.0,0,10.7318194934,14.0,67.0833333333,95.9047619048,104.0
09:48:54,3083.0,3091.10845889,3.30544993996,27.7777777778,20.0,0,10.7215372688,8.0,65.7142857143,78.7619047619,134.0
09:48:55,3084.0,3091.10451085,3.30173126117,31.5789473684,112.0,0,10.7060027924,62.0,52.9411764706,90.7619047619,196.0
09:48:55,3083.0,3091.10000959,3.29943316073,27.7777777778,16.0,0,10.7020212803,-2.0,53.488372093,71.0476190476,196.0
09:48:56,3084.0,3091.09606624,3.29658857292,31.5789473684,18.0,0,10.689327409,-4.0,59.7510373444,51.619047619,190.0
09:48:56,3083.0,3091.09156967,3.29337830557,27.7777777778,42.0,0,10.6823817891,-38.0,22.1428571429,40.6666666667,40.0
09:48:57,3084.0,3091.087631,3.28961886606,31.5789473684,42.0,0,10.6667278407,16.0,29.6,39.3333333333,42.0
09:48:57,3084.0,3091.08369452,3.28674662776,31.5789473684,118.0,0,10.6574144869,-100.0,23.5632183908,61.1428571429,-66.0
09:48:58,3083.0,3091.07920483,3.28440449485,27.7777777778,110.0,0,10.6532743913,20.0,33.5260115607,76.0,-108.0
09:48:58,3083.0,3091.07471763,3.28205389623,27.7777777778,6.0,0,10.645650004,-4.0,31.5476190476,61.2380952381,-110.0
09:48:59,3084.0,3091.07078832,3.27915620733,31.5789473684,36.0,0,10.6328022287,-14.0,27.1186440678,55.5238095238,-120.0
09:48:59,3084.0,3091.0668612,3.2762499264,31.5789473684,1018.0,0,10.6233784903,466.0,67.5187969925,329.523809524,384.0
09:49:00,3083.0,3091.06238085,3.2738738404,27.7777777778,170.0,0,10.6191172248,-66.0,60.0823045267,314.761904762,302.0
09:49:00,3084.0,3091.0584584,3.27095041074,31.5789473684,326.0,0,10.6061945873,16.0,53.181272509,338.476190476,418.0
09:49:01,3084.0,3091.05453812,3.26801832155,31.5789473684,1142.0,0,10.5966871646,-502.0,73.2394366197,585.428571429,-104.0
09:49:01,3084.0,3091.05062002,3.26507754951,31.5789473684,124.0,0,10.5871515873,6.0,70.1704545455,492.380952381,-94.0
09:49:02,3084.0,3091.0467041,3.26212807113,31.5789473684,54.0,0,10.5775877793,32.0,70.2893436838,373.714285714,-48.0
09:49:02,3084.0,3091.04279035,3.25916986278,31.5789473684,136.0,0,10.567995664,112.0,62.5,277.619047619,-402.0
09:49:03,3085.0,3091.03943417,3.25657425046,35.0,38.0,0,10.5561564034,18.0,66.7032967033,195.523809524,-318.0
09:49:03,3084.0,3091.03552446,3.25359960915,31.5789473684,24.0,0,10.5499338818,10.0,79.3148880105,115.714285714,-324.0
09:49:04,3084.0,3091.03161692,3.25061616904,31.5789473684,74.0,0,10.5402599515,66.0,18.6666666667,64.5714285714,244.0
09:49:04,3085.0,3091.02826696,3.24799842211,35.0,18.0,0,10.5283579323,14.0,26.1627906977,48.2857142857,252.0
09:49:05,3085.0,3091.02491885,3.2445441385,35.0,56.0,0,10.5171609028,8.0,27.7456647399,47.9047619048,228.0
09:49:05,3085.0,3091.0215726,3.24108081681,35.0,22.0,0,10.5059345764,12.0,36.2068965517,37.7142857143,128.0
09:49:06,3084.0,3091.01767281,3.23806296645,31.5789473684,218.0,0,10.4995556629,208.0,71.359223301,88.9523809524,318.0
09:49:06,3084.0,3091.01377519,3.23586951888,31.5789473684,30.0,0,10.4924433167,14.0,71.7703349282,77.9047619048,322.0
09:49:07,3084.0,3091.00987973,3.23283496541,31.5789473684,200.0,0,10.4826036492,32.0,88.6029411765,115.142857143,288.0
09:49:07,3085.0,3091.00654183,3.23017237624,35.0,1412.0,0,10.4705749635,82.0,97.3168214654,492.666666667,356.0
09:49:08,3086.0,3091.00376119,3.22629775784,38.0952380952,304.0,0,10.4546265646,-56.0,95.9743824337,487.238095238,292.0
09:49:08,3087.0,3091.0015375,3.2221312128,40.9090909091,236.0,0,10.4377428338,-52.0,87.3333333333,450.571428571,228.0
09:49:09,3087.0,3090.99931504,3.21795522071,40.9090909091,120.0,0,10.4242151626,-8.0,86.0121633362,370.571428571,12.0
09:49:09,3087.0,3090.99709382,3.21376974474,40.9090909091,98.0,0,10.4106567695,2.0,86.1603375527,288.952380952,0.0
09:49:10,3087.0,3090.99487382,3.2095747478,40.9090909091,416.0,0,10.3970675342,-368.0,87.2389791183,294.952380952,-400.0
09:49:10,3087.0,3090.99265507,3.2053701925,40.9090909091,280.0,0,10.3834473356,-56.0,77.4415405777,251.80952381,-538.0
09:49:11,3087.0,3090.99043754,3.20200109837,40.9090909091,246.0,47.0588235294,10.3725335224,4.0,65.4727793696,252.857142857,-478.0
09:49:11,3088.0,3090.98877665,3.19758269761,47.619047619,228.0,0,10.3548662487,-150.0,79.6829971182,251.523809524,-576.0
09:49:12,3087.0,3090.98656128,3.19419843256,45.0,140.0,0,10.347257637,-60.0,79.5454545455,225.428571429,-628.0
09:49:12,3088.0,3090.98490254,3.189762257,47.619047619,90.0,0,10.3295409877,-10.0,80.1428571429,184.095238095,-640.0
09:49:13,3088.0,3090.98324472,3.18531641499,47.619047619,82.0,0,10.3151438309,-6.0,72.9831144465,140.857142857,-278.0
09:49:13,3088.0,3090.98158782,3.18086086599,47.619047619,258.0,0,10.3007152396,-52.0,51.9157088123,163.80952381,-274.0
09:49:14,3087.0,3090.97937644,3.17659146466,45.0,68.0,0,10.2902217838,-38.0,62.3556581986,133.523809524,-316.0
09:49:14,3087.0,3090.97716629,3.17316701245,45.0,82.0,0,10.2791286441,0.0,45.8333333333,115.714285714,-166.0
09:49:15,3087.0,3090.97495737,3.16973535523,45.0,224.0,0,10.2680121647,-140.0,26.8656716418,145.428571429,-246.0
09:49:15,3086.0,3090.97219427,3.16657981119,42.8571428571,80.0,0,10.2611140998,-34.0,23.4256926952,130.0,-270.0
09:49:16,3087.0,3090.96998811,3.16227526894,45.0,78.0,0,10.2438460283,-2.0,25.3164556962,114.476190476,-266.0
09:49:16,3087.0,3090.96778317,3.1588206406,45.0,10.0,0,10.2326551364,-2.0,30.258302583,79.7142857143,-216.0
09:49:17,3087.0,3090.96557946,3.15535870865,45.0,34.0,0,10.2214405852,-6.0,31.4960629921,63.619047619,-184.0
09:49:17,3087.0,3090.96337697,3.15188944901,45.0,28.0,0,10.2102022968,-8.0,41.40969163,47.4285714286,-192.0
09:49:18,3086.0,3090.9606203,3.148696269,42.8571428571,32.0,0,10.2031635418,4.0,74.8091603053,34.9523809524,-48.0
09:49:18,3086.0,3090.95786517,3.14549570177,42.8571428571,26.0,0,10.1927922935,-20.0,76.9230769231,29.9047619048,-34.0
09:49:19,3086.0,3090.95511157,3.14306506848,42.8571428571,28.0,0,10.1849159704,4.0,64.5569620253,28.0,-28.0
09:49:19,3086.0,3090.95235949,3.13985077445,42.8571428571,72.0,0,10.1745002412,-66.0,72.7272727273,41.0476190476,-92.0
09:49:20,3087.0,3090.95016434,3.13634576181,45.0,6.0,0,10.1598502164,-2.0,73.9583333333,32.2857142857,-88.0
09:49:20,3087.0,3090.94797042,3.13283328112,45.0,8.0,0,10.1484719181,-6.0,68.6046511628,25.4285714286,-86.0
09:49:21,3086.0,3090.94522231,3.1303783224,42.8571428571,32.0,0,10.1438053221,6.0,65.1162790698,26.380952381,-84.0
09:49:21,3086.0,3090.94247573,3.12791788467,42.8571428571,78.0,0,10.1358324195,62.0,71.4285714286,40.4761904762,-2.0
09:49:22,3087.0,3090.94028607,3.12438526052,45.0,66.0,0,10.1211054763,54.0,59.5419847328,48.6666666667,48.0
09:49:22,3086.0,3090.93754223,3.12191298142,42.8571428571,22.0,0,10.1163738867,10.0,43.3962264151,42.4761904762,124.0
09:49:23,3087.0,3090.93535531,3.11915210859,45.0,6.0,0,10.104153251,2.0,41.5094339623,34.0952380952,128.0
09:49:23,3087.0,3090.93316961,3.11559914377,45.0,18.0,0,10.0926438088,4.0,45.045045045,29.1428571429,138.0
09:49:24,3087.0,3090.93098512,3.11282639966,45.0,16.0,0,10.0836618065,-2.0,48.5436893204,23.1428571429,130.0
09:49:24,3087.0,3090.92880185,3.10925935715,45.0,4.0,0,10.0721067611,2.0,30.303030303,14.4761904762,70.0
09:49:25,3087.0,3090.92661979,3.10647467019,45.0,2.0,0,10.0630860712,2.0,41.1764705882,8.7619047619,18.0
09:49:25,3086.0,3090.92388354,3.10317657588,42.8571428571,30.0,0,10.0556596756,22.0,34.2105263158,14.0952380952,30.0
09:49:26,3087.0,3090.92170421,3.10037985526,45.0,6.0,0,10.0433425826,4.0,39.4736842105,12.1904761905,32.0
09:49:26,3086.0,3090.91897069,3.0978606218,42.8571428571,50.0,0,10.0384336416,-6.0,35.1851851852,22.8571428571,22.0
09:49:27,3086.0,3090.91623868,3.09454167761,42.8571428571,34.0,0,10.0276787998,26.0,33.3333333333,27.4285714286,50.0
09:49:27,3086.0,3090.9135082,3.09201020104,42.8571428571,14.0,0,10.0194757001,10.0,30.8823529412,25.4285714286,58.0
09:49:28,3086.0,3090.91077923,3.08867685124,42.8571428571,62.0,0,10.0086741777,8.0,20.4081632653,36.6666666667,64.0
09:49:28,3086.0,3090.90805178,3.08613306323,42.8571428571,12.0,0,10.0004311835,2.0,26.9662921348,30.7619047619,44.0
09:49:29,3087.0,3090.90588124,3.08330078812,45.0,36.0,0,9.98801680634,24.0,22.1153846154,32.5714285714,64.0
09:49:29,3087.0,3090.90371191,3.08046287808,45.0,50.0,0,9.97882370611,-8.0,22.1153846154,36.9523809524,62.0
09:49:30,3087.0,3090.90154378,3.07761931752,45.0,22.0,0,9.96961230166,4.0,22.4489795918,33.3333333333,40.0
09:49:30,3086.0,3090.89882146,3.07425143955,42.8571428571,40.0,0,9.96192948655,22.0,23.4234234234,35.4285714286,52.0
09:49:31,3086.0,3090.89610065,3.07167822188,42.8571428571,584.0,0,9.95359112728,238.0,60.752688172,191.714285714,282.0
09:49:31,3086.0,3090.89338135,3.06829564978,42.8571428571,6.0,0,9.94263010297,4.0,60.162601626,158.0,284.0
09:49:32,3086.0,3090.89066356,3.06570988245,42.8571428571,110.0,0,9.93425107727,12.0,61.5763546798,154.285714286,272.0
09:49:32,3086.0,3090.88794728,3.06231252891,42.8571428571,36.0,0,9.92324215459,34.0,63.6591478697,125.904761905,314.0
09:49:33,3086.0,3090.8852325,3.0597141398,42.8571428571,2.0,0,9.91482222877,-2.0,64.7814910026,88.4761904762,308.0
09:49:33,3086.0,3090.88251924,3.05630191642,42.8571428571,8.0,0,9.90376512126,-2.0,65.9517426273,53.7142857143,284.0
09:49:34,3086.0,3090.87980748,3.05369083252,42.8571428571,40.0,0,9.89530405872,-14.0,57.4257425743,29.619047619,32.0
09:49:34,3087.0,3090.87765263,3.04998116519,45.0,104.0,0,9.8800815199,22.0,40.0,49.7142857143,50.0
09:49:35,3087.0,3090.87549898,3.04707489768,45.0,24.0,0,9.8706669831,-20.0,38.3177570094,42.2857142857,18.0
09:49:35,3086.0,3090.87279112,3.04444525547,42.8571428571,74.0,0,9.86534431456,-4.0,43.6507936508,53.2380952381,-20.0
09:49:36,3086.0,3090.87008477,3.04180968715,42.8571428571,74.0,0,9.8568039117,14.0,46.2962962963,62.380952381,-4.0
09:49:36,3087.0,3090.86793532,3.03888582927,45.0,136.0,0,9.84413938863,18.0,63.2743362832,85.8095238095,16.0
09:49:37,3087.0,3090.86578706,3.03595608021,45.0,456.0,0,9.83464878592,168.0,82.0276497696,194.571428571,198.0
09:49:37,3086.0,3090.86308459,3.03248603093,42.8571428571,120.0,0,9.82659115661,88.0,92.0814479638,187.523809524,264.0
09:49:38,3087.0,3090.86093903,3.02872532319,45.0,188.0,0,9.81122553674,64.0,89.5038167939,199.142857143,348.0
09:49:38,3088.0,3090.85935006,3.02476562708,47.619047619,26.0,0,9.7952254763,-2.0,87.2,156.666666667,350.0
09:49:39,3086.0,3090.85665117,3.02209144938,42.8571428571,2.0,0,9.79290813149,-2.0,89.6551724138,109.619047619,334.0
09:49:39,3087.0,3090.85450919,3.01912881668,45.0,86.0,0,9.78013869998,-6.0,85.8769931663,90.0,310.0
09:49:40,3087.0,3090.85236839,3.01616017848,45.0,14.0,0,9.7705221201,-6.0,72.9357798165,52.1904761905,136.0
09:49:40,3086.0,3090.84967337,3.01264402094,42.8571428571,752.0,0,9.76229429987,274.0,20.7865168539,246.285714286,322.0
09:49:41,3086.0,3090.84697986,3.00911942125,42.8571428571,32.0,0,9.75087304359,14.0,11.4035087719,204.571428571,272.0
09:49:41,3085.0,3090.84373244,3.00596115563,40.9090909091,32.0,0,9.74379629052,10.0,14.3790849673,170.285714286,284.0
09:49:42,3086.0,3090.84104222,3.00241969034,42.8571428571,64.0,0,9.72916296285,32.0,17.9591836735,144.857142857,318.0
09:49:42,3085.0,3090.8377981,3.00007361021,40.9090909091,30.0,0,9.72471186453,4.0,14.2857142857,106.761904762,328.0
09:49:43,3086.0,3090.83511118,2.99651648318,42.8571428571,10.0,0,9.71003397011,2.0,13.9130434783,65.619047619,336.0
09:49:43,3086.0,3090.83242576,2.99295077156,42.8571428571,24.0,0,9.69847949307,16.0,72.9166666667,28.6666666667,78.0
09:49:44,3086.0,3090.82974182,2.98937644464,42.8571428571,18.0,0,9.68689709864,0.0,71.9101123596,24.6666666667,64.0
09:49:44,3086.0,3090.82705938,2.98662748765,42.8571428571,272.0,0,9.67798926653,194.0,89.95215311,93.9047619048,248.0
09:49:45,3085.0,3090.82382302,2.98424748047,40.9090909091,18.0,0,9.67341160606,10.0,93.5483870968,79.1428571429,226.0
09:49:45,3086.0,3090.82114386,2.98064992861,42.8571428571,52.0,0,9.65861934092,-36.0,86.8020304569,76.2857142857,186.0
09:49:46,3086.0,3090.81846619,2.97788110051,42.8571428571,12.0,0,9.64964711766,2.0,86.8686868687,60.9523809524,186.0
09:49:46,3086.0,3090.81579001,2.97510596087,42.8571428571,8.0,0,9.64065444222,6.0,86.8421052632,44.380952381,176.0
09:49:47,3085.0,3090.81255991,2.97186029728,40.9090909091,4.0,0,9.63325866217,-4.0,85.7923497268,27.4285714286,172.0
09:49:47,3086.0,3090.80988701,2.96907142185,42.8571428571,38.0,0,9.62109987637,20.0,59.0909090909,20.8571428571,-2.0
09:49:48,3086.0,3090.80721559,2.96627617852,42.8571428571,22.0,0,9.61204205614,20.0,61.7647058824,20.8571428571,8.0
09:49:48,3086.0,3090.80454566,2.96263141085,42.8571428571,62.0,0,9.60023140262,60.0,94.5205479452,32.0952380952,104.0
09:49:49,3086.0,3090.80187721,2.95897774672,42.8571428571,76.0,0,9.58839192066,72.0,95.2380952381,46.8571428571,174.0
09:49:49,3086.0,3090.79921024,2.95616105692,42.8571428571,66.0,0,9.5792646044,-28.0,81.3432835821,55.7142857143,140.0
09:49:50,3086.0,3090.79654475,2.95333791854,42.8571428571,72.0,0,9.57011639191,-48.0,80.3571428571,63.5238095238,96.0
09:49:50,3086.0,3090.79388075,2.95050831308,42.8571428571,98.0,0,9.5609472232,38.0,78.7878787879,75.5238095238,114.0
09:49:51,3086.0,3090.79121822,2.94682293871,42.8571428571,4.0,0,9.54900498609,0.0,77.7777777778,57.8095238095,94.0
09:49:51,3086.0,3090.78855717,2.94397920853,42.8571428571,4.0,0,9.53979004708,-2.0,72.5,40.9523809524,32.0
09:49:52,3087.0,3090.786453,2.93999538086,45.0,10.0,0,9.52379456062,4.0,62.9921259843,28.5714285714,-36.0
09:49:52,3086.0,3090.7837946,2.93628417182,42.8571428571,8.0,0,9.51485473693,2.0,70.4081632653,18.7619047619,-6.0
09:49:53,3086.0,3090.78113767,2.93341854622,42.8571428571,6.0,0,9.5055688471,4.0,66.1538461539,11.1428571429,46.0
09:49:53,3086.0,3090.77848222,2.92969044629,42.8571428571,14.0,0,9.49348816038,-8.0,30.4347826087,8.95238095238,0.0
09:49:54,3087.0,3090.77638365,2.92652871047,45.0,16.0,0,9.48017074982,4.0,20.6896551724,11.3333333333,4.0
09:49:54,3087.0,3090.77428624,2.92336036138,45.0,2.0,0,9.4699072283,-2.0,25.0,9.14285714286,4.0
09:49:55,3087.0,3090.77219,2.92018537749,45.0,42.0,0,9.45962221408,-20.0,59.0909090909,18.4761904762,-20.0
09:49:55,3087.0,3090.77009492,2.91614269103,45.0,16.0,0,9.44652637198,-16.0,62.5,18.8571428571,-38.0
09:49:56,3086.0,3090.7674456,2.91323500501,42.8571428571,26.0,0,9.44016527873,-12.0,62.0689655172,21.7142857143,-54.0
09:49:56,3087.0,3090.76535316,2.9100387656,45.0,320.0,0,9.4267533709,236.0,17.5355450237,107.619047619,190.0
09:49:57,3087.0,3090.76326187,2.90683579985,45.0,28.0,0,9.4163777125,-2.0,18.8940092166,95.5238095238,184.0
09:49:57,3086.0,3090.76061635,2.90390795383,42.8571428571,8.0,0,9.40994152246,0.0,19.5454545455,77.1428571429,186.0
09:49:58,3086.0,3090.7579723,2.9001059474,42.8571428571,8.0,0,9.39762134609,-2.0,12.315270936,58.4761904762,204.0
09:49:58,3086.0,3090.75532972,2.89793603383,42.8571428571,40.0,0,9.39058986983,18.0,9.76744186047,50.5714285714,238.0
09:49:59,3087.0,3090.753244,2.8954795414,45.0,540.0,0,9.37959035116,214.0,60.3813559322,184.380952381,464.0
09:49:59,3087.0,3090.75115945,2.89301829602,45.0,20.0,0,9.37161741503,20.0,87.5776397516,145.142857143,248.0
09:50:00,3087.0,3090.74907605,2.89055228554,45.0,324.0,0,9.36362904288,320.0,58.9361702128,207.047619048,570.0
09:50:00,3086.0,3090.7464384,2.88836314661,42.8571428571,318.0,0,9.35956949645,30.0,41.6,253.142857143,600.0
09:50:01,3087.0,3090.74435763,2.88511022908,45.0,72.0,47.0588235294,9.34600009421,70.0,39.7260273973,214.19047619,672.0
09:50:01,3086.0,3090.7417226,2.88291048066,42.8571428571,100.0,0,9.3419004558,24.0,43.8136826783,180.19047619,678.0
09:50:02,3086.0,3090.73908905,2.88070581147,42.8571428571,84.0,0,9.33475635602,60.0,6.97167755991,138.761904762,524.0
09:50:02,3087.0,3090.73701235,2.87821477538,45.0,12.0,0,9.32366302358,-2.0,7.91208791209,98.4761904762,502.0
09:50:03,3086.0,3090.73438141,2.87600030907,42.8571428571,46.0,0,9.31950845454,42.0,11.7088607595,68.2857142857,224.0
09:50:03,3087.0,3090.73230733,2.8741847878,45.0,38.0,0,9.31060831812,-12.0,34.0909090909,49.0476190476,182.0
09:50:04,3086.0,3090.729679,2.87196130343,42.8571428571,132.0,0,9.30642029627,-60.0,27.6699029126,70.0,52.0
09:50:04,3085.0,3090.72649673,2.87011076484,40.9090909091,1206.0,0,9.30343845978,286.0,128.853754941,394.952380952,314.0
09:50:05,3086.0,3090.72387163,2.86856477858,42.8571428571,76.0,0,9.2954140589,52.0,131.125827815,344.380952381,306.0
09:50:05,3086.0,3090.72124798,2.86701526735,42.8571428571,20.0,0,9.29039295965,0.0,130.566534914,278.19047619,308.0
09:50:06,3086.0,3090.71862579,2.86546222544,42.8571428571,10.0,0,9.28536041945,-6.0,133.603238866,208.761904762,260.0
09:50:06,3086.0,3090.71600506,2.86321625628,42.8571428571,2.0,0,9.27808248958,0.0,135.684647303,138.761904762,272.0
09:50:07,3086.0,3090.71338579,2.86165549028,42.8571428571,2.0,0,9.2730249199,-2.0,149.088145897,70.4761904762,330.0
09:50:07,3086.0,3090.71076797,2.85940029757,42.8571428571,24.0,0,9.26571710164,10.0,26.8656716418,14.6666666667,54.0
09:50:08,3087.0,3090.708707,2.85755138586,45.0,572.0,0,9.25672622566,446.0,92.0634920635,171.714285714,448.0
09:50:08,3087.0,3090.70664718,2.85569908848,45.0,10.0,0,9.25072591021,6.0,91.935483871,144.571428571,454.0
09:50:09,3087.0,3090.70458851,2.85384339883,45.0,30.0,0,9.24471460587,18.0,89.375,123.619047619,478.0
09:50:09,3088.0,3090.70308637,2.85110759288,47.619047619,478.0,0,9.2328613759,4.0,93.5483870968,229.714285714,482.0
09:50:10,3088.0,3090.70158508,2.848366965,47.619047619,1406.0,0,9.22398628561,408.0,95.873015873,578.285714286,892.0
09:50:10,3089.0,3090.70064001,2.84623202294,50.0,86.0,0,9.2140887761,28.0,97.3663826491,482.857142857,910.0
09:50:11,3089.0,3090.69969548,2.84409414889,50.0,516.0,0,9.2071678501,-174.0,95.4077593032,507.333333333,290.0
09:50:11,3088.0,3090.69819606,2.84203824822,47.619047619,86.0,0,9.20349173645,-40.0,95.4650269024,411.619047619,244.0
09:50:12,3089.0,3090.69725288,2.83989436423,50.0,226.0,0,9.19357191399,138.0,96.1401000715,352.285714286,364.0
09:50:12,3089.0,3090.69631022,2.83774752823,50.0,74.0,0,9.18662197548,10.0,94.9039264829,240.19047619,370.0
09:50:13,3089.0,3090.69536809,2.83559773349,50.0,36.0,0,9.17966245869,4.0,90.8203125,136.476190476,-34.0
09:50:13,3089.0,3090.69442648,2.83274498249,50.0,104.0,0,9.17042726606,-16.0,82.9174664107,117.428571429,-78.0
09:50:14,3089.0,3090.6934854,2.83058852614,50.0,280.0,0,9.16344618369,126.0,59.0570719603,147.80952381,222.0
09:50:14,3089.0,3090.69254483,2.82842908893,50.0,84.0,0,9.15645545138,54.0,59.7014925373,133.428571429,316.0
09:50:15,3089.0,3090.69160479,2.82626666402,50.0,20.0,0,9.14945504702,-2.0,46.8227424749,100.857142857,176.0
09:50:15,3089.0,3090.69066527,2.82410124456,50.0,188.0,0,9.14244494839,-10.0,57.3033707865,126.095238095,156.0
09:50:16,3089.0,3090.68972627,2.82193282364,50.0,20.0,0,9.13542513317,4.0,56.8965517241,97.9047619048,156.0
09:50:16,3089.0,3090.6887878,2.81976139434,50.0,62.0,0,9.12839557894,6.0,64.2201834862,82.4761904762,178.0
09:50:17,3089.0,3090.68784984,2.8175869497,50.0,224.0,0,9.1213562632,-38.0,76.5886287626,115.333333333,14.0
09:50:17,3088.0,3090.68635701,2.81549283836,47.619047619,238.0,0,9.11752862162,-20.0,79.7872340426,154.857142857,-60.0
09:50:18,3089.0,3090.6854204,2.81331221468,50.0,54.0,0,9.10751769078,2.0,81.9338422392,134.476190476,-56.0
09:50:18,3089.0,3090.68448432,2.8104210286,50.0,264.0,0,9.09815807253,-96.0,82.5986078886,172.476190476,-142.0
09:50:19,3089.0,3090.68354875,2.80752510625,50.0,72.0,0,9.08878312156,-6.0,83.5886214442,152.0,-152.0
09:50:19,3089.0,3090.68261371,2.80462443295,50.0,32.0,0,9.07939279037,-6.0,83.7104072398,117.619047619,-164.0
09:50:20,3089.0,3090.68167918,2.80090923013,50.0,38.0,0,9.06736558799,4.0,93.123209169,86.380952381,-122.0
09:50:20,3089.0,3090.68074517,2.79799794772,50.0,24.0,0,9.057940912,-4.0,92.9752066116,60.0,-106.0
09:50:21,3089.0,3090.67981169,2.79508186622,50.0,236.0,0,9.04850069998,-14.0,69.6696696697,104.380952381,-122.0
09:50:21,3088.0,3090.67832332,2.79224322404,47.619047619,8.0,0,9.04223841983,-4.0,53.1707317073,74.9523809524,-30.0
09:50:22,3089.0,3090.67739117,2.78850305819,50.0,46.0,0,9.0272031667,-34.0,48.9583333333,68.5714285714,-58.0
09:50:22,3089.0,3090.67645955,2.78475562463,50.0,40.0,0,9.01507162391,-26.0,44.387755102,61.7142857143,-78.0
09:50:23,3088.0,3090.67497304,2.78189970564,47.619047619,112.0,0,9.00874257007,-60.0,42.9184549356,75.0476190476,-142.0
09:50:23,3089.0,3090.67404276,2.77895695805,50.0,30.0,0,8.99629963758,-22.0,42.3728813559,61.4285714286,-160.0
09:50:24,3089.0,3090.67311299,2.77600931206,50.0,40.0,0,8.986757242,-6.0,61.5942028986,50.380952381,-152.0
09:50:24,3089.0,3090.67218374,2.77223647291,50.0,44.0,0,8.9745434539,-22.0,66.6666666667,49.8095238095,-170.0
09:50:25,3088.0,3090.67069961,2.76853746432,47.619047619,14.0,0,8.96547106322,-10.0,63.5714285714,38.9523809524,-146.0
09:50:25,3089.0,3090.6697717,2.76557268643,50.0,40.0,0,8.95297082044,0.0,71.4285714286,37.0476190476,-120.0
09:50:26,3089.0,3090.66884431,2.76260293926,50.0,36.0,0,8.94335687685,-20.0,88.2352941177,34.0,-80.0
09:50:26,3089.0,3090.66791743,2.75962820675,50.0,20.0,0,8.93372679428,-18.0,92.7835051546,30.0,-76.0
09:50:27,3089.0,3090.66699106,2.75664847278,50.0,10.0,0,8.92408052049,-4.0,92.6829268293,23.619047619,-74.0
09:50:27,3089.0,3090.66606521,2.7536637211,50.0,6.0,0,8.91441800291,-4.0,92.0634920635,17.5238095238,-56.0
09:50:28,3089.0,3090.66513988,2.74984532393,50.0,18.0,0,8.90205673012,0.0,95.3846153846,16.6666666667,-46.0
09:50:28,3089.0,3090.66421506,2.7468493596,50.0,0.0,0,8.89235791388,0.0,0,10.4761904762,-46.0
09:50:29,3089.0,3090.66329075,2.74384832426,50.0,72.0,0,8.88264268132,-12.0,98.4126984127,26.7619047619,-38.0
09:50:29,3089.0,3090.66236696,2.74157289044,50.0,196.0,0,8.87527643392,116.0,84.1059602649,76.7619047619,96.0
09:50:30,3089.0,3090.66144368,2.73856269187,50.0,490.0,0,8.86553153728,124.0,86.189258312,202.380952381,224.0
09:50:30,3089.0,3090.66052091,2.73627990173,50.0,120.0,0,8.85814147534,28.0,85.7142857143,199.428571429,256.0
09:50:31,3089.0,3090.65959865,2.73326048627,50.0,72.0,0,8.84836674092,-28.0,86.5263157895,177.333333333,228.0
09:50:31,3089.0,3090.65867691,2.73023592285,50.0,376.0,0,8.83857534106,-26.0,90.346907994,239.523809524,202.0
09:50:32,3089.0,3090.65775568,2.72720619436,50.0,16.0,0,8.82876722032,4.0,88.6614173228,180.952380952,218.0
09:50:32,3089.0,3090.65683496,2.72417128355,50.0,144.0,0,8.81894232291,-18.0,80.13136289,161.619047619,84.0
09:50:33,3090.0,3090.65647015,2.72189168912,52.1739130435,240.0,0,8.80871096802,-110.0,83.0578512397,172.19047619,-150.0
09:50:33,3090.0,3090.65610555,2.71960916253,52.1739130435,80.0,0,8.80132415058,-22.0,82.7586206897,148.952380952,-200.0
09:50:34,3090.0,3090.65574115,2.71732369639,52.1739130435,96.0,0,8.79392782005,-80.0,83.1932773109,132.19047619,-252.0
09:50:34,3090.0,3090.65537695,2.71503528329,52.1739130435,22.0,0,8.78652195239,-12.0,72.5752508361,93.1428571429,-238.0
09:50:35,3089.0,3090.65445755,2.71335823028,50.0,18.0,0,8.78393729451,-14.0,73.0,69.8095238095,-256.0
09:50:35,3090.0,3090.65409406,2.71170303192,52.1739130435,26.0,0,8.77573796738,-22.0,96.265560166,48.6666666667,-260.0
09:50:36,3090.0,3090.65373078,2.70940696668,52.1739130435,204.0,0,8.76830733554,-50.0,87.4439461883,84.0,-200.0
09:50:36,3090.0,3090.65336769,2.70710792791,52.1739130435,178.0,0,8.7608670806,-60.0,92.6470588235,113.619047619,-238.0
09:50:37,3090.0,3090.65300481,2.70406243022,52.1739130435,986.0,0,8.75101110105,44.0,97.0711297071,369.428571429,-114.0
09:50:37,3090.0,3090.65264213,2.70175661593,52.1739130435,1396.0,0,8.74354891887,968.0,97.5071225071,700.0,866.0
09:50:38,3090.0,3090.65227966,2.69944780304,52.1739130435,454.0,0,8.7360770325,-78.0,99.1985203452,696.0,802.0
09:50:38,3090.0,3090.65191738,2.69713598386,52.1739130435,756.0,0,8.72859541702,-426.0,85.3044791142,757.523809524,398.0
09:50:39,3091.0,3090.6521107,2.69494949448,54.1666666667,510.0,0,8.71869781455,-34.0,74.8598130841,714.0,414.0
09:50:39,3090.0,3090.65174852,2.69263192187,52.1739130435,174.0,0,8.71401916462,-38.0,69.9719363891,559.904761905,436.0
09:50:40,3090.0,3090.65138654,2.69031132028,52.1739130435,738.0,0,8.7065091271,-586.0,68.0238331678,567.142857143,-194.0
09:50:40,3090.0,3090.65102476,2.68798768185,52.1739130435,72.0,0,8.69898926165,-38.0,53.550295858,395.904761905,-1200.0
09:50:41,3090.0,3090.65066318,2.68566099871,52.1739130435,54.0,0,8.69145954276,-24.0,44.1840277778,282.571428571,-1146.0
09:50:41,3090.0,3090.6503018,2.68333126294,52.1739130435,338.0,0,8.68391994479,-112.0,61.3997879109,269.428571429,-832.0
09:50:42,3091.0,3090.65049602,2.68177640592,54.1666666667,52.0,0,8.67608025209,28.0,84.593837535,194.476190476,-770.0
09:50:42,3090.0,3090.65013474,2.68009004306,52.1739130435,350.0,0,8.67343056005,-138.0,83.5411471322,226.476190476,-870.0
09:50:43,3091.0,3090.65032905,2.67713038221,54.1666666667,112.0,0,8.66104944098,-40.0,78.1186094069,182.095238095,-324.0
09:50:43,3090.0,3090.64996786,2.67478958155,52.1739130435,122.0,0,8.65627696294,-42.0,67.3151750973,170.380952381,-328.0
09:50:44,3090.0,3090.64960686,2.67244569116,52.1739130435,424.0,0,8.64869155717,56.0,75.2503576538,242.571428571,-248.0
09:50:44,3090.0,3090.64924607,2.67009870292,52.1739130435,96.0,0,8.64109612595,58.0,70.5882352941,203.428571429,-78.0
09:50:45,3091.0,3090.64944088,2.66788022155,54.1666666667,38.0,0,8.6311233308,6.0,69.176882662,159.238095238,-100.0
09:50:45,3090.0,3090.64908018,2.66618014948,52.1739130435,296.0,0,8.62841472325,-232.0,88.9705882353,189.428571429,-194.0
09:50:46,3090.0,3090.64871968,2.6638248602,52.1739130435,180.0,0,8.62079242782,-154.0,85.4671280277,189.047619048,-308.0
09:50:46,3091.0,3090.64891478,2.66159883028,54.1666666667,86.0,0,8.61080178026,54.0,93.5714285714,158.571428571,-212.0
09:50:47,3091.0,3090.64910978,2.65861074833,54.1666666667,42.0,0,8.60113474062,14.0,90.7859078591,117.238095238,-254.0
09:50:47,3091.0,3090.64930466,2.65637875142,54.1666666667,168.0,0,8.59391378654,-30.0,89.6296296296,130.095238095,-342.0
09:50:48,3091.0,3090.64949944,2.65414415073,54.1666666667,158.0,0,8.58668440869,64.0,81.7204301075,136.666666667,-284.0
09:50:48,3091.0,3090.64969411,2.65190693967,54.1666666667,62.0,0,8.5794465858,-52.0,78.4482758621,110.095238095,-104.0
09:50:49,3090.0,3090.64933326,2.64877044618,52.1739130435,190.0,0,8.57207264135,110.0,78.4702549575,131.238095238,160.0
09:50:49,3090.0,3090.64897262,2.64562880516,52.1739130435,1012.0,0,8.56190551832,-120.0,33.2107843137,386.761904762,-14.0
09:50:50,3090.0,3090.64861218,2.64324714667,52.1739130435,46.0,0,8.55419788567,-38.0,33.7408312958,322.19047619,-66.0
09:50:50,3090.0,3090.64825194,2.64086228845,52.1739130435,432.0,0,8.54647989789,-416.0,43.4736842105,367.714285714,-452.0
09:50:51,3090.0,3090.6478919,2.63847422181,52.1739130435,12.0,47.0588235294,8.53875152688,0.0,44.5838084379,280.666666667,-516.0
09:50:51,3090.0,3090.64753206,2.63608293803,52.1739130435,18.0,0,8.53101274443,0.0,42.9239766082,202.285714286,-464.0
09:50:52,3090.0,3090.64717242,2.63368842836,52.1739130435,40.0,0,8.52326352219,-20.0,37.4358974359,132.285714286,-594.0
09:50:52,3090.0,3090.64681298,2.63129068398,52.1739130435,42.0,0,8.51550383164,-2.0,96.9491525424,70.0,-476.0
09:50:53,3090.0,3090.64645374,2.62888969604,52.1739130435,116.0,0,8.50773364415,-48.0,93.3333333333,75.0476190476,-486.0
09:50:53,3090.0,3090.6460947,2.62648545565,52.1739130435,36.0,0,8.49995293092,-10.0,82.5757575758,53.9047619048,-80.0
09:50:54,3090.0,3090.64573586,2.62407795388,52.1739130435,10.0,0,8.49216166303,0.0,83.2061068702,44.1904761905,-80.0
09:50:54,3090.0,3090.64537722,2.62089414344,52.1739130435,32.0,0,8.48185806938,-6.0,85.5072463768,40.8571428571,-86.0
09:50:55,3089.0,3090.64446337,2.61767349113,50.0,2.0,0,8.47417769871,2.0,84.8739495798,28.2857142857,-64.0
09:50:55,3090.0,3090.64410544,2.61447878277,52.1739130435,216.0,0,8.46109638437,20.0,92.2330097087,78.6666666667,-42.0
09:50:56,3090.0,3090.6437477,2.61205525188,52.1739130435,18.0,0,8.45325324234,-2.0,98.0891719745,64.1904761905,4.0
09:50:56,3090.0,3090.64339016,2.60962840586,52.1739130435,82.0,0,8.44539937171,40.0,86.6666666667,72.6666666667,54.0
09:50:57,3090.0,3090.64303282,2.60719823544,52.1739130435,12.0,0,8.43753474253,-10.0,86.7403314917,58.9523809524,44.0
09:50:57,3089.0,3090.64212028,2.60473210158,50.0,10.0,0,8.43228262084,-4.0,84.705882353,44.5714285714,46.0
09:50:58,3089.0,3090.64120824,2.60148194945,50.0,416.0,0,8.4217609241,-210.0,93.1034482759,147.238095238,-166.0
09:50:58,3090.0,3090.64085212,2.59904042122,52.1739130435,26.0,0,8.41113404924,4.0,88.2978723404,118.761904762,-182.0
09:50:59,3089.0,3090.63994078,2.59577981337,50.0,880.0,0,8.40330143532,560.0,34.221598878,343.333333333,380.0
09:50:59,3089.0,3090.63902996,2.59251319984,50.0,138.0,0,8.39272644818,130.0,39.6761133603,314.857142857,470.0
09:51:00,3089.0,3090.63811964,2.59002536751,50.0,48.0,0,8.38467260442,32.0,41.1067193676,258.0,512.0
09:51:00,3089.0,3090.63720983,2.58753368201,50.0,518.0,0,8.37660628687,-180.0,30.7996051333,333.714285714,336.0
09:51:01,3088.0,3090.63574512,2.58511115648,48.0,368.0,0,8.37147395233,-84.0,7.58341759352,342.380952381,462.0
09:51:01,3087.0,3090.63372582,2.58207711392,46.1538461538,100.0,0,8.36435734991,30.0,7.50487329434,276.761904762,488.0
09:51:02,3087.0,3090.63170764,2.57903651021,46.1538461538,238.0,0,8.35450764564,-26.0,15.7446808511,247.047619048,-98.0
09:51:02,3088.0,3090.63024599,2.57580909918,48.0,192.0,0,8.34135070979,-12.0,14.2076502732,234.761904762,-240.0
09:51:03,3088.0,3090.62878515,2.57257520976,48.0,16.0,0,8.33087826995,-6.0,11.5921787709,169.619047619,-278.0
09:51:03,3088.0,3090.62732512,2.57012753683,48.0,46.0,0,8.32295186796,-32.0,21.4583333333,114.571428571,-130.0
09:51:04,3088.0,3090.6258659,2.56688189033,48.0,80.0,0,8.31244135469,-14.0,44.3452380952,91.7142857143,-60.0
09:51:04,3088.0,3090.62440749,2.56442469122,48.0,18.0,0,8.30448410368,12.0,50.8474576271,64.8571428571,-78.0
09:51:05,3088.0,3090.62294989,2.56116720835,48.0,28.0,0,8.29393526021,20.0,65.2631578947,44.7619047619,-32.0
09:51:05,3088.0,3090.6214931,2.55790313369,48.0,18.0,0,8.28336507025,-2.0,66.9902912621,31.8095238095,-22.0
09:51:06,3088.0,3090.62003712,2.55463244197,48.0,46.0,0,8.27277345198,-42.0,75.4237288136,35.1428571429,-58.0
09:51:06,3088.0,3090.61858195,2.55135510774,48.0,8.0,0,8.262160323,-2.0,70.7070707071,26.1904761905,-28.0
09:51:07,3087.0,3090.61657218,2.54825089795,46.1538461538,16.0,0,8.25478101052,0.0,80.5970149254,21.3333333333,-14.0
09:51:07,3087.0,3090.61456353,2.5451398704,46.1538461538,6.0,0,8.24470317588,-2.0,75.4098360656,16.6666666667,-28.0
09:51:08,3088.0,3090.6131114,2.54092902168,48.0,28.0,0,8.22839709093,-28.0,77.0491803279,18.8571428571,-76.0
09:51:08,3087.0,3090.61110467,2.53780293758,46.1538461538,2.0,0,8.2209359818,0.0,75.4716981132,13.619047619,-74.0
09:51:09,3087.0,3090.60909906,2.5346699538,46.1538461538,164.0,0,8.21078702235,100.0,24.1071428571,55.4285714286,68.0
09:51:09,3088.0,3090.60764996,2.53135058861,48.0,16.0,0,8.19737884913,12.0,25.8620689655,49.3333333333,82.0
09:51:10,3088.0,3090.60620167,2.52710485549,48.0,0.0,0,8.18362971336,0.0,0,38.2857142857,82.0
09:51:10,3087.0,3090.60419878,2.52302836787,46.1538461538,50.0,0,8.17307537372,-2.0,38.4615384615,42.2857142857,82.0
09:51:11,3088.0,3090.60275241,2.51968539825,48.0,14.0,0,8.15960297362,4.0,31.7073170732,33.9047619048,114.0
09:51:11,3087.0,3090.60075143,2.51651483476,46.1538461538,204.0,0,8.15197549324,124.0,17.4107142857,80.4761904762,238.0
09:51:12,3088.0,3090.59930697,2.51223174356,48.0,34.0,0,8.13546549079,0.0,28.3018867925,68.8571428571,138.0
09:51:12,3087.0,3090.59730791,2.5081175464,46.1538461538,72.0,0,8.12477339293,8.0,20.320855615,74.2857142857,134.0
09:51:13,3088.0,3090.59586537,2.5047435861,48.0,6.0,0,8.11121627622,4.0,20.5263157895,58.1904761905,138.0
09:51:13,3087.0,3090.59386822,2.50154174683,46.1538461538,34.0,0,8.10347180701,22.0,10.4395604396,49.8095238095,162.0
09:51:14,3087.0,3090.59187218,2.49833271564,46.1538461538,446.0,0,8.09307650028,-66.0,0.502512562816,159.904761905,92.0
09:51:14,3087.0,3090.58987725,2.49511646478,46.1538461538,28.0,0,8.08265780623,-18.0,3.54838709678,130.0,-50.0
09:51:15,3087.0,3090.58788343,2.49189296631,46.1538461538,90.0,0,8.07221563431,-2.0,9.76331360947,126.19047619,-52.0
09:51:15,3087.0,3090.58589071,2.48866219206,46.1538461538,24.0,0,8.06174989328,2.0,10.5095541401,100.857142857,-58.0
09:51:16,3088.0,3090.5844545,2.48524533342,48.0,10.0,0,8.04807426626,-6.0,11.3924050633,73.8095238095,-68.0
09:51:16,3088.0,3090.58301909,2.48182125231,48.0,36.0,0,8.03698592068,8.0,16.0883280757,54.0,-82.0
09:51:17,3087.0,3090.58102908,2.47856863313,46.1538461538,48.0,0,8.02905290939,18.0,74.5762711864,37.5238095238,2.0
09:51:17,3088.0,3090.57959557,2.47512998474,48.0,10.0,0,8.0153173081,2.0,76.1467889908,29.1428571429,22.0
09:51:18,3087.0,3090.57760746,2.4718626299,46.1538461538,62.0,0,8.00732954293,56.0,76.8421052632,36.4761904762,80.0
09:51:18,3088.0,3090.57617586,2.46840929435,48.0,220.0,0,7.99355341435,116.0,74.6113989637,90.2857142857,194.0
09:51:19,3088.0,3090.57474504,2.46494858522,48.0,78.0,0,7.98234645473,-42.0,78.4140969163,94.1904761905,158.0
09:51:19,3088.0,3090.57331503,2.46148047141,48.0,30.0,0,7.97111551621,-20.0,79.0178571429,81.1428571429,130.0
09:51:20,3088.0,3090.57188581,2.45800492157,48.0,36.0,0,7.9598604973,24.0,79.3577981651,70.0952380952,136.0
09:51:20,3088.0,3090.57045738,2.45452190411,48.0,30.0,0,7.94858129571,-4.0,80.701754386,57.9047619048,130.0
09:51:21,3088.0,3090.56902974,2.45187280398,48.0,48.0,0,7.94000260357,-16.0,68.3257918552,49.9047619048,58.0
09:51:21,3088.0,3090.5676029,2.44837624134,48.0,0.0,0,7.928679538,0.0,0,28.8571428571,-58.0
09:51:22,3088.0,3090.56617685,2.44487212168,48.0,18.0,0,7.91733200025,-6.0,58.024691358,23.4285714286,-22.0
09:51:22,3087.0,3090.56419619,2.44238421703,46.1538461538,206.0,0,7.91183743773,-2.0,20.7100591716,74.5714285714,-4.0
09:51:23,3088.0,3090.56277203,2.43971308207,48.0,4.0,0,7.90062526578,0.0,12.4183006536,59.619047619,-28.0
09:51:23,3088.0,3090.56134867,2.43703699306,48.0,48.0,0,7.89195917443,34.0,4.93827160494,58.7619047619,10.0
09:51:24,3087.0,3090.55937069,2.43526862095,46.1538461538,28.0,0,7.88878723987,20.0,11.1842105263,51.3333333333,46.0
09:51:24,3088.0,3090.55794921,2.43331906389,48.0,2.0,0,7.87991924833,0.0,11.7647058823,37.4285714286,46.0
09:51:25,3087.0,3090.55597312,2.43080790753,46.1538461538,2.0,0,7.87433724501,2.0,8.96551724137,23.4285714286,54.0
09:51:25,3088.0,3090.55455353,2.42885121197,48.0,202.0,0,7.86545081596,-2.0,8.39160839162,67.3333333333,54.0
09:51:26,3088.0,3090.55313473,2.4268913809,48.0,10.0,0,7.85910421276,0.0,8.90410958905,56.5714285714,54.0
09:51:26,3088.0,3090.55171671,2.42555261299,48.0,4.0,0,7.85476882446,0.0,8.87096774195,43.8095238095,20.0
09:51:27,3088.0,3090.55029949,2.42472195173,48.0,4.0,0,7.85207885924,-2.0,8.03571428573,33.1428571429,-2.0
09:51:27,3088.0,3090.54888305,2.42389020997,48.0,8.0,0,7.84938539499,-8.0,10.4347826087,24.7619047619,-10.0
09:51:28,3088.0,3090.54746739,2.42345328999,48.0,4.0,0,7.84797049867,-4.0,12.0689655173,14.9523809524,-16.0
09:51:28,3088.0,3090.54605253,2.42329716209,48.0,20.0,0,7.84746490315,2.0,88.0,9.61904761905,-12.0
09:51:29,3088.0,3090.54463845,2.42314073755,48.0,46.0,0,7.84695834697,-20.0,95.3488372093,20.380952381,-32.0
09:51:29,3088.0,3090.54322515,2.42298401629,48.0,2.0,0,7.84645082996,2.0,95.2380952381,16.8571428571,-30.0
09:51:30,3088.0,3090.54181264,2.42282699828,48.0,200.0,0,7.84594235193,200.0,98.5714285714,70.0,172.0
09:51:30,3087.0,3090.53984551,2.42256464195,46.1538461538,24.0,0,7.84763408472,24.0,90.5405405405,63.5238095238,204.0
09:51:31,3088.0,3090.53843488,2.42212480691,48.0,54.0,0,7.84366841616,54.0,77.4566473988,64.8571428571,262.0
09:51:31,3088.0,3090.53702503,2.42168438218,48.0,2.0,0,7.84224217028,2.0,76.8292682927,48.9523809524,262.0
09:51:32,3088.0,3090.53561596,2.42124336745,48.0,10.0,0,7.84081401378,6.0,73.9726027397,36.1904761905,288.0
09:51:32,3088.0,3090.53420768,2.42108432434,48.0,6.0,0,7.84029897778,2.0,72.972972973,24.0,288.0
09:51:33,3088.0,3090.53280018,2.42064230776,48.0,0.0,0,7.83886757693,0.0,0,9.90476190476,88.0
09:51:33,3088.0,3090.53139346,2.42019970034,48.0,4.0,0,7.83743426275,0.0,26.3157894737,6.47619047619,64.0
09:51:34,3088.0,3090.52998752,2.42003953646,48.0,14.0,0,7.83691559734,12.0,61.1111111111,6.85714285714,22.0
09:51:34,3088.0,3090.52858236,2.41959592586,48.0,2.0,0,7.83547903452,0.0,61.1111111111,5.71428571429,20.0
09:51:35,3088.0,3090.52717798,2.41875348917,48.0,0.0,0,7.83275093642,0.0,0,4.0,14.0
09:51:35,3087.0,3090.52521898,2.41848431006,46.1538461538,26.0,0,7.83441629434,24.0,34.7826086957,10.1904761905,36.0
09:51:36,3088.0,3090.52381647,2.41763989024,48.0,2.0,0,7.82914472229,2.0,37.5,8.57142857143,38.0
09:51:36,3087.0,3090.52185934,2.41696995223,46.1538461538,28.0,0,7.82951069723,16.0,22.2222222222,14.2857142857,54.0
09:51:37,3087.0,3090.51990329,2.4157842578,46.1538461538,22.0,0,7.82566976936,6.0,22.5,17.1428571429,48.0
09:51:37,3088.0,3090.51850374,2.41493601825,48.0,4.0,0,7.82038866012,2.0,24.3902439024,14.4761904762,50.0
09:51:38,3087.0,3090.51654956,2.41466193989,46.1538461538,28.0,0,7.82203414282,28.0,18.1818181818,18.5714285714,78.0
09:51:38,3087.0,3090.51459646,2.41398676441,46.1538461538,0.0,0,7.81984698547,0.0,0,13.3333333333,54.0
09:51:39,3087.0,3090.51264445,2.41331024902,46.1538461538,0.0,0,7.81765548759,0.0,0,9.33333333333,52.0
09:51:39,3087.0,3090.51069352,2.413033268,46.1538461538,20.0,0,7.81675823777,20.0,35.1351351351,11.1428571429,56.0
09:51:40,3087.0,3090.50874368,2.41275545567,46.1538461538,18.0,0,7.81585829503,2.0,28.5714285714,12.7619047619,52.0
09:51:40,3088.0,3090.50735032,2.41230231711,48.0,2.0,0,7.8118598352,2.0,26.4705882353,10.0,52.0
09:51:41,3088.0,3090.50595773,2.41184858153,48.0,4.0,42.8571428571,7.81039048424,2.0,50.0,7.90476190476,26.0
09:51:41,3087.0,3090.50401052,2.411568553,50.0,2.0,0,7.81201345318,2.0,47.8260869565,6.38095238095,28.0
09:51:42,3087.0,3090.50206439,2.41128769195,50.0,8.0,0,7.81110363442,8.0,48.1481481481,6.47619047619,36.0
09:51:42,3087.0,3090.50011934,2.41100599809,50.0,12.0,0,7.81019111789,12.0,26.0869565217,7.33333333333,28.0
09:51:43,3088.0,3090.49873077,2.41054958579,52.1739130435,14.0,0,7.80618389181,12.0,33.3333333333,9.14285714286,38.0
09:51:43,3087.0,3090.49678757,2.41055355497,50.0,2.0,0,7.8087254777,2.0,28.5714285714,7.71428571429,38.0
09:51:44,3088.0,3090.49540085,2.4103833387,52.1739130435,2.0,0,7.80564552689,0.0,25.0,6.28571428571,36.0
09:51:44,3087.0,3090.4934595,2.41038641183,50.0,8.0,0,7.80818403572,0.0,21.7391304348,6.66666666667,34.0
09:51:45,3087.0,3090.49151923,2.41038897276,50.0,0.0,0,7.80819233158,0.0,0,4.47619047619,26.0
09:51:45,3087.0,3090.48958003,2.4103910215,50.0,12.0,0,7.80819896826,0.0,42.1052631579,6.09523809524,14.0
09:51:46,3087.0,3090.48764191,2.41039255806,50.0,12.0,0,7.80820394577,10.0,38.8888888889,7.71428571429,12.0
09:51:46,3087.0,3090.48570487,2.41039358243,50.0,4.0,0,7.80820726411,2.0,36.8421052632,7.14285714286,12.0
09:51:47,3087.0,3090.48376891,2.41039409462,50.0,2.0,0,7.80820892328,2.0,31.5789473684,5.90476190476,14.0
09:51:47,3087.0,3090.48183402,2.41039409462,50.0,12.0,0,7.80820892328,4.0,47.6190476191,7.52380952381,18.0
09:51:48,3087.0,3090.4799002,2.41010525294,50.0,10.0,0,7.80727325215,6.0,46.1538461539,8.38095238095,24.0
09:51:48,3087.0,3090.47796746,2.40981557616,50.0,6.0,0,7.80633487581,0.0,34.7826086957,7.61904761905,24.0
09:51:49,3087.0,3090.47603579,2.40952506398,50.0,20.0,0,7.80539379326,20.0,25.9259259259,11.1428571429,34.0
09:51:49,3087.0,3090.4741052,2.40952263022,50.0,0.0,0,7.80538590937,0.0,0,8.57142857143,32.0
09:51:50,3087.0,3090.47217568,2.40951968409,50.0,4.0,0,7.8053763657,4.0,26.9230769231,7.33333333333,34.0
09:51:50,3087.0,3090.47024723,2.40969005742,50.0,28.0,0,7.80592827153,14.0,23.5294117647,12.8571428571,44.0
09:51:51,3087.0,3090.46831985,2.40986013054,50.0,260.0,0,7.80647920486,246.0,3.77358490566,83.9047619048,284.0
09:51:51,3087.0,3090.46639354,2.41002990351,50.0,24.0,0,7.80702916588,10.0,2.97619047619,75.619047619,294.0
09:51:52,3088.0,3090.4650237,2.41002766236,52.1739130435,10.0,0,7.80449372525,0.0,4.29447852761,62.4761904762,274.0
09:51:52,3088.0,3090.46365462,2.41002529314,52.1739130435,8.0,0,7.80448605292,4.0,6.5868263473,49.2380952381,278.0
09:51:53,3088.0,3090.46228631,2.41008168949,52.1739130435,28.0,0,7.80466868357,0.0,7.2625698324,41.3333333333,274.0
09:51:53,3087.0,3090.46036335,2.41025330363,50.0,4.0,0,7.80775284622,-2.0,4.79041916168,25.4285714286,258.0
09:51:54,3087.0,3090.45844146,2.40996643015,50.0,4.0,0,7.80682355085,-4.0,20.5128205128,10.6666666667,8.0
09:51:54,3087.0,3090.45652063,2.40927719234,50.0,28.0,0,7.80459084009,-12.0,46.3414634146,14.9523809524,-14.0
09:51:55,3087.0,3090.45460088,2.40899010652,50.0,0.0,0,7.8036608569,0.0,0,11.0476190476,-14.0
09:51:55,3087.0,3090.45268219,2.40714881802,50.0,6.0,0,7.7976962035,0.0,40.0,9.33333333333,-18.0
09:51:56,3088.0,3090.45131997,2.40576750413,52.1739130435,10.0,0,7.79069787608,-10.0,65.3846153846,8.85714285714,-28.0
09:51:56,3087.0,3090.4494031,2.4050763572,50.0,16.0,0,7.79098269257,14.0,56.25,10.9523809524,-12.0
09:51:57,3087.0,3090.4474873,2.40438488322,50.0,8.0,0,7.788742738,6.0,52.9411764706,10.1904761905,-2.0
09:51:57,3087.0,3090.44557256,2.40369308193,50.0,0.0,0,7.78650172312,0.0,0,6.95238095238,10.0
09:51:58,3088.0,3090.44421428,2.40323213431,52.1739130435,4.0,0,7.78248748156,-4.0,40.9090909091,6.19047619048,6.0
09:51:58,3087.0,3090.44230136,2.40253974415,50.0,8.0,0,7.78276561111,2.0,43.4782608696,6.38095238095,8.0
09:51:59,3088.0,3090.4409449,2.40207831823,52.1739130435,8.0,0,7.77875103054,6.0,40.9090909091,6.47619047619,24.0
09:51:59,3088.0,3090.4395892,2.40161667514,52.1739130435,202.0,0,7.77725607235,-60.0,93.9130434782,62.0952380952,-50.0
09:52:00,3087.0,3090.43767885,2.40132793445,50.0,20.0,0,7.77884008568,12.0,91.7355371901,56.8571428571,-44.0
09:52:00,3087.0,3090.43576956,2.4006345451,50.0,338.0,0,7.77659392647,116.0,38.6206896552,141.904761905,72.0
09:52:01,3087.0,3090.43386133,2.39994082682,50.0,0.0,0,7.77434670171,0.0,0,114.285714286,76.0
09:52:01,3087.0,3090.43195415,2.39872593497,50.0,26.0,0,7.77041119201,16.0,37.037037037,94.2857142857,90.0
09:52:02,3087.0,3090.43004804,2.39803134279,50.0,8.0,0,7.76816113634,2.0,36.0269360269,68.2857142857,86.0
09:52:02,3087.0,3090.42814299,2.39733642061,50.0,36.0,0,7.76591001169,14.0,3.27102803737,50.2857142857,160.0
09:52:03,3088.0,3090.4267944,2.39646729133,52.1739130435,38.0,0,7.76058060663,22.0,9.41704035873,40.7619047619,170.0
09:52:03,3087.0,3090.42489115,2.39577159341,50.0,34.0,0,7.76084092455,-14.0,38.0281690141,29.2380952381,40.0
09:52:04,3087.0,3090.42298896,2.39507556454,50.0,424.0,0,7.75858621491,394.0,80.2120141343,143.619047619,434.0
09:52:04,3087.0,3090.42108783,2.39385684979,50.0,18.0,0,7.75463832131,-2.0,81.0035842294,121.80952381,416.0
09:52:05,3087.0,3090.41918775,2.39315994162,50.0,0.0,0,7.75238076326,0.0,0,95.2380952381,414.0
09:52:05,3087.0,3090.41728873,2.39246270144,50.0,0.0,0,7.7501221297,0.0,0,69.0476190476,400.0
09:52:06,3088.0,3090.41594617,2.39159044594,52.1739130435,10.0,0,7.74478771354,0.0,86.4197530864,47.4285714286,378.0
09:52:06,3087.0,3090.41404895,2.39089242533,50.0,216.0,0,7.74503539142,84.0,61.377245509,86.0,476.0
09:52:07,3087.0,3090.41215278,2.3896704148,50.0,20.0,0,7.7410768215,16.0,5.30303030304,59.9047619048,98.0
09:52:07,3087.0,3090.41025766,2.3889715102,50.0,6.0,0,7.73881279624,-4.0,4.76190476192,49.0476190476,96.0
09:52:08,3088.0,3090.408919,2.38809701023,52.1739130435,202.0,0,7.73347477405,188.0,46.6960352423,94.7619047619,284.0
09:52:08,3088.0,3090.40758109,2.387221899,52.1739130435,6.0,0,7.73064086463,0.0,47.3913043478,74.8571428571,284.0
09:52:09,3088.0,3090.40624391,2.38634617585,52.1739130435,6.0,0,7.7278049736,6.0,47.8070175439,54.6666666667,290.0
09:52:09,3087.0,3090.40435208,2.38564558581,50.0,18.0,0,7.72803882674,-2.0,82.9457364341,38.0952380952,204.0
09:52:10,3088.0,3090.4030167,2.38476879848,52.1739130435,4.0,0,7.72269688628,2.0,87.6033057851,26.9523809524,190.0
09:52:10,3087.0,3090.40112666,2.38447639968,50.0,2.0,0,7.7242513757,0.0,89.0756302521,16.0,194.0
09:52:11,3087.0,3090.39923767,2.38377487169,50.0,8.0,0,7.72197885224,8.0,27.2727272727,6.95238095238,14.0
09:52:11,3088.0,3090.39790513,2.38330612196,52.1739130435,2.0,0,7.71796023952,0.0,20.0,5.42857142857,14.0
09:52:12,3088.0,3090.39657333,2.3828371505,52.1739130435,4.0,0,7.71644154955,-2.0,21.0526315789,4.66666666667,6.0
09:52:12,3087.0,3090.39468687,2.38254428793,50.0,14.0,0,7.7179925103,6.0,23.5294117647,6.85714285714,14.0
09:52:13,3088.0,3090.39335686,2.38166528976,52.1739130435,6.0,0,7.71264666375,-2.0,22.2222222222,6.95238095238,10.0
09:52:13,3088.0,3090.39202759,2.38148879672,52.1739130435,78.0,0,7.7120751189,32.0,37.5,27.5238095238,42.0
09:52:14,3087.0,3090.39014365,2.38119560629,50.0,202.0,0,7.71362360315,148.0,79.0849673203,79.9047619048,182.0
09:52:14,3087.0,3090.38826076,2.38090234736,50.0,0.0,0,7.7126736228,0.0,0,65.3333333333,182.0
09:52:15,3088.0,3090.38693432,2.38043231886,52.1739130435,30.0,0,7.70865388233,10.0,80.6060606061,59.4285714286,194.0
09:52:15,3088.0,3090.38560861,2.37955176231,52.1739130435,8.0,0,7.70580233908,0.0,82.7160493827,46.0,188.0
09:52:16,3087.0,3090.38372824,2.37925810618,50.0,204.0,0,7.70734728272,154.0,89.2720306513,88.8571428571,344.0
09:52:16,3088.0,3090.38240431,2.37837672558,52.1739130435,276.0,0,7.70199716832,134.0,90.5555555555,142.857142857,446.0
09:52:17,3089.0,3090.38163652,2.3774342788,54.1666666667,8.0,0,7.69645282874,4.0,86.3117870722,110.857142857,302.0
09:52:17,3088.0,3090.38031376,2.37655153999,52.1739130435,32.0,0,7.69608659323,12.0,83.1541218638,94.9523809524,314.0
09:52:18,3088.0,3090.37899173,2.37566818086,52.1739130435,0.0,0,7.69322597429,0.0,0,68.380952381,304.0
09:52:18,3088.0,3090.37767043,2.37478420072,52.1739130435,2.0,0,7.69036334431,0.0,82.7586206896,43.8095238095,304.0
09:52:19,3088.0,3090.37634987,2.37389959888,52.1739130435,12.0,0,7.68749870103,2.0,70.303030303,22.380952381,152.0
09:52:19,3088.0,3090.37503005,2.37342655807,52.1739130435,24.0,0,7.68596683312,0.0,15.3846153846,13.5238095238,18.0
09:52:20,3089.0,3090.37426635,2.37247980322,54.1666666667,6.0,0,7.68041373654,0.0,21.0526315789,11.5238095238,14.0
09:52:20,3089.0,3090.37350308,2.37153214983,54.1666666667,42.0,0,7.67734590426,38.0,13.9534883721,19.9047619048,40.0
09:52:21,3089.0,3090.37274024,2.37058359682,54.1666666667,8.0,0,7.67427515966,0.0,14.8936170213,18.0952380952,40.0
09:52:21,3089.0,3090.37197782,2.36963414312,54.1666666667,4.0,0,7.67120149924,4.0,18.75,14.7619047619,44.0
09:52:22,3089.0,3090.37121582,2.36868378763,54.1666666667,4.0,0,7.6681249195,2.0,25.0,11.3333333333,44.0
09:52:22,3089.0,3090.37045424,2.36773252929,54.1666666667,0.0,0,7.66504541692,0.0,0,7.14285714286,44.0
09:52:23,3089.0,3090.36969309,2.36678036699,54.1666666667,6.0,0,7.66196298798,6.0,31.25,5.80952380952,50.0
09:52:23,3089.0,3090.36893236,2.36582729964,54.1666666667,2.0,0,7.65887762914,2.0,66.6666666667,3.33333333333,14.0
09:52:24,3089.0,3090.36817205,2.36487332616,54.1666666667,40.0,0,7.65578933686,2.0,60.7142857143,13.619047619,16.0
09:52:24,3089.0,3090.36741217,2.36391844543,54.1666666667,2.0,0,7.65269810759,2.0,59.2592592593,11.5238095238,14.0
09:52:25,3088.0,3090.36609731,2.3630253678,52.1739130435,18.0,0,7.65228422217,2.0,64.705882353,14.0952380952,14.0
09:52:25,3088.0,3090.36478317,2.36254721032,52.1739130435,2.0,0,7.65073578471,0.0,62.8571428572,11.4285714286,14.0
09:52:26,3089.0,3090.36402517,2.36159021283,54.1666666667,10.0,0,7.64516093503,4.0,64.8648648649,10.9523809524,12.0
09:52:26,3089.0,3090.36326759,2.36104834884,54.1666666667,104.0,0,7.64340676219,100.0,84.0909090909,37.1428571429,110.0
09:52:27,3089.0,3090.36251043,2.36008982815,54.1666666667,2.0,0,7.64030374926,2.0,94.2028985507,29.3333333333,110.0
09:52:27,3089.0,3090.36175369,2.35954693287,54.1666666667,72.0,0,7.63854623783,10.0,96.1538461538,43.3333333333,118.0
09:52:28,3089.0,3090.36099737,2.35900361827,54.1666666667,2.0,0,7.63678736894,2.0,96.875,34.0,118.0
09:52:28,3088.0,3090.35968607,2.35810651965,52.1739130435,4.0,0,7.63635530975,2.0,96.9072164948,26.0,120.0
09:52:29,3089.0,3090.3589309,2.35756228398,54.1666666667,10.0,0,7.63212134665,10.0,97.9381443299,19.619047619,126.0
09:52:29,3088.0,3090.35762074,2.35666404736,52.1739130435,2.0,0,7.63168409118,0.0,95.652173913,10.9523809524,26.0
09:52:30,3089.0,3090.35686672,2.35570125336,54.1666666667,26.0,0,7.62609664408,22.0,96.5517241379,14.0,46.0
09:52:30,3088.0,3090.35555771,2.35480161873,52.1739130435,138.0,0,7.6256529104,48.0,96.7032967033,47.9047619048,84.0
09:52:31,3088.0,3090.35424943,2.35390134526,52.1739130435,0.0,46.875,7.62273751703,0.0,0,39.2380952381,82.0
09:52:31,3088.0,3090.35294188,2.3530004322,45.0,4.0,0,7.61982005247,0.0,95.5555555556,31.8095238095,80.0
09:52:32,3089.0,3090.35219045,2.35245314565,47.619047619,12.0,0,7.61558156571,8.0,95.6043956044,26.6666666667,78.0
09:52:32,3088.0,3090.35088404,2.35155108714,45.0,4.0,0,7.61512657753,4.0,94.5652173913,19.1428571429,82.0
09:52:33,3088.0,3090.34957836,2.35064838704,45.0,0.0,0,7.61220332592,0.0,0,10.380952381,60.0
09:52:33,3089.0,3090.3488288,2.34968023829,47.619047619,14.0,0,7.60660485041,10.0,70.5882352941,6.85714285714,22.0
09:52:34,3089.0,3090.34807966,2.34871116483,47.619047619,22.0,0,7.60346767508,10.0,57.1428571429,11.5238095238,32.0
09:52:34,3089.0,3090.34733094,2.34774116551,47.619047619,0.0,0,7.60032750247,0.0,0,8.85714285714,32.0
09:52:35,3089.0,3090.34658263,2.34719058164,47.619047619,62.0,0,7.59854510081,62.0,21.568627451,24.0952380952,86.0
09:52:35,3089.0,3090.34583473,2.34663957266,47.619047619,122.0,0,7.59676132294,120.0,63.6363636364,54.0952380952,202.0
09:52:36,3088.0,3090.34453185,2.3461536029,45.0,2.0,0,7.59764767778,0.0,63.0630630631,44.1904761905,202.0
09:52:36,3089.0,3090.3437851,2.34560185688,47.619047619,2.0,0,7.59340193227,0.0,61.9047619048,34.1904761905,192.0
09:52:37,3089.0,3090.34303876,2.34535223012,47.619047619,28.0,0,7.59259381716,20.0,69.4444444444,32.1904761905,202.0
09:52:37,3089.0,3090.34229283,2.34479980193,47.619047619,48.0,0,7.59080544489,30.0,71.2121212121,35.619047619,232.0
09:52:38,3088.0,3090.34099192,2.34431279251,45.0,34.0,0,7.59168650425,32.0,87.2881355932,32.7619047619,202.0
09:52:38,3089.0,3090.34024713,2.34406256764,47.619047619,2.0,0,7.58841880102,0.0,77.5862068966,22.0952380952,82.0
09:52:39,3089.0,3090.33950276,2.343509144,47.619047619,2.0,0,7.58662720622,0.0,79.3103448276,17.1428571429,82.0
09:52:39,3089.0,3090.3387588,2.34295529325,47.619047619,6.0,0,7.58483422872,4.0,78.3333333333,13.3333333333,86.0
09:52:40,3089.0,3090.33801525,2.34240101508,47.619047619,4.0,0,7.58303986752,4.0,72.9166666667,8.7619047619,70.0
09:52:40,3089.0,3090.33727211,2.34184630918,47.619047619,4.0,0,7.58124412165,0.0,65.3846153846,5.33333333333,40.0
09:52:41,3089.0,3090.33652939,2.34159489807,47.619047619,28.0,0,7.58043023007,22.0,82.6086956522,10.8571428571,30.0
09:52:41,3089.0,3090.33578708,2.34134332814,47.619047619,2.0,0,7.57961582436,0.0,82.6086956522,9.2380952381,30.0
09:52:42,3089.0,3090.33504518,2.34109159935,47.619047619,4.0,0,7.57880090434,2.0,83.3333333333,8.19047619048,32.0
09:52:42,3089.0,3090.3343037,2.34083971163,47.619047619,122.0,0,7.57798546984,116.0,25.6097560975,40.7619047619,144.0
09:52:43,3089.0,3090.33356262,2.34058766494,47.619047619,170.0,0,7.5771695207,2.0,13.3333333333,81.5238095238,142.0
09:52:43,3089.0,3090.33282196,2.34033545923,47.619047619,288.0,0,7.57635305675,-92.0,51.1400651466,148.095238095,50.0
09:52:44,3089.0,3090.33208171,2.34026864489,47.619047619,16.0,0,7.57613675911,4.0,50.4983388704,123.428571429,32.0
09:52:44,3089.0,3090.33134187,2.34020179567,47.619047619,82.0,0,7.57592034855,-12.0,55.4252199413,118.19047619,20.0
09:52:45,3089.0,3090.33060244,2.34013491156,47.619047619,4.0,0,7.57570382507,0.0,55.4252199413,86.8571428571,18.0
09:52:45,3089.0,3090.32986342,2.34006799258,47.619047619,4.0,0,7.57548718865,-4.0,66.6666666667,55.5238095238,-102.0
09:52:46,3089.0,3090.32912481,2.33981533512,47.619047619,6.0,0,7.57466926229,4.0,93.0,30.380952381,-100.0
09:52:46,3088.0,3090.32783121,2.33962958382,45.0,10.0,0,7.57652067301,0.0,81.9672131148,14.1904761905,-8.0
09:52:47,3089.0,3090.32709374,2.33937668112,47.619047619,452.0,0,7.57324921049,52.0,96.4157706093,137.523809524,40.0
09:52:47,3089.0,3090.32635667,2.33930954254,47.619047619,2.0,0,7.57303186318,0.0,97.0711297071,111.523809524,52.0
09:52:48,3089.0,3090.32562001,2.3390564073,47.619047619,20.0,0,7.5722123901,20.0,95.1417004049,94.4761904762,72.0
09:52:48,3088.0,3090.32432835,2.33887039779,45.0,230.0,0,7.57406216901,0.0,68.6111111111,136.666666667,76.0
09:52:49,3088.0,3090.32303742,2.33868434049,45.0,16.0,0,7.57345965184,12.0,67.397260274,106.952380952,84.0
09:52:49,3089.0,3090.3223026,2.33812588175,47.619047619,12.0,0,7.56920000565,12.0,68.8524590164,75.619047619,96.0
09:52:50,3089.0,3090.32156819,2.33787215629,47.619047619,2.0,0,7.56837862184,2.0,19.1489361702,41.3333333333,46.0
09:52:50,3089.0,3090.32083419,2.33761827125,47.619047619,14.0,0,7.56755672144,14.0,21.768707483,31.9047619048,60.0
09:52:51,3088.0,3090.3195452,2.3374318502,45.0,6.0,0,7.56940365997,0.0,19.2857142857,19.619047619,40.0
09:52:51,3089.0,3090.31881232,2.33717771925,47.619047619,12.0,0,7.56613052525,10.0,51.6129032258,9.71428571429,50.0
09:52:52,3089.0,3090.31807985,2.33692342859,47.619047619,2.0,0,7.56530731173,0.0,70.8333333333,7.33333333333,38.0
09:52:52,3089.0,3090.31734779,2.33666897818,47.619047619,2.0,0,7.56448358102,2.0,63.1578947368,5.61904761905,28.0
09:52:53,3089.0,3090.31661613,2.33641436795,47.619047619,2.0,0,7.56365933296,2.0,63.1578947368,4.38095238095,28.0
09:52:53,3088.0,3090.31532948,2.33592177856,45.0,24.0,0,7.56451353161,8.0,66.6666666667,9.42857142857,22.0
09:52:54,3088.0,3090.31404354,2.33542895312,45.0,2.0,0,7.56291759429,2.0,72.7272727273,7.71428571429,24.0
09:52:54,3088.0,3090.31275832,2.33542895312,45.0,0.0,0,7.56291759429,0.0,0,5.61904761905,14.0
09:52:55,3088.0,3090.31147381,2.33524192775,45.0,26.0,0,7.56231194219,14.0,82.1428571428,11.5238095238,28.0
09:52:55,3089.0,3090.31074542,2.33517381117,47.619047619,92.0,0,7.55964328642,-54.0,93.1506849315,35.1428571429,-28.0
09:52:56,3089.0,3090.31001743,2.33491850917,47.619047619,4.0,0,7.55881679885,4.0,93.2432432432,29.3333333333,-26.0
09:52:56,3089.0,3090.30928984,2.33466304704,47.619047619,8.0,0,7.55798979294,6.0,92.4242424242,24.5714285714,-28.0
09:52:57,3088.0,3090.30800726,2.33447576199,45.0,24.0,0,7.55983083547,22.0,80.5194805195,25.1428571429,-8.0
09:52:57,3088.0,3090.30672539,2.33398203615,45.0,6.0,0,7.55823198234,6.0,80.0,19.5238095238,-2.0
09:52:58,3088.0,3090.30544423,2.33379459726,45.0,20.0,0,7.55762499114,10.0,77.9220779221,17.619047619,-6.0
09:52:58,3088.0,3090.30416378,2.33360711026,45.0,0.0,0,7.55701784411,0.0,0,10.2857142857,48.0
09:52:59,3089.0,3090.30343945,2.3333510416,47.619047619,68.0,0,7.5537424461,58.0,23.8095238095,26.7619047619,102.0
09:52:59,3089.0,3090.30271552,2.33309481254,47.619047619,2.0,0,7.55291295741,0.0,23.3333333333,21.3333333333,96.0
09:53:00,3088.0,3090.30143659,2.33290710393,45.0,2.0,0,7.55475098422,2.0,26.5306122449,16.1904761905,76.0
09:53:00,3088.0,3090.30015837,2.33271934713,45.0,180.0,0,7.5541429635,12.0,14.7058823529,62.9523809524,82.0
09:53:01,3088.0,3090.29888085,2.33222458777,45.0,26.0,0,7.55254076349,0.0,12.2302158273,57.4285714286,72.0
09:53:01,3089.0,3090.29815945,2.33166071002,47.619047619,4.0,0,7.54827034647,-2.0,12.7659574468,45.3333333333,70.0
09:53:02,3088.0,3090.29688305,2.33147265428,45.0,4.0,0,7.55010574572,0.0,13.7614678899,33.0476190476,12.0
09:53:02,3089.0,3090.29616276,2.33121555679,47.619047619,36.0,0,7.54682925474,-32.0,24.6031746032,32.9523809524,-20.0
09:53:03,3089.0,3090.29544287,2.33095829853,47.619047619,2.0,0,7.54599643423,0.0,25.3968253968,21.5238095238,-22.0
09:53:03,3089.0,3090.29472338,2.33039331974,47.619047619,6.0,0,7.54416743199,-2.0,64.1025641026,11.2380952381,-36.0
09:53:04,3089.0,3090.29400429,2.32982790587,47.619047619,0.0,0,7.54233702128,0.0,0,7.52380952381,-36.0
09:53:04,3089.0,3090.2932856,2.32956996442,47.619047619,28.0,0,7.54150198906,2.0,86.8421052632,13.0476190476,-32.0
09:53:05,3088.0,3090.29201191,2.32907334339,45.0,54.0,0,7.54233595657,2.0,52.380952381,24.8571428571,-30.0
09:53:05,3088.0,3090.29073892,2.32888458174,45.0,8.0,0,7.5417246818,-2.0,32.6530612245,21.1428571429,0.0
09:53:06,3089.0,3090.29002204,2.32862620444,47.619047619,10.0,0,7.53844676089,0.0,37.7358490566,19.3333333333,0.0
09:53:06,3089.0,3090.28930556,2.32805936708,47.619047619,30.0,0,7.53661174194,2.0,50.7692307692,22.8571428571,4.0
09:53:07,3088.0,3090.28803408,2.32756189333,45.0,2.0,0,7.53744136441,0.0,50.0,17.2380952381,4.0
09:53:07,3088.0,3090.2867633,2.3270641806,45.0,0.0,0,7.53582960038,0.0,0,10.9523809524,2.0
09:53:08,3089.0,3090.28604863,2.32649626618,47.619047619,4.0,0,7.53155152534,-2.0,77.7777777778,7.14285714286,-2.0
09:53:08,3089.0,3090.28533436,2.32549948173,47.619047619,8.0,0,7.52832464139,2.0,81.4814814815,6.85714285714,2.0
09:53:09,3089.0,3090.28462048,2.32523966639,47.619047619,0.0,0,7.52748354288,0.0,0,4.28571428571,2.0
09:53:09,3088.0,3090.2833516,2.32474072628,45.0,14.0,0,7.52830546077,0.0,50.0,6.19047619048,0.0
09:53:10,3088.0,3090.28208342,2.32455091574,45.0,36.0,0,7.52769078932,-8.0,48.3870967742,15.1428571429,-8.0
09:53:10,3089.0,3090.28137135,2.3242906624,47.619047619,22.0,0,7.52441133831,-2.0,61.9047619048,18.4761904762,-10.0
09:53:11,3089.0,3090.28065968,2.32422023297,47.619047619,4.0,0,7.52418333756,0.0,64.2857142857,15.619047619,-8.0
09:53:11,3088.0,3090.279393,2.32422023297,45.0,20.0,0,7.52661992543,4.0,54.1666666667,17.3333333333,-6.0
09:53:12,3088.0,3090.27812702,2.32422023297,45.0,14.0,0,7.52661992543,6.0,50.9090909091,16.7619047619,0.0
09:53:12,3089.0,3090.27741715,2.32422023297,47.619047619,80.0,0,7.52418333756,26.0,71.5909090909,34.380952381,26.0
09:53:13,3088.0,3090.27615227,2.32422023297,45.0,306.0,0,7.52661992543,108.0,24.66367713,113.428571429,142.0
09:53:13,3088.0,3090.27488809,2.3242906624,45.0,70.0,0,7.52684800001,58.0,17.8137651822,112.19047619,202.0
09:53:14,3088.0,3090.27362461,2.3242906624,45.0,56.0,0,7.52684800001,6.0,15.3846153846,104.666666667,208.0
09:53:14,3088.0,3090.27236184,2.3242906624,45.0,24.0,0,7.52684800001,18.0,15.2727272727,85.5238095238,222.0
09:53:15,3089.0,3090.27165517,2.3242906624,47.619047619,48.0,0,7.52441133831,-8.0,16.4383561644,73.0476190476,208.0
09:53:15,3088.0,3090.27039349,2.3242906624,45.0,20.0,0,7.52684800001,2.0,4.19847328244,50.9523809524,184.0
09:53:16,3088.0,3090.26913251,2.3242906624,45.0,12.0,0,7.52684800001,0.0,12.1739130435,29.4285714286,76.0
09:53:16,3088.0,3090.26787223,2.3243610565,45.0,8.0,0,7.52707596018,-2.0,16.6666666667,20.7619047619,16.0
09:53:17,3089.0,3090.26716805,2.3242906624,47.619047619,6.0,0,7.52441133831,4.0,27.1186440678,14.4761904762,14.0
09:53:17,3089.0,3090.26646426,2.32422023297,47.619047619,24.0,0,7.52418333756,4.0,30.5084745763,15.7142857143,0.0
09:53:18,3088.0,3090.26520547,2.32422023297,45.0,6.0,0,7.52661992543,0.0,28.9473684211,11.8095238095,8.0
09:53:18,3088.0,3090.26394737,2.32422023297,45.0,22.0,0,7.52661992543,0.0,28.2051282051,14.4761904762,6.0
09:53:19,3089.0,3090.26324537,2.32414976821,47.619047619,4.0,0,7.52395522243,2.0,28.5714285714,11.9047619048,8.0
09:53:19,3089.0,3090.26254376,2.32407926811,47.619047619,0.0,0,7.5237269929,0.0,0,8.57142857143,10.0
09:53:20,3088.0,3090.26128714,2.32407926811,45.0,4.0,0,7.52616343299,0.0,26.6666666667,6.7619047619,6.0
09:53:20,3089.0,3090.26058662,2.3238186299,47.619047619,62.0,0,7.52288323051,4.0,65.306122449,21.619047619,6.0
09:53:21,3089.0,3090.25988649,2.32374802014,47.619047619,98.0,48.4848484848,7.52265464597,60.0,84.2105263158,44.9523809524,66.0
09:53:21,3089.0,3090.25918675,2.32367737503,52.6315789474,20.0,0,7.52242594699,-6.0,90.4255319149,41.619047619,60.0
09:53:22,3089.0,3090.25848739,2.32360669456,52.6315789474,0.0,0,7.52219713356,0.0,0,32.6666666667,58.0
09:53:22,3089.0,3090.25778843,2.32353597873,52.6315789474,228.0,0,7.52196820566,0.0,94.6601941747,89.0476190476,58.0
09:53:23,3089.0,3090.25708985,2.32353597873,52.6315789474,102.0,0,7.52196820566,0.0,96.4705882353,98.5714285714,58.0
09:53:23,3089.0,3090.25639166,2.32346522754,52.6315789474,80.0,0,7.52173916328,14.0,98.4848484848,97.1428571429,68.0
09:53:24,3088.0,3090.25513846,2.32346522754,50.0,234.0,0,7.52417495965,38.0,94.578313253,138.857142857,46.0
09:53:24,3089.0,3090.25444135,2.32339444098,52.6315789474,4.0,0,7.52151000642,0.0,95.0617283951,108.380952381,52.0
09:53:25,3088.0,3090.25318923,2.32339444098,50.0,10.0,0,7.52394572858,10.0,93.6170212766,80.380952381,62.0
09:53:25,3088.0,3090.25193781,2.32346522754,50.0,14.0,0,7.52417495965,0.0,89.1891891892,53.0476190476,62.0
09:53:26,3089.0,3090.25124248,2.32346522754,52.6315789474,2.0,0,7.52173916328,0.0,86.0465116279,32.4761904762,62.0
09:53:26,3089.0,3090.25054754,2.32346522754,52.6315789474,10.0,0,7.52173916328,0.0,82.4817518248,18.9523809524,48.0
09:53:27,3089.0,3090.24985298,2.32346522754,52.6315789474,0.0,0,7.52173916328,0.0,0,5.90476190476,10.0
09:53:27,3089.0,3090.24915881,2.32346522754,52.6315789474,14.0,0,7.52173916328,-4.0,52.0,8.0,6.0
09:53:28,3089.0,3090.24846503,2.32339444098,52.6315789474,12.0,0,7.52151000642,-2.0,53.8461538462,9.04761904762,-6.0
09:53:28,3089.0,3090.24777163,2.32339444098,52.6315789474,24.0,0,7.52151000642,-22.0,77.4193548387,13.4285714286,-28.0
09:53:29,3088.0,3090.24652322,2.32346522754,50.0,4.0,0,7.52417495965,-2.0,71.875,11.619047619,-30.0
09:53:29,3088.0,3090.24527549,2.32346522754,50.0,0.0,0,7.52417495965,0.0,0,8.57142857143,-30.0
09:53:30,3088.0,3090.24402847,2.32346522754,50.0,4.0,0,7.52417495965,-2.0,65.5172413793,7.14285714286,-32.0
09:53:30,3088.0,3090.24278213,2.32346522754,50.0,0.0,0,7.52417495965,0.0,0,4.38095238095,-28.0
09:53:31,3089.0,3090.24209189,2.32339444098,52.6315789474,2.0,0,7.52151000642,-2.0,82.3529411765,2.85714285714,-28.0
09:53:31,3088.0,3090.24084663,2.32346522754,50.0,2.0,0,7.52417495965,-2.0,33.3333333333,1.80952380952,-8.0
09:53:32,3088.0,3090.23960206,2.32353597873,50.0,0.0,0,7.52440407619,0.0,0,1.2380952381,-6.0
09:53:32,3089.0,3090.23891358,2.32353597873,52.6315789474,22.0,0,7.52196820566,-20.0,20.0,7.14285714286,-26.0
09:53:33,3089.0,3090.23822549,2.32346522754,52.6315789474,0.0,0,7.52173916328,0.0,0,5.71428571429,-24.0
09:53:33,3089.0,3090.23753777,2.32346522754,52.6315789474,4.0,0,7.52173916328,-4.0,26.6666666667,5.61904761905,-28.0
09:53:34,3089.0,3090.23685044,2.32339444098,52.6315789474,12.0,0,7.52151000642,0.0,45.0,7.61904761905,-26.0
09:53:34,3089.0,3090.2361635,2.32332361906,52.6315789474,30.0,0,7.52128073506,-26.0,29.4117647059,14.2857142857,-50.0
09:53:35,3089.0,3090.23547693,2.32325276177,52.6315789474,0.0,0,7.5210513492,0.0,0,11.0476190476,-50.0
09:53:35,3089.0,3090.23479074,2.32325276177,52.6315789474,198.0,0,7.5210513492,30.0,80.3278688525,64.380952381,0.0
09:53:36,3088.0,3090.23354954,2.32332361906,50.0,2.0,0,7.52371638297,-2.0,79.674796748,53.3333333333,-2.0
09:53:36,3089.0,3090.23286442,2.32325276177,52.6315789474,444.0,0,7.5210513492,-4.0,92.4198250729,168.476190476,-2.0
09:53:37,3089.0,3090.23217969,2.32325276177,52.6315789474,472.0,0,7.5210513492,-74.0,95.2879581152,270.666666667,-76.0
09:53:37,3089.0,3090.23149533,2.32325276177,52.6315789474,160.0,0,7.5210513492,-124.0,97.9623824452,261.80952381,-174.0
09:53:38,3089.0,3090.23081136,2.3231818691,52.6315789474,168.0,0,7.52082184882,28.0,97.2299168975,249.047619048,-146.0
09:53:38,3090.0,3090.23068317,2.32323050944,55.0,118.0,0,7.518545338,8.0,99.1202346041,214.0,-168.0
09:53:39,3089.0,3090.22999964,2.32323050944,52.6315789474,66.0,0,7.52097931189,-30.0,94.9579831933,167.904761905,-196.0
09:53:39,3090.0,3090.2298719,2.32327911555,55.0,2.0,0,7.51870263933,2.0,92.9006085193,100.476190476,-190.0
09:53:40,3090.0,3090.22974423,2.32332768744,55.0,0.0,0,7.51885982989,0.0,0,53.5238095238,-116.0
09:53:40,3090.0,3090.22961663,2.32337622509,55.0,10.0,0,7.51901690969,4.0,81.3186813187,31.9047619048,12.0
09:53:41,3090.0,3090.2294891,2.32342472853,55.0,204.0,0,7.51917387873,-68.0,86.5,72.8571428571,-84.0
09:53:41,3089.0,3090.22880624,2.32342472853,52.6315789474,6.0,0,7.5216080561,0.0,76.3888888889,55.5238095238,-92.0
09:53:42,3090.0,3090.22867916,2.32347319774,55.0,242.0,0,7.51933073702,126.0,93.5344827586,110.952380952,64.0
09:53:42,3090.0,3090.22855215,2.32345048259,55.0,2.0,0,7.51925722522,-2.0,93.5344827586,89.4285714286,60.0
09:53:43,3090.0,3090.22842521,2.32342763438,55.0,10.0,0,7.5191832828,2.0,93.6708860759,70.1904761905,62.0
09:53:43,3089.0,3090.22774295,2.32335638173,52.6315789474,12.0,0,7.52138679745,-2.0,93.2773109244,51.0476190476,56.0
09:53:44,3090.0,3090.22761646,2.32333333333,55.0,54.0,0,7.5188781014,-18.0,90.1840490797,43.8095238095,106.0
09:53:44,3090.0,3090.22749004,2.32338153877,55.0,60.0,0,7.51903410605,-60.0,93.1578947368,45.4285714286,46.0
09:53:45,3090.0,3090.22736369,2.32335829135,55.0,4.0,0,7.51895887169,-4.0,98.5915492958,28.4761904762,-84.0
09:53:45,3090.0,3090.22723741,2.32333491086,55.0,30.0,0,7.51888320667,-6.0,96.4705882353,30.2857142857,-88.0
09:53:46,3090.0,3090.2271112,2.32331139729,55.0,42.0,0,7.51880711096,32.0,97.0297029703,34.1904761905,-58.0
09:53:46,3090.0,3090.22698507,2.32328775063,55.0,8.0,0,7.51873058456,0.0,97.9797979798,26.8571428571,-56.0
09:53:47,3090.0,3090.226859,2.32326397088,55.0,10.0,0,7.51865362745,4.0,96.1038961039,20.2857142857,-34.0
09:53:47,3090.0,3090.226733,2.32324005804,55.0,22.0,0,7.51857623961,22.0,94.8275862069,19.2380952381,48.0
09:53:48,3090.0,3090.22660707,2.3232160121,55.0,28.0,0,7.51849842104,26.0,94.2857142857,21.7142857143,78.0
09:53:48,3090.0,3090.22648122,2.32326372179,55.0,36.0,0,7.51865282133,2.0,97.2602739726,25.3333333333,86.0
09:53:49,3090.0,3090.22635543,2.32323947682,55.0,54.0,0,7.51857435865,4.0,97.4683544304,33.8095238095,58.0
09:53:49,3090.0,3090.22622971,2.32328708639,55.0,78.0,0,7.51872843493,0.0,98.2456140351,48.5714285714,58.0
09:53:50,3090.0,3090.22610406,2.3232626424,55.0,40.0,0,7.51864932814,12.0,89.9224806202,49.1428571429,66.0
09:53:50,3090.0,3090.22597848,2.32323806529,55.0,74.0,0,7.51856979059,28.0,76.7741935484,58.0,72.0
09:53:51,3090.0,3090.22585297,2.32321335508,55.0,68.0,0,7.51848982226,38.0,79.4285714286,62.6666666667,84.0
09:53:51,3090.0,3090.22572753,2.32318851175,55.0,118.0,0,7.51840942313,80.0,82.8703703704,79.7142857143,162.0
09:53:52,3090.0,3090.22560217,2.3231635353,55.0,10.0,0,7.51832859319,6.0,80.9278350516,62.0,164.0
09:53:52,3090.0,3090.22547687,2.32321078108,55.0,54.0,0,7.51848149217,4.0,79.1208791209,58.9523809524,168.0
09:53:53,3089.0,3090.22479623,2.32321078108,52.6315789474,194.0,0,7.52091544539,18.0,89.1891891892,97.0476190476,174.0
09:53:53,3090.0,3090.22467138,2.32325799269,55.0,24.0,0,7.51863428056,-16.0,97.8632478632,79.2380952381,130.0
09:53:54,3090.0,3090.2245466,2.32330517014,55.0,94.0,0,7.51878695837,-4.0,98.3805668016,83.8095238095,88.0
09:53:54,3090.0,3090.22442189,2.32335231341,55.0,36.0,0,7.51893952559,-6.0,98.5436893204,70.5714285714,2.0
09:53:55,3090.0,3090.22429724,2.32339942252,55.0,32.0,0,7.51909198225,-18.0,98.6175115207,60.0952380952,-22.0
09:53:55,3090.0,3090.22417267,2.32337398338,55.0,28.0,0,7.51900965496,8.0,98.0392156863,47.4285714286,-18.0
09:53:56,3090.0,3090.22404816,2.32342099242,55.0,150.0,0,7.51916178777,-86.0,97.8021978022,70.8571428571,-122.0
09:53:56,3090.0,3090.22392372,2.32339535427,55.0,40.0,0,7.51907881639,14.0,97.8947368421,64.9523809524,-92.0
09:53:57,3090.0,3090.22379936,2.32344226324,55.0,44.0,0,7.51923062538,6.0,96.3636363636,59.4285714286,-82.0
09:53:57,3090.0,3090.22367506,2.32341642606,55.0,44.0,0,7.51914700991,-16.0,95.8579881657,56.2857142857,-92.0
09:53:58,3090.0,3090.22355083,2.32339045575,55.0,6.0,0,7.5190629636,-4.0,95.5128205128,41.9047619048,-78.0
09:53:58,3090.0,3090.22342667,2.32343719878,55.0,6.0,0,7.51921423553,-2.0,96.5517241379,28.7619047619,-88.0
09:53:59,3090.0,3090.22330258,2.32348390766,55.0,28.0,0,7.51936539694,-16.0,96.4285714286,22.9523809524,-18.0
09:53:59,3090.0,3090.22317855,2.32345767243,55.0,44.0,0,7.51928049329,2.0,94.1860465116,27.5238095238,-30.0
09:54:00,3090.0,3090.2230546,2.32350428127,55.0,88.0,0,7.51943133096,-54.0,90.7407407407,44.4761904762,-90.0
09:54:00,3089.0,3090.22237531,2.32343130406,52.6315789474,112.0,0,7.52162934303,10.0,66.9014084507,66.1904761905,-64.0
09:54:01,3090.0,3090.22225181,2.32347784701,55.0,36.0,0,7.51934578321,-6.0,68.152866242,62.9523809524,-66.0
09:54:01,3090.0,3090.22212837,2.32345127962,55.0,244.0,0,7.51925980459,138.0,52.1739130435,117.714285714,74.0
09:54:02,3089.0,3090.2214496,2.32337816791,52.6315789474,20.0,0,7.5214573257,0.0,50.7352941177,97.1428571429,90.0
09:54:02,3089.0,3090.2207712,2.32311226963,52.6315789474,918.0,0,7.52059653488,-274.0,21.1565585332,333.523809524,-186.0
09:54:03,3089.0,3090.22009318,2.32284620803,52.6315789474,1144.0,0,7.51973521539,130.0,25.4648342765,592.857142857,-2.0
09:54:03,3089.0,3090.21941554,2.32257998307,52.6315789474,60.0,0,7.51887336703,42.0,24.5251857969,492.19047619,30.0
09:54:04,3089.0,3090.21873828,2.3220009032,52.6315789474,14.0,0,7.51699871543,6.0,23.75,380.857142857,42.0
09:54:04,3088.0,3090.21750599,2.32180777801,50.0,30.0,0,7.51880757127,0.0,23.2387923147,275.142857143,-96.0
09:54:05,3088.0,3090.21627438,2.32161460352,50.0,50.0,0,7.51818200622,42.0,22.4729241877,185.333333333,-54.0
09:54:05,3088.0,3090.21504346,2.32142137972,50.0,414.0,0,7.51755628148,-50.0,25.4672897196,198.095238095,170.0
09:54:06,3088.0,3090.21381322,2.32122810659,50.0,4.0,0,7.516930397,0.0,5.59440559439,117.714285714,40.0
09:54:06,3089.0,3090.21313907,2.32064799114,52.6315789474,10.0,0,7.51261894185,8.0,7.27969348657,93.3333333333,6.0
09:54:07,3089.0,3090.21246529,2.32006743131,52.6315789474,22.0,0,7.51073949921,8.0,8.30188679243,74.7619047619,8.0
09:54:07,3089.0,3090.21179189,2.3197998896,52.6315789474,4.0,0,7.50987338814,0.0,5.95238095236,50.6666666667,8.0
09:54:08,3089.0,3090.21111885,2.31953218397,52.6315789474,14.0,0,7.50900674642,12.0,5.98290598289,30.6666666667,-22.0
09:54:08,3089.0,3090.2104462,2.31926431436,52.6315789474,2.0,0,7.50813957385,2.0,50.0,8.95238095238,30.0
09:54:09,3088.0,3090.20921851,2.31907042893,50.0,6.0,0,7.50994309885,4.0,51.724137931,8.0,34.0
09:54:09,3089.0,3090.20854691,2.31848847565,52.6315789474,4.0,0,7.50562795614,2.0,53.8461538461,6.38095238095,28.0
09:54:10,3089.0,3090.20787568,2.31822008603,52.6315789474,154.0,0,7.50475910014,132.0,92.3913043478,47.9047619048,152.0
09:54:10,3088.0,3090.20664943,2.31771184457,50.0,8.0,0,7.5055435381,4.0,89.3617021277,41.4285714286,156.0
09:54:11,3088.0,3090.20542385,2.31751756289,50.0,46.0,41.935483871,7.50491438761,6.0,74.5454545455,45.619047619,150.0
09:54:11,3088.0,3090.20419895,2.31700896752,50.0,10.0,0,7.50326738186,4.0,71.9298245614,38.0,152.0
09:54:12,3089.0,3090.20353014,2.31642549704,52.380952381,8.0,0,7.49894948863,2.0,71.3043478261,29.4285714286,150.0
09:54:12,3088.0,3090.2023063,2.31623090759,50.0,20.0,0,7.50074775775,-12.0,65.0406504065,24.1904761905,136.0
09:54:13,3088.0,3090.20108313,2.31603626848,50.0,48.0,0,7.50011744974,22.0,4.28571428571,26.1904761905,26.0
09:54:13,3088.0,3090.19986065,2.31584157969,50.0,22.0,0,7.49948698086,12.0,3.8961038961,25.8095238095,34.0
09:54:14,3088.0,3090.19863884,2.31533208295,50.0,12.0,0,7.49783705617,8.0,6.66666666667,21.9047619048,36.0
09:54:14,3088.0,3090.19741772,2.31513723495,50.0,10.0,0,7.49720607174,4.0,6.66666666667,19.0476190476,36.0
09:54:15,3088.0,3090.19619727,2.31494233723,50.0,12.0,0,7.49657492626,8.0,4.83870967742,16.7619047619,42.0
09:54:15,3088.0,3090.1949775,2.31474738976,50.0,234.0,0,7.49594361969,-110.0,7.69230769228,77.7142857143,-56.0
09:54:16,3088.0,3090.1937584,2.3142373187,50.0,104.0,0,7.49429183518,-6.0,6.59898477155,91.3333333333,-84.0
09:54:16,3088.0,3090.19253999,2.31372700181,50.0,278.0,0,7.49263925455,256.0,3.3846153846,152.0,160.0
09:54:17,3088.0,3090.19132225,2.3132164389,50.0,146.0,0,7.49098587728,110.0,11.2244897959,162.761904762,262.0
09:54:17,3088.0,3090.19010519,2.31270562983,50.0,28.0,0,7.48933170282,8.0,13.4663341646,133.428571429,266.0
09:54:18,3088.0,3090.1888888,2.31219457442,50.0,16.0,0,7.48767673065,14.0,15.3846153846,99.8095238095,272.0
09:54:18,3088.0,3090.18767309,2.31168327252,50.0,22.0,0,7.48602096025,2.0,21.2121212121,67.7142857143,384.0
09:54:19,3088.0,3090.18645805,2.31117172396,50.0,46.0,0,7.48436439108,2.0,31.7164179104,52.5714285714,392.0
09:54:19,3088.0,3090.18524369,2.31065992858,50.0,2.0,0,7.48270702261,0.0,66.9230769231,27.619047619,136.0
09:54:20,3087.0,3090.1834746,2.31034382295,47.619047619,4.0,0,7.48410697425,2.0,91.5254237288,16.380952381,28.0
09:54:20,3087.0,3090.18170649,2.31002764066,47.619047619,10.0,0,7.48308273619,2.0,92.0,13.619047619,22.0
09:54:21,3087.0,3090.17993937,2.30971138168,47.619047619,12.0,0,7.4820582497,8.0,89.5833333333,12.2857142857,16.0
09:54:21,3088.0,3090.17872863,2.30951532447,50.0,42.0,0,7.47900040307,42.0,91.3793103448,19.7142857143,56.0
09:54:22,3088.0,3090.17751856,2.30900276093,50.0,14.0,0,7.47734054707,0.0,90.4761904762,18.1904761905,54.0
09:54:22,3087.0,3090.17575376,2.30900276093,47.619047619,32.0,0,7.47976275003,2.0,64.9122807018,23.3333333333,56.0
09:54:23,3087.0,3090.17398995,2.30868622787,47.619047619,2.0,0,7.47873737568,2.0,64.2857142857,18.4761904762,56.0
09:54:23,3088.0,3090.17278251,2.30848994989,50.0,44.0,0,7.47567988956,-18.0,46.5753424657,25.7142857143,36.0
09:54:24,3087.0,3090.17102034,2.30848994989,47.619047619,14.0,0,7.47810155457,14.0,41.8918918919,22.7619047619,42.0
09:54:24,3087.0,3090.16925915,2.30848994989,47.619047619,48.0,0,7.47810155457,6.0,14.2857142857,29.4285714286,6.0
09:54:25,3087.0,3090.16749894,2.30848994989,47.619047619,0.0,0,7.47810155457,0.0,0,22.0952380952,6.0
09:54:25,3088.0,3090.16629511,2.3082936218,50.0,14.0,0,7.47504411205,0.0,9.83606557378,19.4285714286,4.0
09:54:26,3088.0,3090.16509195,2.30809724358,50.0,18.0,0,7.4744081722,0.0,18.8405797102,18.7619047619,2.0
09:54:26,3087.0,3090.16333405,2.3082936218,47.619047619,2.0,0,7.47746557111,0.0,25.0,12.7619047619,20.0
09:54:27,3088.0,3090.16213253,2.30836961798,50.0,12.0,0,7.47529021366,10.0,31.914893617,11.619047619,16.0
09:54:27,3088.0,3090.16093168,2.30836961798,50.0,12.0,0,7.47529021366,2.0,68.9655172414,10.5714285714,12.0
09:54:28,3087.0,3090.1591761,2.30864182656,47.619047619,4.0,0,7.47859354246,-2.0,67.7419354839,8.95238095238,10.0
09:54:28,3087.0,3090.15742149,2.30883802478,47.619047619,12.0,0,7.47922910523,-12.0,63.3333333333,9.42857142857,-2.0
09:54:29,3087.0,3090.15566785,2.30910997765,47.619047619,276.0,0,7.4801100669,-126.0,10.0628930818,85.4285714286,-128.0
09:54:29,3087.0,3090.15391519,2.30930603587,47.619047619,4.0,0,7.48074517611,-2.0,10.0,71.4285714286,-130.0
09:54:30,3087.0,3090.1521635,2.30957773317,47.619047619,14.0,0,7.48162530991,-2.0,6.83229813666,60.1904761905,-142.0
09:54:30,3088.0,3090.15096818,2.30957773317,50.0,2.0,0,7.47920250379,2.0,3.84615384616,45.4285714286,-142.0
09:54:31,3087.0,3090.14921813,2.3098492649,47.619047619,28.0,0,7.48250490734,-2.0,2.9761904762,38.5714285714,-142.0
09:54:31,3087.0,3090.14746905,2.31004509335,47.619047619,46.0,0,7.48313927229,-28.0,2.70270270271,35.7142857143,-158.0
09:54:32,3087.0,3090.14572094,2.31031636976,47.619047619,6.0,0,7.48401804264,-2.0,2.0,19.8095238095,-34.0
09:54:32,3087.0,3090.14397381,2.31051205845,47.619047619,6.0,0,7.4846519548,-2.0,1.96078431373,16.7619047619,-34.0
09:54:33,3088.0,3090.14278304,2.31058748074,50.0,32.0,0,7.48247241174,26.0,23.3333333333,21.0476190476,-6.0
09:54:33,3087.0,3090.14103754,2.31085842636,47.619047619,118.0,0,7.48577397589,-88.0,19.4915254237,49.0476190476,-96.0
09:54:34,3087.0,3090.139293,2.31112920666,47.619047619,56.0,0,7.48665113916,-6.0,17.4242424242,53.8095238095,-100.0
09:54:34,3088.0,3090.13810483,2.31120444189,50.0,4.0,0,7.48447034292,4.0,22.5225225225,42.380952381,-68.0
09:54:35,3087.0,3090.13636193,2.31147498137,47.619047619,364.0,0,7.48777123865,58.0,8.96551724138,135.80952381,-8.0
09:54:35,3087.0,3090.13461999,2.31174535568,47.619047619,108.0,0,7.48864708675,-40.0,7.62463343108,139.047619048,-46.0
09:54:36,3087.0,3090.13287901,2.31197039314,47.619047619,210.0,0,7.48937607108,14.0,3.02325581395,166.571428571,-58.0
09:54:36,3087.0,3090.13113901,2.31219510836,47.619047619,102.0,0,7.49010401154,32.0,0.71090047393,154.761904762,62.0
09:54:37,3087.0,3090.12939997,2.31241950144,47.619047619,116.0,0,7.49083090844,4.0,12.389380531,147.714285714,72.0
09:54:37,3088.0,3090.1282173,2.31249422755,50.0,26.0,0,7.48864710995,0.0,11.879049676,112.095238095,68.0
09:54:38,3088.0,3090.12703529,2.31256891789,50.0,140.0,0,7.48888898281,136.0,34.7578347578,108.0,146.0
09:54:38,3087.0,3090.12529853,2.31279277426,47.619047619,4.0,0,7.49204008506,4.0,40.8026755853,75.7142857143,190.0
09:54:39,3087.0,3090.12356273,2.31301630873,47.619047619,2.0,0,7.49276420061,2.0,62.5641025641,47.8095238095,178.0
09:54:39,3088.0,3090.1223833,2.31304506423,50.0,2.0,0,7.49043090746,2.0,84.8275862069,29.8095238095,148.0
09:54:40,3087.0,3090.12064913,2.31326807398,47.619047619,16.0,0,7.4935797667,16.0,73.6842105263,20.5714285714,160.0
09:54:40,3087.0,3090.11891591,2.31349076207,47.619047619,16.0,0,7.49430114049,-6.0,76.6666666667,16.0952380952,154.0
09:54:41,3088.0,3090.11773906,2.31351897804,50.0,12.0,0,7.49196560245,-2.0,7.69230769231,10.9523809524,16.0
09:54:41,3088.0,3090.11656287,2.31354706025,50.0,4.0,0,7.49205654227,2.0,11.5384615385,9.61904761905,14.0
09:54:42,3087.0,3090.11483193,2.31376902117,47.619047619,20.0,0,7.49520253052,8.0,22.8571428571,12.8571428571,20.0
09:54:42,3088.0,3090.11365735,2.31363050445,50.0,4.0,0,7.49232676311,0.0,22.2222222222,10.6666666667,18.0
09:54:43,3087.0,3090.11192802,2.31368546525,47.619047619,6.0,0,7.49493186021,2.0,29.0322580645,8.95238095238,4.0
09:54:43,3087.0,3090.11019965,2.31373989116,47.619047619,4.0,0,7.49510816703,0.0,40.0,7.14285714286,10.0
09:54:44,3087.0,3090.10847224,2.31379378223,47.619047619,0.0,0,7.49528274126,0.0,0,4.7619047619,12.0
09:54:44,3087.0,3090.10674579,2.31384713848,47.619047619,8.0,0,7.49545558302,0.0,38.0952380952,5.2380952381,10.0
09:54:45,3087.0,3090.1050203,2.31389995996,47.619047619,0.0,0,7.49562669244,0.0,0,3.2380952381,2.0
09:54:45,3088.0,3090.10385117,2.31375915002,50.0,2.0,0,7.49274336148,0.0,30.0,2.7619047619,2.0
09:54:46,3088.0,3090.10268269,2.31361803137,50.0,2.0,0,7.492286371,2.0,37.5,2.38095238095,2.0
09:54:46,3088.0,3090.10151485,2.31364384457,50.0,2.0,0,7.49236996298,0.0,42.8571428571,2.19047619048,2.0
09:54:47,3088.0,3090.10034767,2.31350221859,50.0,4.0,0,7.49191132964,0.0,55.5555555556,2.66666666667,2.0
09:54:47,3087.0,3090.09862573,2.31372048207,47.619047619,2.0,0,7.49504529338,-2.0,83.3333333333,2.38095238095,0.0
09:54:48,3088.0,3090.09746015,2.31374576055,50.0,28.0,0,7.49270000177,2.0,95.0,9.80952380952,2.0
09:54:48,3088.0,3090.09629522,2.31377090536,50.0,4.0,0,7.49278142926,4.0,95.2380952381,9.04761904762,6.0
09:54:49,3088.0,3090.09513094,2.31362828665,50.0,0.0,0,7.49231958111,0.0,0,7.04761904762,4.0
09:54:49,3088.0,3090.0939673,2.31348535897,50.0,8.0,0,7.49185673242,0.0,86.9565217391,7.42857142857,4.0
09:54:50,3088.0,3090.09280431,2.31334212227,50.0,0.0,0,7.49139288301,0.0,0,5.2380952381,4.0
09:54:50,3088.0,3090.09164196,2.31336653768,50.0,6.0,0,7.49147194844,0.0,82.6086956522,4.95238095238,6.0
09:54:51,3088.0,3090.09048026,2.31322279328,50.0,0.0,0,7.49100645493,0.0,0,2.7619047619,4.0
09:54:51,3087.0,3090.0887638,2.31327082582,47.619047619,4.0,0,7.49358868098,-4.0,33.3333333333,3.04761904762,-4.0
09:54:52,3087.0,3090.0870483,2.31331832368,47.619047619,0.0,0,7.49374254512,0.0,0,2.19047619048,-4.0
09:54:52,3088.0,3090.08588915,2.31334187212,50.0,6.0,0,7.49139207291,4.0,37.5,3.04761904762,0.0
09:54:53,3088.0,3090.08473064,2.31319682528,50.0,4.0,0,7.49092236165,0.0,40.0,3.42857142857,0.0
09:54:53,3087.0,3090.08301738,2.31324312384,47.619047619,22.0,0,7.49349894345,20.0,72.2222222222,8.7619047619,20.0
09:54:54,3087.0,3090.08130507,2.31328888779,47.619047619,8.0,0,7.49364719078,-4.0,59.0909090909,9.33333333333,16.0
09:54:54,3087.0,3090.07959371,2.31333411717,47.619047619,776.0,0,7.49379370641,410.0,3.43137254901,228.952380952,430.0
09:54:55,3087.0,3090.0778833,2.31337881199,47.619047619,28.0,0,7.49393849042,-16.0,6.63507109004,198.095238095,414.0
09:54:55,3087.0,3090.07617384,2.31359208447,47.619047619,46.0,0,7.49462936337,-2.0,5.88235294117,171.047619048,408.0
09:54:56,3087.0,3090.07446533,2.31380503716,47.619047619,2.0,0,7.4953192004,0.0,5.66893424036,129.523809524,408.0
09:54:56,3087.0,3090.07275777,2.313848389,47.619047619,28.0,0,7.49545963395,-2.0,3.37837837837,95.5238095238,386.0
09:54:57,3087.0,3090.07105115,2.31406061788,47.619047619,0.0,0,7.49614712626,0.0,0,53.2380952381,390.0
09:54:57,3088.0,3090.06990089,2.31408189138,50.0,12.0,0,7.49378850835,-4.0,31.0344827586,14.7619047619,-24.0
09:54:58,3087.0,3090.06819586,2.31429359873,47.619047619,4.0,0,7.49690184233,-4.0,8.69565217392,10.380952381,-12.0
09:54:58,3088.0,3090.06704718,2.31436409686,50.0,36.0,0,7.49470238621,-18.0,14.6341463415,16.2857142857,-28.0
09:54:59,3088.0,3090.06589914,2.3143849675,50.0,8.0,0,7.49476997247,0.0,18.1818181818,14.6666666667,-28.0
09:54:59,3087.0,3090.06419634,2.31464573457,47.619047619,4.0,0,7.49804254799,-2.0,28.125,11.619047619,-28.0
09:55:00,3087.0,3090.06249448,2.31485659036,47.619047619,74.0,0,7.49872559237,-4.0,50.7246376811,29.7142857143,-32.0
09:55:00,3086.0,3090.06023816,2.31542705977,45.4545454545,450.0,0,7.50300408222,-226.0,1.04166666665,151.714285714,-254.0
09:55:01,3087.0,3090.0585385,2.31563724464,47.619047619,528.0,43.3333333333,7.5012544368,308.0,13.8181818182,275.142857143,58.0
09:55:01,3086.0,3090.05628439,2.31620692214,45.4545454545,32.0,0,7.50553117998,2.0,13.6861313868,231.904761905,78.0
09:55:02,3087.0,3090.05458692,2.31646655144,47.619047619,190.0,0,7.50394088579,0.0,24.2566510172,234.0,78.0
09:55:02,3086.0,3090.052335,2.31703552552,45.4545454545,280.0,0,7.50821622011,276.0,19.8198198198,253.142857143,356.0
09:55:03,3087.0,3090.05063973,2.31724446565,47.619047619,6.0,0,7.50646085406,0.0,17.4966352624,180.857142857,360.0
09:55:03,3086.0,3090.04839,2.31781264955,45.4545454545,60.0,0,7.51073444441,46.0,30.2919708029,127.238095238,632.0
09:55:04,3087.0,3090.04669692,2.3180713667,47.619047619,96.0,0,7.50913950988,80.0,30.1204819277,102.476190476,404.0
09:55:04,3087.0,3090.04500478,2.31826057611,47.619047619,4.0,0,7.50975243315,2.0,31.4465408805,72.0,404.0
09:55:05,3086.0,3090.04275818,2.31882791207,45.4545454545,6.0,0,7.51402434242,-2.0,8.40707964601,43.4285714286,402.0
09:55:05,3086.0,3090.04051282,2.31939480985,45.4545454545,16.0,0,7.51586134105,4.0,26.5957446808,26.4761904762,130.0
09:55:06,3086.0,3090.03826872,2.31996126977,45.4545454545,44.0,0,7.51769692082,20.0,22.1238938053,30.0952380952,150.0
09:55:06,3086.0,3090.03602586,2.32045837785,45.4545454545,22.0,0,7.51930777009,-10.0,19.1489361702,25.619047619,94.0
09:55:07,3087.0,3090.03433965,2.32071586909,47.619047619,88.0,0,7.51770608712,-82.0,13.3333333333,41.8095238095,-68.0
09:55:07,3086.0,3090.03209897,2.32121254964,45.4545454545,6.0,0,7.52175161906,-2.0,13.1868131868,34.9523809524,-72.0
09:55:08,3086.0,3090.02985954,2.32177766877,45.4545454545,160.0,0,7.52358285409,0.0,14.2857142857,72.0,-70.0
09:55:08,3086.0,3090.02762135,2.32227378996,45.4545454545,4.0,0,7.52519050539,2.0,11.7283950617,57.1428571429,-72.0
09:55:09,3087.0,3090.0259398,2.32227378996,47.619047619,66.0,0,7.52275280196,18.0,16.1849710982,60.5714285714,-74.0
09:55:09,3086.0,3090.02370379,2.32276967231,45.4545454545,656.0,0,7.52679738274,-320.0,5.51020408163,231.523809524,-384.0
09:55:10,3086.0,3090.02146902,2.32326531597,45.4545454545,246.0,0,7.52840348662,-90.0,4.56942003515,255.142857143,-392.0
09:55:10,3085.0,3090.01868009,2.32399978485,43.4782608696,1610.0,0,7.53322458624,1022.0,9.2633114515,660.952380952,632.0
09:55:11,3085.0,3090.01589271,2.32492159366,43.4782608696,1638.0,0,7.53621262126,970.0,10.8530805687,998.380952381,1602.0
09:55:11,3084.0,3090.01255147,2.32620100402,41.6666666667,434.0,0,7.542804812,260.0,9.72043010754,921.428571429,1860.0
09:55:12,3083.0,3090.00865669,2.32833112954,40.0,112.0,0,7.5521606537,-38.0,9.88074957412,732.0,1804.0
09:55:12,3084.0,3090.00531948,2.32960787248,41.6666666667,760.0,0,7.55385172658,-4.0,12.4583333333,725.523809524,2120.0
09:55:13,3083.0,3090.00142871,2.33154693522,40.0,124.0,0,7.56259142139,26.0,14.0658401026,532.380952381,2236.0
09:55:13,3083.0,3089.99754011,2.33367019724,40.0,466.0,0,7.56947842116,284.0,13.5257498585,442.761904762,1498.0
09:55:14,3084.0,3089.99420907,2.33494283114,41.6666666667,276.0,0,7.57115055493,38.0,17.6795580111,353.333333333,566.0
09:55:14,3084.0,3089.99087988,2.3359096227,41.6666666667,102.0,0,7.57428541732,-44.0,23.8043478261,279.047619048,262.0
09:55:15,3084.0,3089.98755254,2.33687588222,41.6666666667,228.0,0,7.57741855453,86.0,29.8568507158,256.571428571,386.0
09:55:15,3083.0,3089.98367164,2.33850245884,40.0,212.0,0,7.58515231541,198.0,34.8011363636,224.0,588.0
09:55:16,3084.0,3089.9803483,2.33977147507,41.6666666667,472.0,0,7.58680763642,214.0,51.2528473804,291.80952381,776.0
09:55:16,3084.0,3089.97702681,2.34073561298,41.6666666667,238.0,0,7.58993389423,-18.0,57.4607329843,276.19047619,474.0
09:55:17,3084.0,3089.97370716,2.34169922213,41.6666666667,282.0,0,7.59305843751,-24.0,49.6740547588,284.0,412.0
09:55:17,3084.0,3089.97038936,2.34296581531,41.6666666667,110.0,0,7.59716541931,-38.0,49.1569390402,242.380952381,418.0
09:55:18,3085.0,3089.9676288,2.34338779506,43.4782608696,16.0,0,7.59607064848,-2.0,43.9097744361,173.523809524,330.0
09:55:18,3084.0,3089.96431437,2.34465308116,41.6666666667,28.0,0,7.60263644993,-16.0,48.5165794066,118.19047619,116.0
09:55:19,3085.0,3089.96155718,2.34507462568,43.4782608696,54.0,0,7.60153849491,-14.0,16.4835164835,79.0476190476,-112.0
09:55:19,3084.0,3089.95824612,2.34603579483,41.6666666667,32.0,0,7.60711995729,8.0,26.4367816092,53.5238095238,-86.0
09:55:20,3084.0,3089.95493691,2.34729906186,41.6666666667,28.0,0,7.61121615389,-10.0,44.776119403,36.6666666667,-72.0
09:55:20,3085.0,3089.95218493,2.34802239813,43.4782608696,34.0,0,7.61109367302,-16.0,54.1666666667,33.619047619,-50.0
09:55:21,3085.0,3089.94943448,2.34844307501,43.4782608696,36.0,0,7.61245729337,-8.0,50.0,34.7619047619,-56.0
09:55:21,3084.0,3089.94613016,2.3494023406,41.6666666667,96.0,0,7.61803612387,-22.0,50.0,52.0952380952,-62.0
09:55:22,3085.0,3089.94338307,2.34982267193,43.4782608696,36.0,0,7.6169292445,-22.0,52.6717557252,49.0476190476,-70.0
09:55:22,3085.0,3089.94063751,2.35024289525,43.4782608696,22.0,0,7.61829139465,-2.0,52.380952381,42.8571428571,-80.0
09:55:23,3084.0,3089.93733807,2.351201164,41.6666666667,16.0,0,7.62386888456,2.0,60.0,35.4285714286,-68.0
09:55:23,3084.0,3089.93404046,2.35215891113,41.6666666667,82.0,0,7.62697442001,-50.0,50.6944444445,47.4285714286,-102.0
09:55:24,3085.0,3089.93130009,2.35257855316,43.4782608696,160.0,0,7.62586240893,-140.0,62.6213592233,79.4285714286,-234.0
09:55:24,3085.0,3089.92856124,2.35299808755,43.4782608696,8.0,0,7.62722232592,-8.0,67.9012345679,62.0952380952,-220.0
09:55:25,3085.0,3089.92582391,2.35299808755,43.4782608696,40.0,0,7.62722232592,-30.0,61.5853658537,58.0952380952,-228.0
09:55:25,3085.0,3089.9230881,2.35341751436,43.4782608696,76.0,0,7.62858189421,-12.0,68.5863874346,64.1904761905,-238.0
09:55:26,3084.0,3089.91979841,2.35437403217,41.6666666667,186.0,0,7.63415704334,-126.0,74.6376811594,99.1428571429,-366.0
09:55:26,3085.0,3089.91706595,2.3547931156,43.4782608696,240.0,0,7.63304089336,-84.0,87.323943662,141.428571429,-400.0
09:55:27,3085.0,3089.91433501,2.3547931156,43.4782608696,770.0,0,7.63304089336,192.0,80.7575757576,327.619047619,-68.0
09:55:27,3085.0,3089.91160558,2.35521209171,43.4782608696,558.0,0,7.63439900066,106.0,86.4171122995,424.19047619,46.0
09:55:28,3086.0,3089.90943307,2.3547931156,45.4545454545,78.0,0,7.63056745172,32.0,85.6394129979,357.428571429,108.0
09:55:28,3085.0,3089.90670636,2.3547931156,43.4782608696,60.0,0,7.63304089336,16.0,84.5665961945,283.714285714,136.0
09:55:29,3086.0,3089.90453657,2.35437403217,45.4545454545,694.0,0,7.6292094367,-28.0,80.3333333333,391.904761905,234.0
09:55:29,3086.0,3089.90236799,2.35395484134,45.4545454545,2.0,0,7.62785107368,0.0,78.0758556892,278.19047619,318.0
09:55:30,3087.0,3089.90075601,2.3532341811,47.619047619,20.0,0,7.6230456142,4.0,80.7365439094,180.952380952,130.0
09:55:30,3087.0,3089.89914492,2.35251316891,47.619047619,18.0,0,7.62070997378,-2.0,66.9724770642,118.857142857,22.0
09:55:31,3086.0,3089.89697933,2.35209348241,45.4545454545,90.0,0,7.62181945046,-10.0,62.6696832579,103.047619048,-20.0
09:55:31,3086.0,3089.89481495,2.35113564299,45.4545454545,74.0,0,7.61871562861,-10.0,59.9109131403,82.0952380952,-46.0
09:55:32,3087.0,3089.89320716,2.34987522653,47.619047619,8.0,0,7.61216464699,4.0,24.5283018868,41.619047619,-14.0
09:55:32,3086.0,3089.89104487,2.34891615405,45.4545454545,10.0,0,7.61152350632,-2.0,24.5454545455,34.380952381,-16.0
09:55:33,3086.0,3089.88888378,2.34795655837,45.4545454545,106.0,0,7.60841399343,2.0,12.4183006536,54.1904761905,-18.0
09:55:33,3086.0,3089.88672389,2.34699643884,45.4545454545,28.0,0,7.60530278304,-10.0,12.6582278481,47.619047619,-26.0
09:55:34,3087.0,3089.8851206,2.34573291016,47.619047619,88.0,0,7.59874606465,0.0,15.2866242038,57.7142857143,-16.0
09:55:34,3086.0,3089.8829628,2.34477155104,45.4545454545,16.0,0,7.59809316602,0.0,9.37500000001,47.3333333333,-6.0
09:55:35,3086.0,3089.8808062,2.34380966591,45.4545454545,18.0,0,7.59497623431,0.0,6.76691729324,40.2857142857,-10.0
09:55:35,3087.0,3089.87920619,2.3430843705,47.619047619,22.0,0,7.59016640914,0.0,13.6690647482,33.9047619048,-8.0
09:55:36,3086.0,3089.87705168,2.34266230316,45.4545454545,4.0,0,7.59125827338,0.0,20.4545454546,21.8095238095,-10.0
09:55:36,3086.0,3089.87489836,2.34224012683,45.4545454545,22.0,0,7.589890236,2.0,18.8235294118,19.7142857143,2.0
09:55:37,3087.0,3089.87330163,2.34151408162,47.619047619,112.0,0,7.58507962949,82.0,12.3711340206,43.619047619,84.0
09:55:37,3086.0,3089.8711504,2.34109159935,45.4545454545,50.0,0,7.58616850081,6.0,10.5263157895,48.6666666667,90.0
09:55:38,3087.0,3089.86955576,2.34036500002,47.619047619,2.0,0,7.5813573049,2.0,12.2641509434,38.380952381,92.0
09:55:38,3086.0,3089.8674066,2.33994221135,45.4545454545,52.0,0,7.58244397716,44.0,6.61157024794,43.1428571429,136.0
09:55:39,3087.0,3089.86581404,2.33921505709,47.619047619,4.0,0,7.57763219013,4.0,8.26446280992,32.7619047619,140.0
09:55:39,3087.0,3089.86422236,2.33848754474,47.619047619,48.0,0,7.57527549317,44.0,8.20895522389,34.9523809524,182.0
09:55:40,3086.0,3089.86207617,2.33806425156,45.4545454545,2.0,0,7.57635855983,2.0,12.6582278481,22.7619047619,102.0
09:55:40,3086.0,3089.85993117,2.33764084873,45.4545454545,0.0,0,7.57498654806,0.0,0,15.2380952381,96.0
09:55:41,3087.0,3089.85834276,2.33691258216,47.619047619,2.0,0,7.57017357357,0.0,18.5185185185,10.6666666667,94.0
09:55:41,3087.0,3089.85675523,2.33618395645,47.619047619,2.0,0,7.56781327002,0.0,17.2413793104,6.09523809524,50.0
09:55:42,3087.0,3089.85516858,2.33545497127,47.619047619,6.0,0,7.56545180198,2.0,20.0,5.04761904762,48.0
09:55:42,3086.0,3089.85302742,2.33503086399,45.4545454545,78.0,0,7.56652904729,24.0,75.5555555556,24.4761904762,28.0
09:55:43,3086.0,3089.85088744,2.33460664662,45.4545454545,34.0,0,7.56515439605,34.0,65.5737704918,29.9047619048,60.0
09:55:43,3086.0,3089.84874865,2.33418231909,45.4545454545,708.0,0,7.56377938786,160.0,9.87951807231,226.380952381,220.0
09:55:44,3086.0,3089.84661105,2.33375788135,45.4545454545,16.0,0,7.56240402252,10.0,11.374407583,191.428571429,230.0
09:55:44,3086.0,3089.84447464,2.33333333333,45.4545454545,8.0,0,7.56102829985,4.0,12.0,153.523809524,234.0
09:55:45,3085.0,3089.84178401,2.33375788135,43.4782608696,2.0,0,7.56485536905,0.0,11.3475177305,113.619047619,232.0
09:55:45,3086.0,3089.83965028,2.33333333333,45.4545454545,6.0,0,7.56102829985,6.0,5.68475452199,75.0476190476,214.0
09:55:46,3086.0,3089.83751774,2.33290867498,45.4545454545,238.0,0,7.55965221964,30.0,24.7443762781,106.19047619,210.0
09:55:46,3086.0,3089.83538637,2.33290867498,45.4545454545,2.0,0,7.55965221964,2.0,88.9705882353,60.1904761905,52.0
09:55:47,3085.0,3089.83270079,2.33333333333,43.4782608696,2.0,0,7.56347920043,0.0,87.5968992248,47.8095238095,42.0
09:55:47,3085.0,3089.83001671,2.33406331174,43.4782608696,10.0,0,7.56584541893,0.0,83.8461538462,38.380952381,38.0
09:55:48,3085.0,3089.82733411,2.3344876609,43.4782608696,12.0,0,7.56722094295,12.0,80.7407407408,29.4285714286,50.0
09:55:48,3085.0,3089.824653,2.33491189989,43.4782608696,0.0,0,7.56859610985,0.0,0,16.5714285714,44.0
09:55:49,3086.0,3089.82252878,2.33491189989,45.4545454545,34.0,0,7.56614355117,2.0,26.6666666667,13.7142857143,16.0
09:55:49,3086.0,3089.82040575,2.33491189989,45.4545454545,6.0,0,7.56614355117,4.0,28.125,12.5714285714,18.0
09:55:50,3085.0,3089.81772849,2.33564112064,43.4782608696,12.0,0,7.57095987243,12.0,27.027027027,12.9523809524,30.0
09:55:50,3085.0,3089.81505271,2.33606505107,43.4782608696,78.0,0,7.57233403913,52.0,46.4788732394,31.7142857143,82.0
09:55:51,3085.0,3089.81237843,2.33679371385,43.4782608696,52.0,40.625,7.57469599305,-44.0,36.2637362637,39.8095238095,26.0
09:55:51,3085.0,3089.80970563,2.33721733618,62.5,38.0,0,7.57606916104,-36.0,33.6363636364,42.0,-10.0
09:55:52,3085.0,3089.80703431,2.33794544181,62.5,700.0,0,7.57842930895,-498.0,7.22347629795,231.523809524,-510.0
09:55:52,3085.0,3089.80436448,2.3383687565,62.5,32.0,0,7.57980147973,-28.0,6.5789473684,198.476190476,-542.0
09:55:53,3085.0,3089.80169613,2.33909630579,62.5,374.0,0,7.58215982429,-370.0,4.8665620094,261.904761905,-924.0
09:55:53,3086.0,3089.79958466,2.33909630579,64.7058823529,392.0,0,7.57970287036,-222.0,-1.38539042823,313.238095238,-1198.0
09:55:54,3084.0,3089.79636356,2.34036500002,58.8235294118,114.0,0,7.58873216609,-86.0,-1.09090909093,270.19047619,-1240.0
09:55:54,3084.0,3089.79314426,2.34163271031,58.8235294118,52.0,0,7.59284277014,-22.0,-1.44230769232,206.476190476,-1226.0
09:55:55,3084.0,3089.78992674,2.34259588457,58.8235294118,48.0,0,7.59596590327,-48.0,-2.76679841898,140.952380952,-776.0
09:55:55,3084.0,3089.786711,2.34386189445,58.8235294118,52.0,0,7.60007099367,-40.0,-1.74418604652,107.619047619,-788.0
09:55:56,3084.0,3089.78349706,2.34512692475,58.8235294118,58.0,0,7.60417290777,-28.0,-0.837988826822,75.0476190476,-446.0
09:55:56,3084.0,3089.78028489,2.34639097707,58.8235294118,50.0,0,7.60827165069,-38.0,9.6256684492,55.2380952381,-262.0
09:55:57,3084.0,3089.77707452,2.34735147573,58.8235294118,60.0,0,7.61138610808,-22.0,15.0,54.5714285714,-198.0
09:55:57,3084.0,3089.77386592,2.34861383796,58.8235294118,66.0,0,7.61547937083,-6.0,15.5688622755,58.1904761905,-182.0
09:55:58,3085.0,3089.77121451,2.34933663805,62.5,78.0,0,7.61535377002,-2.0,25.8241758242,64.5714285714,-136.0
09:55:58,3084.0,3089.76800917,2.35059744179,58.8235294118,62.0,0,7.62191128984,8.0,24.064171123,64.9523809524,-88.0
09:55:59,3084.0,3089.76480561,2.35185727434,58.8235294118,26.0,0,7.62599635002,6.0,21.6374269006,54.5714285714,-54.0
09:55:59,3084.0,3089.76160383,2.35311613729,58.8235294118,4.0,0,7.63007826617,0.0,24.3243243243,39.4285714286,-16.0
09:56:00,3084.0,3089.75840383,2.35437403217,58.8235294118,38.0,0,7.63415704334,12.0,24.0875912409,36.1904761905,18.0
09:56:00,3084.0,3089.7552056,2.35563096053,58.8235294118,116.0,0,7.63823268655,44.0,25.9259259259,56.2857142857,68.0
09:56:01,3085.0,3089.75256456,2.3563504948,62.5,26.0,0,7.63808912413,-8.0,23.5294117647,48.2857142857,62.0
09:56:01,3085.0,3089.74992498,2.35706967846,62.5,56.0,0,7.64042035159,34.0,24.8120300752,51.3333333333,88.0
09:56:02,3085.0,3089.74728686,2.35778851186,62.5,20.0,0,7.64275044364,2.0,29.2307692308,44.380952381,84.0
09:56:02,3084.0,3089.74409481,2.35922512912,58.8235294118,46.0,0,7.64988692971,42.0,31.7880794702,45.1428571429,126.0
09:56:03,3085.0,3089.74145994,2.36012513727,62.5,64.0,0,7.65032459407,-24.0,45.1219512195,49.0476190476,90.0
09:56:03,3085.0,3089.73882652,2.36102450822,62.5,2.0,0,7.65323989697,0.0,58.8785046729,34.0,46.0
09:56:04,3085.0,3089.73619457,2.36192324268,62.5,686.0,0,7.65615313673,110.0,89.4736842105,219.80952381,164.0
09:56:04,3085.0,3089.73356408,2.3628213414,62.5,202.0,0,7.65906431571,2.0,95.6862745098,235.904761905,132.0
09:56:05,3086.0,3089.73149046,2.36330218597,64.7058823529,60.0,0,7.65814058967,-2.0,91.320754717,204.476190476,128.0
09:56:05,3085.0,3089.72886258,2.36419927131,62.5,50.0,0,7.66353086323,36.0,90.2255639098,168.285714286,122.0
09:56:06,3086.0,3089.72679157,2.36449815885,64.7058823529,40.0,0,7.66201606886,-16.0,87.8846153846,129.047619048,130.0
09:56:06,3086.0,3089.7247217,2.36497827098,64.7058823529,240.0,0,7.66357184376,186.0,71.6744913928,148.095238095,316.0
09:56:07,3086.0,3089.72265299,2.36545815519,64.7058823529,2.0,0,7.66512688007,-2.0,40.404040404,87.8095238095,204.0
09:56:07,3086.0,3089.72058542,2.36593781161,64.7058823529,12.0,0,7.66668117825,-10.0,11.8811881188,62.9523809524,192.0
09:56:08,3085.0,3089.7179636,2.36683291996,62.5,8.0,0,7.67206781185,6.0,13.0681818182,46.0,200.0
09:56:08,3086.0,3089.71589864,2.36731197188,64.7058823529,66.0,0,7.67113406313,34.0,25.5434782609,48.0952380952,198.0
09:56:09,3086.0,3089.71383482,2.36779079654,64.7058823529,92.0,0,7.67268566604,88.0,40.4761904762,56.8571428571,302.0
09:56:09,3086.0,3089.71177216,2.36826939406,64.7058823529,184.0,0,7.67423653292,124.0,95.6043956044,89.4285714286,240.0
09:56:10,3086.0,3089.70971063,2.36856724677,64.7058823529,32.0,0,7.67520170697,0.0,95.9390862944,81.2380952381,242.0
09:56:10,3087.0,3089.70820566,2.36874776458,66.6666666667,6.0,0,7.67330017682,2.0,95.3608247423,64.1904761905,254.0
09:56:11,3086.0,3089.70614611,2.36904549201,64.7058823529,410.0,0,7.67675143231,100.0,47.0886075949,162.857142857,348.0
09:56:11,3086.0,3089.70408772,2.36934314946,64.7058823529,4.0,0,7.67771597361,-2.0,42.5824175824,126.380952381,312.0
09:56:12,3086.0,3089.70203046,2.36982104276,64.7058823529,244.0,0,7.67926455851,4.0,24.7727272727,161.428571429,228.0
09:56:12,3086.0,3089.69997435,2.37011850514,64.7058823529,20.0,0,7.68022846772,-2.0,7.82122905028,125.238095238,102.0
09:56:13,3086.0,3089.69791938,2.37059604684,64.7058823529,8.0,0,7.68177591328,6.0,4.33526011561,93.4285714286,108.0
09:56:13,3086.0,3089.69586555,2.37107336219,64.7058823529,2.0,0,7.68332262537,2.0,4.36046511628,61.0476190476,108.0
09:56:14,3085.0,3089.69325746,2.37196458073,62.5,584.0,0,7.6887020445,-312.0,6.03248259863,195.142857143,-304.0
09:56:14,3085.0,3089.69065082,2.37285517187,62.5,160.0,0,7.69158888774,-40.0,5.10805500984,199.80952381,-342.0
09:56:15,3085.0,3089.68804562,2.37380762791,62.5,64.0,0,7.69467626551,60.0,9.06921241052,169.619047619,-286.0
09:56:15,3085.0,3089.68544188,2.37475918207,62.5,1036.0,0,7.69776071985,170.0,4.42286947143,425.714285714,-114.0
09:56:16,3084.0,3089.68228418,2.37623962126,58.8235294118,334.0,0,7.70505713768,244.0,5.50458715597,432.857142857,124.0
09:56:16,3084.0,3089.67912823,2.3777183274,58.8235294118,266.0,0,7.70985190466,52.0,15.7119476269,405.047619048,174.0
09:56:17,3084.0,3089.67597403,2.37914025087,58.8235294118,50.0,0,7.71446255148,44.0,20.2094240838,302.952380952,530.0
09:56:17,3084.0,3089.67282159,2.38056015817,58.8235294118,80.0,0,7.71906666073,54.0,24.9180327869,234.857142857,624.0
09:56:18,3083.0,3089.6691155,2.38262225536,55.5555555556,6.0,0,7.72825901835,0.0,24.3792325056,149.428571429,564.0
09:56:18,3084.0,3089.66596686,2.38403756431,58.8235294118,24.0,0,7.73034229671,16.0,56.5789473684,71.9047619048,410.0
09:56:19,3083.0,3089.66226458,2.38592152591,55.5555555556,72.0,0,7.73896051218,56.0,82.3293172691,56.2857142857,222.0
09:56:19,3084.0,3089.65911975,2.38715983938,58.8235294118,192.0,0,7.74046640526,26.0,40.0943396226,87.4285714286,196.0
09:56:20,3084.0,3089.65597666,2.38856838935,58.8235294118,884.0,0,7.74503368792,206.0,14.3084260731,319.80952381,358.0
09:56:20,3083.0,3089.65227993,2.3904433573,55.5555555556,1308.0,0,7.75362749691,666.0,4.42477876107,633.619047619,970.0
09:56:21,3083.0,3089.64858524,2.39248745433,55.5555555556,1072.0,0,7.76025771759,624.0,4.11036036036,821.523809524,1594.0
09:56:21,3081.0,3089.64378181,2.39615426192,50.0,1074.0,0,7.77719656579,418.0,3.04215558454,959.238095238,1996.0
09:56:22,3081.0,3089.63898104,2.39964014792,50.0,1206.0,0,7.78851070405,518.0,16.2482566248,1084.66666667,2458.0
09:56:22,3082.0,3089.63473834,2.40225008656,52.6315789474,550.0,0,7.79445193564,344.0,15.9829340335,968.666666667,2776.0
09:56:23,3081.0,3089.62994259,2.40572104576,50.0,1670.0,0,7.80824747081,-680.0,15.5232558139,1155.61904762,1890.0
09:56:23,3082.0,3089.62570491,2.40849190494,52.6315789474,1062.0,0,7.81470442876,376.0,16.340066325,1131.42857143,1600.0
09:56:24,3082.0,3089.62146959,2.41108448526,52.6315789474,410.0,0,7.82311643498,-50.0,18.4192900201,932.666666667,926.0
09:56:24,3082.0,3089.61723661,2.41367169142,52.6315789474,414.0,0,7.83151100395,-100.0,21.1219879518,766.571428571,408.0
09:56:25,3081.0,3089.61245059,2.41728797888,50.0,322.0,0,7.84579025927,-68.0,7.00090334236,605.619047619,-178.0
09:56:25,3082.0,3089.60822263,2.419863387,52.6315789474,1818.0,0,7.85160086631,292.0,33.3216292135,914.19047619,-230.0
09:56:26,3082.0,3089.60399701,2.42243347703,52.6315789474,586.0,0,7.8599398995,116.0,51.2142237641,810.380952381,566.0
09:56:26,3084.0,3089.60088454,2.4238001359,58.8235294118,808.0,0,7.8592741112,410.0,78.0633318036,821.619047619,600.0
09:56:27,3084.0,3089.5977738,2.42516487921,58.8235294118,144.0,0,7.86369934893,-20.0,84.1153470186,655.238095238,630.0
09:56:27,3085.0,3089.59522019,2.42584076045,62.5,736.0,0,7.86334120081,182.0,93.7471681015,670.666666667,912.0
09:56:28,3085.0,3089.592668,2.4262269233,62.5,116.0,0,7.86459294424,10.0,99.5247148289,493.619047619,990.0
09:56:28,3086.0,3089.59067263,2.42621318451,64.7058823529,142.0,0,7.86199994979,-44.0,105.687203791,333.80952381,654.0
09:56:29,3086.0,3089.58867837,2.42619830073,64.7058823529,100.0,0,7.86195171979,2.0,104.692082111,241.80952381,540.0
09:56:29,3086.0,3089.58668521,2.42618227194,64.7058823529,268.0,0,7.86189977945,-108.0,89.1102257636,220.952380952,22.0
09:56:30,3087.0,3089.58524856,2.42617094995,66.6666666667,80.0,0,7.85931632638,28.0,88.9042995839,172.095238095,70.0
09:56:30,3086.0,3089.58325731,2.42615301277,64.7058823529,156.0,0,7.86180496684,54.0,77.7262180974,148.0,-58.0
09:56:31,3086.0,3089.58126716,2.42613393051,64.7058823529,44.0,0,7.86174313191,-18.0,81.2658227848,119.523809524,-86.0
09:56:31,3086.0,3089.57927812,2.42611370315,64.7058823529,102.0,0,7.86167758636,24.0,69.3333333333,111.047619048,-18.0
09:56:32,3086.0,3089.57729019,2.42609233067,64.7058823529,62.0,0,7.86160833009,24.0,65.1685393258,93.0476190476,4.0
09:56:32,3086.0,3089.57530336,2.42566517541,64.7058823529,28.0,0,7.86022415882,2.0,44.0677966102,67.1428571429,114.0
09:56:33,3086.0,3089.57331763,2.42523638596,64.7058823529,72.0,0,7.85883469202,12.0,38.7931034483,65.2380952381,98.0
09:56:33,3086.0,3089.571333,2.42480596144,64.7058823529,24.0,0,7.85743992688,6.0,16.8674698795,50.0,50.0
09:56:34,3086.0,3089.56934948,2.42437390097,64.7058823529,54.0,0,7.85603986058,8.0,8.77192982456,49.619047619,76.0
09:56:34,3086.0,3089.56736706,2.4239402037,64.7058823529,48.0,0,7.85463449028,32.0,3.47222222223,47.0476190476,84.0
09:56:35,3086.0,3089.56538574,2.42391098113,64.7058823529,24.0,0,7.85453979627,20.0,3.20000000001,40.1904761905,80.0
09:56:35,3086.0,3089.56340552,2.4238806122,64.7058823529,56.0,0,7.85444138757,4.0,2.87769784173,44.2857142857,82.0
09:56:36,3086.0,3089.5614264,2.42344259204,64.7058823529,36.0,0,7.8530220092,2.0,1.65289256199,41.3333333333,72.0
09:56:36,3086.0,3089.55944838,2.42300293229,64.7058823529,6.0,0,7.85159731785,0.0,1.78571428572,31.5238095238,66.0
09:56:37,3086.0,3089.55747146,2.42256163206,64.7058823529,12.0,0,7.85016731062,4.0,4.39560439561,24.2857142857,62.0
09:56:37,3086.0,3089.55549563,2.42211869045,64.7058823529,16.0,0,7.8487319846,-2.0,5.33333333333,20.1904761905,28.0
09:56:38,3087.0,3089.55407631,2.42139358915,66.6666666667,2.0,0,7.84384058682,-2.0,6.25,13.619047619,6.0
09:56:38,3086.0,3089.55210237,2.42094753348,64.7058823529,126.0,0,7.84493691991,-36.0,24.2424242424,43.5238095238,-34.0
09:56:39,3086.0,3089.55012953,2.4204998336,64.7058823529,46.0,0,7.84348617498,44.0,29.8076923077,47.2380952381,8.0
09:56:39,3087.0,3089.54871318,2.4197704207,66.6666666667,150.0,0,7.83858250955,66.0,22.7272727273,80.1904761905,74.0
09:56:40,3087.0,3089.54729762,2.41851575173,66.6666666667,122.0,0,7.83451814619,28.0,21.645021645,98.2857142857,98.0
09:56:40,3086.0,3089.54532745,2.4180631342,64.7058823529,8.0,0,7.83559019508,0.0,22.0264317181,78.5714285714,100.0
09:56:41,3086.0,3089.54335837,2.41760886805,64.7058823529,14.0,42.4242424242,7.83411817256,-6.0,22.3175965665,60.9523809524,96.0
09:56:41,3087.0,3089.54194578,2.4168734107,50.0,68.0,0,7.82919796144,38.0,17.1568627451,58.1904761905,170.0
09:56:42,3086.0,3089.53997858,2.41682628783,45.4545454545,36.0,0,7.83158226776,8.0,16.08040201,49.0476190476,134.0
09:56:42,3086.0,3089.53801247,2.41707346512,45.4545454545,4.0,0,7.83238323112,0.0,18.253968254,31.2380952381,68.0
09:56:43,3087.0,3089.53660286,2.41722137631,50.0,20.0,0,7.83032515812,0.0,22.6666666667,24.9523809524,40.0
09:56:43,3086.0,3089.53463863,2.41764793297,45.4545454545,30.0,0,7.8342447601,-6.0,19.7674418605,26.380952381,34.0
09:56:44,3086.0,3089.53267548,2.41807390382,45.4545454545,430.0,0,7.83562509338,40.0,5.10204081632,141.047619048,80.0
09:56:44,3085.0,3089.53015803,2.41889265299,41.6666666667,36.0,0,7.8408189724,-10.0,6.11510791366,123.333333333,32.0
09:56:45,3086.0,3089.52819737,2.41931725651,45.4545454545,26.0,0,7.83965410406,26.0,9.52380952381,104.285714286,50.0
09:56:45,3086.0,3089.52623781,2.41956019305,45.4545454545,2.0,0,7.84044132549,0.0,9.92647058823,78.8571428571,50.0
09:56:46,3086.0,3089.52427933,2.41980230802,45.4545454545,32.0,0,7.84122588469,30.0,8.63309352518,62.0952380952,80.0
09:56:46,3086.0,3089.52232194,2.42022496659,45.4545454545,2.0,0,7.84259548473,0.0,9.09090909091,36.1904761905,86.0
09:56:47,3086.0,3089.52036564,2.42046558053,45.4545454545,2.0,0,7.84337517995,0.0,48.0,11.619047619,46.0
09:56:47,3086.0,3089.51841043,2.42070537368,45.4545454545,0.0,0,7.84415221543,0.0,0,6.85714285714,56.0
09:56:48,3085.0,3089.51590089,2.42151797548,41.6666666667,4.0,0,7.84932893185,2.0,28.5714285714,4.95238095238,32.0
09:56:48,3085.0,3089.51339276,2.42214766386,41.6666666667,310.0,0,7.85137006114,32.0,2.85714285714,91.5238095238,64.0
09:56:49,3085.0,3089.51088601,2.42277604206,41.6666666667,48.0,0,7.85340694348,48.0,14.2076502732,88.5714285714,82.0
09:56:49,3085.0,3089.50838066,2.42358524341,41.6666666667,0.0,0,7.85602996245,0.0,0,71.1428571429,82.0
09:56:50,3085.0,3089.5058767,2.42421114826,41.6666666667,26.0,0,7.85805882743,22.0,18.0412371134,61.2380952381,104.0
09:56:50,3084.0,3089.50281873,2.42534061182,38.4615384615,2.0,0,7.86426916932,0.0,17.9487179487,43.3333333333,104.0
09:56:51,3085.0,3089.50031786,2.4259635829,41.6666666667,74.0,0,7.86373932869,-6.0,29.1304347826,45.9047619048,96.0
09:56:51,3085.0,3089.49781838,2.42676790591,41.6666666667,14.0,0,7.86634653454,4.0,87.8048780488,28.0,68.0
09:56:52,3085.0,3089.49532028,2.42738841271,41.6666666667,8.0,0,7.86835790182,4.0,82.2580645161,22.4761904762,24.0
09:56:52,3085.0,3089.49282358,2.42819051602,41.6666666667,34.0,0,7.87095791255,0.0,68.3544303798,26.2857142857,24.0
09:56:53,3084.0,3089.48977285,2.42949467324,38.4615384615,14.0,0,7.87773888857,6.0,65.7534246575,22.7619047619,8.0
09:56:53,3084.0,3089.48672383,2.43079698801,38.4615384615,82.0,0,7.88196169912,2.0,49.5575221239,39.2380952381,10.0
09:56:54,3085.0,3089.4842319,2.43141208717,41.6666666667,12.0,0,7.88140060672,0.0,36.5853658536,31.9047619048,16.0
09:56:54,3085.0,3089.48174135,2.43220921523,41.6666666667,52.0,0,7.88398449022,0.0,38.6138613861,38.9523809524,12.0
09:56:55,3085.0,3089.47925218,2.43300528928,41.6666666667,48.0,0,7.88656495714,48.0,49.5867768595,43.0476190476,56.0
09:56:55,3085.0,3089.4767644,2.43380031034,41.6666666667,2.0,0,7.88914201083,0.0,55.2380952381,32.0952380952,56.0
09:56:56,3084.0,3089.4737226,2.43509518916,38.4615384615,2.0,0,7.89589879752,0.0,53.5353535354,22.6666666667,50.0
09:56:56,3084.0,3089.47068249,2.43638823965,38.4615384615,80.0,0,7.90009156827,2.0,78.5714285714,36.0952380952,50.0
09:56:57,3085.0,3089.46819946,2.4371794661,41.6666666667,10.0,0,7.90009551411,0.0,76.2886597938,29.619047619,50.0
09:56:57,3085.0,3089.46571782,2.43796964453,41.6666666667,28.0,0,7.90265687044,6.0,82.3529411765,28.380952381,56.0
09:56:58,3085.0,3089.46323755,2.43875877595,41.6666666667,6.0,0,7.90521483291,2.0,75.0,22.0,10.0
09:56:58,3085.0,3089.46075867,2.43936275769,41.6666666667,2.0,0,7.90717263431,0.0,75.0,16.4761904762,10.0
09:56:59,3085.0,3089.45828116,2.43996545146,41.6666666667,1022.0,0,7.90912626081,558.0,95.6445993031,302.380952381,568.0
09:56:59,3085.0,3089.45580502,2.44056685823,41.6666666667,54.0,0,7.9110757155,0.0,98.752228164,263.142857143,566.0
09:57:00,3085.0,3089.45333026,2.44116697895,41.6666666667,22.0,0,7.91302100147,-4.0,97.5308641975,216.0,562.0
09:57:00,3085.0,3089.45085688,2.44176581457,41.6666666667,112.0,0,7.91496212179,108.0,89.1625615763,194.0,664.0
09:57:01,3085.0,3089.44838486,2.44236336603,41.6666666667,76.0,0,7.91689907952,26.0,84.0062111801,157.714285714,688.0
09:57:01,3085.0,3089.44591422,2.44295963427,41.6666666667,8.0,0,7.91883187771,6.0,83.6166924266,98.6666666667,694.0
09:57:02,3085.0,3089.44344496,2.44355462024,41.6666666667,4.0,0,7.92076051942,4.0,28.9855072464,38.1904761905,140.0
09:57:02,3086.0,3089.44153246,2.4437653097,45.4545454545,6.0,0,7.91887657064,0.0,4.38596491228,26.7619047619,140.0
09:57:03,3085.0,3089.43906563,2.44435801615,41.6666666667,34.0,0,7.92336472009,6.0,4.16666666667,25.619047619,150.0
09:57:03,3085.0,3089.43660017,2.44494944279,41.6666666667,8.0,0,7.92528182426,0.0,10.2941176471,16.4761904762,42.0
09:57:04,3085.0,3089.43413608,2.44524025871,41.6666666667,40.0,0,7.92622450151,0.0,14.0,21.4285714286,16.0
09:57:04,3085.0,3089.43167335,2.44582901129,41.6666666667,10.0,0,7.92813293773,2.0,15.6862745098,19.5238095238,12.0
09:57:05,3085.0,3089.42921199,2.44641648673,41.6666666667,14.0,0,7.93003723413,-8.0,16.0714285714,18.6666666667,0.0
09:57:05,3085.0,3089.426752,2.44700268595,41.6666666667,26.0,0,7.93193739369,0.0,24.2424242424,20.7619047619,0.0
09:57:06,3086.0,3089.42484878,2.44720645726,45.4545454545,8.0,0,7.93002740524,2.0,30.1886792453,16.7619047619,-4.0
09:57:06,3086.0,3089.42294662,2.4471094059,45.4545454545,4.0,0,7.92971291607,2.0,31.3725490196,12.8571428571,-2.0
09:57:07,3086.0,3089.42104551,2.44731143424,45.4545454545,34.0,0,7.93036757694,18.0,66.6666666667,17.7142857143,16.0
09:57:07,3086.0,3089.41914545,2.44721230607,45.4545454545,8.0,0,7.93004635798,0.0,68.085106383,15.4285714286,14.0
09:57:08,3085.0,3089.41669105,2.44779301894,41.6666666667,2.0,0,7.93449925103,-2.0,75.6097560976,11.5238095238,20.0
09:57:08,3085.0,3089.41423802,2.44807180359,41.6666666667,10.0,0,7.93540292899,0.0,69.696969697,10.4761904762,20.0
09:57:09,3086.0,3089.41234175,2.44796911291,45.4545454545,10.0,0,7.93249874567,0.0,70.5882352941,10.1904761905,18.0
09:57:09,3085.0,3089.40989113,2.4482450095,41.6666666667,6.0,0,7.93596437439,-4.0,65.7142857143,8.66666666667,12.0
09:57:10,3085.0,3089.40744187,2.44882056204,41.6666666667,46.0,0,7.93783002281,-4.0,17.0731707317,18.4761904762,-10.0
09:57:10,3085.0,3089.40499397,2.44909349569,41.6666666667,8.0,0,7.9387147348,0.0,17.0731707317,16.8571428571,-10.0
09:57:11,3086.0,3089.40310283,2.44898593274,45.4545454545,408.0,0,7.93579369002,0.0,86.0655737705,129.523809524,-8.0
09:57:11,3086.0,3089.40121274,2.44846196054,45.4545454545,574.0,0,7.93409578918,216.0,94.1064638783,270.285714286,208.0
09:57:12,3086.0,3089.39932371,2.44835191166,45.4545454545,1074.0,0,7.93373918231,832.0,97.2589792061,527.047619048,1040.0
09:57:12,3087.0,3089.39799112,2.44755986761,50.0,30.0,0,7.92860339363,-24.0,96.4485981308,434.857142857,1020.0
09:57:13,3086.0,3089.39610387,2.44703139627,45.4545454545,22.0,0,7.92946013049,-2.0,97.5425330813,339.238095238,1022.0
09:57:13,3087.0,3089.39477307,2.44665290073,50.0,534.0,0,7.92566537329,-494.0,98.1074943225,391.047619048,528.0
09:57:14,3087.0,3089.39344301,2.44585689938,50.0,70.0,0,7.92308681366,-32.0,97.9166666667,285.238095238,496.0
09:57:14,3087.0,3089.39211369,2.4450595028,50.0,928.0,0,7.92050373436,-288.0,98.1941309255,440.666666667,-8.0
09:57:15,3087.0,3089.39078511,2.44467801914,50.0,86.0,0,7.91926795965,12.0,97.125748503,338.666666667,-828.0
09:57:15,3088.0,3089.39001266,2.44414493115,53.8461538462,12.0,0,7.91497710863,0.0,98.4261501211,262.571428571,-804.0
09:57:16,3088.0,3089.38924065,2.44361122163,53.8461538462,14.0,0,7.9132487747,-4.0,99.1484184915,187.904761905,-806.0
09:57:16,3088.0,3089.38846906,2.44265892807,53.8461538462,94.0,0,7.91016492251,-22.0,98.8372093023,136.476190476,-334.0
09:57:17,3088.0,3089.3876979,2.44212375636,53.8461538462,56.0,0,7.90843185348,-28.0,98.8235294118,95.1428571429,-330.0
09:57:17,3088.0,3089.38692717,2.44116946018,53.8461538462,126.0,0,7.90534151614,-68.0,92.7835051546,74.4761904762,-110.0
09:57:18,3088.0,3089.38615687,2.4402140003,53.8461538462,54.0,0,7.90224741031,8.0,84.2696629213,71.4285714286,-114.0
09:57:18,3087.0,3089.3848316,2.43982669897,50.0,10.0,0,7.90355263675,-10.0,83.0508474576,57.3333333333,-124.0
09:57:19,3087.0,3089.38350706,2.43901916888,50.0,108.0,0,7.90093673107,46.0,65.1785714286,71.3333333333,-74.0
09:57:19,3087.0,3089.38218326,2.43862993753,50.0,80.0,0,7.89967585854,-42.0,59.9078341014,72.8571428571,-94.0
09:57:20,3088.0,3089.38141559,2.43767015867,53.8461538462,46.0,0,7.89400958118,20.0,58.9622641509,65.3333333333,-46.0
09:57:20,3088.0,3089.38064835,2.43670921012,53.8461538462,86.0,0,7.89089770117,22.0,53.125,69.7142857143,44.0
09:57:21,3088.0,3089.37988154,2.4357470905,53.8461538462,2.0,0,7.88778202883,2.0,54.2168674699,52.0,38.0
09:57:21,3088.0,3089.37911515,2.43478379842,53.8461538462,38.0,0,7.88466255966,8.0,52.7777777778,47.0476190476,56.0
09:57:22,3088.0,3089.37834919,2.43381933249,53.8461538462,4.0,0,7.88153928916,0.0,75.0,31.0476190476,10.0
09:57:22,3087.0,3089.37702825,2.43300295829,50.0,8.0,0,7.88144787267,6.0,75.0,21.1428571429,58.0
09:57:23,3087.0,3089.37570804,2.43218516798,50.0,4.0,0,7.8787987301,2.0,66.1971830986,13.5238095238,40.0
09:57:23,3088.0,3089.37494397,2.4312169735,53.8461538462,402.0,0,7.87311196081,-282.0,94.3231441048,121.619047619,-264.0
09:57:24,3087.0,3089.37362493,2.43039648686,50.0,12.0,0,7.87300449258,8.0,92.3076923077,103.238095238,-258.0
09:57:24,3088.0,3089.37286201,2.42942583269,53.8461538462,66.0,0,7.86731163436,4.0,96.7741935484,99.8095238095,-262.0
09:57:25,3088.0,3089.37209952,2.42845399621,53.8461538462,128.0,0,7.86416449551,24.0,97.4193548387,112.761904762,-238.0
09:57:25,3087.0,3089.37078206,2.42762952446,50.0,2.0,0,7.8640412195,0.0,97.3941368078,83.8095238095,-244.0
09:57:26,3088.0,3089.37002072,2.42665521975,53.8461538462,322.0,0,7.85833944221,166.0,98.4978540773,146.571428571,-80.0
09:57:26,3088.0,3089.36925981,2.42567972846,53.8461538462,6.0,0,7.85518046781,-4.0,97.3880597015,103.904761905,198.0
09:57:27,3087.0,3089.36794392,2.42527578933,50.0,16.0,0,7.85641655112,-10.0,97.037037037,82.9523809524,180.0
09:57:27,3088.0,3089.36718416,2.4247229064,53.8461538462,44.0,0,7.85208195079,-4.0,96.138996139,69.8095238095,172.0
09:57:28,3087.0,3089.36586943,2.42389239055,50.0,24.0,0,7.85193518158,-4.0,90.3381642512,52.0,144.0
09:57:28,3087.0,3089.36455542,2.42306044365,50.0,158.0,0,7.84924018027,-48.0,75.4385964912,77.4285714286,96.0
09:57:29,3088.0,3089.36379754,2.42250501662,53.8461538462,68.0,0,7.84489966522,-62.0,53.7974683544,69.7142857143,-132.0
09:57:29,3088.0,3089.36304009,2.42152307379,53.8461538462,10.0,0,7.84171979855,-2.0,54.375,57.5238095238,-130.0
09:57:30,3088.0,3089.36228306,2.42053993569,53.8461538462,10.0,0,7.83853606116,0.0,55.4140127389,45.1428571429,-120.0
09:57:30,3088.0,3089.36152644,2.41998214461,53.8461538462,44.0,0,7.83672974292,8.0,57.3248407643,42.7619047619,-108.0
09:57:31,3088.0,3089.36077025,2.41899694484,53.8461538462,42.0,45.7142857143,7.83353932914,-42.0,59.0361445783,39.8095238095,-146.0
09:57:31,3087.0,3089.35945907,2.41815776158,50.0,6.0,0,7.83335847612,-4.0,78.8888888889,25.7142857143,-102.0
09:57:32,3087.0,3089.35814863,2.41774458719,50.0,430.0,0,7.83202004273,-276.0,16.2361623616,140.0,-316.0
09:57:32,3087.0,3089.35683891,2.41690286202,50.0,106.0,0,7.82929336579,-68.0,28.8401253919,144.476190476,-382.0
09:57:33,3087.0,3089.35552992,2.41648771687,50.0,0.0,0,7.82794854834,0.0,0,114.095238095,-382.0
09:57:33,3086.0,3089.35366625,2.4159050524,46.6666666667,14.0,0,7.82859705898,-2.0,24.4147157191,88.1904761905,-392.0
09:57:34,3086.0,3089.35180362,2.415320682,46.6666666667,0.0,0,7.82670344136,0.0,0,59.7142857143,-350.0
09:57:34,3087.0,3089.35049743,2.4144733182,50.0,112.0,0,7.82142312344,-28.0,19.9395770393,65.2380952381,-374.0
09:57:35,3086.0,3089.34863656,2.41388569236,46.6666666667,24.0,0,7.82205344253,-14.0,49.21875,40.5714285714,-112.0
09:57:35,3086.0,3089.34677672,2.41329635676,46.6666666667,166.0,0,7.82014373545,-78.0,8.86075949367,75.8095238095,-122.0
09:57:36,3085.0,3089.34436251,2.41308123236,43.75,28.0,0,7.82198130423,2.0,15.1162790698,68.7619047619,-120.0
09:57:36,3086.0,3089.34250505,2.41291853339,46.6666666667,4.0,0,7.81891942122,2.0,13.7724550898,53.5238095238,-116.0
09:57:37,3085.0,3089.34009322,2.41269979343,43.75,2.0,0,7.82074487335,0.0,13.6904761905,38.1904761905,-116.0
09:57:37,3085.0,3089.33768272,2.41290965946,43.75,0.0,0,7.8214251522,0.0,0,22.1904761905,-88.0
09:57:38,3086.0,3089.33582897,2.41274291939,46.6666666667,20.0,0,7.81835035447,16.0,25.4545454545,17.2380952381,-58.0
09:57:38,3086.0,3089.33397625,2.41257501642,46.6666666667,4.0,0,7.81780627487,4.0,89.6551724138,7.90476190476,24.0
09:57:39,3086.0,3089.33212455,2.41197461176,46.6666666667,0.0,0,7.81586069916,0.0,0,5.14285714286,22.0
09:57:39,3086.0,3089.33027389,2.41180415987,46.6666666667,0.0,0,7.81530835991,0.0,0,3.71428571429,20.0
09:57:40,3086.0,3089.32842425,2.4116325441,46.6666666667,28.0,0,7.8147522492,18.0,100.0,10.4761904762,38.0
09:57:40,3086.0,3089.32657564,2.41177659787,46.6666666667,12.0,0,7.81521904688,2.0,100.0,11.4285714286,40.0
09:57:41,3086.0,3089.32472805,2.41160286844,46.6666666667,56.0,0,7.81465608697,6.0,100.0,24.380952381,30.0
09:57:41,3086.0,3089.32288149,2.41142797457,46.6666666667,44.0,0,7.81408935376,-32.0,100.0,32.1904761905,-6.0
09:57:42,3087.0,3089.32159136,2.4109933247,50.0,158.0,0,7.8101500638,96.0,100.0,70.6666666667,90.0
09:57:42,3087.0,3089.32030195,2.41055779621,50.0,0.0,0,7.80873921676,0.0,0,56.4761904762,90.0
09:57:43,3087.0,3089.31901325,2.41012138865,50.0,2.0,0,7.80732552203,0.0,100.0,42.8571428571,72.0
09:57:43,3086.0,3089.31716986,2.40994235306,46.6666666667,2.0,0,7.80927528535,-2.0,99.2366412214,30.4761904762,68.0
09:57:44,3086.0,3089.3153275,2.40976215145,46.6666666667,0.0,0,7.80869135271,0.0,0,18.0,62.0
09:57:44,3087.0,3089.31404157,2.40932287757,50.0,6.0,0,7.80473883244,0.0,96.4285714286,9.90476190476,94.0
09:57:45,3087.0,3089.31275635,2.4088827228,50.0,8.0,0,7.80331299904,-4.0,44.4444444444,4.19047619048,-6.0
09:57:45,3087.0,3089.31147184,2.40844168666,50.0,48.0,0,7.80188431052,-22.0,78.7878787879,17.0476190476,-28.0
09:57:46,3086.0,3089.30963264,2.40825733572,46.6666666667,38.0,0,7.80381508659,12.0,80.3921568628,24.7619047619,-16.0
09:57:46,3086.0,3089.30779447,2.40807181715,46.6666666667,72.0,0,7.80321392465,-68.0,48.8372093023,40.4761904762,-82.0
09:57:47,3086.0,3089.30595732,2.40788513066,46.6666666667,106.0,0,7.80260897817,0.0,30.2158273381,62.5714285714,-82.0
09:57:47,3086.0,3089.30412118,2.407697276,46.6666666667,0.0,0,7.80200024626,0.0,0,49.3333333333,-82.0
09:57:48,3086.0,3089.30228607,2.40707276698,46.6666666667,0.0,0,7.79997656184,0.0,0,36.380952381,-78.0
09:57:48,3086.0,3089.30045198,2.40688234837,46.6666666667,6.0,0,7.79935952161,-2.0,15.3153153153,25.5238095238,-58.0
09:57:49,3087.0,3089.2991743,2.40643421212,50.0,6.0,0,7.7953813156,0.0,4.21052631579,16.6666666667,-70.0
09:57:49,3086.0,3089.29734194,2.40656238553,46.6666666667,22.0,0,7.79832270099,-18.0,5.71428571428,13.9047619048,-20.0
09:57:50,3087.0,3089.29606599,2.40611258626,50.0,2.0,0,7.79433944368,2.0,27.7777777778,7.80952380952,-18.0
09:57:50,3087.0,3089.29479075,2.40566190104,50.0,20.0,0,7.79287949801,-2.0,53.5714285714,11.8095238095,-20.0
09:57:51,3087.0,3089.29351622,2.40553167489,50.0,6.0,0,7.7924576446,0.0,58.064516129,10.8571428571,-20.0
09:57:51,3087.0,3089.2922424,2.4050794371,50.0,6.0,0,7.79099266958,-2.0,64.5161290323,9.61904761905,-20.0
09:57:52,3086.0,3089.29041388,2.40488212283,46.6666666667,6.0,0,7.79287790935,-6.0,54.8387096774,8.38095238095,-26.0
09:57:52,3086.0,3089.28858638,2.40468363721,46.6666666667,4.0,0,7.79223472848,2.0,77.2727272727,6.57142857143,-6.0
09:57:53,3087.0,3089.2873153,2.40422851195,50.0,8.0,0,7.7882361903,2.0,76.0,6.7619047619,-6.0
09:57:53,3087.0,3089.28604492,2.40377249802,50.0,2.0,0,7.78675898289,0.0,62.5,4.95238095238,-4.0
09:57:54,3086.0,3089.28421985,2.40357083893,46.6666666667,8.0,0,7.78862877166,2.0,52.9411764706,5.71428571429,-2.0
09:57:54,3087.0,3089.28295119,2.40311293424,50.0,4.0,0,7.78462239791,0.0,56.25,5.2380952381,0.0
09:57:55,3086.0,3089.28112784,2.40323213431,46.6666666667,4.0,0,7.7875312194,-2.0,66.6666666667,4.85714285714,4.0
09:57:55,3087.0,3089.27986089,2.4027725594,50.0,4.0,0,7.78351979075,-2.0,66.6666666667,4.57142857143,0.0
09:57:56,3087.0,3089.27859466,2.4023120936,50.0,60.0,0,7.78202816197,60.0,90.243902439,20.2857142857,58.0
09:57:56,3087.0,3089.27732912,2.40185073639,50.0,0.0,0,7.78053364556,0.0,0,16.380952381,58.0
09:57:57,3087.0,3089.27606429,2.40138848724,50.0,0.0,0,7.77903623986,0.0,0,12.5714285714,56.0
09:57:57,3087.0,3089.27480016,2.40124941758,50.0,12.0,0,7.77858573884,4.0,95.0,12.5714285714,60.0
09:57:58,3087.0,3089.27353673,2.40078560638,50.0,44.0,0,7.777083273,36.0,95.0,21.3333333333,98.0
09:57:58,3087.0,3089.27227401,2.4003209019,50.0,10.0,0,7.77557791351,2.0,93.6507936508,18.4761904762,102.0
09:57:59,3087.0,3089.27101199,2.39985530364,50.0,32.0,0,7.77406965869,0.0,91.8367346939,21.619047619,42.0
09:57:59,3087.0,3089.26975066,2.39938881107,50.0,14.0,0,7.77255850685,4.0,92.8571428571,20.9523809524,46.0
09:58:00,3087.0,3089.26849004,2.39892142366,50.0,2.0,0,7.77104445631,0.0,92.9824561404,16.1904761905,46.0
09:58:00,3086.0,3089.26667472,2.39870681145,46.6666666667,132.0,0,7.77286717903,-48.0,46.1538461539,48.4761904762,-6.0
09:58:01,3087.0,3089.2654158,2.39823752157,50.0,2.0,0,7.76882903004,2.0,36.4583333334,37.9047619048,-40.0
09:58:01,3086.0,3089.26360219,2.39802072449,46.6666666667,80.0,0,7.77064395491,-4.0,53.4351145038,51.619047619,-46.0
09:58:02,3087.0,3089.26234498,2.39754953025,50.0,6.0,0,7.76660035714,0.0,47.4576271187,40.8571428571,-46.0
09:58:02,3086.0,3089.26053307,2.39733054667,46.6666666667,6.0,0,7.76840747463,-6.0,42.9824561404,31.3333333333,-56.0
09:58:03,3087.0,3089.25927757,2.39718390275,50.0,42.0,0,7.7654159467,-40.0,36.5671641791,32.4761904762,-96.0
09:58:03,3087.0,3089.25802276,2.39703673481,50.0,12.0,0,7.76493921221,2.0,64.8648648649,23.1428571429,-46.0
09:58:04,3087.0,3089.25676865,2.39656228846,50.0,2.0,0,7.76340229498,2.0,64.8648648649,16.6666666667,-46.0
09:58:04,3087.0,3089.25551524,2.3960869431,50.0,2.0,0,7.7618624655,0.0,31.4285714286,10.1904761905,-42.0
09:58:05,3086.0,3089.25370712,2.39619039207,46.6666666667,10.0,0,7.76471287127,4.0,32.4324324324,9.71428571429,-38.0
09:58:05,3087.0,3089.25245541,2.39571336254,50.0,38.0,0,7.76065229199,30.0,50.9433962264,17.0476190476,-2.0
09:58:06,3087.0,3089.25120439,2.39556301213,50.0,0.0,0,7.76016524822,0.0,0,12.0,38.0
09:58:06,3087.0,3089.24995407,2.39541213689,50.0,6.0,0,7.75967650434,0.0,79.3103448276,10.6666666667,36.0
09:58:07,3087.0,3089.24870444,2.39547258154,50.0,18.0,0,7.75987230818,6.0,83.7837837838,13.0476190476,40.0
09:58:07,3086.0,3089.24690011,2.39557267503,46.6666666667,4.0,0,7.76271119583,0.0,81.5789473684,10.6666666667,40.0
09:58:08,3087.0,3089.24565218,2.39563234262,50.0,52.0,0,7.76038983679,14.0,91.5254237288,21.9047619048,50.0
09:58:08,3086.0,3089.24384954,2.39594333081,46.6666666667,30.0,0,7.76391228389,0.0,70.9090909091,24.8571428571,20.0
09:58:09,3087.0,3089.2426033,2.39600231288,50.0,178.0,0,7.76158831513,-60.0,75.0,70.4761904762,-40.0
09:58:09,3087.0,3089.24135776,2.39606100368,50.0,0.0,0,7.76177843756,0.0,0,56.7619047619,-40.0
09:58:10,3086.0,3089.2395575,2.39637064828,46.6666666667,16.0,0,7.76529698083,0.0,69.2857142857,47.9047619048,-46.0
09:58:10,3086.0,3089.23775825,2.39667973777,46.6666666667,0.0,0,7.76629856698,0.0,0,34.5714285714,-46.0
09:58:11,3086.0,3089.23595999,2.39708501925,46.6666666667,2.0,0,7.76761185758,0.0,61.9469026549,22.0,-60.0
09:58:11,3087.0,3089.23471814,2.39722003347,50.0,28.0,0,7.76553298825,2.0,75.0,19.2380952381,-58.0
09:58:12,3086.0,3089.23292157,2.39760580168,46.6666666667,430.0,0,7.76929942216,228.0,90.3361344538,131.428571429,230.0
09:58:12,3087.0,3089.2316814,2.39775969255,50.0,20.0,0,7.767281155,0.0,90.3225806452,114.476190476,230.0
09:58:13,3087.0,3089.23044193,2.39789450789,50.0,10.0,0,7.76771787462,0.0,93.0612244898,93.7142857143,230.0
09:58:13,3086.0,3089.22864773,2.39827984588,46.6666666667,2.0,0,7.77148362241,0.0,92.6829268293,70.9523809524,230.0
09:58:14,3087.0,3089.22740994,2.39841453547,50.0,138.0,0,7.76940244726,100.0,94.2675159236,86.9523809524,330.0
09:58:14,3087.0,3089.22617283,2.39854918533,50.0,18.0,0,7.7698386308,-12.0,92.8802588997,62.1904761905,316.0
09:58:15,3087.0,3089.22493641,2.39868379546,50.0,46.0,0,7.77027468566,0.0,94.0170940171,45.9047619048,88.0
09:58:15,3086.0,3089.22314528,2.39908738757,46.6666666667,2.0,0,7.77410041339,0.0,93.5185185185,35.3333333333,88.0
09:58:16,3086.0,3089.22135514,2.39949062238,46.6666666667,0.0,0,7.77540707189,0.0,0,25.0476190476,88.0
09:58:16,3086.0,3089.219566,2.39989350008,46.6666666667,806.0,0,7.77671257317,-2.0,19.0099009901,245.523809524,86.0
09:58:17,3086.0,3089.21777785,2.40029602084,46.6666666667,970.0,0,7.77801691782,-272.0,3.25732899022,474.571428571,-286.0
09:58:17,3086.0,3089.21599069,2.40060074786,46.6666666667,114.0,0,7.77900436765,16.0,2.57997936016,419.428571429,-258.0
09:58:18,3085.0,3089.21364912,2.40127009538,43.75,362.0,0,7.78369560903,-170.0,0.354924578522,430.571428571,-428.0
09:58:18,3085.0,3089.21130886,2.40203615723,43.75,226.0,0,7.78617879165,96.0,0.403551251007,387.80952381,-332.0
09:58:19,3085.0,3089.20896989,2.40270365974,43.75,110.0,0,7.78834249512,82.0,0.695517774341,301.238095238,-250.0
09:58:19,3085.0,3089.20663222,2.40346810892,43.75,110.0,0,7.79082045032,-90.0,1.05708245243,209.428571429,-338.0
09:58:20,3086.0,3089.20485125,2.40376960904,46.6666666667,2.0,0,7.78927287439,0.0,1.94805194806,119.904761905,-66.0
09:58:20,3086.0,3089.20307128,2.40416868862,46.6666666667,20.0,0,7.79056606811,-20.0,4.57831325302,81.619047619,-102.0
09:58:21,3086.0,3089.20129229,2.40456741316,46.6666666667,16.0,45.7142857143,7.79185811135,-8.0,9.91735537191,46.6666666667,60.0
09:58:21,3086.0,3089.19951428,2.40496578285,33.3333333333,8.0,0,7.79314900469,4.0,18.7969924812,25.9047619048,-32.0
09:58:22,3086.0,3089.19773727,2.40536379785,33.3333333333,0.0,0,7.7944387487,0.0,0,13.2380952381,-114.0
09:58:22,3085.0,3089.19540584,2.40612483641,30.7692307692,4.0,0,7.79943220879,0.0,80.0,6.95238095238,-24.0
09:58:23,3085.0,3089.19307571,2.40688512141,30.7692307692,604.0,0,7.80189666583,344.0,98.1595092025,177.142857143,320.0
09:58:23,3085.0,3089.19074687,2.40764465355,30.7692307692,10.0,0,7.8043586825,-10.0,96.5732087228,148.952380952,330.0
09:58:24,3086.0,3089.18897472,2.40804078385,33.3333333333,20.0,0,7.80311336308,-4.0,94.1176470589,124.095238095,334.0
09:58:24,3085.0,3089.18664816,2.40879905467,30.7692307692,12.0,0,7.80810066345,0.0,94.4615384616,96.7619047619,330.0
09:58:25,3086.0,3089.18487829,2.40919432258,33.3333333333,4.0,0,7.80685133694,-4.0,94.1896024465,66.9523809524,326.0
09:58:25,3086.0,3089.18310941,2.40958923744,33.3333333333,4.0,0,7.80813103514,-2.0,94.4954128441,36.9523809524,324.0
09:58:26,3085.0,3089.1807861,2.41034574066,30.7692307692,10.0,0,7.81311423228,0.0,26.6666666667,8.66666666667,-20.0
09:58:26,3085.0,3089.17846409,2.41110149448,30.7692307692,0.0,0,7.81556400154,0.0,0,5.80952380952,-10.0
09:58:27,3085.0,3089.17614336,2.4117572099,30.7692307692,4.0,0,7.81768949725,0.0,41.1764705882,4.57142857143,-6.0
09:58:27,3085.0,3089.17382393,2.41251137015,30.7692307692,8.0,0,7.82013410098,-6.0,13.3333333333,5.2380952381,-12.0
09:58:28,3085.0,3089.17150578,2.41326478315,30.7692307692,18.0,0,7.82257628249,4.0,4.54545454545,8.95238095238,-4.0
09:58:28,3085.0,3089.16918892,2.41401744959,30.7692307692,0.0,0,7.82501604404,0.0,0,6.85714285714,-2.0
09:58:29,3086.0,3089.16742875,2.41430919496,33.3333333333,2.0,0,7.82342577759,0.0,6.25,5.52380952381,-2.0
09:58:29,3085.0,3089.16511416,2.41496068457,30.7692307692,6.0,0,7.82807353184,-6.0,5.26315789474,5.71428571429,-8.0
09:58:30,3085.0,3089.16280085,2.41571116168,30.7692307692,2.0,0,7.83050619669,0.0,5.55555555556,4.47619047619,-8.0
09:58:30,3085.0,3089.16048882,2.41646089482,30.7692307692,36.0,0,7.83293644997,-16.0,3.125,13.0476190476,-18.0
09:58:31,3085.0,3089.15817808,2.41720988467,30.7692307692,10.0,0,7.8353642939,4.0,3.57142857143,12.8571428571,-18.0
09:58:31,3085.0,3089.15586862,2.41785788011,30.7692307692,2.0,0,7.83746476534,-2.0,3.44827586207,10.7619047619,-20.0
09:58:32,3085.0,3089.15356045,2.41850490432,30.7692307692,28.0,0,7.83956208856,-2.0,23.8095238095,16.0,-22.0
09:58:32,3085.0,3089.15125356,2.41925147527,30.7692307692,10.0,0,7.84198209165,0.0,25.0,14.8571428571,-16.0
09:58:33,3085.0,3089.14894794,2.41999730576,30.7692307692,10.0,0,7.84439969452,0.0,25.0,13.5238095238,-16.0
09:58:33,3085.0,3089.14664361,2.42074239646,30.7692307692,12.0,0,7.84681489937,2.0,36.1111111111,12.380952381,2.0
09:58:34,3086.0,3089.14489596,2.42112863948,33.3333333333,26.0,0,7.84552378314,18.0,34.0909090909,16.380952381,16.0
09:58:34,3085.0,3089.14259388,2.42177160373,30.7692307692,22.0,0,7.85015106556,0.0,29.6296296296,18.4761904762,18.0
09:58:35,3085.0,3089.14029308,2.42251461984,30.7692307692,8.0,0,7.85255954567,-8.0,13.6363636364,15.619047619,12.0
09:58:35,3086.0,3089.13854896,2.42289943387,33.3333333333,54.0,0,7.85126193738,-24.0,25.7575757576,26.8571428571,-12.0
09:58:36,3085.0,3089.1362504,2.42354001806,30.7692307692,32.0,0,7.85588336486,-20.0,31.1688311688,29.7142857143,-32.0
09:58:36,3085.0,3089.13395312,2.42428096442,30.7692307692,16.0,0,7.85828513588,0.0,29.1139240506,26.9523809524,-34.0
09:58:37,3085.0,3089.13165712,2.42491975176,30.7692307692,4.0,0,7.86035575935,0.0,30.8823529412,20.5714285714,-52.0
09:58:37,3085.0,3089.12936239,2.4256591315,30.7692307692,12.0,0,7.86275245218,-6.0,31.746031746,17.5238095238,-58.0
09:58:38,3086.0,3089.12762434,2.42593980771,33.3333333333,2.0,0,7.86111408849,0.0,35.0,12.0952380952,-50.0
09:58:38,3085.0,3089.12533185,2.42657609149,30.7692307692,4.0,0,7.86572476981,-2.0,28.5714285714,7.52380952381,-28.0
09:58:39,3086.0,3089.12359604,2.42685551705,33.3333333333,22.0,0,7.8640813903,-14.0,40.0,10.4761904762,-22.0
09:58:39,3086.0,3089.12186119,2.42723640036,33.3333333333,4.0,0,7.86531562008,0.0,58.3333333333,8.7619047619,-22.0
09:58:40,3086.0,3089.1201273,2.42761693785,33.3333333333,0.0,0,7.86654872925,0.0,0,6.47619047619,-22.0
09:58:40,3086.0,3089.11839438,2.42799712968,33.3333333333,46.0,0,7.86778071834,-24.0,51.282051282,17.5238095238,-40.0
09:58:41,3085.0,3089.11610702,2.42873226851,30.7692307692,2.0,0,7.87271399841,0.0,48.7179487179,14.380952381,-40.0
09:58:41,3085.0,3089.11382093,2.42946667673,30.7692307692,12.0,0,7.8750945761,-6.0,41.8604651163,14.0952380952,-44.0
09:58:42,3085.0,3089.11153611,2.4300979093,30.7692307692,30.0,0,7.87714071085,-4.0,19.1489361702,18.5714285714,-34.0
09:58:42,3085.0,3089.10925256,2.43072818435,30.7692307692,32.0,0,7.8791837418,-2.0,13.1147540983,23.2380952381,-36.0
09:58:43,3085.0,3089.10697027,2.43146021259,30.7692307692,12.0,0,7.88155660485,-4.0,11.9402985074,20.8571428571,-40.0
09:58:43,3086.0,3089.10524466,2.43183742388,33.3333333333,10.0,0,7.88022496396,2.0,12.2448979592,17.3333333333,-14.0
09:58:44,3085.0,3089.1029646,2.43256823017,30.7692307692,4.0,0,7.88514823395,0.0,12.0,13.8095238095,-14.0
09:58:44,3086.0,3089.10124121,2.43294460365,33.3333333333,2.0,0,7.88381271436,0.0,15.5555555556,9.61904761905,-8.0
09:58:45,3085.0,3089.09896337,2.4335711293,30.7692307692,86.0,0,7.88839912253,-20.0,8.21917808219,29.9047619048,-24.0
09:58:45,3085.0,3089.0966868,2.43419670122,30.7692307692,2.0,0,7.89042690834,-2.0,8.62068965517,23.5238095238,-24.0
09:58:46,3085.0,3089.0944115,2.43482132016,30.7692307692,10.0,0,7.89245160506,6.0,8.77192982456,20.8571428571,-14.0
09:58:46,3085.0,3089.09213746,2.43554844319,30.7692307692,48.0,0,7.89480856788,-18.0,26.3157894737,29.1428571429,-34.0
09:58:47,3085.0,3089.08986468,2.43617129027,30.7692307692,114.0,0,7.89682752115,14.0,19.0839694657,54.4761904762,-20.0
09:58:47,3085.0,3089.08759316,2.43679318654,30.7692307692,72.0,0,7.89884339234,-48.0,14.4578313253,62.5714285714,-68.0
09:58:48,3086.0,3089.08587831,2.4371658682,33.3333333333,104.0,0,7.89749147182,-26.0,14.8571428572,76.4761904762,-74.0
09:58:48,3085.0,3089.08360901,2.43789013972,30.7692307692,122.0,0,7.9023991563,66.0,11.4893617021,94.6666666667,-6.0
09:58:49,3085.0,3089.08134097,2.43850969907,30.7692307692,36.0,0,7.90440745242,6.0,18.1451612903,82.5714285714,-6.0
09:58:49,3085.0,3089.07907418,2.43923243278,30.7692307692,26.0,0,7.90675018728,10.0,16.4556962025,66.380952381,22.0
09:58:50,3085.0,3089.07680866,2.43995444642,30.7692307692,458.0,0,7.90909058808,448.0,64.3031784841,174.666666667,456.0
09:58:50,3086.0,3089.0750998,2.44032474817,33.3333333333,4.0,0,7.90772763504,-4.0,70.6666666667,136.857142857,500.0
09:58:51,3085.0,3089.07283648,2.44104555366,30.7692307692,2.0,0,7.91262740248,2.0,81.1728395062,101.714285714,528.0
09:58:51,3085.0,3089.07057442,2.44176564077,30.7692307692,8.0,0,7.91496155841,0.0,98.127340824,73.1428571429,462.0
09:58:52,3085.0,3089.06831362,2.44238042595,30.7692307692,8.0,0,7.91695437909,6.0,96.837944664,50.0,462.0
09:58:52,3085.0,3089.06605407,2.44299426681,30.7692307692,16.0,0,7.91894413876,10.0,93.5483870968,30.4761904762,462.0
09:58:53,3085.0,3089.06379578,2.44371201148,30.7692307692,36.0,0,7.92127070172,-8.0,35.1351351351,17.1428571429,6.0
09:58:53,3085.0,3089.06153875,2.44432409742,30.7692307692,28.0,0,7.92325477282,26.0,22.4489795918,21.619047619,36.0
09:58:54,3085.0,3089.05928296,2.44493524113,30.7692307692,0.0,0,7.92523578973,0.0,0,16.9523809524,34.0
09:58:54,3085.0,3089.05702843,2.44554544334,30.7692307692,92.0,0,7.92721375474,42.0,14.4444444444,38.6666666667,76.0
09:58:55,3085.0,3089.05477515,2.44626004228,30.7692307692,102.0,0,7.92953012084,0.0,8.75912408759,59.2380952381,70.0
09:58:55,3085.0,3089.05252312,2.446973928,30.7692307692,154.0,0,7.93184417505,90.0,5.82524271845,90.1904761905,150.0
09:58:56,3085.0,3089.05027235,2.44758157281,30.7692307692,8.0,0,7.93381385027,8.0,3.125,72.8571428571,166.0
09:58:56,3085.0,3089.04802282,2.44829393862,30.7692307692,32.0,0,7.93612297769,28.0,11.3402061856,63.7142857143,168.0
09:58:57,3085.0,3089.04577454,2.44900559311,30.7692307692,4.0,0,7.93842979937,4.0,12.2448979592,46.380952381,172.0
09:58:57,3085.0,3089.04352752,2.44971653689,30.7692307692,14.0,0,7.94073431731,0.0,18.4713375796,31.7142857143,130.0
09:58:58,3084.0,3089.04072633,2.45078162135,28.5714285714,202.0,0,7.94676271515,0.0,14.4927536232,74.4761904762,130.0
09:58:58,3084.0,3089.03792671,2.45184511021,28.5714285714,10.0,0,7.95021112259,0.0,25.1851851852,57.619047619,40.0
09:58:59,3085.0,3089.03568404,2.452446986,30.7692307692,10.0,0,7.94958504376,8.0,25.7352941177,47.619047619,40.0
09:58:59,3085.0,3089.03344262,2.45304792774,30.7692307692,28.0,0,7.95153299106,0.0,23.8805970149,42.6666666667,12.0
09:59:00,3085.0,3089.03120244,2.45364793612,30.7692307692,14.0,0,7.95347791288,-2.0,24.4604316547,33.9047619048,6.0
09:59:00,3084.0,3089.0284081,2.45470622252,28.5714285714,14.0,0,7.95948839988,12.0,23.7410071943,24.6666666667,18.0
09:59:01,3084.0,3089.02561532,2.45554298639,28.5714285714,2.0,0,7.962201642,-2.0,82.0512820513,12.0,16.0
09:59:01,3084.0,3089.02282408,2.45637792602,28.5714285714,30.0,0,7.96490896893,18.0,81.6326530612,16.8571428571,34.0
09:59:02,3085.0,3089.0205898,2.45697319561,30.7692307692,28.0,0,7.96425671187,28.0,84.4827586207,20.1904761905,54.0
09:59:02,3085.0,3089.01835676,2.45734719706,30.7692307692,32.0,0,7.96546903424,-16.0,65.0,23.8095238095,38.0
09:59:03,3084.0,3089.01556956,2.45839805313,28.5714285714,12.0,0,7.97145931626,0.0,61.0169491525,21.5238095238,40.0
09:59:03,3085.0,3089.01333931,2.45876957837,30.7692307692,4.0,0,7.97007967056,4.0,59.2592592593,17.0476190476,32.0
09:59:04,3084.0,3089.01055489,2.45981756826,28.5714285714,90.0,0,7.9760621539,82.0,76.5306122449,37.619047619,116.0
09:59:04,3084.0,3089.00777202,2.46086398308,28.5714285714,12.0,0,7.97945519805,0.0,73.0337078652,31.7142857143,98.0
09:59:05,3084.0,3089.0049907,2.46190882482,28.5714285714,40.0,0,7.98284314144,-36.0,53.6842105263,34.6666666667,34.0
09:59:05,3085.0,3089.00276632,2.46249633389,30.7692307692,82.0,0,7.98215991538,72.0,71.6666666667,49.0476190476,122.0
09:59:06,3084.0,3088.99998778,2.46353841614,28.5714285714,4.0,0,7.98812715997,2.0,74.1379310345,38.7619047619,124.0
09:59:06,3084.0,3088.99721078,2.46457893068,28.5714285714,14.0,0,7.99150107225,-4.0,73.5537190083,31.7142857143,116.0
09:59:07,3084.0,3088.99443532,2.46561787951,28.5714285714,12.0,0,7.99486990763,-10.0,57.3170731707,23.619047619,24.0
09:59:07,3085.0,3088.99221681,2.46620090698,30.7692307692,8.0,0,7.99416825601,4.0,60.0,18.0952380952,28.0
09:59:08,3085.0,3088.98999953,2.46678301465,30.7692307692,838.0,0,7.99605515283,-104.0,97.4947807933,249.904761905,-40.0
09:59:08,3085.0,3088.98778347,2.46736420318,30.7692307692,6.0,0,7.99793907026,2.0,97.2789115646,206.0,-110.0
09:59:09,3085.0,3088.98556865,2.46794447321,30.7692307692,2.0,0,7.9998200104,0.0,97.2727272727,164.571428571,-112.0
09:59:09,3085.0,3088.98335506,2.4685238254,30.7692307692,20.0,0,8.00169797535,18.0,95.4853273138,128.380952381,-90.0
09:59:10,3085.0,3088.9811427,2.46888032552,30.7692307692,6.0,0,8.00285356732,6.0,95.9090909091,87.9047619048,-74.0
09:59:10,3085.0,3088.97893157,2.46945773962,30.7692307692,172.0,0,8.00472524999,-28.0,80.2681992337,95.1428571429,-106.0
09:59:11,3085.0,3088.97672167,2.46981204301,30.7692307692,12.0,44.4444444444,8.00587372125,-2.0,4.5871559633,48.8571428571,-4.0
09:59:11,3086.0,3088.97506839,2.47004759226,41.6666666667,46.0,0,8.00404274873,-2.0,20.9302325581,51.619047619,-8.0
09:59:12,3085.0,3088.97286064,2.47039993701,36.3636363636,30.0,0,8.00777937442,22.0,19.5804195804,47.9047619048,14.0
09:59:12,3085.0,3088.9706541,2.4709737172,36.3636363636,20.0,0,8.00963927781,10.0,19.5804195804,40.0,6.0
09:59:13,3086.0,3088.9690042,2.4712072823,41.6666666667,4.0,0,8.00780065555,-4.0,21.1267605634,27.5238095238,-4.0
09:59:13,3085.0,3088.96679981,2.47177947034,36.3636363636,236.0,0,8.01225111942,-86.0,82.183908046,81.4285714286,-62.0
09:59:14,3085.0,3088.96459664,2.47235074572,36.3636363636,8.0,0,8.01410290348,0.0,80.2325581395,67.1428571429,-60.0
09:59:14,3085.0,3088.9623947,2.47292110908,36.3636363636,132.0,0,8.01595173121,-52.0,56.7441860465,88.4761904762,-110.0
09:59:15,3085.0,3088.96019398,2.47326742887,36.3636363636,2.0,0,8.01707432372,-2.0,60.1990049751,68.5714285714,-134.0
09:59:15,3085.0,3088.95799449,2.47383586539,36.3636363636,4.0,0,8.01891690564,-2.0,63.2124352332,50.5714285714,-146.0
09:59:16,3085.0,3088.95579621,2.47451448037,36.3636363636,6.0,0,8.02111663006,0.0,62.3711340206,33.9047619048,-142.0
09:59:16,3086.0,3088.95415456,2.47474347093,41.6666666667,222.0,0,8.0192594651,-92.0,63.6363636364,78.8571428571,-148.0
09:59:17,3085.0,3088.95195841,2.47530954231,36.3636363636,18.0,0,8.02369381624,-16.0,66.1458333333,66.1904761905,-164.0
09:59:17,3085.0,3088.94976349,2.47587470514,36.3636363636,0.0,0,8.02552578652,0.0,0,47.9047619048,-112.0
09:59:18,3085.0,3088.94756979,2.47643896005,36.3636363636,62.0,0,8.02735481377,-40.0,78.2051282051,53.619047619,-150.0
09:59:18,3086.0,3088.9459327,2.47666540489,41.6666666667,2.0,0,8.02548737813,-2.0,78.7096774194,39.3333333333,-150.0
09:59:19,3085.0,3088.94374113,2.47722807804,36.3636363636,50.0,0,8.0299127327,-8.0,70.6214689266,38.8571428571,-158.0
09:59:19,3085.0,3088.94155077,2.47756576073,36.3636363636,0.0,0,8.03100732815,0.0,0,22.0,-66.0
09:59:20,3086.0,3088.93991703,2.47779023415,41.6666666667,74.0,0,8.02913232064,-4.0,19.1489361702,36.8571428571,-54.0
09:59:20,3086.0,3088.93828419,2.47778984489,41.6666666667,72.0,0,8.02913105926,0.0,41.5384615385,48.4761904762,-54.0
09:59:21,3085.0,3088.93609687,2.47834914937,36.3636363636,22.0,0,8.03354667542,6.0,48.1818181818,42.380952381,-8.0
09:59:21,3086.0,3088.93446615,2.4783472035,41.6666666667,52.0,0,8.0309371468,40.0,42.962962963,46.7619047619,34.0
09:59:22,3085.0,3088.93228095,2.47868006429,36.3636363636,14.0,0,8.03461933319,14.0,46.1538461538,37.9047619048,56.0
09:59:22,3086.0,3088.93065235,2.47867640655,41.6666666667,4.0,0,8.03200390976,4.0,47.0588235294,27.9047619048,60.0
09:59:23,3086.0,3088.92902467,2.47867197056,41.6666666667,42.0,0,8.0319895352,38.0,63.1067961165,28.5714285714,102.0
09:59:23,3086.0,3088.92739788,2.47866675632,41.6666666667,10.0,0,8.03197263876,8.0,45.8333333333,21.619047619,110.0
09:59:24,3086.0,3088.925772,2.47866076382,41.6666666667,4.0,0,8.03195322041,0.0,53.9682539682,15.9047619048,104.0
09:59:24,3085.0,3088.92359162,2.47898872689,36.3636363636,2.0,0,8.03561986024,0.0,73.6842105263,10.4761904762,64.0
09:59:25,3086.0,3088.92196786,2.47898102324,41.6666666667,2.0,0,8.03299100207,0.0,90.625,7.42857142857,50.0
09:59:25,3085.0,3088.91978959,2.4793068899,36.3636363636,8.0,0,8.03665118283,0.0,79.4117647059,6.66666666667,46.0
09:59:26,3086.0,3088.91816794,2.47929747554,41.6666666667,22.0,0,8.03401644699,6.0,41.6666666667,9.71428571429,14.0
09:59:26,3085.0,3088.91599178,2.47962124684,36.3636363636,108.0,0,8.03767016804,8.0,10.9589041096,38.2857142857,14.0
09:59:27,3085.0,3088.91381683,2.47994385577,36.3636363636,270.0,0,8.03871590201,-94.0,66.5048543689,108.476190476,-80.0
09:59:27,3086.0,3088.9121985,2.48015828286,41.6666666667,6.0,0,8.03680584205,0.0,67.3076923077,90.5714285714,-80.0
09:59:28,3085.0,3088.91002566,2.48047895552,36.3636363636,10.0,0,8.04045042307,0.0,66.5094339623,73.619047619,-80.0
09:59:28,3086.0,3088.90840942,2.48046534613,41.6666666667,46.0,0,8.03780086237,-2.0,61.4718614719,66.5714285714,-82.0
09:59:29,3086.0,3088.90679409,2.48067786186,41.6666666667,2.0,0,8.038489507,0.0,62.8959276018,45.1428571429,-88.0
09:59:29,3086.0,3088.90517965,2.48066285384,41.6666666667,4.0,0,8.03844087442,-2.0,81.6568047337,25.2380952381,-98.0
09:59:30,3086.0,3088.90356611,2.48087423298,41.6666666667,8.0,0,8.03912583598,-2.0,28.9473684211,11.4285714286,-6.0
09:59:30,3085.0,3088.90139807,2.48141760559,36.3636363636,24.0,0,8.04349304892,-2.0,27.6595744681,14.6666666667,-8.0
09:59:31,3085.0,3088.89923122,2.48173270564,36.3636363636,0.0,0,8.0445144429,0.0,0,10.1904761905,-8.0
09:59:31,3085.0,3088.89706559,2.48227418067,36.3636363636,18.0,0,8.0462696294,0.0,35.7142857143,11.3333333333,-6.0
09:59:32,3086.0,3088.89545655,2.48248293605,41.6666666667,26.0,0,8.04433874287,22.0,55.0,16.0952380952,16.0
09:59:32,3086.0,3088.89384841,2.48246343203,41.6666666667,0.0,0,8.04427554125,0.0,0,12.2857142857,18.0
09:59:33,3086.0,3088.89224117,2.48267105263,41.6666666667,24.0,0,8.04494832349,20.0,63.0434782609,15.5238095238,40.0
09:59:33,3085.0,3088.89007941,2.48320952649,36.3636363636,20.0,0,8.04930154455,0.0,54.5454545455,16.8571428571,42.0
09:59:34,3085.0,3088.88791885,2.48351899318,36.3636363636,0.0,0,8.05030467807,0.0,0,12.6666666667,42.0
09:59:34,3086.0,3088.8863149,2.48349639037,41.6666666667,6.0,0,8.0476227815,0.0,71.052631579,10.1904761905,42.0
09:59:35,3086.0,3088.88471184,2.48370143928,41.6666666667,8.0,0,8.04828723035,0.0,62.0689655173,8.85714285714,20.0
09:59:35,3085.0,3088.88255426,2.48423658381,36.3636363636,24.0,0,8.05263074167,-8.0,48.7804878049,12.9523809524,12.0
09:59:36,3086.0,3088.88095329,2.48444045356,41.6666666667,38.0,0,8.05068196228,6.0,58.3333333333,19.9047619048,-2.0
09:59:36,3085.0,3088.8787978,2.48474529522,36.3636363636,2.0,0,8.05427972517,0.0,71.7948717949,15.9047619048,-2.0
09:59:37,3085.0,3088.87664351,2.48527788644,36.3636363636,0.0,0,8.05600611489,0.0,0,12.1904761905,-2.0
09:59:37,3086.0,3088.87504582,2.48547980811,41.6666666667,10.0,0,8.05404992908,10.0,73.1707317073,11.3333333333,8.0
09:59:38,3086.0,3088.87344902,2.48568121671,41.6666666667,2.0,0,8.0547025817,0.0,71.052631579,8.0,8.0
09:59:38,3086.0,3088.8718531,2.48588211236,41.6666666667,10.0,0,8.05535357213,10.0,96.7741935484,7.2380952381,26.0
09:59:39,3086.0,3088.87025807,2.48608249518,41.6666666667,8.0,0,8.05600290078,0.0,93.75,6.57142857143,20.0
09:59:39,3086.0,3088.86866393,2.4862823653,41.6666666667,4.0,0,8.05665056805,2.0,94.1176470588,6.19047619048,22.0
09:59:40,3085.0,3088.86651526,2.48681074885,36.3636363636,2.0,0,8.06097487473,0.0,88.8888888889,5.14285714286,22.0
09:59:40,3086.0,3088.8649232,2.48712735282,41.6666666667,2.0,0,8.05938869999,2.0,85.7142857143,4.0,14.0
09:59:41,3086.0,3088.86333202,2.48732564995,41.6666666667,14.0,0,8.06003127008,-4.0,60.0,6.66666666667,10.0
09:59:41,3085.0,3088.86118632,2.48785195103,36.3636363636,2.0,0,8.0643499223,0.0,43.75,5.33333333333,0.0
09:59:42,3085.0,3088.85904181,2.48837736559,36.3636363636,0.0,0,8.06605304891,0.0,0,3.80952380952,0.0
09:59:42,3085.0,3088.85689849,2.48890189419,36.3636363636,12.0,0,8.06775330369,-2.0,37.5,6.09523809524,-4.0
09:59:43,3085.0,3088.85475637,2.48942553738,36.3636363636,16.0,0,8.06945068844,-8.0,43.4782608696,9.14285714286,-12.0
09:59:43,3085.0,3088.85261543,2.48994829573,36.3636363636,12.0,0,8.07114520497,0.0,50.0,10.380952381,-14.0
09:59:44,3085.0,3088.85047568,2.4904701698,36.3636363636,0.0,0,8.07283685511,0.0,0,7.71428571429,-10.0
09:59:44,3086.0,3088.84889252,2.49066398753,41.6666666667,12.0,0,8.07084895505,2.0,73.0769230769,9.14285714286,-8.0
09:59:45,3085.0,3088.84675484,2.49118431786,36.3636363636,4.0,0,8.07515175968,2.0,71.4285714286,7.80952380952,-6.0
09:59:45,3085.0,3088.84461835,2.49170376536,36.3636363636,24.0,0,8.07683554412,18.0,76.4705882353,12.0,14.0
09:59:46,3085.0,3088.84248305,2.49222233058,36.3636363636,12.0,0,8.07851646867,-6.0,68.75,12.1904761905,16.0
09:59:46,3086.0,3088.84090433,2.49218277821,41.6666666667,2.0,0,8.07577050618,2.0,66.6666666667,9.71428571429,18.0
09:59:47,3086.0,3088.83932648,2.49237349073,41.6666666667,16.0,0,8.07638849879,2.0,60.0,11.7142857143,20.0
09:59:47,3085.0,3088.83719412,2.4930094239,36.3636363636,20.0,0,8.08106782464,8.0,53.8461538461,14.0952380952,26.0
09:59:48,3086.0,3088.83561834,2.49319908284,41.6666666667,14.0,0,8.07906378107,2.0,61.3636363636,14.380952381,26.0
09:59:48,3086.0,3088.83404343,2.49350809882,41.6666666667,6.0,0,8.08006512904,4.0,54.2857142857,11.9047619048,12.0
09:59:49,3086.0,3088.8324694,2.49381679805,41.6666666667,18.0,0,8.08106545057,2.0,71.052631579,13.7142857143,20.0
09:59:49,3086.0,3088.83089624,2.49400515805,41.6666666667,2.0,0,8.08167582,2.0,71.052631579,10.6666666667,20.0
09:59:50,3086.0,3088.82932396,2.49431314614,41.6666666667,6.0,0,8.08267383712,6.0,81.8181818182,8.7619047619,24.0
09:59:50,3085.0,3088.82719715,2.49494598707,36.3636363636,4.0,0,8.08734517689,2.0,88.0,6.7619047619,18.0
09:59:51,3086.0,3088.82562692,2.49525320965,41.6666666667,124.0,0,8.08572005718,8.0,20.0,39.8095238095,24.0
09:59:51,3085.0,3088.82350216,2.4958849466,36.3636363636,2.0,0,8.09038880584,-2.0,17.9487179487,32.7619047619,18.0
09:59:52,3085.0,3088.82137858,2.49639553428,36.3636363636,372.0,0,8.09204387125,48.0,2.35294117647,131.619047619,64.0
09:59:52,3085.0,3088.81925618,2.4970258698,36.3636363636,162.0,0,8.09408709821,-104.0,4.77611940298,153.619047619,-42.0
09:59:53,3085.0,3088.81713496,2.49753483397,36.3636363636,24.0,0,8.09573690105,-4.0,3.77906976744,128.571428571,-52.0
09:59:53,3086.0,3088.81557032,2.49771895937,41.6666666667,136.0,0,8.09371017294,112.0,5.60975609756,134.666666667,58.0
09:59:54,3085.0,3088.81345115,2.49822639247,36.3636363636,106.0,0,8.09797858174,26.0,5.73566084788,125.904761905,76.0
09:59:54,3085.0,3088.81133316,2.49873295052,36.3636363636,54.0,0,8.09962058516,16.0,5.6206088993,103.142857143,94.0
09:59:55,3085.0,3088.80921634,2.49935985631,36.3636363636,290.0,0,8.1016526947,168.0,6.21761658031,145.333333333,214.0
09:59:55,3084.0,3088.80654529,2.5004203196,33.3333333333,54.0,0,8.10771828666,12.0,10.843373494,124.0,330.0
09:59:56,3085.0,3088.80443113,2.5010456918,36.3636363636,54.0,0,8.1071173154,24.0,17.2910662824,107.80952381,358.0
09:59:56,3085.0,3088.80231815,2.50167041417,36.3636363636,90.0,0,8.10914234738,44.0,22.5308641975,100.476190476,290.0
09:59:57,3084.0,3088.79965093,2.50272789443,33.3333333333,246.0,0,8.11520069531,138.0,18.2741116751,139.904761905,402.0
09:59:57,3084.0,3088.7969852,2.50378415764,33.3333333333,914.0,0,8.11862567327,-168.0,8.61650485437,363.523809524,218.0
09:59:58,3084.0,3088.79432095,2.50483920531,33.3333333333,246.0,0,8.12204670982,86.0,8.85286783042,355.333333333,136.0
09:59:58,3084.0,3088.79165818,2.50589303899,33.3333333333,212.0,0,8.12546380994,-10.0,6.1293984109,339.523809524,114.0
09:59:59,3084.0,3088.78899688,2.5069456602,33.3333333333,848.0,0,8.12887697861,574.0,2.81690140845,497.904761905,664.0
09:59:59,3083.0,3088.78578167,2.50853942798,30.7692307692,50.0,0,8.13668319163,12.0,1.43084260731,390.476190476,632.0
10:00:00,3084.0,3088.78312364,2.50958924815,33.3333333333,434.0,0,8.13744892397,170.0,3.4023668639,394.666666667,664.0
10:00:00,3084.0,3088.78046708,2.51064952432,33.3333333333,1046.0,0,8.14088691413,-408.0,6.13540197462,564.761904762,424.0
10:00:01,3083.0,3088.77725661,2.51224998756,30.7692307692,638.0,42.1052631579,8.14871874006,544.0,6.31970260224,612.0,882.0
10:00:01,3083.0,3088.77404791,2.5138486645,30.7692307692,750.0,0,8.15390419884,578.0,6.95698353691,672.571428571,1470.0
10:00:02,3083.0,3088.770841,2.51513836352,30.7692307692,394.0,0,8.15808745871,154.0,8.03140096619,605.80952381,1050.0
10:00:02,3083.0,3088.76763586,2.51642712559,30.7692307692,496.0,0,8.16226767949,-228.0,7.29111229378,589.80952381,810.0
10:00:03,3083.0,3088.76443251,2.51771495214,30.7692307692,416.0,0,8.16644486586,30.0,6.4705882353,529.714285714,670.0
10:00:03,3084.0,3088.76178634,2.51867100403,35.7142857143,372.0,0,8.16689690023,-202.0,5.54468362687,457.904761905,876.0
10:00:04,3084.0,3088.75914164,2.51962641754,35.7142857143,134.0,0,8.1699948688,-16.0,5.77673692427,350.19047619,316.0
10:00:04,3083.0,3088.755943,2.52121735673,30.7692307692,652.0,0,8.17780524402,-156.0,22.2402597403,414.476190476,-418.0
10:00:05,3085.0,3088.75385695,2.52184064661,40.0,432.0,0,8.17452397606,-278.0,10.7114308553,420.571428571,-850.0
10:00:05,3084.0,3088.75121665,2.52279385042,35.7142857143,162.0,0,8.18026540344,-32.0,13.7453874539,347.714285714,-654.0
10:00:06,3084.0,3088.74857782,2.52384368769,35.7142857143,178.0,0,8.18366954503,-128.0,12.4352331606,295.333333333,-812.0
10:00:06,3083.0,3088.74538505,2.52533262386,30.7692307692,20.0,0,8.19115349937,-8.0,15.3358681876,209.142857143,-618.0
10:00:07,3083.0,3088.74219406,2.52682019408,30.7692307692,128.0,0,8.19597857308,-102.0,19.7201017812,170.571428571,-704.0
10:00:07,3083.0,3088.73900483,2.52840309726,30.7692307692,326.0,0,8.20111286817,172.0,-12.5200642055,188.857142857,-376.0
10:00:08,3083.0,3088.73581738,2.52988776406,30.7692307692,316.0,0,8.20592852438,-94.0,9.55752212389,219.80952381,-192.0
10:00:08,3083.0,3088.7326317,2.5313710724,30.7692307692,50.0,0,8.21073977424,-20.0,10.2161100196,180.285714286,-180.0
10:00:09,3083.0,3088.72944779,2.53294915155,30.7692307692,224.0,0,8.21585842214,42.0,29.8872180451,195.80952381,-10.0
10:00:09,3083.0,3088.72626565,2.53442957215,30.7692307692,62.0,0,8.22066030537,-24.0,30.7414104882,162.857142857,-26.0
10:00:10,3082.0,3088.72252987,2.53655198797,28.5714285714,656.0,0,8.23021410761,-184.0,18.3598531212,297.619047619,-108.0
10:00:10,3083.0,3088.71935157,2.53812471784,30.7692307692,958.0,0,8.23264585743,424.0,16.1518093557,493.523809524,144.0
10:00:11,3082.0,3088.71561964,2.54024252755,28.5714285714,102.0,0,8.24218860334,58.0,17.9337231969,414.761904762,296.0
10:00:11,3081.0,3088.71133437,2.54310827362,26.6666666667,260.0,0,8.25416512048,190.0,24.9336870027,391.333333333,506.0
10:00:12,3081.0,3088.70705149,2.54596970296,26.6666666667,520.0,0,8.26345246011,154.0,17.826426896,432.19047619,618.0
10:00:12,3081.0,3088.70277098,2.54892120427,26.6666666667,456.0,0,8.27303214627,44.0,20.6639566396,440.666666667,686.0
10:00:13,3081.0,3088.69849285,2.55177375673,26.6666666667,274.0,0,8.28229067424,-14.0,23.5019455253,378.380952381,856.0
10:00:13,3081.0,3088.6942171,2.55462203662,26.6666666667,254.0,0,8.29153533471,-110.0,33.7620578778,328.571428571,322.0
10:00:14,3082.0,3088.69049912,2.55681428844,28.5714285714,304.0,0,8.29595810654,-36.0,32.7852998066,326.571428571,228.0
10:00:14,3082.0,3088.68678321,2.5590035767,28.5714285714,472.0,0,8.30306157268,14.0,18.6842105263,362.952380952,52.0
10:00:15,3083.0,3088.68362476,2.56055453099,30.7692307692,1276.0,0,8.30539906257,-826.0,74.4400527009,618.952380952,-928.0
10:00:15,3083.0,3088.68046807,2.56210379352,30.7692307692,98.0,0,8.31042424106,-12.0,77.3711725168,502.380952381,-984.0
10:00:16,3083.0,3088.67731313,2.56365136735,30.7692307692,358.0,0,8.31544394211,-304.0,73.9319333816,477.142857143,-1274.0
10:00:16,3083.0,3088.67415994,2.56518138843,30.7692307692,50.0,0,8.32040670915,-28.0,77.6387802971,359.904761905,-1192.0
10:00:17,3083.0,3088.67100851,2.56672545327,30.7692307692,186.0,0,8.32541502845,-140.0,85.737704918,291.238095238,-1296.0
10:00:17,3082.0,3088.66730342,2.56888432333,28.5714285714,62.0,0,8.33512110102,-8.0,106.206896552,192.761904762,-1318.0
10:00:18,3082.0,3088.66360039,2.57105631124,28.5714285714,50.0,0,8.34216843361,-10.0,33.0845771144,110.380952381,-502.0
10:00:18,3082.0,3088.65989942,2.57322538634,28.5714285714,40.0,0,8.34920631518,-14.0,39.1420911528,83.5238095238,-504.0
10:00:19,3084.0,3088.65731131,2.57423823084,35.7142857143,342.0,0,8.3470759755,-212.0,86.5753424658,145.714285714,-412.0
10:00:19,3084.0,3088.65472463,2.5752501976,35.7142857143,1052.0,0,8.35035732037,270.0,48.0946882217,411.523809524,-114.0
10:00:20,3083.0,3088.65158399,2.57678343789,30.7692307692,74.0,0,8.35803904604,-2.0,43.6419753086,350.19047619,24.0
10:00:20,3083.0,3088.64844509,2.57831501825,30.7692307692,20.0,0,8.36300687074,18.0,41.381495564,278.761904762,50.0
10:00:21,3084.0,3088.64586334,2.57932371029,35.7142857143,198.0,0,8.36356585697,-80.0,48.3777520278,260.19047619,-20.0
10:00:21,3083.0,3088.64272762,2.58085243777,30.7692307692,412.0,0,8.37123722923,258.0,36.844613918,295.714285714,252.0
10:00:22,3083.0,3088.63959364,2.58237951328,30.7692307692,52.0,0,8.37619044204,52.0,26.6039823009,210.666666667,516.0
10:00:22,3083.0,3088.6364614,2.58390493975,30.7692307692,46.0,0,8.38113830603,-8.0,30.174563591,137.714285714,238.0
10:00:23,3084.0,3088.63388631,2.58490918185,35.7142857143,50.0,0,8.38167698394,-8.0,29.3059125964,113.80952381,232.0
10:00:23,3083.0,3088.63075724,2.58643177389,30.7692307692,24.0,0,8.38933432984,-16.0,29.4117647059,83.619047619,198.0
10:00:24,3084.0,3088.62818531,2.5874339617,35.7142857143,158.0,0,8.38986368905,84.0,15.9029649596,91.5238095238,362.0
10:00:24,3084.0,3088.62561481,2.58843528453,35.7142857143,400.0,0,8.39311052054,-34.0,75.8904109589,170.476190476,70.0
10:00:25,3084.0,3088.62304574,2.58943574339,35.7142857143,20.0,0,8.39635455054,12.0,75.0716332378,141.428571429,30.0
10:00:25,3083.0,3088.61992269,2.59086423209,30.7692307692,78.0,0,8.40371142424,-16.0,73.9726027397,130.476190476,22.0
10:00:26,3083.0,3088.61680138,2.59229145738,30.7692307692,16.0,0,8.40834076347,-2.0,75.5747126437,100.285714286,28.0
10:00:26,3083.0,3088.6136818,2.59371742133,30.7692307692,58.0,0,8.41296601146,-14.0,74.5205479452,83.7142857143,30.0
10:00:27,3084.0,3088.61111936,2.59471394032,35.7142857143,86.0,0,8.41346932659,-16.0,82.3708206687,73.5238095238,-70.0
10:00:27,3083.0,3088.60800293,2.59622587841,30.7692307692,10.0,0,8.42110242754,-6.0,52.9850746269,45.0476190476,-42.0
10:00:28,3083.0,3088.60488824,2.59764813798,30.7692307692,104.0,0,8.42571566002,6.0,39.7727272727,62.0,-48.0
10:00:28,3083.0,3088.60177528,2.59906914426,30.7692307692,290.0,0,8.43032482732,222.0,21.6312056738,128.095238095,190.0
10:00:29,3083.0,3088.59866405,2.60048889931,30.7692307692,78.0,0,8.43492993613,10.0,31.6293929713,123.523809524,202.0
10:00:29,3082.0,3088.59499914,2.60252868487,28.5714285714,60.0,0,8.44428515531,28.0,35.9872611465,110.857142857,244.0
10:00:30,3083.0,3088.59189167,2.6039454869,30.7692307692,70.0,0,8.44614170257,4.0,31.045751634,100.952380952,264.0
10:00:30,3082.0,3088.58823052,2.6060683575,28.5714285714,2.0,0,8.45577014113,0.0,31.4569536424,72.380952381,270.0
10:00:31,3082.0,3088.58457141,2.60810156052,28.5714285714,56.0,0,8.46236716587,28.0,34.1726618705,59.619047619,292.0
10:00:31,3083.0,3088.58146974,2.60960027212,30.7692307692,176.0,0,8.46448352942,50.0,46.1538461538,83.4285714286,120.0
10:00:32,3083.0,3088.57836978,2.61109738472,30.7692307692,122.0,0,8.46933955471,32.0,42.3868312757,97.2380952381,142.0
10:00:32,3082.0,3088.57471614,2.61312446019,28.5714285714,80.0,0,8.47866469887,10.0,40.3162055336,96.9523809524,124.0
10:00:33,3083.0,3088.57161994,2.6146180793,30.7692307692,58.0,0,8.4807592582,56.0,42.9149797571,89.4285714286,176.0
10:00:33,3082.0,3088.56797005,2.61672680693,28.5714285714,86.0,0,8.49035304,12.0,50.8650519031,90.4761904762,188.0
10:00:34,3083.0,3088.5648776,2.61813109234,30.7692307692,42.0,0,8.49215404586,-6.0,51.7730496454,74.9523809524,154.0
10:00:34,3082.0,3088.56123146,2.62014978132,28.5714285714,72.0,0,8.50145938131,48.0,60.4347826087,68.6666666667,152.0
10:00:35,3082.0,3088.55758734,2.62225141227,28.5714285714,112.0,0,8.50827843046,22.0,64.8888888889,78.7619047619,142.0
10:00:35,3082.0,3088.55394525,2.62426531459,28.5714285714,424.0,0,8.51481283124,-72.0,73.8035264484,178.476190476,60.0
10:00:36,3083.0,3088.55086058,2.62566321722,30.7692307692,390.0,0,8.51658520019,-72.0,81.8827708703,252.095238095,-68.0
10:00:36,3083.0,3088.54777762,2.62705990605,30.7692307692,114.0,0,8.52111549158,-36.0,75.2166377816,231.047619048,-116.0
10:00:37,3083.0,3088.54469638,2.62853988244,30.7692307692,38.0,0,8.52591593396,-18.0,75.3043478261,186.952380952,-128.0
10:00:37,3084.0,3088.54217225,2.62942711629,35.7142857143,22.0,0,8.52602826293,-12.0,78.9090909091,138.476190476,-188.0
10:00:38,3083.0,3088.53909412,2.63082039908,30.7692307692,28.0,0,8.53331300383,-4.0,76.1811023622,94.0952380952,-214.0
10:00:38,3083.0,3088.5360177,2.63221247536,30.7692307692,24.0,0,8.53782833396,-2.0,72.7272727273,52.5714285714,-144.0
10:00:39,3083.0,3088.53294299,2.63368721251,30.7692307692,16.0,0,8.54261178238,10.0,23.1404958678,27.8095238095,-62.0
10:00:39,3083.0,3088.52986999,2.63516039231,30.7692307692,14.0,0,8.54739017941,10.0,19.7183098591,20.2857142857,-16.0
10:00:40,3083.0,3088.52679869,2.63654853823,30.7692307692,128.0,0,8.55189276105,-50.0,7.75862068965,50.0952380952,-48.0
10:00:40,3083.0,3088.5237291,2.63793548567,30.7692307692,16.0,0,8.5563914553,-12.0,11.5044247788,43.619047619,-48.0
10:00:41,3084.0,3088.52121661,2.63890021927,35.7142857143,4.0,0,8.55674519868,-4.0,13.8613861386,34.0,-48.0
10:00:41,3084.0,3088.51870552,2.63986413266,35.7142857143,16.0,0,8.55987072846,2.0,10.3092783505,28.9523809524,-44.0
10:00:42,3084.0,3088.51619583,2.64074431847,35.7142857143,14.0,0,8.56272476808,4.0,13.5416666667,23.7142857143,-50.0
10:00:42,3083.0,3088.51313213,2.6422100592,30.7692307692,52.0,0,8.57025643592,28.0,11.3043478261,29.4285714286,-32.0
10:00:43,3083.0,3088.51007013,2.64359170133,30.7692307692,16.0,0,8.57473792192,2.0,25.4237288136,23.0476190476,20.0
10:00:43,3083.0,3088.50700983,2.64497215498,30.7692307692,26.0,0,8.57921555297,4.0,29.6875,24.8571428571,36.0
10:00:44,3083.0,3088.50395123,2.64635142201,30.7692307692,212.0,0,8.58368933509,-84.0,11.3095238095,79.3333333333,-44.0
10:00:44,3083.0,3088.50089432,2.64772950427,30.7692307692,54.0,0,8.58815927431,-32.0,12.2994652406,78.7619047619,-78.0
10:00:45,3084.0,3088.49839452,2.64860497873,35.7142857143,28.0,0,8.58821329029,12.0,11.8556701031,68.9523809524,-70.0
10:00:45,3084.0,3088.49589611,2.64956175039,35.7142857143,4.0,0,8.59131566275,0.0,14.7058823529,51.619047619,-98.0
10:00:46,3084.0,3088.49339908,2.65043600827,35.7142857143,6.0,0,8.59415048078,-4.0,14.5454545455,37.1428571429,-104.0
10:00:46,3083.0,3088.49034804,2.65181033843,30.7692307692,28.0,0,8.6013958431,-4.0,9.63855421687,29.4285714286,-112.0
10:00:47,3083.0,3088.48729869,2.65326487675,30.7692307692,32.0,0,8.60611377472,22.0,39.4736842105,22.7619047619,-6.0
10:00:47,3083.0,3088.48425104,2.65471789148,30.7692307692,48.0,0,8.61082676444,-22.0,32.8767123288,29.2380952381,4.0
10:00:48,3084.0,3088.48176048,2.6556700202,35.7142857143,50.0,0,8.61112198507,4.0,39.2857142857,36.5714285714,-4.0
10:00:48,3083.0,3088.47871591,2.65712041294,30.7692307692,36.0,0,8.61861956842,22.0,42.0,38.8571428571,18.0
10:00:49,3084.0,3088.47622842,2.65798992035,35.7142857143,10.0,0,8.6186443591,2.0,42.1568627451,32.1904761905,24.0
10:00:49,3084.0,3088.47374232,2.65885888222,35.7142857143,42.0,0,8.6214620046,4.0,41.2844036697,34.4761904762,32.0
10:00:50,3084.0,3088.4712576,2.6597272991,35.7142857143,32.0,0,8.62427788293,12.0,28.4403669725,33.2380952381,22.0
10:00:50,3083.0,3088.46821885,2.66109311929,30.7692307692,734.0,0,8.63150541448,-258.0,84.5132743363,232.571428571,-214.0
10:00:51,3084.0,3088.4657372,2.66204041707,35.7142857143,6.0,45.9459459459,8.63177826546,0.0,86.7441860465,191.238095238,-218.0
10:00:51,3084.0,3088.46325692,2.66290684019,30.7692307692,12.0,0,8.63458767894,-10.0,86.6028708134,153.714285714,-250.0
10:00:52,3084.0,3088.46077802,2.66377272079,30.7692307692,2.0,0,8.6373953333,-2.0,86.9565217392,114.476190476,-254.0
10:00:52,3084.0,3088.4583005,2.66463805941,30.7692307692,14.0,0,8.64020123025,-4.0,90.75,79.0476190476,-262.0
10:00:53,3084.0,3088.45582436,2.66550285657,30.7692307692,26.0,0,8.64300537151,-14.0,93.4508816121,48.380952381,-288.0
10:00:53,3084.0,3088.45334959,2.66644673572,30.7692307692,260.0,0,8.64606593944,100.0,43.125,84.8571428571,70.0
10:00:54,3084.0,3088.45087619,2.66738981804,30.7692307692,38.0,0,8.64912392359,30.0,46.0227272727,80.4761904762,100.0
10:00:54,3084.0,3088.44840417,2.66825276904,30.7692307692,10.0,0,8.65192207861,10.0,49.1428571428,66.5714285714,120.0
10:00:55,3083.0,3088.44537812,2.66961064346,28.5714285714,50.0,0,8.65913280394,42.0,50.2512562814,64.1904761905,164.0
10:00:55,3084.0,3088.44290915,2.67047227004,30.7692307692,8.0,0,8.65911890416,6.0,50.0,47.5238095238,174.0
10:00:56,3084.0,3088.44044155,2.67133335875,30.7692307692,16.0,0,8.6619110206,0.0,48.6910994764,33.4285714286,188.0
10:00:56,3084.0,3088.43797532,2.67219391011,30.7692307692,4.0,0,8.66470139464,2.0,71.4285714286,16.380952381,90.0
10:00:57,3083.0,3088.43495506,2.67362696965,28.5714285714,20.0,0,8.6721601351,4.0,70.3703703704,16.0952380952,64.0
10:00:57,3084.0,3088.43249188,2.67448609059,30.7692307692,22.0,0,8.67213388648,8.0,66.6666666667,17.2380952381,62.0
10:00:58,3084.0,3088.43003007,2.67534467608,30.7692307692,20.0,0,8.67491788611,16.0,73.3333333333,17.2380952381,36.0
10:00:58,3083.0,3088.42701423,2.67677446338,28.5714285714,28.0,0,8.68236932655,0.0,65.4545454545,20.9523809524,30.0
10:00:59,3083.0,3088.42400006,2.67812467497,28.5714285714,12.0,0,8.68674886465,4.0,66.0377358491,19.1428571429,34.0
10:00:59,3083.0,3088.42098756,2.67947374543,28.5714285714,12.0,0,8.69112470137,8.0,66.6666666667,17.5238095238,40.0
10:01:00,3084.0,3088.41853214,2.68040717782,30.7692307692,170.0,0,8.6913332614,-116.0,48.4848484849,60.6666666667,-80.0
10:01:00,3084.0,3088.41607808,2.68126214061,30.7692307692,6.0,0,8.6941055143,4.0,48.3870967742,49.8095238095,-84.0
10:01:01,3083.0,3088.41306998,2.68260836768,28.5714285714,32.0,0,8.70129214296,8.0,47.6923076923,47.1428571429,-92.0
10:01:01,3083.0,3088.41006356,2.68395345951,28.5714285714,32.0,0,8.70565507465,6.0,45.4545454545,43.9047619048,-86.0
10:01:02,3084.0,3088.4076142,2.6848063446,30.7692307692,48.0,0,8.70559774515,12.0,54.0,45.0476190476,-78.0
10:01:02,3084.0,3088.40516621,2.68565870027,30.7692307692,576.0,0,8.70836154432,410.0,84.9537037037,195.333333333,324.0
10:01:03,3084.0,3088.40271957,2.68651052701,30.7692307692,108.0,0,8.71112362843,78.0,84.7880299252,185.047619048,518.0
10:01:03,3084.0,3088.4002743,2.68736182533,30.7692307692,56.0,0,8.71388399913,6.0,79.1079812207,162.857142857,520.0
10:01:04,3084.0,3088.39783038,2.68821259574,30.7692307692,14.0,0,8.71664265803,12.0,78.4172661871,126.285714286,524.0
10:01:04,3084.0,3088.39538782,2.68888279097,30.7692307692,28.0,0,8.71881579433,6.0,79.5180722892,94.5714285714,524.0
10:01:05,3084.0,3088.39294661,2.68973264998,30.7692307692,2.0,0,8.72157149801,2.0,78.0612244898,55.619047619,514.0
10:01:05,3084.0,3088.39050677,2.69058198246,30.7692307692,24.0,0,8.72432549435,12.0,16.3793103448,25.1428571429,116.0
10:01:06,3084.0,3088.38806827,2.69125112892,30.7692307692,326.0,0,8.72649522995,64.0,75.5555555556,107.238095238,102.0
10:01:06,3085.0,3088.38618654,2.69153399513,35.7142857143,686.0,0,8.72458345259,-444.0,92.7777777778,281.80952381,-348.0
10:01:07,3085.0,3088.38430584,2.69181680295,35.7142857143,424.0,0,8.72550017162,272.0,95.7046979866,351.523809524,-88.0
10:01:07,3085.0,3088.3824262,2.69209955239,35.7142857143,34.0,0,8.72641670144,-14.0,94.7860962567,290.285714286,-108.0
10:01:08,3086.0,3088.38110299,2.69209955239,40.0,76.0,0,8.72358895785,4.0,93.1210191083,240.761904762,-106.0
10:01:08,3086.0,3088.37978053,2.69209955239,40.0,218.0,0,8.72358895785,-140.0,83.2199546485,228.285714286,-258.0
10:01:09,3086.0,3088.37845879,2.69209955239,40.0,134.0,0,8.72358895785,0.0,81.679389313,182.571428571,-322.0
10:01:09,3086.0,3088.37713779,2.69209955239,40.0,24.0,0,8.72358895785,0.0,70.989010989,114.571428571,122.0
10:01:10,3086.0,3088.37581753,2.69209955239,40.0,200.0,0,8.72358895785,168.0,60.0583090379,128.380952381,18.0
10:01:10,3086.0,3088.374498,2.69209955239,40.0,82.0,0,8.72358895785,4.0,63.4877384196,119.142857143,36.0
10:01:11,3086.0,3088.3731792,2.69209955239,40.0,202.0,0,8.72358895785,200.0,49.3023255814,141.904761905,232.0
10:01:11,3085.0,3088.37130573,2.69256171336,35.7142857143,28.0,0,8.72791479209,22.0,65.0746268657,108.952380952,394.0
10:01:12,3086.0,3088.3699887,2.69256171336,40.0,96.0,0,8.72508656306,50.0,61.7088607595,104.476190476,444.0
10:01:12,3086.0,3088.36867241,2.69256171336,40.0,336.0,0,8.72508656306,188.0,41.7372881356,170.380952381,632.0
10:01:13,3086.0,3088.36735684,2.69256171336,40.0,66.0,0,8.72508656306,20.0,32.8395061728,144.285714286,484.0
10:01:13,3086.0,3088.36604201,2.69256171336,40.0,16.0,0,8.72508656306,0.0,29.0322580645,110.285714286,480.0
10:01:14,3086.0,3088.36472791,2.69256171336,40.0,118.0,0,8.72508656306,58.0,49.3939393939,108.571428571,338.0
10:01:14,3086.0,3088.36341453,2.69256171336,40.0,56.0,0,8.72508656306,36.0,51.7441860465,93.1428571429,352.0
10:01:15,3086.0,3088.36210189,2.69256171336,40.0,22.0,0,8.72508656306,8.0,47.5570032573,66.6666666667,310.0
10:01:15,3086.0,3088.36078998,2.69256171336,40.0,76.0,0,8.72508656306,18.0,94.9152542373,59.1428571429,140.0
10:01:16,3086.0,3088.35947879,2.69256171336,40.0,14.0,0,8.72508656306,-2.0,95.3642384106,46.2857142857,118.0
10:01:16,3086.0,3088.35816833,2.69274114261,40.0,84.0,0,8.72566799291,42.0,96.7567567567,55.9047619048,160.0
10:01:17,3086.0,3088.3568586,2.69274114261,40.0,80.0,0,8.72566799291,24.0,98.1927710843,61.1428571429,126.0
10:01:17,3086.0,3088.3555496,2.69292053125,40.0,20.0,0,8.72624929117,4.0,94.5945945946,51.0476190476,94.0
10:01:18,3086.0,3088.35424133,2.6930998793,40.0,120.0,0,8.72683045787,-8.0,92.8934010152,71.2380952381,78.0
10:01:18,3085.0,3088.35237838,2.69338232216,35.7142857143,20.0,0,8.73057478821,-6.0,90.5325443787,58.1904761905,54.0
10:01:19,3086.0,3088.35107186,2.69356158216,40.0,48.0,0,8.72832657863,-36.0,91.3978494624,55.8095238095,20.0
10:01:19,3086.0,3088.34976607,2.69374080159,40.0,8.0,0,8.72890732856,-6.0,89.8648648649,40.380952381,-28.0
10:01:20,3086.0,3088.34846101,2.69374080159,40.0,10.0,0,8.72890732856,0.0,85.8407079646,29.1428571429,-52.0
10:01:20,3086.0,3088.34715667,2.69374080159,40.0,210.0,0,8.72890732856,84.0,94.7115384615,78.380952381,28.0
10:01:21,3086.0,3088.34585306,2.69374080159,40.0,220.0,0,8.72890732856,-56.0,95.3488372093,121.428571429,-20.0
10:01:21,3087.0,3088.34510557,2.69356158216,43.75,116.0,0,8.72549913238,70.0,97.7124183007,130.0,56.0
10:01:22,3086.0,3088.3438031,2.69356158216,40.0,356.0,0,8.72832657863,50.0,45.652173913,202.571428571,142.0
10:01:22,3086.0,3088.34250134,2.69374080159,40.0,132.0,0,8.72890732856,-14.0,39.4636015326,196.476190476,134.0
10:01:23,3086.0,3088.34120032,2.69374080159,40.0,6.0,0,8.72890732856,2.0,39.4230769231,148.476190476,136.0
10:01:23,3086.0,3088.33990001,2.69374080159,40.0,250.0,0,8.72890732856,-48.0,37.7777777778,170.380952381,4.0
10:01:24,3086.0,3088.33860043,2.69374080159,40.0,32.0,0,8.72890732856,-10.0,26.2331838565,128.095238095,50.0
10:01:24,3086.0,3088.33730157,2.69391998046,40.0,2.0,0,8.72948794704,-2.0,15.1670951157,86.1904761905,-22.0
10:01:25,3086.0,3088.33600343,2.69391998046,40.0,328.0,0,8.72948794704,-12.0,76.5333333333,142.857142857,-84.0
10:01:25,3086.0,3088.33470601,2.69391998046,40.0,30.0,0,8.72948794704,-30.0,93.2098765432,115.714285714,-100.0
10:01:26,3085.0,3088.33285391,2.69420222279,35.7142857143,56.0,0,8.73323248878,-20.0,91.6905444126,100.857142857,-122.0
10:01:26,3086.0,3088.33155824,2.69438131369,40.0,14.0,0,8.73098287004,-6.0,95.2380952381,71.619047619,-80.0
10:01:27,3085.0,3088.32970788,2.69484245342,35.7142857143,18.0,0,8.73530779067,0.0,94.6428571429,54.7619047619,-70.0
10:01:27,3086.0,3088.32841396,2.69484245342,40.0,4.0,0,8.73247716598,0.0,94.2222222222,34.5714285714,-68.0
10:01:28,3086.0,3088.32712076,2.69484245342,40.0,14.0,0,8.73247716598,-2.0,80.8823529412,17.1428571429,-58.0
10:01:28,3086.0,3088.32582827,2.69502141589,40.0,16.0,0,8.73305708324,12.0,78.6885245902,15.2380952381,-16.0
10:01:29,3086.0,3088.3245365,2.69520033784,40.0,10.0,0,8.73363686923,-4.0,81.5789473684,12.2857142857,0.0
10:01:29,3085.0,3088.32269005,2.69548227435,35.7142857143,78.0,0,8.73738176452,40.0,91.4285714286,30.9523809524,46.0
10:01:30,3085.0,3088.32084463,2.69576415276,35.7142857143,0.0,0,8.73829547085,0.0,0,24.2857142857,46.0
10:01:30,3085.0,3088.31900022,2.69604597307,35.7142857143,10.0,0,8.73920898887,0.0,90.625,21.3333333333,46.0
10:01:31,3085.0,3088.31715685,2.6963277353,35.7142857143,2.0,0,8.74012231865,0.0,89.6551724138,15.8095238095,48.0
10:01:31,3085.0,3088.31531449,2.69660943949,35.7142857143,0.0,0,8.74103546025,0.0,0,10.2857142857,36.0
10:01:32,3086.0,3088.31402857,2.69660943949,40.0,10.0,0,8.73820297955,-2.0,90.0,8.38095238095,38.0
10:01:32,3085.0,3088.31218795,2.69660943949,35.7142857143,40.0,0,8.74103546025,6.0,25.8064516129,15.0476190476,4.0
10:01:33,3086.0,3088.31090376,2.69660943949,40.0,12.0,0,8.73820297955,-8.0,29.7297297297,15.5238095238,-4.0
10:01:33,3086.0,3088.30962028,2.69660943949,40.0,4.0,0,8.73820297955,0.0,29.4117647059,13.1428571429,-4.0
10:01:34,3085.0,3088.30778211,2.69660943949,35.7142857143,2.0,0,8.74103546025,0.0,29.4117647059,10.4761904762,-4.0
10:01:34,3086.0,3088.30650037,2.6963277353,40.0,16.0,0,8.73729013385,10.0,26.1904761905,11.8095238095,6.0
10:01:35,3086.0,3088.30521933,2.6963277353,40.0,4.0,0,8.73729013385,4.0,20.5128205128,8.95238095238,12.0
10:01:35,3086.0,3088.30393901,2.6963277353,40.0,32.0,0,8.73729013385,14.0,34.2857142857,14.380952381,20.0
10:01:36,3086.0,3088.3026594,2.69604597307,40.0,4.0,0,8.73637710002,0.0,35.4838709677,12.1904761905,28.0
10:01:36,3086.0,3088.3013805,2.69576415276,40.0,66.0,0,8.73546387802,16.0,48.3870967742,28.0952380952,44.0
10:01:37,3085.0,3088.29954691,2.69576415276,35.7142857143,4.0,0,8.73829547085,0.0,47.619047619,23.3333333333,44.0
10:01:37,3085.0,3088.29771434,2.69576415276,35.7142857143,40.0,0,8.73829547085,4.0,58.6666666667,28.7619047619,38.0
10:01:38,3085.0,3088.29588278,2.69537921929,35.7142857143,424.0,0,8.73704771246,-154.0,15.0877192983,142.761904762,-120.0
10:01:38,3085.0,3088.29405224,2.69499420222,35.7142857143,144.0,0,8.73579968305,-6.0,11.4369501466,156.761904762,-140.0
10:01:39,3084.0,3088.29166732,2.69499420222,30.7692307692,96.0,0,8.73863230292,48.0,11.1111111111,151.714285714,-92.0
10:01:39,3085.0,3088.28983913,2.6946091015,35.7142857143,186.0,0,8.73455138249,114.0,7.60626398211,168.0,6.0
10:01:40,3085.0,3088.28801195,2.69422391709,35.7142857143,438.0,0,8.73330281067,-96.0,24.8493975904,250.571428571,-90.0
10:01:40,3084.0,3088.28563038,2.69422391709,30.7692307692,6.0,0,8.73613462092,4.0,23.4930448223,189.047619048,-90.0
10:01:41,3085.0,3088.28380554,2.69335016439,35.7142857143,14.0,42.8571428571,8.73047054908,10.0,35.5203619909,131.428571429,74.0
10:01:41,3085.0,3088.28198171,2.69296471396,38.4615384615,8.0,0,8.72922111493,4.0,42.7807486631,91.619047619,84.0
10:01:42,3084.0,3088.27960349,2.69247601351,35.7142857143,8.0,0,8.73046696988,-2.0,46.9696969697,58.2857142857,34.0
10:01:42,3085.0,3088.27778199,2.69160146407,38.4615384615,54.0,0,8.72480215256,10.0,56.8181818182,42.2857142857,-70.0
10:01:43,3085.0,3088.27596151,2.69121564849,38.4615384615,100.0,0,8.72355153481,100.0,72.6315789474,45.7142857143,126.0
10:01:43,3084.0,3088.27358663,2.69121564849,35.7142857143,4.0,0,8.72638018316,-4.0,71.2765957447,37.8095238095,118.0
10:01:44,3085.0,3088.27176848,2.69082974892,38.4615384615,10.0,0,8.72230064479,-4.0,68.4782608696,31.7142857143,104.0
10:01:44,3084.0,3088.26939593,2.69121564849,35.7142857143,8.0,0,8.72638018316,-2.0,65.2173913043,25.2380952381,98.0
10:01:45,3085.0,3088.26758011,2.69082974892,38.4615384615,122.0,0,8.72230064479,-92.0,44.2953020134,51.3333333333,8.0
10:01:45,3084.0,3088.26520989,2.69121564849,35.7142857143,12.0,0,8.72638018316,-2.0,46.09375,40.5714285714,-4.0
10:01:46,3084.0,3088.26284098,2.69160146407,35.7142857143,0.0,0,8.72763120644,0.0,0,28.380952381,-104.0
10:01:46,3084.0,3088.2604734,2.69160146407,35.7142857143,32.0,0,8.72763120644,4.0,11.9565217391,30.0952380952,-96.0
10:01:47,3084.0,3088.25810712,2.69160146407,35.7142857143,54.0,0,8.72763120644,-50.0,7.89473684211,36.7619047619,-142.0
10:01:47,3084.0,3088.25574217,2.69198719568,35.7142857143,0.0,0,8.72888195747,0.0,0,25.9047619048,-140.0
10:01:48,3084.0,3088.25337852,2.69237284338,35.7142857143,74.0,0,8.73013243639,-2.0,13.9534883721,36.5714285714,-50.0
10:01:48,3084.0,3088.25101619,2.69275840719,35.7142857143,2.0,0,8.7313826433,-2.0,14.8148148148,28.9523809524,-50.0
10:01:49,3084.0,3088.24865517,2.69314388715,35.7142857143,4.0,0,8.73263257832,0.0,15.6626506024,22.380952381,-50.0
10:01:49,3084.0,3088.24629546,2.6935292833,35.7142857143,8.0,0,8.73388224157,6.0,19.7183098592,16.7619047619,-48.0
10:01:50,3084.0,3088.24393706,2.69391459567,35.7142857143,42.0,0,8.73513163317,-40.0,21.5384615385,22.0,-38.0
10:01:50,3084.0,3088.24157997,2.69391459567,35.7142857143,6.0,0,8.73513163317,-4.0,20.5882352941,17.5238095238,-42.0
10:01:51,3085.0,3088.2397796,2.69391459567,38.4615384615,60.0,0,8.73230014804,0.0,55.737704918,28.1904761905,-40.0
10:01:51,3085.0,3088.23798022,2.69391459567,38.4615384615,28.0,0,8.73230014804,2.0,51.3513513514,30.380952381,-36.0
10:01:52,3085.0,3088.23618184,2.69419672401,38.4615384615,6.0,0,8.73321466453,-2.0,52.0,25.0476190476,-38.0
10:01:52,3085.0,3088.23438446,2.69447879417,38.4615384615,10.0,0,8.73412899244,4.0,51.3157894737,20.7619047619,-40.0
10:01:53,3085.0,3088.23258808,2.69493968816,38.4615384615,0.0,0,8.73562297622,0.0,0,13.5238095238,0.0
10:01:53,3084.0,3088.2302373,2.6958608963,35.7142857143,16.0,0,8.74144259502,2.0,68.3333333333,12.8571428571,6.0
10:01:54,3085.0,3088.22844322,2.69614259203,38.4615384615,40.0,0,8.73952217837,-10.0,52.0,18.5714285714,-4.0
10:01:54,3085.0,3088.22665014,2.69642422971,38.4615384615,28.0,0,8.74043510439,8.0,72.0,21.8095238095,2.0
10:01:55,3085.0,3088.22485805,2.69670580936,38.4615384615,4.0,0,8.74134784233,4.0,73.4693877551,18.1904761905,8.0
10:01:55,3085.0,3088.22306696,2.696987331,38.4615384615,12.0,0,8.74226039222,2.0,76.0,16.9523809524,6.0
10:01:56,3084.0,3088.22072146,2.69765317246,35.7142857143,12.0,0,8.74725412601,4.0,71.4285714286,15.619047619,10.0
10:01:56,3084.0,3088.21837727,2.69831873523,35.7142857143,4.0,0,8.74941224135,2.0,76.0,11.4285714286,10.0
10:01:57,3085.0,3088.21658978,2.69859994565,38.4615384615,6.0,0,8.74748766824,0.0,78.7878787879,8.38095238095,20.0
10:01:57,3085.0,3088.21480328,2.69888109818,38.4615384615,10.0,0,8.74839902164,8.0,70.8333333333,8.09523809524,20.0
10:01:58,3085.0,3088.21301777,2.69916219283,38.4615384615,44.0,0,8.74931018746,24.0,84.0909090909,18.380952381,40.0
10:01:58,3085.0,3088.21123326,2.69944322963,38.4615384615,38.0,0,8.75022116574,2.0,89.4736842105,25.0476190476,40.0
10:01:59,3085.0,3088.20944974,2.69944322963,38.4615384615,20.0,0,8.75022116574,0.0,96.7213114754,25.3333333333,36.0
10:01:59,3085.0,3088.2076672,2.69972420859,38.4615384615,0.0,0,8.75113195654,0.0,0,19.5238095238,34.0
10:02:00,3084.0,3088.20533026,2.70010800824,35.7142857143,8.0,0,8.75521403451,4.0,96.6666666667,16.1904761905,38.0
10:02:00,3085.0,3088.20355002,2.70010800824,38.4615384615,16.0,0,8.75237603968,2.0,87.3015873016,15.0476190476,32.0
10:02:01,3085.0,3088.20177076,2.70038886089,38.4615384615,88.0,0,8.75328642103,78.0,88.2352941176,34.1904761905,86.0
10:02:01,3084.0,3088.19943709,2.70077250894,35.7142857143,4.0,0,8.75736870604,-2.0,83.8235294118,27.2380952381,82.0
10:02:02,3084.0,3088.19710472,2.70115607394,35.7142857143,8.0,0,8.75861243172,0.0,80.6451612903,23.0476190476,82.0
10:02:02,3085.0,3088.19532904,2.70143673194,38.4615384615,308.0,0,8.7566830857,-282.0,25.0,105.142857143,-200.0
10:02:03,3084.0,3088.19299895,2.70227835971,35.7142857143,30.0,0,8.76225149061,-18.0,27.7533039648,93.1428571429,-222.0
10:02:03,3085.0,3088.19122556,2.70255878695,38.4615384615,14.0,0,8.76032021701,-10.0,29.6460176991,75.5238095238,-234.0
10:02:04,3084.0,3088.18889774,2.7032222285,35.7142857143,8.0,0,8.76531202497,-4.0,14.5161290322,56.2857142857,-316.0
10:02:04,3084.0,3088.18657123,2.70388539312,35.7142857143,32.0,0,8.76746236421,-6.0,15.0,47.7142857143,-320.0
10:02:05,3084.0,3088.184246,2.70472557427,35.7142857143,8.0,0,8.77018668699,-6.0,14.5,30.9523809524,-326.0
10:02:05,3084.0,3088.18192206,2.70556523783,35.7142857143,4.0,0,8.7729093315,0.0,54.1666666667,13.0476190476,-44.0
10:02:06,3085.0,3088.18015482,2.70584501075,38.4615384615,4.0,0,8.77097248218,2.0,45.7142857143,9.61904761905,-24.0
10:02:06,3085.0,3088.17838856,2.70612472624,38.4615384615,6.0,0,8.77187917743,4.0,41.935483871,8.0,-10.0
10:02:07,3084.0,3088.17606787,2.70696352824,35.7142857143,40.0,0,8.77744334707,-12.0,29.7872340426,16.4761904762,-18.0
10:02:07,3085.0,3088.17430388,2.70741984595,38.4615384615,2.0,0,8.77607729642,0.0,34.375,12.5714285714,-12.0
10:02:08,3085.0,3088.17254087,2.70795010109,38.4615384615,2.0,0,8.77779611375,2.0,34.4827586207,10.0952380952,-4.0
10:02:08,3085.0,3088.17077884,2.70840596769,38.4615384615,12.0,0,8.77927380125,2.0,39.393939394,10.7619047619,-2.0
10:02:09,3084.0,3088.16846238,2.70924320899,35.7142857143,38.0,0,8.78483530799,22.0,56.0,18.4761904762,18.0
10:02:09,3084.0,3088.16614721,2.71007993538,35.7142857143,0.0,0,8.78754842861,0.0,0,13.7142857143,14.0
10:02:10,3084.0,3088.16383333,2.710989851,35.7142857143,16.0,0,8.79049886835,-12.0,65.7142857143,13.8095238095,14.0
10:02:10,3085.0,3088.16207613,2.71144452356,38.4615384615,62.0,0,8.78912325302,16.0,81.5384615385,28.1904761905,30.0
10:02:11,3084.0,3088.15976451,2.71235329864,35.7142857143,4.0,0,8.79491990481,-2.0,80.303030303,23.1428571429,26.0
10:02:11,3084.0,3088.15745417,2.71326131434,35.7142857143,52.0,0,8.79786418397,36.0,84.8837209302,31.7142857143,60.0
10:02:12,3084.0,3088.15514511,2.7141685714,35.7142857143,14.0,0,8.80080600323,4.0,83.7837837838,27.5238095238,42.0
10:02:12,3085.0,3088.15339274,2.71469503551,38.4615384615,124.0,0,8.79965975853,18.0,84.5588235294,55.9047619048,60.0
10:02:13,3085.0,3088.15164134,2.71522114178,38.4615384615,0.0,0,8.80136512732,0.0,0,42.9523809524,72.0
10:02:13,3085.0,3088.14989092,2.71574689042,38.4615384615,40.0,0,8.80306933686,36.0,87.1794871795,42.1904761905,92.0
10:02:14,3085.0,3088.14814147,2.71627228164,38.4615384615,38.0,0,8.80477238782,36.0,89.552238806,41.9047619048,130.0
10:02:14,3085.0,3088.14639298,2.71672459322,38.4615384615,48.0,0,8.80623855178,26.0,87.1212121212,42.8571428571,120.0
10:02:15,3084.0,3088.14409007,2.71762864983,35.7142857143,10.0,0,8.81202545342,-2.0,86.1538461538,33.1428571429,114.0
10:02:15,3085.0,3088.14234384,2.71815291088,38.4615384615,4.0,0,8.81086843072,0.0,87.1428571429,21.9047619048,96.0
10:02:16,3084.0,3088.14004318,2.71905569801,35.7142857143,42.0,0,8.81665271729,32.0,89.010989011,27.2380952381,128.0
10:02:16,3085.0,3088.13829919,2.71957908814,38.4615384615,12.0,0,8.81549137162,-4.0,83.1168831169,22.0,88.0
10:02:17,3085.0,3088.13655618,2.72010212227,38.4615384615,8.0,0,8.81718678206,4.0,79.0322580645,16.9523809524,56.0
10:02:17,3085.0,3088.13481413,2.72062480058,38.4615384615,14.0,0,8.81888103917,4.0,77.7777777778,15.0476190476,34.0
10:02:18,3085.0,3088.13307305,2.7211471233,38.4615384615,30.0,0,8.82057414361,2.0,87.2727272727,19.3333333333,38.0
10:02:18,3084.0,3088.13077754,2.72197525807,35.7142857143,84.0,0,8.82611951385,2.0,69.4736842105,38.0952380952,40.0
10:02:19,3085.0,3088.1290387,2.72249681155,38.4615384615,12.0,0,8.82494914602,0.0,63.75,32.4761904762,8.0
10:02:19,3085.0,3088.12730083,2.7230180101,38.4615384615,6.0,0,8.82663860649,6.0,67.5324675325,26.5714285714,18.0
10:02:20,3085.0,3088.12556392,2.72353885393,38.4615384615,2.0,0,8.82832691713,-2.0,66.2162162162,19.8095238095,12.0
10:02:20,3085.0,3088.12382798,2.72405934325,38.4615384615,108.0,0,8.83001407861,-28.0,80.9917355372,43.619047619,-20.0
10:02:21,3085.0,3088.122093,2.72457947826,38.4615384615,132.0,0,8.83170009159,8.0,86.6279069767,69.8095238095,-14.0
10:02:21,3086.0,3088.12091439,2.72482409671,42.8571428571,14.0,0,8.82963090315,-12.0,94.8905109489,57.4285714286,-28.0
10:02:22,3085.0,3088.11918103,2.72534366108,38.4615384615,2.0,0,8.8341771834,-2.0,94.696969697,44.9523809524,-30.0
10:02:22,3085.0,3088.11744863,2.72586287165,38.4615384615,32.0,0,8.83586019985,14.0,84.1379310345,41.5238095238,-22.0
10:02:23,3085.0,3088.11571719,2.72638172864,38.4615384615,4.0,0,8.83754207014,2.0,83.5616438356,28.8571428571,-18.0
10:02:23,3085.0,3088.11398672,2.72682930727,38.4615384615,0.0,0,8.83899289229,0.0,0,14.9523809524,10.0
10:02:24,3085.0,3088.11225721,2.72734755603,38.4615384615,6.0,0,8.84067279101,2.0,6.89655172414,7.90476190476,4.0
10:02:24,3086.0,3088.11108406,2.72755994548,42.8571428571,24.0,0,8.83849625884,-14.0,29.4117647059,12.0,2.0
10:02:25,3085.0,3088.10935616,2.72804636322,38.4615384615,8.0,0,8.8429379683,6.0,27.027027027,11.0476190476,10.0
10:02:25,3085.0,3088.10762922,2.72853224178,38.4615384615,8.0,0,8.84451293933,4.0,40.0,9.80952380952,0.0
10:02:26,3086.0,3088.10645864,2.72874360589,42.8571428571,10.0,0,8.8423318402,-4.0,46.4285714286,10.2857142857,-6.0
10:02:26,3086.0,3088.10528871,2.72898615462,42.8571428571,0.0,0,8.84311780499,0.0,0,7.61904761905,-6.0
10:02:27,3085.0,3088.10356403,2.72947084819,38.4615384615,2.0,0,8.84755542363,2.0,50.0,5.52380952381,-6.0
10:02:27,3085.0,3088.1018403,2.72998664527,38.4615384615,4.0,0,8.84922737526,2.0,31.25,4.19047619048,10.0
10:02:28,3086.0,3088.10067294,2.73022857486,42.8571428571,84.0,0,8.84714379411,-20.0,11.1111111111,26.6666666667,-16.0
10:02:28,3086.0,3088.09950622,2.73047036998,42.8571428571,6.0,0,8.84792731686,-2.0,13.2075471698,23.2380952381,-22.0
10:02:29,3086.0,3088.09834015,2.73068022774,42.8571428571,6.0,0,8.84860734848,-2.0,11.7647058824,19.9047619048,-20.0
10:02:29,3085.0,3088.09661933,2.73116303856,38.4615384615,4.0,0,8.85304064364,-2.0,13.2075471698,16.1904761905,-22.0
10:02:30,3086.0,3088.09545487,2.73137224986,42.8571428571,6.0,0,8.85084980511,-2.0,16.3636363636,12.8571428571,-26.0
10:02:30,3085.0,3088.09373565,2.73185414752,38.4615384615,14.0,0,8.85528086717,0.0,20.0,11.619047619,-28.0
10:02:31,3086.0,3088.09257278,2.7320627128,42.8571428571,10.0,47.0588235294,8.85308720933,-8.0,69.5652173913,8.7619047619,-16.0
10:02:31,3085.0,3088.09085517,2.73257598756,42.8571428571,8.0,0,8.85762070521,2.0,66.6666666667,8.85714285714,-12.0
10:02:32,3085.0,3088.0891385,2.73305654369,42.8571428571,6.0,0,8.85917842362,0.0,54.1666666667,8.28571428571,-10.0
10:02:32,3086.0,3088.08797819,2.73326417031,46.1538461538,10.0,0,8.85698046114,-2.0,55.5555555556,8.85714285714,-10.0
10:02:33,3086.0,3088.08681852,2.73347152711,46.1538461538,8.0,0,8.85765238855,-8.0,60.7142857143,8.57142857143,-16.0
10:02:33,3086.0,3088.0856595,2.73367861414,46.1538461538,2.0,0,8.85832344182,-2.0,63.6363636364,6.47619047619,-18.0
10:02:34,3085.0,3088.08394572,2.73415750899,42.8571428571,32.0,0,8.86274719283,-8.0,33.3333333333,13.5238095238,-18.0
10:02:34,3086.0,3088.0827883,2.73422952788,46.1538461538,72.0,0,8.8601086451,-54.0,69.2307692308,30.9523809524,-74.0
10:02:35,3085.0,3088.08107611,2.73457287556,42.8571428571,2.0,0,8.86409359986,0.0,71.4285714286,25.3333333333,-74.0
10:02:35,3086.0,3088.07992028,2.73464386773,46.1538461538,2.0,0,8.86145128883,0.0,72.8813559322,19.9047619048,-72.0
10:02:36,3086.0,3088.07876509,2.73471440663,46.1538461538,10.0,0,8.86167986593,-8.0,73.3333333333,17.1428571429,-72.0
10:02:36,3086.0,3088.07761054,2.73478449227,46.1538461538,20.0,0,8.86190697429,0.0,76.8115942029,17.1428571429,-70.0
10:02:37,3086.0,3088.07645663,2.73485412469,46.1538461538,66.0,0,8.86213261403,0.0,97.6744186046,29.4285714286,-62.0
10:02:37,3086.0,3088.07530337,2.73492330393,46.1538461538,0.0,0,8.86235678527,0.0,0,21.2380952381,-8.0
10:02:38,3086.0,3088.07415074,2.73499203003,46.1538461538,42.0,0,8.8625794881,4.0,84.2857142857,28.4761904762,-4.0
10:02:38,3085.0,3088.07244335,2.73546652024,42.8571428571,54.0,0,8.86699034112,42.0,85.4166666667,37.2380952381,38.0
10:02:39,3085.0,3088.07073691,2.73594047691,42.8571428571,14.0,0,8.86852666746,-8.0,84.693877551,32.0952380952,38.0
10:02:39,3086.0,3088.06958682,2.73614331622,46.1538461538,16.0,0,8.86631016275,-12.0,79.1666666667,27.3333333333,26.0
10:02:40,3086.0,3088.06843737,2.73634588671,46.1538461538,308.0,0,8.8669665804,112.0,89.400921659,106.19047619,138.0
10:02:40,3086.0,3088.06728856,2.73654818844,46.1538461538,12.0,0,8.86762212715,0.0,89.6860986547,88.9523809524,138.0
10:02:41,3085.0,3088.06558498,2.73702049186,42.8571428571,308.0,0,8.87202752628,302.0,95.7865168539,155.714285714,436.0
10:02:41,3086.0,3088.06443776,2.73722215175,46.1538461538,250.0,0,8.86980606529,60.0,97.3568281938,193.238095238,454.0
10:02:42,3086.0,3088.06329116,2.7374235431,46.1538461538,62.0,0,8.87045866202,-2.0,97.280334728,167.714285714,460.0
10:02:42,3086.0,3088.06214521,2.73762466597,46.1538461538,78.0,0,8.87111038876,28.0,95.8742632613,144.476190476,500.0
10:02:43,3086.0,3088.06099989,2.73782552042,46.1538461538,90.0,0,8.87176124568,84.0,95.5,121.714285714,472.0
10:02:43,3086.0,3088.05985521,2.7380261065,46.1538461538,64.0,0,8.87241123299,58.0,95.7746478873,101.904761905,530.0
10:02:44,3086.0,3088.05871116,2.73822642428,46.1538461538,124.0,0,8.87306035087,-4.0,81.1377245509,96.7619047619,224.0
10:02:44,3085.0,3088.05701235,2.73869595895,42.8571428571,308.0,0,8.87745853792,-156.0,68.5950413223,152.952380952,8.0
10:02:45,3085.0,3088.05531448,2.73916496242,42.8571428571,20.0,0,8.8789788085,-20.0,64.3274853801,124.095238095,-10.0
10:02:45,3085.0,3088.05361756,2.73963343497,42.8571428571,2.0,0,8.8804973581,-2.0,63.8157894737,92.0952380952,-40.0
10:02:46,3086.0,3088.05247698,2.73983236792,46.1538461538,266.0,0,8.87826431602,-226.0,38.7755102041,139.142857143,-350.0
10:02:46,3085.0,3088.05078163,2.74029993796,42.8571428571,22.0,0,8.8826578216,-20.0,32.6145552561,108.095238095,-428.0
10:02:47,3085.0,3088.04908722,2.74076697779,42.8571428571,68.0,0,8.88417172703,-68.0,37.3177842566,92.1904761905,-492.0
10:02:47,3086.0,3088.04794915,2.74096489949,46.1538461538,64.0,0,8.88193421741,-60.0,25.7918552036,77.8095238095,-396.0
10:02:48,3085.0,3088.04625632,2.74143103794,42.8571428571,226.0,0,8.8863242721,150.0,17.5925925926,121.333333333,-226.0
10:02:48,3085.0,3088.04456442,2.74189664689,42.8571428571,4.0,0,8.88783353935,-4.0,17.5384615385,91.619047619,-228.0
10:02:49,3086.0,3088.04342887,2.74212925288,46.1538461538,8.0,0,8.88570723552,-4.0,29.0816326531,62.9523809524,-6.0
10:02:49,3085.0,3088.04173855,2.74259406807,42.8571428571,28.0,0,8.8900942239,-2.0,28.1407035176,52.2857142857,12.0
10:02:50,3085.0,3088.04004916,2.7430942332,42.8571428571,4.0,0,8.8917155047,4.0,20.9580838323,34.4761904762,84.0
10:02:50,3085.0,3088.03836071,2.74359405403,42.8571428571,4.0,0,8.89333566948,2.0,2.1897810219,19.7142857143,146.0
10:02:51,3085.0,3088.0366732,2.74405749634,42.8571428571,4.0,0,8.89483791358,0.0,15.3846153846,7.80952380952,-4.0
10:02:51,3085.0,3088.03498663,2.74452041055,42.8571428571,0.0,0,8.89633844588,0.0,0,5.33333333333,0.0
10:02:52,3086.0,3088.0338564,2.74471544715,46.1538461538,2.0,0,8.89408764467,0.0,9.52380952381,3.61904761905,4.0
10:02:52,3086.0,3088.03272679,2.74494652121,46.1538461538,20.0,0,8.89483642649,12.0,29.4117647059,7.33333333333,18.0
10:02:53,3086.0,3088.03159781,2.74514110591,46.1538461538,24.0,0,8.89546696666,0.0,25.9259259259,12.5714285714,14.0
10:02:53,3086.0,3088.03046946,2.74537186309,46.1538461538,6.0,0,8.89621472163,0.0,35.7142857143,11.7142857143,12.0
10:02:54,3086.0,3088.02934173,2.74556599609,46.1538461538,2.0,0,8.89684379809,-2.0,37.0370370371,9.61904761905,10.0
10:02:54,3086.0,3088.02821463,2.74575986245,46.1538461538,8.0,0,8.89747201052,2.0,35.4838709678,9.33333333333,12.0
10:02:55,3086.0,3088.02708816,2.74599011804,46.1538461538,12.0,0,8.89821814013,-10.0,44.4444444445,9.80952380952,2.0
10:02:55,3085.0,3088.02540691,2.74645023419,42.8571428571,184.0,0,8.902593952,136.0,28.813559322,58.9523809524,126.0
10:02:56,3085.0,3088.0237266,2.74690982383,42.8571428571,0.0,0,8.90408370771,0.0,0,47.7142857143,126.0
10:02:56,3086.0,3088.02260262,2.74713942129,46.1538461538,2.0,0,8.90194238914,0.0,28.8461538461,38.1904761905,126.0
10:02:57,3085.0,3088.02092386,2.74759822166,42.8571428571,240.0,0,8.90631514314,162.0,13.0044843049,96.8571428571,290.0
10:02:57,3086.0,3088.01980144,2.74779034402,46.1538461538,54.0,0,8.90405166565,-44.0,22.3577235772,91.0476190476,244.0
10:02:58,3085.0,3088.01812424,2.74824824959,42.8571428571,22.0,0,8.90842220288,0.0,19.9203187251,73.9047619048,254.0
10:02:58,3086.0,3088.01700337,2.74843973695,46.1538461538,30.0,0,8.90615598494,-18.0,25.2873563218,58.5714285714,100.0
10:02:59,3085.0,3088.01532772,2.74889674839,42.8571428571,4.0,0,8.91052430598,0.0,25.0,43.1428571429,100.0
10:02:59,3086.0,3088.0142084,2.74908760117,46.1538461538,8.0,0,8.90825535051,4.0,25.6983240223,28.6666666667,104.0
10:03:00,3086.0,3088.01308971,2.7492781881,46.1538461538,4.0,0,8.90887293616,2.0,77.0491803279,12.7619047619,-56.0
10:03:00,3086.0,3088.01197164,2.74946850925,46.1538461538,408.0,0,8.90948966055,154.0,93.2773109244,123.523809524,142.0
10:03:01,3086.0,3088.01085419,2.74951980937,46.1538461538,360.0,0,8.90965589555,-214.0,98.5257985258,203.714285714,-72.0
10:03:01,3086.0,3088.00973735,2.74957065953,46.1538461538,448.0,0,8.90982067248,306.0,99.025974026,292.952380952,252.0
10:03:02,3087.0,3088.00917655,2.74945696097,50.0,42.0,0,8.90656611912,-16.0,99.2125984252,246.285714286,236.0
10:03:02,3086.0,3088.00806065,2.74964609114,46.1538461538,20.0,0,8.91006510416,20.0,97.8159126365,191.523809524,252.0
10:03:03,3086.0,3088.00694537,2.74969581651,46.1538461538,40.0,0,8.91022623626,0.0,94.9924127466,141.904761905,250.0
10:03:03,3086.0,3088.00583071,2.749884341,46.1538461538,94.0,0,8.9108371387,0.0,84.6613545817,106.0,96.0
10:03:04,3086.0,3088.00471667,2.74993327641,46.1538461538,12.0,0,8.91099571098,-10.0,76.2195121951,61.619047619,300.0
10:03:04,3086.0,3088.00360324,2.749981762,46.1538461538,2.0,0,8.91115282568,2.0,24.7619047619,30.9523809524,-4.0
10:03:05,3086.0,3088.00249044,2.75016934103,46.1538461538,2.0,0,8.91176066438,0.0,7.05882352942,21.5238095238,12.0
10:03:05,3086.0,3088.00137825,2.75021703689,46.1538461538,118.0,0,8.91191521999,-6.0,16.4179104478,47.1428571429,-14.0
10:03:06,3086.0,3088.00026669,2.75040401073,46.1538461538,6.0,0,8.91252109762,0.0,21.3675213675,36.0952380952,-14.0
10:03:06,3086.0,3087.99915573,2.75045091702,46.1538461538,10.0,0,8.91267309467,10.0,38.6666666667,27.8095238095,-4.0
10:03:07,3086.0,3087.9980454,2.75049737365,46.1538461538,98.0,0,8.91282363465,98.0,61.8644067797,48.6666666667,104.0
10:03:07,3086.0,3087.99693568,2.75054338066,46.1538461538,16.0,0,8.91297271763,0.0,64.8,42.0,102.0
10:03:08,3086.0,3087.99582658,2.75058893806,46.1538461538,0.0,0,8.91312034368,0.0,0,30.0952380952,102.0
10:03:08,3086.0,3087.9947181,2.75063404587,46.1538461538,2.0,0,8.91326651288,0.0,100.0,18.8571428571,108.0
10:03:09,3086.0,3087.99361023,2.75067870413,46.1538461538,6.0,0,8.9134112253,4.0,100.0,14.2857142857,112.0
10:03:09,3086.0,3087.99250298,2.75072291284,46.1538461538,8.0,0,8.913554481,6.0,100.0,10.2857142857,108.0
10:03:10,3086.0,3087.99139634,2.75076667203,46.1538461538,68.0,0,8.91369628007,64.0,100.0,23.5238095238,74.0
10:03:10,3086.0,3087.99029031,2.7509506634,46.1538461538,0.0,0,8.9142924932,0.0,0,18.7619047619,74.0
10:03:11,3086.0,3087.9891849,2.75099363362,46.1538461538,20.0,0,8.91443173565,10.0,100.0,20.4761904762,84.0
10:03:11,3086.0,3087.98808011,2.7510361544,46.1538461538,20.0,0,8.91456952172,20.0,100.0,21.2380952381,104.0
10:03:12,3086.0,3087.98697593,2.75107822577,46.1538461538,22.0,0,8.9147058515,20.0,100.0,21.7142857143,120.0
10:03:12,3086.0,3087.98587236,2.75111984775,46.1538461538,46.0,0,8.91484072504,4.0,95.4545454545,28.2857142857,118.0
10:03:13,3086.0,3087.9847694,2.75116102035,46.1538461538,4.0,0,8.91497414241,-2.0,92.8571428571,21.0476190476,52.0
10:03:13,3086.0,3087.98366706,2.75134305027,46.1538461538,34.0,0,8.91556399957,-4.0,94.5205479452,25.4285714286,48.0
10:03:14,3086.0,3087.98256533,2.75138343429,46.1538461538,38.0,0,8.91569486159,8.0,95.1219512195,29.3333333333,46.0
10:03:14,3086.0,3087.98146421,2.75142336901,46.1538461538,24.0,0,8.9158242677,22.0,95.2380952381,28.380952381,48.0
10:03:15,3086.0,3087.9803637,2.75146285447,46.1538461538,22.0,0,8.91595221797,0.0,95.2380952381,26.6666666667,28.0
10:03:15,3086.0,3087.9792638,2.75150189066,46.1538461538,4.0,0,8.91607871245,0.0,100.0,19.8095238095,24.0
10:03:16,3086.0,3087.97816452,2.75154047762,46.1538461538,0.0,0,8.91620375121,0.0,0,13.8095238095,26.0
10:03:16,3086.0,3087.97706584,2.75157861537,46.1538461538,2.0,0,8.91632733431,2.0,100.0,8.57142857143,32.0
10:03:17,3085.0,3087.97541238,2.75187802035,42.8571428571,2.0,0,8.92018807245,0.0,96.2962962963,4.85714285714,24.0
10:03:17,3086.0,3087.97431523,2.75191514402,46.1538461538,4.0,0,8.91741783544,0.0,94.1176470588,3.42857142857,2.0
10:03:18,3086.0,3087.97321869,2.75195181857,46.1538461538,18.0,0,8.91753667715,0.0,60.0,6.95238095238,2.0
10:03:18,3086.0,3087.97212276,2.75198804402,46.1538461538,0.0,0,8.91765406359,0.0,0,5.52380952381,2.0
10:03:19,3086.0,3087.97102744,2.75216631846,46.1538461538,0.0,0,8.91823175132,0.0,0,4.28571428571,2.0
10:03:19,3086.0,3087.96993273,2.75234432903,46.1538461538,8.0,0,8.91880858403,8.0,62.5,5.33333333333,8.0
10:03:20,3086.0,3087.96883863,2.75256377406,46.1538461538,22.0,0,8.91951968262,16.0,76.9230769231,10.0952380952,24.0
10:03:20,3086.0,3087.96774513,2.75274133847,46.1538461538,14.0,0,8.92009506959,-4.0,80.6451612903,11.619047619,20.0
10:03:21,3085.0,3087.96609684,2.75317947512,42.8571428571,6.0,45.7142857143,8.92440672648,2.0,92.0,10.380952381,22.0
10:03:21,3086.0,3087.96500487,2.75339834916,53.8461538462,2.0,0,8.92222407374,2.0,92.3076923077,8.57142857143,24.0
10:03:22,3085.0,3087.9633581,2.75383570881,50.0,26.0,0,8.92653390214,18.0,89.7435897436,13.5238095238,42.0
10:03:22,3085.0,3087.96171225,2.75427255077,50.0,2.0,0,8.92794992147,0.0,86.1111111111,10.380952381,34.0
10:03:23,3085.0,3087.96006731,2.7547088753,50.0,26.0,0,8.92936426353,-2.0,73.6842105263,14.380952381,16.0
10:03:23,3086.0,3087.95897869,2.7549268436,53.8461538462,2.0,0,8.92717706934,2.0,68.75,11.3333333333,22.0
10:03:24,3086.0,3087.95789067,2.75510232328,53.8461538462,14.0,0,8.92774570083,0.0,75.0,12.2857142857,20.0
10:03:24,3086.0,3087.95680325,2.75531998041,53.8461538462,2.0,0,8.92845100586,0.0,75.0,9.42857142857,18.0
10:03:25,3086.0,3087.95571644,2.75549501502,53.8461538462,0.0,0,8.92901819513,0.0,0,6.0,0.0
10:03:25,3086.0,3087.95463024,2.7556697865,53.8461538462,24.0,0,8.92958453175,0.0,79.4117647059,10.6666666667,0.0
10:03:26,3085.0,3087.95298923,2.75610398608,50.0,6.0,0,8.9338865027,0.0,87.5,9.14285714286,2.0
10:03:26,3086.0,3087.95190454,2.75627813107,53.8461538462,2.0,0,8.93155583625,2.0,87.5,7.42857142857,2.0
10:03:27,3085.0,3087.95026505,2.75675431754,50.0,6.0,0,8.93599454633,0.0,80.0,6.85714285714,2.0
10:03:27,3086.0,3087.94918187,2.75692791767,53.8461538462,8.0,0,8.93366143119,6.0,78.2608695652,7.2380952381,8.0
10:03:28,3086.0,3087.94809929,2.75710125499,53.8461538462,20.0,0,8.9342231205,-12.0,81.8181818182,10.7619047619,-4.0
10:03:28,3085.0,3087.94646191,2.75757654383,50.0,8.0,0,8.9386597855,-4.0,68.0,9.90476190476,-8.0
10:03:29,3086.0,3087.94538084,2.75779249481,53.8461538462,4.0,0,8.93646304217,-2.0,70.8333333333,8.66666666667,-10.0
10:03:29,3085.0,3087.94374498,2.75822401037,50.0,6.0,0,8.94075854251,-4.0,69.2307692308,8.09523809524,-16.0
10:03:30,3085.0,3087.94211002,2.75865501089,50.0,2.0,0,8.94215562689,0.0,66.6666666667,6.19047619048,-16.0
10:03:30,3086.0,3087.94103137,2.75868275732,53.8461538462,12.0,0,8.93934788504,-10.0,53.8461538462,7.33333333333,-32.0
10:03:31,3085.0,3087.93939791,2.75896852651,50.0,6.0,0,8.94317188494,-6.0,31.5789473684,6.57142857143,-26.0
10:03:31,3085.0,3087.93776537,2.75925356698,50.0,2.0,0,8.94409584111,-2.0,31.25,5.33333333333,-24.0
10:03:32,3085.0,3087.93613373,2.75953787899,50.0,8.0,0,8.94501743593,-4.0,27.7777777778,6.09523809524,-26.0
10:03:32,3086.0,3087.9350584,2.75970811661,53.8461538462,6.0,0,8.94267050101,-2.0,33.3333333333,6.09523809524,-24.0
10:03:33,3085.0,3087.93342826,2.75999126352,50.0,4.0,0,8.94648707785,0.0,36.8421052632,5.52380952381,-24.0
10:03:33,3086.0,3087.93235443,2.76001597721,53.8461538462,2.0,0,8.94366810502,0.0,50.0,4.28571428571,-14.0
10:03:34,3086.0,3087.9312812,2.76004024338,53.8461538462,124.0,0,8.9437467381,-10.0,24.6575342466,38.380952381,-18.0
10:03:34,3085.0,3087.92965316,2.76032153924,50.0,14.0,0,8.94755766367,2.0,24.0506329114,35.4285714286,-14.0
10:03:35,3085.0,3087.92802603,2.76060210768,50.0,40.0,0,8.94846712375,-20.0,29.4736842105,39.3333333333,-30.0
10:03:35,3085.0,3087.9263998,2.76088194891,50.0,64.0,0,8.9493742266,58.0,44.3548387097,48.5714285714,30.0
10:03:36,3085.0,3087.92477448,2.76116106315,50.0,18.0,0,8.95027897294,2.0,47.3282442748,41.9047619048,32.0
10:03:36,3086.0,3087.92370545,2.76118263657,53.8461538462,8.0,0,8.94744859548,8.0,48.5074626866,31.7142857143,40.0
10:03:37,3086.0,3087.92263702,2.7612037627,53.8461538462,0.0,0,8.94751705346,0.0,0,18.9523809524,50.0
10:03:37,3086.0,3087.92156919,2.76122444156,53.8461538462,0.0,0,8.94758406209,0.0,0,12.0952380952,48.0
10:03:38,3086.0,3087.92050195,2.76124467316,53.8461538462,4.0,0,8.94764962139,2.0,93.6170212766,7.04761904762,70.0
10:03:38,3086.0,3087.9194353,2.76141044655,53.8461538462,14.0,0,8.94818680023,10.0,86.3636363636,6.57142857143,22.0
10:03:39,3086.0,3087.91836924,2.76157595852,53.8461538462,0.0,0,8.94872313196,0.0,0,4.47619047619,20.0
10:03:39,3086.0,3087.91730378,2.76159506993,53.8461538462,4.0,0,8.94878506133,2.0,81.8181818182,4.38095238095,14.0
10:03:40,3085.0,3087.9156835,2.76186978175,50.0,2.0,0,8.95257627797,-2.0,75.0,3.90476190476,12.0
10:03:40,3086.0,3087.91461953,2.76188788537,53.8461538462,42.0,0,8.94973391241,-2.0,87.8787878788,14.7619047619,10.0
10:03:41,3085.0,3087.91300075,2.76216131101,50.0,8.0,0,8.95352126745,4.0,85.7142857143,13.9047619048,12.0
10:03:41,3086.0,3087.91193826,2.76217840707,53.8461538462,18.0,0,8.95067533074,2.0,89.1891891892,15.7142857143,4.0
10:03:42,3086.0,3087.91087637,2.76194772704,53.8461538462,8.0,0,8.9499278258,2.0,90.243902439,14.4761904762,6.0
10:03:42,3085.0,3087.90925967,2.76197169687,50.0,2.0,0,8.95290663492,-2.0,87.5,11.1428571429,2.0
10:03:43,3086.0,3087.90819926,2.76173946293,53.8461538462,4.0,0,8.9492529583,0.0,90.243902439,8.47619047619,4.0
10:03:43,3086.0,3087.90713944,2.76175432649,53.8461538462,0.0,0,8.94930112277,0.0,0,4.57142857143,6.0
10:03:44,3085.0,3087.90552482,2.76177578351,50.0,6.0,0,8.95227158351,-6.0,73.6842105263,4.38095238095,-4.0
10:03:44,3086.0,3087.90446648,2.76154143751,53.8461538462,70.0,0,8.94861126868,6.0,88.8888888889,22.5714285714,0.0
10:03:45,3086.0,3087.90340874,2.76130637304,53.8461538462,0.0,0,8.9478495562,0.0,0,18.2857142857,-2.0
10:03:45,3086.0,3087.90235159,2.76131900346,53.8461538462,4.0,0,8.94789048433,2.0,88.0952380952,15.5238095238,2.0
10:03:46,3086.0,3087.90129502,2.7610826625,53.8461538462,26.0,0,8.94712463544,-16.0,69.8113207547,18.9523809524,-14.0
10:03:46,3086.0,3087.90023904,2.76084560259,53.8461538462,0.0,0,8.94635645688,0.0,0,13.9047619048,-14.0
10:03:47,3086.0,3087.89918364,2.76025829385,53.8461538462,2.0,0,8.94445331772,2.0,74.5098039216,9.42857142857,-6.0
10:03:47,3086.0,3087.89812883,2.76001962553,53.8461538462,2.0,0,8.9436799272,0.0,29.4117647059,5.14285714286,-12.0
10:03:48,3086.0,3087.89707461,2.75943029547,53.8461538462,6.0,0,8.94177023807,0.0,40.0,5.2380952381,-12.0
10:03:48,3085.0,3087.89546557,2.75909370464,50.0,4.0,0,8.94357764875,-2.0,40.0,4.47619047619,-16.0
10:03:49,3085.0,3087.89385742,2.75875570225,50.0,2.0,0,8.94248201701,0.0,75.0,3.14285714286,0.0
10:03:49,3086.0,3087.89280557,2.75816274509,53.8461538462,10.0,0,8.93766281623,0.0,84.6153846154,5.2380952381,0.0
10:03:50,3086.0,3087.89175431,2.7575686531,53.8461538462,22.0,0,8.93573769636,0.0,91.3043478261,10.2857142857,-2.0
10:03:50,3086.0,3087.89070362,2.75697342554,53.8461538462,2.0,0,8.93380889676,0.0,91.3043478261,8.66666666667,-2.0
10:03:51,3086.0,3087.88965352,2.75637706168,53.8461538462,26.0,0,8.93187641505,22.0,90.9090909091,13.9047619048,20.0
10:03:51,3086.0,3087.88860401,2.75577956079,53.8461538462,0.0,0,8.92994024883,0.0,0,10.7619047619,22.0
10:03:52,3086.0,3087.88755508,2.75518092211,53.8461538462,0.0,0,8.9280003957,0.0,0,7.80952380952,22.0
10:03:52,3086.0,3087.88650672,2.75458114492,53.8461538462,2.0,0,8.92605685327,0.0,96.1538461539,5.52380952381,22.0
10:03:53,3085.0,3087.88490356,2.75423297953,50.0,2.0,0,8.92782165165,0.0,87.5,3.61904761905,22.0
10:03:53,3085.0,3087.88330128,2.75388339721,50.0,14.0,0,8.92668848366,10.0,86.3636363636,6.09523809524,32.0
10:03:54,3086.0,3087.88225529,2.75327997437,53.8461538462,6.0,0,8.92184048728,4.0,75.0,5.71428571429,14.0
10:03:54,3086.0,3087.88120988,2.75267541014,53.8461538462,2.0,0,8.91988143272,2.0,76.9230769231,5.14285714286,16.0
10:03:55,3086.0,3087.88016505,2.75206970375,53.8461538462,12.0,0,8.9179186771,8.0,78.947368421,7.33333333333,24.0
10:03:55,3086.0,3087.87912081,2.75181644555,53.8461538462,22.0,0,8.91709800891,22.0,86.2068965517,11.8095238095,46.0
10:03:56,3086.0,3087.87807714,2.75120869902,53.8461538462,52.0,0,8.91512864232,32.0,75.9259259259,23.9047619048,78.0
10:03:56,3086.0,3087.87703406,2.75059980832,53.8461538462,38.0,0,8.91315556813,20.0,68.1818181818,29.619047619,88.0
10:03:57,3086.0,3087.87599155,2.74998977271,53.8461538462,2.0,0,8.91117878389,2.0,68.75,23.9047619048,86.0
10:03:57,3086.0,3087.87494962,2.7489229653,53.8461538462,12.0,0,8.90772185773,10.0,71.0144927536,21.2380952381,94.0
10:03:58,3086.0,3087.87390827,2.74785436778,53.8461538462,26.0,0,8.90425913086,4.0,73.6842105263,22.0952380952,90.0
10:03:58,3086.0,3087.8728675,2.74678397808,53.8461538462,424.0,0,8.90079059649,60.0,92.7797833935,136.0,128.0
10:03:59,3086.0,3087.87182731,2.74571179408,53.8461538462,398.0,0,8.89731624784,242.0,97.7777777778,223.333333333,338.0
10:03:59,3086.0,3087.87078769,2.7446378137,53.8461538462,12.0,0,8.8938360781,-2.0,99.5423340961,183.904761905,316.0
10:04:00,3086.0,3087.86974865,2.74401953526,53.8461538462,2.0,0,8.89183258347,2.0,99.3135011442,142.857142857,316.0
10:04:00,3087.0,3087.86926559,2.74325028845,57.1428571429,198.0,0,8.88646028003,-170.0,99.0566037736,157.80952381,136.0
10:04:01,3087.0,3087.8687828,2.7420220838,57.1428571429,1018.0,0,8.88248164495,-158.0,99.1228070175,398.19047619,-26.0
10:04:01,3087.0,3087.86830028,2.74079231527,57.1428571429,862.0,0,8.87849794385,588.0,99.2771084337,546.761904762,502.0
10:04:02,3088.0,3087.86837343,2.73951283179,60.0,20.0,0,8.87147937757,-2.0,99.1477272727,433.904761905,258.0
10:04:02,3087.0,3087.86789113,2.73873922005,57.1428571429,44.0,0,8.87184716569,4.0,98.2276119403,345.904761905,264.0
10:04:03,3087.0,3087.8674091,2.73796468518,57.1428571429,54.0,0,8.86933814441,4.0,98.1785063752,259.238095238,266.0
10:04:03,3088.0,3087.86748274,2.73714143038,60.0,18.0,0,8.86379996883,-2.0,97.7182539682,159.80952381,434.0
10:04:04,3088.0,3087.86755634,2.73631747671,60.0,26.0,0,8.86113172509,-26.0,96.484375,71.2380952381,566.0
10:04:04,3087.0,3087.8670745,2.73589897655,57.1428571429,370.0,0,8.86264650647,-138.0,84.2105263158,128.19047619,-160.0
10:04:05,3088.0,3087.86714833,2.73507374582,60.0,10.0,0,8.85710409915,-4.0,83.1417624521,105.714285714,-162.0
10:04:05,3088.0,3087.86722212,2.7342478145,60.0,40.0,0,8.85442945111,16.0,83.7837837838,92.2857142857,-150.0
10:04:06,3088.0,3087.86729586,2.73378032422,60.0,202.0,0,8.85291555772,-40.0,87.987987988,125.333333333,-194.0
10:04:06,3088.0,3087.86736956,2.73295321149,60.0,48.0,0,8.85023708383,44.0,89.9425287356,107.333333333,-148.0
10:04:07,3088.0,3087.86744323,2.73212539648,60.0,50.0,0,8.84755633576,12.0,90.0,88.4761904762,-110.0
10:04:07,3088.0,3087.86751685,2.73129687857,60.0,80.0,0,8.84487331143,8.0,93.023255814,77.0476190476,36.0
10:04:08,3088.0,3087.86759043,2.73046765711,60.0,62.0,0,8.84218800879,-34.0,92.531120332,74.2857142857,6.0
10:04:08,3088.0,3087.86766397,2.72917569973,60.0,6.0,0,8.83800420897,2.0,95.5357142857,53.0476190476,-8.0
10:04:09,3088.0,3087.86773747,2.72834481547,60.0,44.0,0,8.8353135216,-6.0,84.8275862069,44.2857142857,26.0
10:04:09,3088.0,3087.86781093,2.72751322546,60.0,120.0,0,8.83262054877,50.0,83.4254143647,64.7619047619,32.0
10:04:10,3088.0,3087.86788435,2.72621802827,60.0,66.0,0,8.82842625735,50.0,84.126984127,66.380952381,70.0
10:04:10,3088.0,3087.86795773,2.72492150753,60.0,94.0,0,8.82422767984,84.0,85.7142857143,75.2380952381,146.0
10:04:11,3088.0,3087.86803106,2.72408728627,60.0,88.0,50.0,8.8215261861,2.0,88.995215311,81.7142857143,182.0
10:04:11,3088.0,3087.86810436,2.72278847569,57.1428571429,60.0,0,8.81732019329,-6.0,90.2542372881,78.9523809524,174.0
10:04:12,3087.0,3087.86762221,2.72153436604,53.3333333333,70.0,0,8.81611391656,20.0,94.3775100402,76.4761904762,200.0
10:04:12,3088.0,3087.86769573,2.72023277644,57.1428571429,42.0,0,8.80904396516,-10.0,91.4285714286,64.7619047619,140.0
10:04:13,3089.0,3087.86832462,2.71945118317,60.0,1122.0,0,8.80366197207,-516.0,83.7398373984,365.333333333,-426.0
10:04:13,3089.0,3087.86895315,2.71820393622,60.0,306.0,0,8.79962426747,-144.0,83.8862559242,382.476190476,-654.0
10:04:14,3089.0,3087.86958134,2.71742116312,60.0,82.0,0,8.7970902011,-20.0,83.2342449465,325.523809524,-676.0
10:04:14,3089.0,3087.87020917,2.71663790885,60.0,54.0,0,8.79455457703,-6.0,82.6968973747,260.857142857,-676.0
10:04:15,3089.0,3087.87083666,2.71585417298,60.0,30.0,0,8.79201739391,-12.0,82.0293398533,189.619047619,-708.0
10:04:15,3089.0,3087.8714638,2.7150699551,60.0,86.0,0,8.78947865039,-26.0,83.3333333333,136.285714286,-724.0
10:04:16,3089.0,3087.87209059,2.7142852548,60.0,126.0,0,8.78693834511,-104.0,88.0116959064,92.2857142857,-312.0
10:04:16,3089.0,3087.87271703,2.71350007166,60.0,102.0,0,8.78439647672,-60.0,87.9166666667,88.8571428571,-228.0
10:04:17,3089.0,3087.87334313,2.71271440525,60.0,62.0,0,8.78185304386,-24.0,86.5217391304,83.7142857143,-232.0
10:04:17,3089.0,3087.87396887,2.71192825516,60.0,86.0,0,8.77930804518,-70.0,88.6178861789,86.380952381,-296.0
10:04:18,3089.0,3087.87459427,2.71114162096,60.0,130.0,0,8.77676147931,-98.0,91.2162162162,100.095238095,-382.0
10:04:18,3089.0,3087.87521932,2.71035450223,60.0,56.0,0,8.77421334488,-28.0,91.8149466192,87.9047619048,-384.0
10:04:19,3089.0,3087.87584403,2.70956689856,60.0,270.0,0,8.77166364053,58.0,90.3682719547,138.285714286,-222.0
10:04:19,3088.0,3087.87591298,2.70872111184,57.1428571429,760.0,0,8.77176525855,350.0,40.7624633431,321.80952381,188.0
10:04:20,3090.0,3087.8770927,2.70809280983,62.5,668.0,0,8.76405440075,-104.0,85.8883248731,447.714285714,108.0
10:04:20,3090.0,3087.87827177,2.70782985349,62.5,1422.0,0,8.76320340934,-962.0,65.6987295826,760.19047619,-784.0
10:04:21,3089.0,3087.87889478,2.70740637983,60.0,200.0,0,8.76466940703,-108.0,60.663507109,659.904761905,-794.0
10:04:21,3088.0,3087.87896204,2.70655889165,57.1428571429,168.0,0,8.76476325015,66.0,58.4288990826,547.142857143,-700.0
10:04:22,3089.0,3087.87958467,2.70576881432,60.0,446.0,0,8.75936812664,-426.0,61.2445414847,508.476190476,-1184.0
10:04:22,3089.0,3087.88020695,2.7049782495,60.0,116.0,0,8.75680883618,-42.0,77.8145695364,367.142857143,-1576.0
10:04:23,3089.0,3087.88082888,2.70455364463,60.0,74.0,0,8.75543426555,-52.0,51.0305028854,244.476190476,-1524.0
10:04:23,3089.0,3087.88145047,2.70376229642,60.0,16.0,0,8.75287243905,-10.0,67.8431372549,133.523809524,-572.0
10:04:24,3088.0,3087.88151631,2.70291195282,57.1428571429,52.0,0,8.75295321509,-30.0,82.7981651376,99.8095238095,-494.0
10:04:24,3088.0,3087.88158212,2.70206088471,57.1428571429,824.0,0,8.75019716552,-460.0,97.3821989529,293.714285714,-1020.0
10:04:25,3089.0,3087.88220329,2.70126786361,60.0,26.0,0,8.74479722762,24.0,96.2093862816,228.380952381,-570.0
10:04:25,3089.0,3087.88282412,2.70047435248,60.0,362.0,0,8.74222839909,-22.0,97.6366322009,279.047619048,-550.0
10:04:26,3089.0,3087.8834446,2.69968035088,60.0,454.0,0,8.73965798277,90.0,86.3898500577,344.285714286,-408.0
10:04:26,3089.0,3087.88406473,2.69888585838,60.0,96.0,0,8.73708597726,-54.0,86.9900771775,289.142857143,-452.0
10:04:27,3089.0,3087.88468452,2.69809087454,60.0,30.0,0,8.73451238116,-16.0,87.8348214286,211.333333333,-438.0
10:04:27,3089.0,3087.88530397,2.69729539894,60.0,2.0,0,8.73193719307,2.0,79.175257732,126.571428571,24.0
10:04:28,3089.0,3087.88592308,2.69686781056,60.0,12.0,0,8.73055296395,6.0,79.0794979079,83.8095238095,6.0
10:04:28,3089.0,3087.88654184,2.6960715448,60.0,56.0,0,8.72797521788,4.0,67.6923076923,54.2857142857,32.0
10:04:29,3089.0,3087.88716025,2.69480294007,60.0,34.0,0,8.72386837186,30.0,98.2608695652,33.0476190476,-28.0
10:04:29,3089.0,3087.88777832,2.6935332795,60.0,2.0,0,8.7197581078,0.0,97.0588235294,22.6666666667,26.0
10:04:30,3088.0,3087.88784065,2.69267523531,57.1428571429,14.0,0,8.71980322315,2.0,96.6666666667,20.1904761905,44.0
10:04:30,3089.0,3087.88845835,2.69140365359,60.0,30.0,0,8.71286388342,16.0,93.2432432432,23.0476190476,58.0
10:04:31,3088.0,3087.8885203,2.69054401252,57.1428571429,40.0,0,8.71290159496,14.0,75.0,27.4285714286,66.0
10:04:31,3088.0,3087.88858221,2.68968363771,57.1428571429,14.0,0,8.71011540711,12.0,64.1791044776,23.0476190476,74.0
10:04:32,3089.0,3087.8891995,2.6888829201,60.0,66.0,0,8.70470352899,4.0,43.3734939759,35.5238095238,48.0
10:04:32,3089.0,3087.88981644,2.68808170564,60.0,56.0,0,8.7021097625,8.0,47.2727272727,43.619047619,56.0
10:04:33,3088.0,3087.88987763,2.68674524285,57.1428571429,128.0,0,8.70059987971,28.0,63.4730538922,69.7142857143,82.0
10:04:33,3089.0,3087.8904942,2.68546820986,60.0,6.0,0,8.69364910929,2.0,61.2903225806,55.5238095238,68.0
10:04:34,3089.0,3087.89111042,2.68419010936,60.0,18.0,0,8.68951152271,-6.0,70.1388888889,45.9047619048,48.0
10:04:34,3089.0,3087.8917263,2.68375767291,60.0,102.0,0,8.68811159894,-36.0,77.6595744681,61.3333333333,0.0
10:04:35,3089.0,3087.89234183,2.68332505175,60.0,60.0,0,8.6867110772,-20.0,89.7297297297,60.5714285714,-24.0
10:04:35,3089.0,3087.89295703,2.68252045141,60.0,10.0,0,8.68410634965,4.0,93.2098765432,45.8095238095,-28.0
10:04:36,3089.0,3087.89357188,2.68171535071,60.0,136.0,0,8.68150000229,100.0,60.2409638554,69.2380952381,44.0
10:04:36,3089.0,3087.89418639,2.6809097492,60.0,6.0,0,8.67889203365,6.0,61.4457831325,55.1428571429,48.0
10:04:37,3089.0,3087.89480056,2.68010364642,60.0,82.0,0,8.67628244228,58.0,67.6767676768,62.7619047619,112.0
10:04:37,3089.0,3087.89541439,2.67929704193,60.0,38.0,0,8.6736712267,14.0,59.6385542169,54.7619047619,162.0
10:04:38,3088.0,3087.89547248,2.67880103778,57.1428571429,48.0,0,8.674873827,40.0,51.25,52.6666666667,222.0
10:04:38,3088.0,3087.89553053,2.67793170374,57.1428571429,14.0,0,8.67205862609,6.0,51.2345679012,41.4285714286,224.0
10:04:39,3089.0,3087.89614396,2.67712358018,60.0,30.0,0,8.66663509286,4.0,82.5688073395,34.5714285714,128.0
10:04:39,3089.0,3087.89675704,2.67631495314,60.0,22.0,0,8.66401732968,-10.0,83.7606837607,30.4761904762,112.0
10:04:40,3089.0,3087.89736978,2.67550582214,60.0,22.0,0,8.66139793507,8.0,77.0114942529,25.619047619,62.0
10:04:40,3089.0,3087.89798218,2.67469618674,60.0,24.0,0,8.65877690754,0.0,70.0,24.1904761905,48.0
10:04:41,3089.0,3087.89859425,2.67426002226,60.0,54.0,0,8.65736491506,16.0,75.9036144578,32.0,24.0
10:04:41,3089.0,3087.89920597,2.67344957665,60.0,118.0,0,8.65474126465,12.0,83.7037037037,57.8095238095,30.0
10:04:42,3088.0,3087.89926195,2.67295040898,57.1428571429,72.0,0,8.65592749023,56.0,82.6923076923,65.5238095238,82.0
10:04:42,3088.0,3087.8993179,2.67207639935,57.1428571429,226.0,0,8.65309714815,-86.0,89.1472868217,115.238095238,6.0
10:04:43,3089.0,3087.89992922,2.67163911402,60.0,116.0,0,8.64888026552,-4.0,74.7540983606,123.80952381,-6.0
10:04:43,3089.0,3087.9005402,2.67120164156,60.0,0.0,0,8.64746403872,0.0,0,94.7619047619,-6.0
10:04:44,3089.0,3087.90115084,2.67038905417,60.0,88.0,0,8.64483345473,-62.0,79.6774193548,92.0,-84.0
10:04:44,3089.0,3087.90176114,2.66995108789,60.0,24.0,0,8.6434156293,0.0,76.0456273764,69.3333333333,-96.0
10:04:45,3089.0,3087.90237111,2.66913768616,60.0,6.0,0,8.64078240905,0.0,74.7826086956,46.0,-152.0
10:04:45,3089.0,3087.90298073,2.66869922538,60.0,44.0,0,8.63936298278,-4.0,55.3956834532,36.6666666667,-70.0
10:04:46,3089.0,3087.90359002,2.66788500814,60.0,6.0,0,8.6367271225,-2.0,85.7142857143,25.1428571429,-68.0
10:04:46,3088.0,3087.90364356,2.66700690827,57.1428571429,32.0,0,8.63668040243,-24.0,86.0,26.2857142857,-92.0
10:04:47,3089.0,3087.90425248,2.66656757628,60.0,8.0,0,8.63246220875,2.0,76.6666666667,19.0476190476,-28.0
10:04:47,3088.0,3087.90430566,2.66568834774,57.1428571429,24.0,0,8.63241045253,-20.0,85.0,20.1904761905,-48.0
10:04:48,3088.0,3087.90435881,2.66480836582,57.1428571429,6.0,0,8.62956077014,0.0,83.3333333333,16.1904761905,-48.0
10:04:48,3089.0,3087.90496733,2.66399148221,60.0,36.0,0,8.62412263583,-8.0,89.2857142857,20.7619047619,-52.0
10:04:49,3089.0,3087.90557551,2.66317408728,60.0,118.0,0,8.62147648843,-100.0,94.6428571429,49.1428571429,-150.0
10:04:49,3089.0,3087.90618336,2.66273319561,60.0,68.0,0,8.62004919264,0.0,96.1538461538,57.9047619048,-126.0
10:04:50,3089.0,3087.90679086,2.66191497949,60.0,6.0,0,8.61740038682,0.0,96.1240310078,47.2380952381,-128.0
10:04:50,3088.0,3087.90684263,2.66140938655,57.1428571429,34.0,0,8.61855371293,-18.0,91.7910447761,44.6666666667,-126.0
10:04:51,3089.0,3087.90744977,2.66096773854,60.0,44.0,0,8.61433388974,-34.0,93.4640522876,44.4761904762,-160.0
10:04:51,3088.0,3087.90750118,2.66008387446,57.1428571429,18.0,0,8.61426125147,4.0,89.5833333333,35.0476190476,-148.0
10:04:52,3089.0,3087.90810795,2.65926379861,60.0,26.0,0,8.60881773588,0.0,84.693877551,28.7619047619,-48.0
10:04:52,3088.0,3087.90815899,2.65875665676,57.1428571429,4.0,0,8.60996326672,2.0,77.2727272727,20.5714285714,-46.0
10:04:53,3089.0,3087.9087654,2.65793564888,60.0,24.0,0,8.60451812521,24.0,81.3333333333,21.1428571429,-22.0
10:04:53,3088.0,3087.90881607,2.6570492661,57.1428571429,28.0,0,8.60443415187,2.0,88.8888888889,22.0,-2.0
10:04:54,3089.0,3087.90942212,2.65622712045,60.0,134.0,0,8.59898711704,24.0,86.3247863248,53.4285714286,56.0
10:04:54,3088.0,3087.90947242,2.6553393537,57.1428571429,10.0,0,8.59889687081,4.0,89.3805309734,45.1428571429,56.0
10:04:55,3089.0,3087.9100781,2.65451606805,60.0,216.0,0,8.59344793802,118.0,65.3846153846,96.0952380952,174.0
10:04:55,3089.0,3087.91068345,2.6536922653,60.0,4.0,0,8.5907810466,2.0,65.8653846154,77.4285714286,174.0
10:04:56,3088.0,3087.91073305,2.6528024868,57.1428571429,104.0,0,8.59068162822,102.0,70.9677419355,87.3333333333,252.0
10:04:56,3089.0,3087.91133803,2.65149292619,60.0,32.0,0,8.58366114015,26.0,66.4,72.8571428571,276.0
10:04:57,3089.0,3087.91194268,2.65066722325,60.0,774.0,0,8.58098809727,56.0,86.3157894737,270.19047619,308.0
10:04:57,3089.0,3087.91254699,2.64984100094,60.0,374.0,0,8.57831337306,-116.0,86.3031914894,322.761904762,188.0
10:04:58,3089.0,3087.91315096,2.6485288107,60.0,130.0,0,8.57406542797,-2.0,93.2299012694,288.285714286,68.0
10:04:58,3089.0,3087.9137546,2.6466246265,60.0,380.0,0,8.56790102459,176.0,91.861761427,329.333333333,242.0
10:04:59,3090.0,3087.9149133,2.64488972675,62.5,846.0,0,8.5595136788,-40.0,94.2429022082,485.619047619,100.0
10:04:59,3090.0,3087.91607136,2.64315322118,62.5,1428.0,0,8.55389391967,-138.0,96.7955239064,772.857142857,-64.0
10:05:00,3091.0,3087.91778418,2.64169206379,64.7058823529,892.0,0,8.54639942992,44.0,96.938271605,840.476190476,-76.0
10:05:00,3091.0,3087.91949604,2.64082255178,64.7058823529,1246.0,0,8.54358638558,418.0,93.1328728159,1003.61904762,458.0
10:05:01,3091.0,3087.92120696,2.63995263648,64.7058823529,1030.0,64.7058823529,8.54077203648,-480.0,93.0264513913,1063.52380952,-20.0
10:05:01,3091.0,3087.92291693,2.63908231747,60.0,564.0,0,8.53795638134,-44.0,92.3076923077,947.428571429,-240.0
10:05:02,3091.0,3087.92462594,2.63821159437,60.0,810.0,0,8.53513941886,-110.0,78.8944723618,892.857142857,-310.0
10:05:02,3091.0,3087.92633401,2.63734046677,60.0,650.0,0,8.53232114775,-82.0,62.4422187982,794.285714286,-254.0
10:05:03,3091.0,3087.92804113,2.63646893427,60.0,118.0,0,8.5295015667,28.0,55.6360344047,580.761904762,-270.0
10:05:03,3091.0,3087.9297473,2.63608570413,60.0,84.0,0,8.52826174095,64.0,47.8501228501,394.380952381,-624.0
10:05:04,3091.0,3087.93145252,2.63570238899,60.0,238.0,0,8.52702164022,92.0,34.2532467533,307.333333333,-52.0
10:05:04,3090.0,3087.93260139,2.63504092256,56.25,28.0,0,8.52764052609,20.0,21.0580912863,198.0,12.0
10:05:05,3091.0,3087.93430503,2.63465736756,60.0,446.0,0,8.52364078797,408.0,53.1969309463,233.619047619,530.0
10:05:05,3091.0,3087.93600772,2.63378453706,60.0,136.0,0,8.52081700763,92.0,91.0476190476,198.0,704.0
10:05:06,3091.0,3087.93770947,2.63291129998,60.0,314.0,0,8.51799191195,196.0,92.937399679,237.714285714,872.0
10:05:06,3090.0,3087.93885486,2.63175900842,56.25,302.0,0,8.51701944472,132.0,91.6666666667,264.666666667,940.0
10:05:07,3091.0,3087.94055503,2.63088480575,60.0,414.0,0,8.51143579989,-132.0,92.5609756098,313.238095238,716.0
10:05:07,3090.0,3087.94169885,2.63022142369,56.25,194.0,0,8.51204344237,-152.0,92.5802879291,290.571428571,544.0
10:05:08,3090.0,3087.94284203,2.62955775691,56.25,454.0,0,8.50989565342,-110.0,78.5005512679,334.285714286,26.0
10:05:08,3091.0,3087.94453998,2.62917299113,60.0,48.0,0,8.50589773901,40.0,78.2155272306,261.619047619,-26.0
10:05:09,3091.0,3087.94623699,2.62878813968,60.0,800.0,0,8.50465266801,-548.0,83.0018083183,408.0,-770.0
10:05:09,3091.0,3087.94793305,2.62791247893,60.0,76.0,0,8.50181973125,-50.0,79.4561933535,324.380952381,-952.0
10:05:10,3091.0,3087.94962817,2.62752735476,60.0,114.0,0,8.50057377793,-100.0,69.3950177936,262.380952381,-920.0
10:05:10,3090.0,3087.95076695,2.62637146713,56.25,428.0,0,8.49958403601,-236.0,51.3541666667,304.380952381,-1004.0
10:05:11,3091.0,3087.9524605,2.62598599942,60.0,138.0,0,8.49558718673,-84.0,57.9800498753,252.380952381,-978.0
10:05:11,3091.0,3087.95415311,2.62560044573,60.0,38.0,0,8.49433984384,0.0,59.8494353827,186.857142857,-1018.0
10:05:12,3091.0,3087.95584477,2.62521480603,60.0,38.0,0,8.49309222267,-2.0,23.7980769231,121.80952381,-472.0
10:05:12,3091.0,3087.9575355,2.62482908027,60.0,140.0,0,8.49184432309,82.0,37.2767857143,122.19047619,-340.0
10:05:13,3090.0,3087.95866989,2.62416322642,56.25,138.0,0,8.49243762595,-122.0,50.0,118.952380952,-362.0
10:05:13,3090.0,3087.95980365,2.62349708593,56.25,114.0,0,8.49028183148,32.0,93.0693069307,107.714285714,-94.0
10:05:14,3091.0,3087.96149217,2.6231109605,60.0,378.0,0,8.48628586381,188.0,95.2718676123,186.857142857,178.0
10:05:14,3091.0,3087.96317977,2.62272474881,60.0,704.0,0,8.48503639214,-2.0,51.5873015873,347.714285714,176.0
10:05:15,3091.0,3087.96486642,2.62233845081,60.0,138.0,0,8.48378664126,122.0,54.3424317618,315.142857143,300.0
10:05:15,3091.0,3087.96655214,2.62145963488,60.0,48.0,0,8.48094349685,4.0,51.052631579,252.095238095,222.0
10:05:16,3091.0,3087.96823692,2.62107306211,60.0,38.0,0,8.47969285703,12.0,47.8873239437,190.571428571,356.0
10:05:16,3091.0,3087.96992076,2.62019364507,60.0,220.0,0,8.47684776793,78.0,42.0707732634,185.80952381,402.0
10:05:17,3091.0,3087.97160367,2.61980679714,60.0,44.0,0,8.4755962379,36.0,26.1744966443,125.714285714,250.0
10:05:17,3091.0,3087.97328565,2.61941986262,60.0,74.0,0,8.47434442774,-12.0,68.3274021352,90.0952380952,240.0
10:05:18,3091.0,3087.97496669,2.61903284147,60.0,58.0,0,8.47309233733,2.0,62.2406639004,79.9047619048,120.0
10:05:18,3090.0,3087.97609139,2.61836462956,56.25,166.0,0,8.47367194032,-78.0,66.3333333333,104.380952381,38.0
10:05:19,3091.0,3087.97777088,2.617977364,60.0,66.0,0,8.4696776577,24.0,68.152866242,94.6666666667,50.0
10:05:19,3091.0,3087.97944943,2.61759001166,60.0,190.0,0,8.46842449582,-46.0,94.3143812709,119.047619048,-74.0
10:05:20,3092.0,3087.98168245,2.61709643498,62.5,316.0,0,8.46408937575,-268.0,61.6091954023,180.857142857,-378.0
10:05:20,3091.0,3087.98335882,2.61670889327,60.0,372.0,0,8.46557390251,-192.0,65.0684931507,245.714285714,-558.0
10:05:21,3092.0,3087.98558967,2.61670889327,62.5,706.0,0,8.46283600668,50.0,77.2026431718,391.80952381,-510.0
10:05:21,3092.0,3087.98781928,2.61670889327,62.5,524.0,0,8.46283600668,8.0,82.0607175713,455.047619048,-424.0
10:05:22,3092.0,3087.99004765,2.61621509137,62.5,1656.0,0,8.46123897598,866.0,89.6918172157,824.666666667,418.0
10:05:22,3092.0,3087.99227478,2.61572116676,62.5,444.0,0,8.45964154837,-162.0,87.7053260329,772.285714286,302.0
10:05:23,3093.0,3087.99505608,2.61621509137,64.7058823529,60.0,0,8.45850336687,30.0,94.524189261,598.095238095,600.0
10:05:23,3092.0,3087.99728043,2.61572116676,62.5,572.0,0,8.45964154837,40.0,92.6299848561,582.380952381,832.0
10:05:24,3093.0,3088.00005895,2.61572116676,64.7058823529,442.0,0,8.45690645573,-70.0,92.4824229313,520.0,712.0
10:05:24,3093.0,3088.00283592,2.61572116676,64.7058823529,140.0,0,8.45690645573,-20.0,91.6716958359,383.904761905,684.0
10:05:25,3093.0,3088.00561135,2.61572116676,64.7058823529,588.0,0,8.45690645573,-74.0,86.286731968,394.095238095,-256.0
10:05:25,3093.0,3088.00838524,2.61621509137,64.7058823529,134.0,0,8.45850336687,-6.0,87.6033057851,325.428571429,-100.0
10:05:26,3093.0,3088.01115759,2.61621509137,64.7058823529,896.0,0,8.45850336687,-292.0,91.8470418471,489.238095238,-422.0
10:05:26,3093.0,3088.0139284,2.61670889327,64.7058823529,128.0,0,8.46009988124,-78.0,93.5567010309,393.80952381,-540.0
10:05:27,3093.0,3088.01669767,2.61720257251,64.7058823529,672.0,0,8.46169599906,-32.0,93.9014855356,474.952380952,-502.0
10:05:27,3094.0,3088.0200208,2.61829565654,66.6666666667,314.0,0,8.46249404183,-12.0,92.4597364568,442.857142857,-494.0
10:05:28,3095.0,3088.02389749,2.62009323885,68.4210526316,2974.0,0,8.46556781533,-2150.0,106.838608832,1162.47619048,-2570.0
10:05:28,3094.0,3088.02721663,2.62118482304,66.6666666667,2816.0,0,8.47183200724,-448.0,98.8974358974,1723.33333333,-3012.0
10:05:29,3095.0,3088.03108932,2.62297998409,68.4210526316,1204.0,0,8.4748949405,-58.0,98.2486433152,1695.9047619,-2778.0
10:05:29,3096.0,3088.03551527,2.62509112129,70.0,368.0,0,8.47897648995,40.0,100.862482032,1414.95238095,-2660.0
10:05:30,3096.0,3088.03993875,2.62720029772,70.0,2068.0,0,8.48578907531,-602.0,92.2824302135,1608.28571429,-3230.0
10:05:30,3096.0,3088.04435978,2.62979824544,70.0,1406.0,0,8.49418037933,-608.0,91.6574381691,1546.0,-3826.0
10:05:31,3096.0,3088.04877835,2.63239316023,70.0,698.0,0,8.50256188703,42.0,78.9953271028,1229.42857143,-1634.0
10:05:31,3096.0,3088.05319447,2.63449552413,70.0,916.0,0,8.50935246812,-46.0,80.3003003003,1083.52380952,-1232.0
10:05:32,3095.0,3088.05705273,2.63579063735,68.4210526316,502.0,0,8.51628638886,28.0,78.0127559584,909.80952381,-1146.0
10:05:32,3096.0,3088.06146426,2.63788985475,70.0,258.0,0,8.52031606832,-146.0,72.1272229822,699.80952381,-1332.0
10:05:33,3095.0,3088.06531793,2.63918300993,68.4210526316,568.0,0,8.52724720493,-94.0,68.5832566697,583.619047619,-824.0
10:05:33,3095.0,3088.06916946,2.64096357041,68.4210526316,580.0,0,8.5330002275,-428.0,63.827370812,542.285714286,-644.0
10:05:34,3095.0,3088.07301885,2.64225492924,68.4210526316,86.0,0,8.53717263083,-18.0,68.4536082474,399.142857143,-704.0
10:05:34,3095.0,3088.07686611,2.64403298328,68.4210526316,504.0,0,8.54291755502,-96.0,62.0496397118,404.571428571,-754.0
10:05:35,3095.0,3088.08071122,2.64580957995,68.4210526316,196.0,0,8.54865777042,54.0,58.0291970803,341.619047619,-728.0
10:05:35,3095.0,3088.08455421,2.64709810832,68.4210526316,100.0,0,8.55282102849,-66.0,61.848574238,265.80952381,-648.0
10:05:36,3094.0,3088.08783965,2.64768963753,66.6666666667,172.0,0,8.55749721243,-62.0,84.126984127,218.095238095,-616.0
10:05:36,3095.0,3088.09167867,2.64946325801,68.4210526316,202.0,0,8.56046286918,-4.0,77.9365079365,197.80952381,-192.0
10:05:37,3094.0,3088.09496016,2.65005414282,66.6666666667,368.0,0,8.56513944027,274.0,65.4993514916,242.952380952,100.0
10:05:37,3095.0,3088.09879523,2.65134020094,68.4210526316,396.0,0,8.56652730513,-78.0,63.5983263598,282.666666667,118.0
10:05:38,3094.0,3088.10207277,2.65193058025,66.6666666667,254.0,0,8.57120420249,-160.0,64.4772117962,286.952380952,-96.0
10:05:38,3094.0,3088.10534848,2.65252079907,66.6666666667,68.0,0,8.57311182635,18.0,64.9315068493,235.333333333,-12.0
10:05:39,3094.0,3088.10862238,2.65311085751,66.6666666667,42.0,0,8.57501893183,-6.0,64.2105263158,177.80952381,44.0
10:05:39,3095.0,3088.11244986,2.65439514395,68.4210526316,692.0,0,8.5763978803,556.0,50.5494505495,312.19047619,604.0
10:05:40,3094.0,3088.11571981,2.65546948954,66.6666666667,966.0,0,8.58264217692,-322.0,36.3110008271,501.523809524,8.0
10:05:40,3094.0,3088.11898795,2.65654328446,66.6666666667,90.0,0,8.58611274875,-44.0,23.1060606061,412.095238095,42.0
10:05:41,3094.0,3088.12225427,2.65713224637,66.6666666667,1610.0,0,8.58801631018,80.0,15.3402537486,771.523809524,282.0
10:05:41,3093.0,3088.12496338,2.65713224637,64.7058823529,336.0,0,8.59079290775,14.0,13.1156316917,702.380952381,278.0
10:05:42,3092.0,3088.12711558,2.65713224637,62.5,1480.0,0,8.59357130132,590.0,8.50405875531,947.333333333,874.0
10:05:42,3091.0,3088.12871118,2.65675240347,60.0,670.0,0,8.59512262526,206.0,5.31832298136,892.380952381,524.0
10:05:43,3091.0,3088.1303059,2.65637247721,60.0,802.0,0,8.59389348821,-206.0,19.4867682438,876.19047619,640.0
10:05:43,3092.0,3088.13245513,2.65588788018,62.5,162.0,0,8.58954683112,-20.0,23.7944664032,684.952380952,664.0
10:05:44,3092.0,3088.13460317,2.65588788018,62.5,248.0,0,8.58954683112,6.0,31.3142239048,514.857142857,590.0
10:05:44,3091.0,3088.13619462,2.65550777212,60.0,268.0,0,8.5910959952,-166.0,35.6473829201,415.333333333,410.0
10:05:45,3092.0,3088.13834058,2.65550777212,62.5,68.0,0,8.58831750361,-14.0,60.5951307484,261.904761905,-194.0
10:05:45,3091.0,3088.13992995,2.6546426691,60.0,30.0,0,8.58829721482,-16.0,87.5792141952,164.857142857,-416.0
10:05:46,3091.0,3088.14151844,2.6542622955,60.0,304.0,0,8.58706663055,-102.0,85.5555555556,176.571428571,-312.0
10:05:46,3091.0,3088.14310604,2.6542622955,60.0,78.0,0,8.58706663055,-48.0,72.8915662651,147.428571429,-340.0
10:05:47,3092.0,3088.14524816,2.6546426691,62.5,430.0,0,8.5855196284,298.0,77.5891341256,222.857142857,-48.0
10:05:47,3092.0,3088.1473891,2.65502295914,62.5,18.0,0,8.58674954445,-8.0,84.6982758621,171.904761905,110.0
10:05:48,3092.0,3088.14952884,2.65540316566,62.5,82.0,0,8.58797919038,4.0,81.9532908705,151.142857143,128.0
10:05:48,3092.0,3088.1516674,2.65605874765,62.5,60.0,0,8.59009944261,4.0,84.1563786008,123.428571429,148.0
10:05:49,3092.0,3088.15380477,2.65671405169,62.5,378.0,0,8.59221879591,-210.0,75.5258126195,185.142857143,40.0
10:05:49,3092.0,3088.15594095,2.65753970506,62.5,10.0,0,8.59488908492,0.0,77.9141104294,138.19047619,88.0
10:05:50,3091.0,3088.15752054,2.65781480778,60.0,42.0,0,8.5985597146,0.0,65.0847457627,103.619047619,-210.0
10:05:50,3092.0,3088.15965466,2.65863977103,62.5,42.0,0,8.5984468662,20.0,67.4267100977,87.5238095238,-182.0
10:05:51,3091.0,3088.16123219,2.65891464386,60.0,60.0,57.1428571429,8.60211790314,40.0,76.0135135135,75.4285714286,-146.0
10:05:51,3092.0,3088.16336425,2.65973891785,71.4285714286,32.0,0,8.6020016748,0.0,72.695035461,56.380952381,-150.0
10:05:52,3092.0,3088.16549512,2.6603925613,71.4285714286,1264.0,0,8.60411565752,598.0,13.7931034483,390.666666667,658.0
10:05:52,3091.0,3088.16706941,2.66083714665,69.2307692308,282.0,0,8.60833758217,262.0,11.2659698026,402.19047619,920.0
10:05:53,3091.0,3088.16864282,2.66111156054,69.2307692308,14.0,0,8.60922536572,10.0,10.507674144,324.19047619,930.0
10:05:53,3091.0,3088.17021536,2.66138591715,69.2307692308,274.0,0,8.61011296392,168.0,13.1879543095,321.80952381,1078.0
10:05:54,3091.0,3088.17178703,2.66166021649,69.2307692308,194.0,0,8.61100037686,122.0,19.7087378641,285.523809524,1160.0
10:05:54,3091.0,3088.17335782,2.66166021649,69.2307692308,34.0,0,8.61100037686,2.0,20.2715809893,197.142857143,1162.0
10:05:55,3091.0,3088.17492774,2.66193445857,69.2307692308,214.0,0,8.61188760457,108.0,56.3241106719,160.095238095,672.0
10:05:55,3091.0,3088.17649679,2.66193445857,69.2307692308,74.0,0,8.61188760457,46.0,73.1343283582,133.047619048,456.0
10:05:56,3091.0,3088.17806497,2.66220864342,69.2307692308,40.0,0,8.61277464711,30.0,69.3975903615,106.19047619,476.0
10:05:56,3090.0,3088.17907687,2.66220864342,64.2857142857,824.0,0,8.61556195282,428.0,35.0724637681,302.095238095,736.0
10:05:57,3092.0,3088.18119902,2.66286115907,71.4285714286,128.0,0,8.61209947952,-10.0,20.2435312024,272.952380952,604.0
10:05:57,3091.0,3088.18276459,2.66313516159,69.2307692308,4.0,0,8.61577211772,2.0,18.5358255452,211.523809524,604.0
10:05:58,3091.0,3088.18432928,2.66340910695,69.2307692308,18.0,0,8.61665838548,12.0,2.57352941177,155.523809524,508.0
10:05:58,3091.0,3088.18589311,2.66368299517,69.2307692308,14.0,0,8.61754446836,10.0,2.3346303502,107.714285714,472.0
10:05:59,3091.0,3088.18745607,2.66395682627,69.2307692308,232.0,0,8.61843036645,160.0,5.90163934427,125.047619048,602.0
10:05:59,3091.0,3088.18901816,2.66423060026,69.2307692308,204.0,0,8.61931607978,144.0,42.6666666667,125.238095238,318.0
10:06:00,3090.0,3088.19002398,2.66395682627,64.2857142857,494.0,0,8.62121950249,412.0,72.463768116,237.80952381,740.0
10:06:00,3091.0,3088.19158464,2.66395682627,69.2307692308,12.0,0,8.61843036645,4.0,71.8685831622,195.238095238,742.0
10:06:01,3091.0,3088.19314444,2.66423060026,69.2307692308,60.0,0,8.61931607978,4.0,73.8188976378,166.0,734.0
10:06:01,3092.0,3088.19525877,2.66488221545,71.4285714286,36.0,0,8.61863588438,4.0,71.098265896,127.904761905,728.0
10:06:02,3091.0,3088.19681653,2.66515580753,69.2307692308,260.0,0,8.62230930937,-178.0,65.2908067542,152.761904762,390.0
10:06:02,3091.0,3088.19837342,2.66515580753,69.2307692308,302.0,0,8.62230930937,20.0,42.2680412371,188.285714286,266.0
10:06:03,3091.0,3088.19992945,2.66542934257,69.2307692308,334.0,0,8.62319424967,18.0,39.0438247012,228.285714286,-128.0
10:06:03,3091.0,3088.20148461,2.6657028206,69.2307692308,86.0,0,8.62407900551,82.0,38.7755102041,205.047619048,-50.0
10:06:04,3091.0,3088.20303891,2.6657028206,69.2307692308,44.0,0,8.62407900551,26.0,37.4764595104,166.285714286,-28.0
10:06:04,3091.0,3088.20459235,2.66597624164,69.2307692308,70.0,0,8.62496357696,58.0,39.598540146,135.714285714,26.0
10:06:05,3090.0,3088.20558952,2.66597624164,64.2857142857,576.0,0,8.62775482731,12.0,70.3966005666,248.095238095,216.0
10:06:05,3091.0,3088.20714154,2.66597624164,69.2307692308,94.0,0,8.62496357696,-70.0,90.365448505,207.714285714,126.0
10:06:06,3091.0,3088.20869269,2.6662496057,69.2307692308,96.0,0,8.62584796408,-48.0,78.6749482402,177.80952381,60.0
10:06:06,3092.0,3088.21079839,2.66690032252,71.4285714286,20.0,0,8.62516275071,-12.0,82.2222222222,137.523809524,-34.0
10:06:07,3091.0,3088.21234752,2.66717350507,69.2307692308,22.0,0,8.62883696239,-2.0,80.410022779,100.952380952,-62.0
10:06:07,3091.0,3088.21389578,2.66744663073,69.2307692308,4.0,0,8.62972057822,-2.0,82.2660098522,60.2857142857,-122.0
10:06:08,3091.0,3088.21544319,2.66744663073,69.2307692308,226.0,0,8.62972057822,12.0,22.0779220779,86.1904761905,-122.0
10:06:08,3091.0,3088.21698974,2.66706935617,69.2307692308,48.0,0,8.62850001996,22.0,2.88461538463,77.9047619048,-30.0
10:06:09,3092.0,3088.21909082,2.66744663073,71.4285714286,22.0,0,8.62692959485,18.0,5.26315789475,64.380952381,36.0
10:06:09,3092.0,3088.22119075,2.66782382301,71.4285714286,312.0,0,8.62814949227,290.0,13.5646687697,137.238095238,338.0
10:06:10,3091.0,3088.2227341,2.66782382301,69.2307692308,58.0,0,8.6309408703,46.0,13.7313432836,123.619047619,386.0
10:06:10,3091.0,3088.2242766,2.66782382301,69.2307692308,20.0,0,8.6309408703,16.0,13.4110787172,97.4285714286,404.0
10:06:11,3091.0,3088.22581824,2.66744663073,69.2307692308,42.0,0,8.62972057822,42.0,26.2948207171,76.7619047619,434.0
10:06:11,3091.0,3088.22735902,2.66744663073,69.2307692308,46.0,0,8.62972057822,40.0,34.0,66.0,452.0
10:06:12,3090.0,3088.22834355,2.66679616294,64.2857142857,40.0,0,8.63040829432,16.0,38.61003861,53.619047619,450.0
10:06:12,3091.0,3088.22988293,2.66641873847,69.2307692308,66.0,0,8.62639514227,24.0,65.4411764706,47.8095238095,184.0
10:06:13,3091.0,3088.23142146,2.66604123163,69.2307692308,16.0,0,8.62517383252,12.0,80.0,39.4285714286,150.0
10:06:13,3090.0,3088.23240373,2.66539018928,64.2857142857,388.0,0,8.62585821774,286.0,34.1137123746,139.333333333,420.0
10:06:14,3091.0,3088.23394085,2.66539018928,69.2307692308,48.0,0,8.62306758098,36.0,33.4437086093,124.571428571,414.0
10:06:14,3091.0,3088.23547713,2.66539018928,69.2307692308,22.0,0,8.62306758098,12.0,30.6896551724,102.095238095,386.0
10:06:15,3091.0,3088.23701255,2.66539018928,69.2307692308,82.0,0,8.62306758098,-26.0,26.3665594855,97.9047619048,344.0
10:06:15,3091.0,3088.23854711,2.66539018928,69.2307692308,26.0,0,8.62306758098,8.0,23.0240549828,75.7142857143,328.0
10:06:16,3090.0,3088.23952543,2.66511667917,64.2857142857,6.0,0,8.62497307174,4.0,22.027972028,49.7142857143,320.0
10:06:16,3091.0,3088.2410586,2.66473887204,69.2307692308,10.0,0,8.62096044012,2.0,56.7010309278,25.3333333333,36.0
10:06:17,3091.0,3088.24259092,2.66473887204,69.2307692308,10.0,0,8.62096044012,-2.0,47.4358974359,18.9523809524,-2.0
10:06:17,3091.0,3088.24412239,2.66473887204,69.2307692308,20.0,0,8.62096044012,4.0,38.961038961,17.2380952381,-10.0
10:06:18,3091.0,3088.245653,2.66473887204,69.2307692308,40.0,0,8.62096044012,12.0,58.9285714286,21.3333333333,28.0
10:06:18,3090.0,3088.24662737,2.66446523715,64.2857142857,64.0,0,8.62286484516,48.0,29.3333333333,34.2857142857,68.0
10:06:19,3090.0,3088.2476012,2.66381351996,64.2857142857,194.0,0,8.62075572803,172.0,13.6094674556,82.5714285714,236.0
10:06:19,3091.0,3088.24912988,2.66381351996,69.2307692308,22.0,0,8.61796674203,14.0,13.7142857143,72.7619047619,248.0
10:06:20,3091.0,3088.25065772,2.66381351996,69.2307692308,24.0,0,8.61796674203,0.0,13.1868131868,62.9523809524,250.0
10:06:20,3091.0,3088.25218471,2.6634354121,69.2307692308,2.0,0,8.61674348788,0.0,13.2947976879,46.1904761905,246.0
10:06:21,3091.0,3088.25371085,2.6634354121,69.2307692308,12.0,0,8.61674348788,8.0,6.2893081761,33.1428571429,242.0
10:06:21,3090.0,3088.25468074,2.66316152739,64.2857142857,40.0,0,8.61864571972,-2.0,18.3673469388,29.4285714286,192.0
10:06:22,3090.0,3088.25565009,2.66250925924,64.2857142857,8.0,0,8.61653481956,-4.0,46.2962962963,17.7142857143,16.0
10:06:22,3091.0,3088.25717431,2.66250925924,69.2307692308,8.0,0,8.6137471991,4.0,55.3191489362,14.8571428571,6.0
10:06:23,3091.0,3088.25869767,2.66250925924,69.2307692308,0.0,0,8.6137471991,0.0,0,10.380952381,6.0
10:06:23,3091.0,3088.2602202,2.66250925924,69.2307692308,106.0,0,8.6137471991,70.0,40.2298850575,37.3333333333,76.0
10:06:24,3090.0,3088.26118647,2.66250925924,64.2857142857,2.0,0,8.61653481956,2.0,41.4634146341,29.619047619,70.0
10:06:24,3090.0,3088.26215221,2.6622351923,64.2857142857,16.0,0,8.61564787153,8.0,28.5714285714,26.380952381,80.0
10:06:25,3090.0,3088.26311742,2.66196106816,64.2857142857,18.0,0,8.61476073838,6.0,28.0,24.8571428571,90.0
10:06:25,3091.0,3088.26463748,2.66196106816,69.2307692308,24.0,0,8.61197369188,-2.0,22.8915662651,24.5714285714,84.0
10:06:26,3090.0,3088.26560131,2.66196106816,64.2857142857,22.0,0,8.61476073838,-4.0,30.8510638298,22.9523809524,80.0
10:06:26,3090.0,3088.26656459,2.66168688679,64.2857142857,34.0,0,8.61387342005,16.0,29.3103448276,23.7142857143,26.0
10:06:27,3090.0,3088.26752735,2.66141264819,64.2857142857,92.0,0,8.61298591648,8.0,24.2718446602,44.4761904762,32.0
10:06:27,3090.0,3088.26848956,2.66141264819,64.2857142857,18.0,0,8.61298591648,0.0,23.0769230769,39.8095238095,24.0
10:06:28,3090.0,3088.26945125,2.66141264819,64.2857142857,2.0,0,8.61298591648,0.0,22.9166666667,30.4761904762,18.0
10:06:28,3091.0,3088.2709678,2.66168688679,69.2307692308,14.0,0,8.61108666061,10.0,23.0769230769,25.3333333333,30.0
10:06:29,3091.0,3088.2724835,2.66168688679,69.2307692308,22.0,0,8.61108666061,6.0,24.1758241758,22.9523809524,40.0
10:06:29,3090.0,3088.27344297,2.66141264819,64.2857142857,158.0,0,8.61298591648,56.0,15.0326797386,59.4285714286,80.0
10:06:30,3091.0,3088.2749573,2.66168688679,69.2307692308,14.0,0,8.61108666061,10.0,18.4210526316,48.8571428571,82.0
10:06:30,3090.0,3088.27591539,2.66168688679,64.2857142857,174.0,0,8.61387342005,110.0,13.5416666667,87.7142857143,192.0
10:06:31,3091.0,3088.27742835,2.66196106816,69.2307692308,34.0,0,8.61197369188,28.0,16.8269230769,79.1428571429,220.0
10:06:31,3090.0,3088.27838507,2.66168688679,64.2857142857,22.0,0,8.61387342005,16.0,18.8679245283,65.619047619,226.0
10:06:32,3091.0,3088.27989666,2.66196106816,69.2307692308,238.0,0,8.61197369188,30.0,10.3125,113.428571429,250.0
10:06:32,3091.0,3088.28140741,2.66196106816,69.2307692308,0.0,0,8.61197369188,0.0,0,82.9523809524,194.0
10:06:33,3090.0,3088.28236192,2.66196106816,64.2857142857,12.0,0,8.61476073838,12.0,11.6666666667,63.4285714286,196.0
10:06:33,3090.0,3088.2833159,2.66196106816,64.2857142857,12.0,0,8.61476073838,12.0,16.3522012579,44.0,98.0
10:06:34,3090.0,3088.28426935,2.66168688679,64.2857142857,4.0,0,8.61387342005,2.0,11.8055555556,30.0,72.0
10:06:34,3091.0,3088.28577767,2.66196106816,69.2307692308,6.0,0,8.61197369188,6.0,9.55882352942,18.0,62.0
10:06:35,3091.0,3088.28728515,2.66196106816,69.2307692308,36.0,0,8.61197369188,22.0,57.1428571428,15.3333333333,54.0
10:06:35,3090.0,3088.28823639,2.66168688679,64.2857142857,2.0,0,8.61387342005,2.0,55.5555555555,12.5714285714,56.0
10:06:36,3090.0,3088.28918711,2.66168688679,64.2857142857,22.0,0,8.61387342005,16.0,53.6585365854,15.4285714286,60.0
10:06:36,3091.0,3088.2906927,2.66168688679,69.2307692308,116.0,0,8.61108666061,54.0,69.8924731183,44.6666666667,102.0
10:06:37,3090.0,3088.29164205,2.66168688679,64.2857142857,6.0,0,8.61387342005,4.0,70.2127659574,37.5238095238,104.0
10:06:37,3091.0,3088.29314627,2.66196106816,69.2307692308,26.0,0,8.61197369188,18.0,63.4615384615,36.0,116.0
10:06:38,3091.0,3088.29464966,2.6622351923,69.2307692308,6.0,0,8.61286053802,6.0,62.9213483146,27.8095238095,100.0
10:06:38,3090.0,3088.29559682,2.6622351923,64.2857142857,14.0,0,8.61564787153,8.0,60.0,23.3333333333,106.0
10:06:39,3090.0,3088.29654345,2.6622351923,64.2857142857,12.0,0,8.61564787153,8.0,62.2222222222,17.7142857143,98.0
10:06:39,3090.0,3088.29748955,2.6622351923,64.2857142857,14.0,0,8.61564787153,12.0,20.5128205128,13.1428571429,56.0
10:06:40,3091.0,3088.29899052,2.66250925924,69.2307692308,40.0,0,8.6137471991,-12.0,48.2142857143,20.8571428571,40.0
10:06:40,3090.0,3088.29993527,2.66250925924,64.2857142857,16.0,0,8.61653481956,-4.0,50.9803921569,20.0952380952,18.0
10:06:41,3090.0,3088.30087949,2.66250925924,64.2857142857,34.0,55.1724137931,8.61653481956,2.0,38.4615384615,24.9523809524,14.0
10:06:41,3091.0,3088.30237858,2.66250925924,71.4285714286,2.0,0,8.6137471991,0.0,42.3728813559,19.3333333333,6.0
10:06:42,3090.0,3088.30332144,2.6622351923,69.2307692308,322.0,0,8.61564787153,144.0,10.2803738318,105.714285714,142.0
10:06:42,3090.0,3088.30426378,2.66196106816,69.2307692308,122.0,0,8.61476073838,58.0,11.9402985075,120.19047619,188.0
10:06:43,3090.0,3088.30520559,2.66168688679,69.2307692308,240.0,0,8.61387342005,154.0,4.6195652174,163.238095238,354.0
10:06:43,3090.0,3088.30614688,2.66141264819,69.2307692308,248.0,0,8.61298591648,56.0,3.51239669423,199.047619048,414.0
10:06:44,3090.0,3088.30708765,2.66113835233,69.2307692308,24.0,0,8.61209822761,-2.0,5.42797494782,159.80952381,410.0
10:06:44,3090.0,3088.3080279,2.6608639992,69.2307692308,10.0,0,8.61121035339,-8.0,6.21118012424,117.047619048,402.0
10:06:45,3090.0,3088.30896762,2.66021070362,69.2307692308,64.0,0,8.60909612822,-2.0,15.8192090396,89.3333333333,256.0
10:06:45,3090.0,3088.30990682,2.65993616778,69.2307692308,34.0,0,8.60820766272,-2.0,20.3225806452,65.3333333333,196.0
10:06:46,3090.0,3088.3108455,2.65966157459,69.2307692308,66.0,0,8.60731901162,26.0,38.5650224215,54.6666666667,68.0
10:06:46,3090.0,3088.31178366,2.65938692404,69.2307692308,72.0,0,8.60643017487,-10.0,89.6296296296,54.0,2.0
10:06:47,3090.0,3088.3127213,2.65911221609,69.2307692308,72.0,0,8.60554115241,-38.0,70.4402515723,61.7142857143,-34.0
10:06:47,3090.0,3088.31365842,2.65883745075,69.2307692308,14.0,0,8.60465194417,6.0,66.4596273292,50.5714285714,-20.0
10:06:48,3091.0,3088.31515041,2.65883745075,71.4285714286,4.0,0,8.60186816807,2.0,62.5954198473,36.380952381,-16.0
10:06:48,3090.0,3088.31608618,2.65883745075,69.2307692308,8.0,0,8.60465194417,6.0,55.0847457627,26.1904761905,-8.0
10:06:49,3090.0,3088.31702143,2.65818325073,69.2307692308,14.0,0,8.602534792,6.0,42.3913043478,18.9523809524,-28.0
10:06:49,3090.0,3088.31795616,2.65752877352,69.2307692308,24.0,0,8.60041674279,4.0,20.5882352941,17.0476190476,-14.0
10:06:50,3090.0,3088.31889037,2.65725369926,69.2307692308,0.0,0,8.59952653482,0.0,0,10.5714285714,24.0
10:06:50,3091.0,3088.32037946,2.65725369926,71.4285714286,144.0,0,8.59674441688,-8.0,79.381443299,48.6666666667,10.0
10:06:51,3090.0,3088.32131232,2.65659881878,69.2307692308,6.0,0,8.59740718052,4.0,77.5510204082,41.1428571429,12.0
10:06:51,3091.0,3088.32280007,2.65659881878,71.4285714286,24.0,0,8.59462574824,2.0,73.5849056604,38.6666666667,8.0
10:06:52,3090.0,3088.32373159,2.65632356107,69.2307692308,2.0,0,8.59651637888,0.0,76.0,29.1428571429,2.0
10:06:52,3090.0,3088.32466259,2.6556682769,69.2307692308,0.0,0,8.59439571811,0.0,0,19.619047619,-2.0
10:06:53,3090.0,3088.32559307,2.65501271474,69.2307692308,18.0,0,8.59227415774,-2.0,67.0103092784,16.380952381,-4.0
10:06:53,3091.0,3088.32707844,2.65501271474,71.4285714286,20.0,0,8.58949438609,8.0,34.2857142857,12.8571428571,12.0
10:06:54,3091.0,3088.32856299,2.65501271474,71.4285714286,12.0,0,8.58949438609,2.0,34.2105263158,12.9523809524,10.0
10:06:54,3090.0,3088.3294913,2.6543568744,69.2307692308,70.0,0,8.59015169708,4.0,18.0327868852,29.3333333333,12.0
10:06:55,3091.0,3088.33097451,2.6543568744,71.4285714286,12.0,0,8.58737261209,10.0,18.1818181818,26.9523809524,22.0
10:06:55,3090.0,3088.33190149,2.65370075566,69.2307692308,124.0,0,8.58802833549,4.0,17.1875,56.0952380952,26.0
10:06:56,3091.0,3088.33338335,2.65370075566,71.4285714286,26.0,0,8.58524993745,18.0,23.4848484848,51.3333333333,46.0
10:06:56,3090.0,3088.33430899,2.65304435833,69.2307692308,204.0,0,8.58590407228,202.0,9.82142857143,97.0476190476,240.0
10:06:57,3090.0,3088.33523412,2.6523876822,69.2307692308,8.0,0,8.58377890678,0.0,9.90990990991,78.0,238.0
10:06:57,3090.0,3088.33615873,2.65173072705,69.2307692308,22.0,0,8.58165283834,10.0,13.1313131313,63.1428571429,244.0
10:06:58,3090.0,3088.33708283,2.65145452745,69.2307692308,2.0,0,8.5807589885,0.0,12.9533678756,44.8571428571,234.0
10:06:58,3090.0,3088.33800642,2.65117826997,69.2307692308,14.0,0,8.57986495134,14.0,10.8695652174,30.4761904762,244.0
10:06:59,3090.0,3088.33892949,2.65090195459,69.2307692308,16.0,0,8.57897072682,14.0,9.02255639098,21.9047619048,240.0
10:06:59,3090.0,3088.33985205,2.65024434001,69.2307692308,38.0,0,8.57684252429,14.0,58.0,20.0952380952,52.0
10:07:00,3090.0,3088.3407741,2.64996783989,69.2307692308,8.0,0,8.57594770192,2.0,56.0,17.619047619,54.0
10:07:00,3090.0,3088.34169564,2.64969128181,69.2307692308,26.0,0,8.57505269194,-16.0,67.3076923077,20.2857142857,28.0
10:07:01,3091.0,3088.34317206,2.64930981869,71.4285714286,4.0,0,8.57104438271,0.0,67.9245283019,16.4761904762,28.0
10:07:01,3090.0,3088.34409227,2.64903313366,69.2307692308,24.0,0,8.57292276264,6.0,72.4137931034,18.2857142857,20.0
10:07:02,3090.0,3088.34501196,2.64875639059,69.2307692308,16.0,0,8.572027154,6.0,72.4137931034,17.3333333333,12.0
10:07:02,3090.0,3088.34593114,2.64809783525,69.2307692308,24.0,0,8.56989590696,18.0,54.9019607843,18.6666666667,16.0
10:07:03,3091.0,3088.34740522,2.64771599685,71.4285714286,24.0,0,8.56588805194,8.0,67.7966101695,20.6666666667,22.0
10:07:03,3090.0,3088.34832307,2.64705700779,69.2307692308,2.0,0,8.56652753329,2.0,61.7021276596,15.619047619,40.0
10:07:04,3090.0,3088.34924041,2.64639773799,69.2307692308,6.0,0,8.56439397409,-2.0,60.4166666667,12.8571428571,38.0
10:07:04,3090.0,3088.35015725,2.64573818727,69.2307692308,4.0,0,8.56225950571,2.0,60.5263157895,9.42857142857,34.0
10:07:05,3091.0,3088.35162897,2.64535580409,71.4285714286,6.0,0,8.55825235876,0.0,57.5757575757,7.52380952381,28.0
10:07:05,3091.0,3088.35309988,2.64497333647,71.4285714286,0.0,0,8.55701499989,0.0,0,4.38095238095,10.0
10:07:06,3090.0,3088.35401457,2.64431319702,69.2307692308,10.0,0,8.55764788681,4.0,42.8571428571,5.2380952381,6.0
10:07:06,3091.0,3088.35548416,2.64393049102,71.4285714286,2.0,0,8.55364118739,0.0,50.0,4.47619047619,4.0
10:07:07,3091.0,3088.35695292,2.64354770043,71.4285714286,10.0,0,8.55240278366,0.0,68.75,6.0,6.0
10:07:07,3090.0,3088.35786547,2.64326991599,69.2307692308,4.0,0,8.55427157278,0.0,75.0,5.61904761905,4.0
10:07:08,3091.0,3088.35933292,2.64288697133,71.4285714286,14.0,0,8.55026519355,6.0,65.0,8.09523809524,10.0
10:07:08,3091.0,3088.36079955,2.64250394197,71.4285714286,120.0,0,8.54902601738,100.0,27.5,40.4761904762,110.0
10:07:09,3091.0,3088.36226536,2.64250394197,71.4285714286,2.0,0,8.54902601738,2.0,26.3157894737,33.4285714286,108.0
10:07:09,3090.0,3088.36317496,2.64184277658,69.2307692308,102.0,0,8.54965299864,94.0,15.0793650794,55.3333333333,202.0
10:07:10,3091.0,3088.36463946,2.64184277658,71.4285714286,8.0,0,8.54688701579,8.0,13.6,45.619047619,210.0
10:07:10,3090.0,3088.36554774,2.64118132882,69.2307692308,16.0,0,8.54751239102,8.0,15.2671755725,38.2857142857,218.0
10:07:11,3091.0,3088.36701092,2.64079790598,71.4285714286,20.0,0,8.54350665152,20.0,20.1492537313,31.5238095238,232.0
10:07:11,3090.0,3088.36791788,2.64013602109,69.2307692308,2.0,0,8.5441295181,2.0,24.0,19.3333333333,134.0
10:07:12,3091.0,3088.36937975,2.64013602109,71.4285714286,16.0,0,8.54136532221,-12.0,30.487804878,16.7619047619,120.0
10:07:12,3091.0,3088.3708408,2.63975235873,71.4285714286,32.0,0,8.54012409813,0.0,59.5744680851,18.0952380952,26.0
10:07:13,3091.0,3088.37230103,2.63936861137,71.4285714286,106.0,0,8.53888259905,-102.0,80.2083333333,43.9047619048,-84.0
10:07:13,3090.0,3088.37320506,2.63870613402,69.2307692308,24.0,0,8.53950205185,-20.0,73.0,41.619047619,-112.0
10:07:14,3091.0,3088.37466399,2.63832214674,71.4285714286,86.0,0,8.53549707779,-80.0,75.1879699248,56.6666666667,-212.0
10:07:14,3091.0,3088.3761221,2.63793807432,71.4285714286,8.0,0,8.53425452708,-4.0,75.0,46.2857142857,-218.0
10:07:15,3091.0,3088.37757941,2.63706434001,71.4285714286,4.0,0,8.53142782273,2.0,73.8461538462,34.4761904762,-204.0
10:07:15,3090.0,3088.3784805,2.63640093243,69.2307692308,8.0,0,8.53204185254,4.0,79.6610169491,24.380952381,-200.0
10:07:16,3090.0,3088.37938109,2.63573724079,69.2307692308,4.0,0,8.52989398313,-2.0,64.1791044776,14.2857142857,-100.0
10:07:16,3090.0,3088.38028119,2.63507326485,69.2307692308,2.0,0,8.52774519368,0.0,76.7857142857,8.47619047619,-80.0
10:07:17,3091.0,3088.38173618,2.63419811164,71.4285714286,270.0,0,8.52215500368,180.0,95.2702702703,80.2857142857,180.0
10:07:17,3091.0,3088.38319037,2.63332255038,71.4285714286,30.0,0,8.51932238879,18.0,91.1949685535,74.7619047619,202.0
10:07:18,3091.0,3088.38464375,2.63293736767,71.4285714286,6.0,0,8.51807624612,0.0,91.25,61.3333333333,200.0
10:07:18,3090.0,3088.38554092,2.63178130541,69.2307692308,188.0,0,8.51709160327,-94.0,95.2,99.8095238095,102.0
10:07:19,3090.0,3088.38643759,2.63111574465,69.2307692308,186.0,0,8.51493768494,-52.0,96.1876832845,129.142857143,52.0
10:07:19,3091.0,3088.38788917,2.63023868794,71.4285714286,144.0,0,8.50934548024,142.0,97.0873786408,137.80952381,194.0
10:07:20,3091.0,3088.38933994,2.62985281884,71.4285714286,160.0,0,8.50809711692,-40.0,95.5182072829,144.285714286,-26.0
10:07:20,3091.0,3088.3907899,2.62946686377,71.4285714286,70.0,0,8.50684847547,2.0,98.4084880637,130.285714286,-42.0
10:07:21,3091.0,3088.39223906,2.62858902206,71.4285714286,56.0,0,8.5040084829,12.0,98.5074626866,110.380952381,-30.0
10:07:21,3091.0,3088.39368742,2.62771076964,71.4285714286,12.0,0,8.50116716157,0.0,97.7707006369,75.5238095238,64.0
10:07:22,3091.0,3088.39513496,2.62732435306,71.4285714286,48.0,0,8.49991702704,44.0,97.5510204082,59.3333333333,160.0
10:07:22,3090.0,3088.39602631,2.62616458587,69.2307692308,8.0,0,8.49891451739,6.0,96.0451977401,38.2857142857,24.0
10:07:23,3091.0,3088.39747256,2.6252851697,71.4285714286,2.0,0,8.49331986314,2.0,96.9387755102,22.0,66.0
10:07:23,3091.0,3088.39891801,2.62489821966,71.4285714286,8.0,0,8.49206800279,6.0,94.0298507463,14.9523809524,70.0
10:07:24,3090.0,3088.39980725,2.6242299135,69.2307692308,8.0,0,8.49265344174,0.0,83.7209302325,10.8571428571,58.0
10:07:24,3091.0,3088.4012514,2.62384271962,71.4285714286,12.0,0,8.48865325013,12.0,88.3720930232,10.1904761905,70.0
10:07:25,3091.0,3088.40269475,2.62345543918,71.4285714286,126.0,0,8.48740032086,106.0,95.1219512195,42.0952380952,132.0
10:07:25,3091.0,3088.40413729,2.62306807215,71.4285714286,4.0,0,8.48614711144,2.0,96.25,35.4285714286,128.0
10:07:26,3091.0,3088.40557904,2.62268061848,71.4285714286,2.0,0,8.48489362174,2.0,96.25,28.380952381,128.0
10:07:26,3090.0,3088.40646458,2.62201139395,69.2307692308,4.0,0,8.48547376683,0.0,93.5897435897,21.9047619048,122.0
10:07:27,3090.0,3088.40734963,2.62134188083,69.2307692308,0.0,0,8.48330705769,0.0,0,14.4761904762,122.0
10:07:27,3090.0,3088.40823419,2.62067207889,69.2307692308,8.0,0,8.48113941388,2.0,95.8333333333,9.71428571429,112.0
10:07:28,3091.0,3088.40967367,2.6202840648,71.4285714286,6.0,0,8.47714029376,0.0,66.6666666667,4.57142857143,6.0
10:07:28,3090.0,3088.41055693,2.61961381566,69.2307692308,12.0,0,8.47771461379,-2.0,50.0,6.85714285714,2.0
10:07:29,3090.0,3088.41143971,2.61894327714,69.2307692308,152.0,0,8.47554458622,12.0,19.7802197802,48.7619047619,12.0
10:07:29,3091.0,3088.4128774,2.61806025641,71.4285714286,224.0,0,8.46994583114,-78.0,9.45273631841,104.095238095,-66.0
10:07:30,3091.0,3088.41431429,2.61767164883,71.4285714286,22.0,0,8.46868860833,-20.0,9.43396226415,91.2380952381,-86.0
10:07:30,3090.0,3088.41519499,2.61650530288,69.2307692308,850.0,0,8.46765470188,156.0,2.84360189573,313.904761905,68.0
10:07:31,3090.0,3088.41607519,2.61533817125,69.2307692308,104.0,50.0,8.46387757686,78.0,2.34604105572,283.333333333,146.0
10:07:31,3090.0,3088.4169549,2.61417025289,81.8181818182,68.0,0,8.4600979058,50.0,6.76056338028,237.80952381,198.0
10:07:32,3090.0,3088.41783413,2.61349749106,81.8181818182,0.0,0,8.45792068306,0.0,0,170.19047619,186.0
10:07:32,3090.0,3088.41871286,2.61282443789,81.8181818182,6.0,0,8.45574251743,2.0,7.42857142857,111.523809524,266.0
10:07:33,3089.0,3088.41903571,2.61197383797,75.0,8.0,0,8.45572624788,4.0,7.72200772201,63.8095238095,290.0
10:07:33,3090.0,3088.41991378,2.61130009659,81.8181818182,58.0,0,8.45080937407,4.0,52.4590163934,31.0476190476,138.0
10:07:34,3090.0,3088.42079136,2.61012930714,81.8181818182,10.0,0,8.44702041146,0.0,92.0,22.2857142857,60.0
10:07:34,3089.0,3088.42111306,2.60877998779,75.0,104.0,0,8.44538681706,96.0,91.3978494623,44.8571428571,106.0
10:07:35,3089.0,3088.42143457,2.6074294967,75.0,12.0,0,8.44101488086,2.0,90.9090909091,39.4285714286,108.0
10:07:35,3090.0,3088.42231131,2.6062559915,81.8181818182,76.0,0,8.43448540937,52.0,70.1492537313,51.7142857143,158.0
10:07:36,3089.0,3088.42263216,2.60490336246,75.0,52.0,0,8.43283704262,-18.0,66.6666666666,53.8095238095,136.0
10:07:36,3090.0,3088.42350823,2.6037280964,81.8181818182,2.0,0,8.4263045191,0.0,62.5,39.5238095238,132.0
10:07:37,3090.0,3088.42438382,2.60255203278,81.8181818182,24.0,0,8.42249848796,-20.0,63.7037037037,34.1904761905,112.0
10:07:37,3090.0,3088.42525891,2.60187430958,81.8181818182,24.0,0,8.42030520899,0.0,49.4736842105,28.1904761905,16.0
10:07:38,3089.0,3088.42557813,2.60051797725,75.0,38.0,0,8.41864026303,28.0,43.5185185185,30.0,42.0
10:07:38,3089.0,3088.42589716,2.59916046215,75.0,120.0,0,8.41424558807,104.0,32.3076923077,54.0,94.0
10:07:39,3089.0,3088.42621602,2.59780176244,75.0,8.0,0,8.40984707813,6.0,28.7037037037,43.9047619048,118.0
10:07:39,3089.0,3088.4265347,2.59644187623,75.0,56.0,0,8.40544472721,30.0,22.2222222222,49.619047619,148.0
10:07:40,3089.0,3088.4268532,2.59508080169,75.0,2.0,0,8.40103852926,2.0,15.3225806452,37.3333333333,170.0
10:07:40,3089.0,3088.42717153,2.59310999467,75.0,28.0,0,8.39465844826,-18.0,6.34920634921,33.5238095238,152.0
10:07:41,3090.0,3088.42804508,2.59131735171,81.8181818182,34.0,0,8.3861402968,34.0,15.3225806452,31.2380952381,158.0
10:07:41,3090.0,3088.42891815,2.59013261434,81.8181818182,72.0,0,8.38230619528,-22.0,18.0,40.0,32.0
10:07:42,3089.0,3088.42923533,2.58876631505,75.0,66.0,0,8.38059668194,10.0,13.1782945736,49.3333333333,36.0
10:07:42,3089.0,3088.42955233,2.58739881713,75.0,40.0,0,8.37616968964,6.0,19.0082644628,48.4761904762,12.0
10:07:43,3089.0,3088.42986916,2.58653350173,75.0,6.0,0,8.3733684096,-4.0,18.6991869919,38.6666666667,6.0
10:07:43,3089.0,3088.43018581,2.58516398697,75.0,8.0,0,8.3689348882,-4.0,20.3539823009,29.2380952381,20.0
10:07:44,3089.0,3088.43050228,2.5837932685,75.0,32.0,0,8.36449747004,4.0,6.25,27.619047619,-10.0
10:07:44,3089.0,3088.43081858,2.58292575937,75.0,112.0,0,8.36168908827,-106.0,4.54545454546,48.9523809524,-94.0
10:07:45,3089.0,3088.43113471,2.58205768982,75.0,0.0,0,8.35887889228,0.0,0,36.380952381,-104.0
10:07:45,3089.0,3088.43145066,2.58118905931,75.0,26.0,0,8.35606688024,-18.0,2.17391304348,34.380952381,-128.0
10:07:46,3089.0,3088.43176643,2.57981467358,75.0,24.0,0,8.35161759008,-12.0,1.9801980198,32.4761904762,-136.0
10:07:46,3089.0,3088.43208203,2.57843907645,75.0,4.0,0,8.34716437829,-2.0,2.0202020202,24.0,-134.0
10:07:47,3089.0,3088.43239745,2.577062266,75.0,6.0,0,8.34270723859,0.0,2.32558139535,16.2857142857,-138.0
10:07:47,3090.0,3088.4332681,2.57586710799,81.8181818182,18.0,0,8.33613950806,-4.0,20.5128205128,13.2380952381,-36.0
10:07:48,3089.0,3088.43358286,2.57448808288,75.0,4.0,0,8.33437385199,0.0,19.512195122,10.6666666667,-36.0
10:07:48,3090.0,3088.43445285,2.57329109961,81.8181818182,14.0,0,8.32780291136,-2.0,37.1428571429,10.7619047619,-20.0
10:07:49,3089.0,3088.43476696,2.57241725922,75.0,14.0,0,8.32766998778,8.0,46.6666666667,11.4285714286,0.0
10:07:49,3090.0,3088.43563629,2.57172637409,81.8181818182,6.0,0,8.32273907474,0.0,54.8387096774,10.2857142857,2.0
10:07:50,3090.0,3088.43650514,2.57103518326,81.8181818182,4.0,0,8.32050221121,0.0,60.0,8.47619047619,2.0
10:07:50,3089.0,3088.4368181,2.56965188352,75.0,820.0,0,8.31871765464,356.0,92.5754060325,239.904761905,362.0
10:07:51,3090.0,3088.4376863,2.56845138467,81.8181818182,146.0,0,8.31214040347,-32.0,94.0239043825,240.571428571,330.0
10:07:51,3090.0,3088.43855401,2.56775877138,81.8181818182,78.0,0,8.30989893652,10.0,88.202247191,215.047619048,342.0
10:07:52,3090.0,3088.43942124,2.56706585099,81.8181818182,34.0,0,8.3076564757,-10.0,86.5808823529,173.904761905,324.0
10:07:52,3090.0,3088.44028798,2.5658635107,81.8181818182,28.0,0,8.3037654068,-4.0,84.3243243243,130.095238095,320.0
10:07:53,3090.0,3088.44115425,2.56466033597,81.8181818182,176.0,0,8.29987163744,-66.0,72.8549141966,127.523809524,254.0
10:07:53,3091.0,3088.44257544,2.56374940935,83.3333333333,34.0,0,8.29423943498,-20.0,34.2741935484,76.1904761905,-122.0
10:07:54,3090.0,3088.44344043,2.56305480293,81.8181818182,210.0,0,8.29467573765,-76.0,4.28571428571,112.571428571,-166.0
10:07:54,3091.0,3088.44486035,2.56265318723,83.3333333333,312.0,0,8.29069293831,10.0,39.798488665,175.047619048,-166.0
10:07:55,3090.0,3088.44572408,2.56195810289,81.8181818182,48.0,0,8.29112654658,12.0,38.8613861386,150.952380952,-144.0
10:07:55,3090.0,3088.44658732,2.56126270942,81.8181818182,24.0,0,8.28887608227,6.0,39.552238806,119.333333333,-134.0
10:07:56,3091.0,3088.44800549,2.56086066201,83.3333333333,4.0,0,8.28489376258,4.0,50.6329113924,82.1904761905,-64.0
10:07:56,3091.0,3088.44942287,2.56086066201,83.3333333333,14.0,0,8.28489376258,4.0,51.9607843137,56.0952380952,-40.0
10:07:57,3091.0,3088.45083947,2.56045852134,83.3333333333,0.0,0,8.28359275749,0.0,0,26.9523809524,36.0
10:07:57,3090.0,3088.45169987,2.55976247934,81.8181818182,6.0,0,8.28402096873,6.0,16.6666666667,9.52380952381,32.0
10:07:58,3091.0,3088.4531152,2.55976247934,83.3333333333,12.0,0,8.28134092312,8.0,40.0,8.38095238095,28.0
10:07:58,3090.0,3088.45397434,2.55906612741,81.8181818182,42.0,0,8.28176740261,2.0,76.9230769231,17.5238095238,24.0
10:07:59,3090.0,3088.45483301,2.55877211523,81.8181818182,14.0,0,8.28081590688,4.0,75.0,17.8095238095,24.0
10:07:59,3091.0,3088.4562466,2.55785812633,83.3333333333,2.0,0,8.27517996225,0.0,78.947368421,14.1904761905,20.0
10:08:00,3091.0,3088.4576594,2.55745527217,83.3333333333,162.0,0,8.27387664888,46.0,26.8907563025,56.8571428571,66.0
10:08:00,3090.0,3088.45851602,2.55675792971,81.8181818182,58.0,0,8.27429750714,-44.0,21.3793103448,62.0952380952,16.0
10:08:01,3091.0,3088.45992756,2.55584291863,83.3333333333,10.0,0,8.26866036437,4.0,21.5277777778,51.1428571429,12.0
10:08:01,3090.0,3088.46078292,2.55514489454,81.8181818182,2.0,0,8.26907732861,0.0,8.87096774192,38.0,10.0
10:08:02,3091.0,3088.4621932,2.55474140111,83.3333333333,10.0,0,8.26509673604,6.0,9.01639344261,29.0476190476,12.0
10:08:02,3090.0,3088.4630473,2.55404289471,81.8181818182,22.0,0,8.26551098612,-16.0,8.33333333332,23.7142857143,-4.0
10:08:03,3091.0,3088.46445633,2.55404289471,83.3333333333,40.0,0,8.26283692886,40.0,40.8450704225,22.5714285714,-10.0
10:08:03,3091.0,3088.46586457,2.55404289471,83.3333333333,48.0,0,8.26283692886,-36.0,80.303030303,29.5238095238,-2.0
10:08:04,3090.0,3088.46671664,2.55334407635,81.8181818182,102.0,0,8.26324943802,2.0,44.6428571429,52.380952381,-4.0
10:08:04,3090.0,3088.46756822,2.55264494576,81.8181818182,14.0,0,8.2609868795,-4.0,42.3728813559,45.7142857143,-8.0
10:08:05,3090.0,3088.46841934,2.55234967998,81.8181818182,20.0,0,8.26003132679,-4.0,41.4634146341,40.1904761905,-18.0
10:08:05,3091.0,3088.46982538,2.5519455027,83.3333333333,312.0,0,8.25605144841,136.0,20.8955223881,117.619047619,134.0
10:08:06,3090.0,3088.47067524,2.55124574691,81.8181818182,88.0,0,8.25645872785,-26.0,12.3287671233,117.238095238,68.0
10:08:06,3090.0,3088.47152463,2.55054567812,81.8181818182,0.0,0,8.25419313307,0.0,0,89.4285714286,104.0
10:08:07,3090.0,3088.47237355,2.54984529608,81.8181818182,4.0,0,8.25192652454,0.0,5.93607305939,65.0476190476,102.0
10:08:07,3090.0,3088.47322199,2.54914460054,81.8181818182,4.0,0,8.24965890141,0.0,7.00934579442,45.3333333333,106.0
10:08:08,3090.0,3088.47406997,2.54884862653,81.8181818182,56.0,0,8.24870105675,-54.0,15.9482758621,40.9523809524,56.0
10:08:08,3090.0,3088.47491747,2.54855258788,81.8181818182,10.0,0,8.24774300286,0.0,44.4444444444,21.7142857143,-80.0
10:08:09,3090.0,3088.4757645,2.54785129455,81.8181818182,10.0,0,8.24547344514,-6.0,97.6190476191,16.8571428571,-60.0
10:08:09,3090.0,3088.47661107,2.54755504914,81.8181818182,4.0,0,8.24451472213,-2.0,97.7272727273,14.0,-62.0
10:08:10,3090.0,3088.47745716,2.54725873898,81.8181818182,2.0,0,8.24355578959,0.0,97.6744186047,10.380952381,-62.0
10:08:10,3090.0,3088.47830278,2.54655684694,81.8181818182,0.0,0,8.2412842943,0.0,0,6.28571428571,-62.0
10:08:11,3090.0,3088.47914793,2.54585464015,81.8181818182,2.0,0,8.23901178042,0.0,100.0,2.95238095238,-8.0
10:08:11,3090.0,3088.47999262,2.54515211835,81.8181818182,10.0,0,8.2367382471,-2.0,92.8571428571,4.47619047619,-10.0
10:08:12,3090.0,3088.48083683,2.54485531617,81.8181818182,22.0,0,8.23577772224,0.0,95.0,9.42857142857,-4.0
10:08:12,3090.0,3088.48168058,2.54415233646,81.8181818182,92.0,0,8.23350270699,-80.0,35.9375,33.8095238095,-82.0
10:08:13,3090.0,3088.48252385,2.54385532663,81.8181818182,0.0,0,8.23254151014,0.0,0,27.7142857143,-82.0
10:08:13,3090.0,3088.48336666,2.54315188846,81.8181818182,4.0,0,8.2302650112,-2.0,36.9230769231,22.8571428571,-84.0
10:08:14,3089.0,3088.4836536,2.54266663693,75.0,4.0,0,8.23135848795,-4.0,34.8484848485,17.8095238095,-88.0
10:08:14,3089.0,3088.48394038,2.54218117136,75.0,4.0,0,8.22978689337,-2.0,30.1587301588,12.6666666667,-88.0
10:08:15,3089.0,3088.484227,2.54128861791,75.0,12.0,0,8.22689743576,-6.0,13.7931034483,10.0952380952,-94.0
10:08:15,3090.0,3088.48506886,2.54058392238,81.8181818182,26.0,0,8.22195444137,-4.0,12.0,12.0,-18.0
10:08:16,3090.0,3088.48591026,2.54028613084,81.8181818182,74.0,0,8.2209907147,-22.0,8.06451612904,30.7619047619,-40.0
10:08:16,3089.0,3088.48619578,2.53979972417,75.0,356.0,0,8.22207744956,32.0,7.5630252101,126.571428571,-6.0
10:08:17,3089.0,3088.48648115,2.53931310278,75.0,890.0,0,8.22050211324,120.0,2.64317180617,358.19047619,118.0
10:08:17,3089.0,3088.48676636,2.53882626655,75.0,80.0,0,8.21892608142,-74.0,7.23226703756,316.19047619,46.0
10:08:18,3088.0,3088.48649601,2.53785194908,69.2307692308,330.0,0,8.21843247758,68.0,6.26423690205,342.0,120.0
10:08:18,3089.0,3088.48678121,2.53736446758,75.0,56.0,0,8.21419380895,-4.0,6.71892497201,274.380952381,120.0
10:08:19,3088.0,3088.48651085,2.53679709598,69.2307692308,2.0,0,8.21501650253,0.0,6.76779463244,189.904761905,142.0
10:08:19,3088.0,3088.48624064,2.53622932364,69.2307692308,202.0,0,8.21317786153,-14.0,5.51282051282,166.0,96.0
10:08:20,3089.0,3088.48652598,2.53574104334,75.0,318.0,0,8.208938308,-132.0,9.51417004048,182.571428571,-156.0
10:08:20,3088.0,3088.48625577,2.53517257795,69.2307692308,12.0,0,8.20975575762,-2.0,3.47826086956,138.952380952,-84.0
10:08:21,3089.0,3088.4865411,2.53468378966,75.0,14.0,52.0,8.20551566741,0.0,4.6357615894,99.1428571429,-152.0
10:08:21,3088.0,3088.48627088,2.53411463037,66.6666666667,20.0,0,8.20632976157,-10.0,3.1690140845,76.0952380952,-158.0
10:08:22,3088.0,3088.4860008,2.53313582015,66.6666666667,90.0,0,8.20316003935,6.0,3.0487804878,74.7619047619,-152.0
10:08:22,3088.0,3088.48573087,2.53256567316,66.6666666667,8.0,0,8.20131370843,0.0,4.329004329,45.8095238095,-138.0
10:08:23,3088.0,3088.4854611,2.53158541064,66.6666666667,10.0,0,8.19813928316,-8.0,7.79220779222,26.6666666667,-14.0
10:08:23,3088.0,3088.48519147,2.53101427419,66.6666666667,18.0,0,8.19628974804,6.0,5.00000000001,24.4761904762,-6.0
10:08:24,3088.0,3088.484922,2.53003255664,66.6666666667,182.0,0,8.19311061088,18.0,1.82926829268,68.8571428571,12.0
10:08:24,3088.0,3088.48465267,2.52946042897,66.6666666667,290.0,0,8.19125786584,-114.0,2.67558528428,136.095238095,-92.0
10:08:25,3088.0,3088.48438349,2.52888789726,66.6666666667,340.0,0,8.18940381237,-196.0,1.65094339623,204.761904762,-294.0
10:08:25,3087.0,3088.48355907,2.52793277913,61.5384615385,78.0,0,8.1889626794,28.0,2.83224400871,186.666666667,-266.0
10:08:26,3087.0,3088.4827351,2.52738769884,61.5384615385,158.0,0,8.18719695121,-36.0,3.00187617261,188.095238095,-294.0
10:08:26,3088.0,3088.48246698,2.52681359817,66.6666666667,446.0,0,8.18268652256,-376.0,30.2543507363,264.761904762,-676.0
10:08:27,3088.0,3088.48219902,2.52623909213,66.6666666667,110.0,0,8.18082607556,-104.0,31.9268635724,225.047619048,-798.0
10:08:27,3088.0,3088.48193121,2.52566418046,66.6666666667,60.0,0,8.17896431497,-34.0,37.0805369127,174.476190476,-718.0
10:08:28,3089.0,3088.48221894,2.52475881992,72.7272727273,24.0,0,8.17338562616,-20.0,50.6849315068,124.571428571,-542.0
10:08:28,3088.0,3088.48195112,2.52418302087,66.6666666667,18.0,0,8.17416781369,-12.0,52.9411764706,88.0,-582.0
10:08:29,3088.0,3088.48168344,2.52360681526,66.6666666667,50.0,0,8.17230186289,-24.0,60.1694915254,63.4285714286,-570.0
10:08:29,3088.0,3088.48141591,2.52261768804,66.6666666667,16.0,0,8.16909873069,-4.0,2.15827338129,34.2857142857,-198.0
10:08:30,3089.0,3088.48170394,2.52171004038,72.7272727273,106.0,0,8.16351583161,-4.0,3.64963503651,51.3333333333,-98.0
10:08:30,3088.0,3088.4814364,2.52113235141,66.6666666667,4.0,0,8.16428870276,-2.0,4.58715596332,39.4285714286,-66.0
10:08:31,3088.0,3088.48116901,2.52014102829,66.6666666667,28.0,0,8.16107845949,4.0,6.30630630632,37.0476190476,-42.0
10:08:31,3088.0,3088.48090176,2.51956233646,66.6666666667,6.0,0,8.15920445743,0.0,6.66666666669,28.1904761905,-30.0
10:08:32,3089.0,3088.48119007,2.51865239296,72.7272727273,2.0,0,8.15361732909,0.0,9.8765432099,18.7619047619,-6.0
10:08:32,3089.0,3088.48147822,2.51815574048,72.7272727273,12.0,0,8.15200951921,-6.0,10.1265822785,14.4761904762,-8.0
10:08:33,3088.0,3088.48121081,2.51716177372,66.6666666667,4.0,0,8.15143061437,-2.0,17.8571428572,8.09523809524,-6.0
10:08:33,3088.0,3088.48094354,2.51616692365,66.6666666667,494.0,0,8.14820894963,-444.0,2.1978021978,146.571428571,-448.0
10:08:34,3088.0,3088.48067642,2.51517118923,66.6666666667,2.0,0,8.14498442107,-2.0,1.53846153846,121.142857143,-454.0
10:08:34,3088.0,3088.48040946,2.51364902171,66.6666666667,20.0,0,8.1400551221,-4.0,4.49438202247,102.095238095,-458.0
10:08:35,3087.0,3088.47958724,2.51267797724,61.5384615385,44.0,0,8.13954641152,0.0,11.1111111111,89.2380952381,-458.0
10:08:35,3088.0,3088.47932087,2.51115276207,66.6666666667,24.0,0,8.13197137976,-18.0,11.5646258503,68.6666666667,-470.0
10:08:36,3087.0,3088.47849926,2.51017921499,61.5384615385,248.0,0,8.1314519436,-12.0,37.7403846154,111.523809524,-480.0
10:08:36,3088.0,3088.4782335,2.50865094273,66.6666666667,348.0,0,8.1238696332,-224.0,95.3352769679,171.333333333,-260.0
10:08:37,3088.0,3088.47796788,2.50712096947,66.6666666667,10.0,0,8.11891505657,-4.0,94.2363112392,141.523809524,-262.0
10:08:37,3088.0,3088.47770242,2.50611745362,66.6666666667,10.0,0,8.11566532909,8.0,94.7368421052,111.333333333,-250.0
10:08:38,3087.0,3088.4768817,2.50461050174,61.5384615385,26.0,0,8.11341270405,4.0,91.5915915916,86.1904761905,-246.0
10:08:38,3088.0,3088.47661684,2.50307574685,66.6666666667,26.0,0,8.10581524237,0.0,94.3113772455,61.9047619048,-228.0
10:08:39,3088.0,3088.47635213,2.50206875825,66.6666666667,12.0,0,8.10255426893,0.0,90.2777777777,33.5238095238,-216.0
10:08:39,3088.0,3088.47608756,2.50053105471,66.6666666667,236.0,0,8.09757465903,42.0,22.5,80.380952381,50.0
10:08:40,3087.0,3088.47526774,2.49901702898,61.5384615385,234.0,0,8.09529325875,-8.0,12.8676470588,132.0,46.0
10:08:40,3087.0,3088.47444838,2.4975009732,61.5384615385,108.0,0,8.09038216131,18.0,9.65732087227,136.952380952,56.0
10:08:41,3087.0,3088.47362947,2.4965142211,61.5384615385,388.0,0,8.08718568547,180.0,5.77689243028,217.238095238,232.0
10:08:41,3087.0,3088.47281101,2.49552630585,61.5384615385,18.0,0,8.0839854417,-4.0,3.21285140562,174.571428571,228.0
10:08:42,3087.0,3088.47199301,2.49453722606,61.5384615385,108.0,0,8.08078142554,14.0,2.38095238095,158.0,242.0
10:08:42,3088.0,3088.47173086,2.49298992486,66.6666666667,16.0,0,8.07315390174,14.0,0.458715596333,110.571428571,214.0
10:08:43,3088.0,3088.47146886,2.49144088845,66.6666666667,246.0,0,8.06813759212,-68.0,0.678733031676,139.333333333,154.0
10:08:43,3088.0,3088.47120701,2.48989011359,66.6666666667,1258.0,0,8.06311565283,-298.0,62.1435594887,456.666666667,-162.0
10:08:44,3088.0,3088.4709453,2.48887146571,66.6666666667,62.0,0,8.05981692265,-10.0,74.0046838408,377.523809524,-352.0
10:08:44,3087.0,3088.47012833,2.48734178106,61.5384615385,692.0,0,8.05747256579,-132.0,24.8530646516,493.904761905,-480.0
10:08:45,3088.0,3088.46986722,2.48578612091,66.6666666667,30.0,0,8.04982552107,-14.0,26.6493055556,389.047619048,-508.0
10:08:45,3088.0,3088.46960626,2.48476392736,66.6666666667,22.0,0,8.0465153088,-20.0,27.3593073593,285.619047619,-542.0
10:08:46,3088.0,3088.46934544,2.48374081606,66.6666666667,6.0,0,8.04320212454,0.0,30.5314009662,177.333333333,-474.0
10:08:46,3087.0,3088.46852936,2.48274035923,61.5384615385,810.0,0,8.04256676136,-78.0,10.6041923551,310.19047619,-254.0
10:08:47,3088.0,3088.46826914,2.48117901522,66.6666666667,12.0,0,8.03490613736,8.0,11.0687022901,236.380952381,-236.0
10:08:47,3087.0,3088.46745366,2.48017596946,61.5384615385,30.0,0,8.03425970024,26.0,93.4065934066,170.095238095,-78.0
10:08:48,3088.0,3088.46719404,2.47861145355,66.6666666667,16.0,0,8.02659149465,2.0,93.9732142857,131.333333333,-62.0
10:08:48,3087.0,3088.46637916,2.4770681439,61.5384615385,20.0,0,8.02419223808,20.0,91.9463087248,94.380952381,-22.0
10:08:49,3087.0,3088.46556473,2.47606093984,61.5384615385,48.0,0,8.02092951032,-12.0,87.6068376068,65.5238095238,-34.0
10:08:49,3088.0,3088.46530615,2.47502986639,66.6666666667,4.0,0,8.01499309063,0.0,16.9230769231,22.0952380952,44.0
10:08:50,3088.0,3088.46504772,2.47345897592,66.6666666667,28.0,0,8.0099060101,20.0,30.1369863014,23.9047619048,56.0
10:08:50,3087.0,3088.46423403,2.47190870359,61.5384615385,250.0,0,8.00747879362,8.0,60.1092896175,88.380952381,38.0
10:08:51,3087.0,3088.46342079,2.47035633395,61.5384615385,4.0,0,8.00245006137,-4.0,58.1920903955,72.0952380952,32.0
10:08:51,3087.0,3088.46260801,2.46880186303,61.5384615385,8.0,0,7.99741452228,0.0,60.8187134503,57.5238095238,12.0
10:08:52,3087.0,3088.46179567,2.46778628244,61.5384615385,30.0,0,7.99412465967,16.0,64.1975308642,49.8095238095,40.0
10:08:52,3088.0,3088.46153919,2.46674774642,66.6666666667,36.0,0,7.98817275394,6.0,65.7303370787,44.6666666667,46.0
10:08:53,3088.0,3088.46128285,2.46516657026,66.6666666667,416.0,0,7.98305236484,-142.0,83.6021505377,146.571428571,-116.0
10:08:53,3088.0,3088.46102666,2.46412580284,66.6666666667,42.0,0,7.97968200402,-36.0,82.4626865672,123.142857143,-160.0
10:08:54,3088.0,3088.4607706,2.46308409442,66.6666666667,42.0,0,7.97630859591,-8.0,77.0034843206,109.619047619,-164.0
10:08:54,3088.0,3088.46051469,2.4620414438,66.6666666667,28.0,0,7.97293213666,-26.0,74.0740740741,90.2857142857,-190.0
10:08:55,3088.0,3088.46025892,2.46099784979,66.6666666667,64.0,0,7.96955262237,-62.0,70.0636942675,80.2857142857,-268.0
10:08:55,3088.0,3088.46000329,2.45995331118,66.6666666667,14.0,0,7.96617004917,0.0,68.6468646865,54.380952381,-274.0
10:08:56,3088.0,3088.4597478,2.45890782678,66.6666666667,26.0,0,7.96278441316,-10.0,2.77777777777,32.9523809524,-142.0
10:08:56,3089.0,3088.46004786,2.45795358021,72.7272727273,12.0,0,7.95711744969,2.0,7.52688172043,26.0952380952,-104.0
10:08:57,3089.0,3088.46034775,2.45699868039,72.7272727273,4.0,0,7.95402615859,0.0,10.8108108108,18.380952381,-96.0
10:08:57,3088.0,3088.46009207,2.45595068151,66.6666666667,10.0,0,7.95320816551,0.0,12.3076923077,14.1904761905,-70.0
10:08:58,3088.0,3088.45983654,2.45490173234,66.6666666667,2.0,0,7.94981130938,0.0,23.5294117647,8.57142857143,-8.0
10:08:58,3089.0,3088.46013654,2.45394460732,72.7272727273,2.0,0,7.94413922733,-2.0,25.0,5.90476190476,-10.0
10:08:59,3088.0,3088.45988098,2.45289391949,66.6666666667,4.0,0,7.94330932476,0.0,35.2941176471,4.38095238095,0.0
10:08:59,3088.0,3088.45962557,2.45227519388,66.6666666667,4.0,0,7.94130567968,-4.0,23.0769230769,3.90476190476,-6.0
10:09:00,3089.0,3088.45992569,2.45174917088,72.7272727273,582.0,0,7.93703195494,-372.0,1.32450331127,168.952380952,-378.0
10:09:00,3088.0,3088.45967025,2.45112968412,66.6666666667,164.0,0,7.93759612735,-44.0,1.05540897098,187.047619048,-422.0
10:09:01,3089.0,3088.45997035,2.45016966848,72.7272727273,22.0,0,7.93191864188,-2.0,1.28534704371,157.238095238,-424.0
10:09:01,3088.0,3088.45971488,2.44911547084,66.6666666667,4.0,0,7.93107341593,0.0,1.02564102565,121.333333333,-422.0
10:09:02,3088.0,3088.45945955,2.44849437234,66.6666666667,28.0,0,7.92906208658,0.0,0.995024875627,92.1904761905,-422.0
10:09:02,3089.0,3088.45975977,2.44753237724,72.7272727273,8.0,0,7.92338095579,-4.0,0.990099009906,56.1904761905,-422.0
10:09:03,3089.0,3088.46005982,2.44656972005,72.7272727273,2.0,0,7.92026455179,2.0,2.63157894737,18.2857142857,-48.0
10:09:03,3088.0,3088.4598043,2.44594712335,66.6666666667,132.0,0,7.9208132233,-106.0,10.2040816327,45.1428571429,-110.0
10:09:04,3088.0,3088.45954893,2.44488908519,66.6666666667,22.0,0,7.91738693391,0.0,9.18367346941,42.0952380952,-108.0
10:09:04,3088.0,3088.45929369,2.44383008378,66.6666666667,0.0,0,7.9139575252,0.0,0,32.7619047619,-108.0
10:09:05,3088.0,3088.4590386,2.44277011787,66.6666666667,0.0,0,7.91052499311,0.0,0,23.619047619,-108.0
10:09:05,3088.0,3088.45878365,2.44214513072,66.6666666667,8.0,0,7.90850107099,0.0,9.756097561,18.0952380952,-104.0
10:09:06,3089.0,3088.45908424,2.44117835782,72.7272727273,210.0,0,7.90281112923,60.0,4.83870967744,70.2857142857,-46.0
10:09:06,3089.0,3088.45938467,2.44021091732,72.7272727273,12.0,0,7.89967924026,12.0,3.17460317462,56.0,72.0
10:09:07,3088.0,3088.45912952,2.43914773367,66.6666666667,122.0,0,7.89879447432,-6.0,2.27272727274,78.8571428571,66.0
10:09:07,3089.0,3088.45942992,2.43817882286,72.7272727273,8.0,0,7.89310075382,6.0,3.8888888889,64.380952381,72.0
10:09:08,3089.0,3088.45973016,2.43720924192,72.7272727273,18.0,0,7.88996193564,14.0,4.76190476191,52.380952381,86.0
10:09:08,3088.0,3088.45947482,2.43614348135,66.6666666667,124.0,0,7.88906567795,-78.0,4.45344129555,69.8095238095,8.0
10:09:09,3088.0,3088.45921963,2.43507674734,66.6666666667,8.0,0,7.88561122843,0.0,8.90410958904,48.5714285714,-52.0
10:09:09,3088.0,3088.45896458,2.4340090386,66.6666666667,2.0,0,7.88215362242,0.0,8.51063829787,35.2380952381,-64.0
10:09:10,3087.0,3088.45815427,2.43339700576,61.5384615385,80.0,0,7.88272434649,0.0,10.8333333333,44.6666666667,-58.0
10:09:10,3088.0,3088.45789981,2.43276628033,66.6666666667,4.0,0,7.87812914613,0.0,10.1694915254,34.380952381,-64.0
10:09:11,3088.0,3088.45764549,2.43213510579,66.6666666667,264.0,50.0,7.87608518716,-264.0,58.9211618257,98.5714285714,-342.0
10:09:11,3088.0,3088.45739131,2.43150348182,63.6363636364,36.0,0,7.87403977273,-6.0,77.6649746193,85.9047619048,-270.0
10:09:12,3088.0,3088.45713728,2.43043204448,63.6363636364,12.0,0,7.87057009223,-8.0,77.8894472362,70.5714285714,-278.0
10:09:12,3088.0,3088.45688338,2.42935962641,63.6363636364,218.0,0,7.86709723579,-76.0,85.667752443,113.904761905,-354.0
10:09:13,3088.0,3088.45662963,2.42872623223,63.6363636364,146.0,0,7.86504608882,-140.0,77.0588235294,126.380952381,-494.0
10:09:13,3088.0,3088.45637602,2.42765217066,63.6363636364,0.0,0,7.86156791018,0.0,0,94.0,-494.0
10:09:14,3088.0,3088.45612254,2.42657712493,63.6363636364,4.0,0,7.85808654445,-2.0,61.5384615385,62.9523809524,-232.0
10:09:14,3088.0,3088.45586921,2.4255010937,63.6363636364,68.0,0,7.85460198738,-66.0,51.3392857143,62.5714285714,-292.0
10:09:15,3088.0,3088.45561602,2.42486525972,63.6363636364,26.0,0,7.8525429395,-14.0,48.4848484848,48.6666666667,-298.0
10:09:15,3088.0,3088.45536297,2.42378757715,63.6363636364,2.0,0,7.8490530348,0.0,2.43902439024,27.2380952381,-222.0
10:09:16,3088.0,3088.45511006,2.42270890562,63.6363636364,28.0,0,7.84555992752,-20.0,4.6875,23.5238095238,-102.0
10:09:16,3089.0,3088.4554127,2.42172720477,66.6666666667,4.0,0,7.83984203551,4.0,7.57575757575,18.5714285714,-98.0
10:09:17,3088.0,3088.45515976,2.42108904113,63.6363636364,406.0,0,7.84031425235,0.0,1.87265917603,128.285714286,-96.0
10:09:17,3088.0,3088.45490696,2.4200078914,63.6363636364,18.0,0,7.83681311982,-6.0,2.06611570248,108.0,-36.0
10:09:18,3088.0,3088.45465431,2.41892574807,63.6363636364,208.0,0,7.83330876967,2.0,1.20120120121,144.380952381,-20.0
10:09:18,3088.0,3088.45440179,2.41784260981,63.6363636364,8.0,0,7.82980119756,0.0,1.78571428572,114.952380952,-20.0
10:09:19,3089.0,3088.45470482,2.41685720832,66.6666666667,2.0,0,7.82407642708,2.0,2.16718266254,83.5238095238,2.0
10:09:19,3088.0,3088.45445227,2.41621603398,63.6363636364,8.0,0,7.82453378878,-8.0,1.53846153847,55.0476190476,-10.0
10:09:20,3088.0,3088.45419987,2.41513040251,63.6363636364,12.0,0,7.82101814283,-2.0,3.90625000001,27.5238095238,-12.0
10:09:20,3088.0,3088.45394761,2.4144880985,63.6363636364,24.0,0,7.8189381428,-22.0,3.81679389314,22.1904761905,-28.0
10:09:21,3089.0,3088.45425089,2.41394457166,66.6666666667,2.0,0,7.81464736699,2.0,14.2857142857,10.2857142857,-28.0
10:09:21,3088.0,3088.45399859,2.41285676694,63.6363636364,24.0,0,7.81365533336,0.0,11.1111111111,14.4761904762,-28.0
10:09:22,3089.0,3088.45430184,2.41231248871,66.6666666667,4.0,0,7.80936383527,2.0,13.5135135135,12.1904761905,-28.0
10:09:22,3089.0,3088.45460493,2.41176795968,66.6666666667,0.0,0,7.80760103491,0.0,0,8.66666666667,-20.0
10:09:23,3089.0,3088.45490784,2.41077786676,66.6666666667,20.0,0,7.80439581339,20.0,40.5405405406,11.2380952381,2.0
10:09:23,3089.0,3088.45521058,2.41023267088,66.6666666667,32.0,0,7.80263085426,20.0,73.1707317073,16.8571428571,44.0
10:09:24,3089.0,3088.45551316,2.40924146661,66.6666666667,0.0,0,7.799422035,0.0,0,12.9523809524,42.0
10:09:24,3088.0,3088.45526017,2.40814948677,63.6363636364,6.0,0,7.79841155041,0.0,87.0967741935,10.8571428571,42.0
10:09:25,3089.0,3088.45556272,2.40715675155,66.6666666667,44.0,0,7.79267320023,-2.0,90.1960784314,20.4761904762,38.0
10:09:25,3089.0,3088.4558651,2.40616331814,66.6666666667,14.0,0,7.7894571646,10.0,89.6551724138,19.619047619,48.0
10:09:26,3089.0,3088.45616731,2.40516918568,66.6666666667,0.0,0,7.7862388659,0.0,0,14.0952380952,28.0
10:09:26,3089.0,3088.45646936,2.40417435328,66.6666666667,8.0,0,7.78301830134,2.0,86.1111111111,11.8095238095,10.0
10:09:27,3089.0,3088.45677123,2.4031788201,66.6666666667,122.0,0,7.7797954681,-118.0,32.9896907216,43.2380952381,-108.0
10:09:27,3089.0,3088.45707294,2.40218258524,66.6666666667,214.0,0,7.77657036336,-36.0,65.671641791,95.1428571429,-144.0
10:09:28,3088.0,3088.45681909,2.40108456718,63.6363636364,16.0,0,7.77553292482,-4.0,60.4278074866,80.5714285714,-146.0
10:09:28,3089.0,3088.45712077,2.40053517696,66.6666666667,46.0,0,7.77123721902,-4.0,53.2019704434,75.9047619048,-160.0
10:09:29,3088.0,3088.45686688,2.39988424039,63.6363636364,6.0,0,7.77164585619,6.0,52.427184466,58.2857142857,-154.0
10:09:29,3089.0,3088.45716854,2.39933425373,66.6666666667,8.0,0,7.76734947791,-2.0,51.9417475728,40.9523809524,-158.0
10:09:30,3088.0,3088.45691463,2.39868250875,63.6363636364,10.0,0,7.76775423818,2.0,70.6666666667,24.1904761905,-38.0
10:09:30,3089.0,3088.45721626,2.39813192473,66.6666666667,10.0,0,7.76345718591,8.0,22.9166666667,12.7619047619,6.0
10:09:31,3089.0,3088.45751772,2.39713175766,66.6666666667,2.0,0,7.76021935144,2.0,24.3902439024,8.7619047619,12.0
10:09:31,3089.0,3088.45781902,2.39613088329,66.6666666667,18.0,0,7.75697922724,-16.0,66.6666666667,10.0,0.0
10:09:32,3089.0,3088.45812014,2.39512930074,66.6666666667,8.0,0,7.75373681044,-6.0,78.5714285714,9.71428571429,-12.0
10:09:32,3089.0,3088.45842111,2.39412700912,66.6666666667,0.0,0,7.75049209816,0.0,0,7.04761904762,-10.0
10:09:33,3089.0,3088.4587219,2.39312400753,66.6666666667,2.0,0,7.74724508751,2.0,100.0,5.33333333333,-10.0
10:09:33,3089.0,3088.45902253,2.39212029509,66.6666666667,26.0,0,7.74399577562,-16.0,100.0,10.8571428571,-34.0
10:09:34,3089.0,3088.45932299,2.39111587089,66.6666666667,62.0,0,7.74074415957,10.0,100.0,25.9047619048,-26.0
10:09:34,3089.0,3088.45962328,2.39011073404,66.6666666667,6.0,0,7.73749023646,-2.0,100.0,22.0952380952,-12.0
10:09:35,3089.0,3088.4599234,2.38955649586,66.6666666667,26.0,0,7.73569600473,2.0,100.0,24.5714285714,-4.0
10:09:35,3088.0,3088.45966796,2.388447246,63.6363636364,6.0,0,7.73460895725,0.0,95.3125,20.4761904762,-4.0
10:09:36,3088.0,3088.45941266,2.3873369636,63.6363636364,4.0,0,7.73101348317,-4.0,92.3076923077,15.5238095238,-10.0
10:09:36,3089.0,3088.4597129,2.38678143475,66.6666666667,4.0,0,7.7267123171,0.0,88.8888888889,10.4761904762,6.0
10:09:37,3088.0,3088.45945758,2.38612228364,63.6363636364,14.0,0,7.72707993406,0.0,73.3333333333,9.33333333333,-4.0
10:09:37,3088.0,3088.4592024,2.38546265927,63.6363636364,4.0,0,7.72494384478,-2.0,65.5172413793,7.61904761905,-4.0
10:09:38,3088.0,3088.45894735,2.38480256126,63.6363636364,10.0,0,7.72280622168,-2.0,47.6190476191,7.71428571429,-8.0
10:09:38,3088.0,3088.45869245,2.38447872956,63.6363636364,0.0,0,7.72175754391,0.0,0,5.71428571429,-8.0
10:09:39,3088.0,3088.4584377,2.38381787356,63.6363636364,2.0,0,7.7196174662,0.0,58.8235294118,4.57142857143,-4.0
10:09:39,3088.0,3088.45818308,2.38315654291,63.6363636364,24.0,0,7.7174758514,-4.0,33.3333333333,9.80952380952,-8.0
10:09:40,3088.0,3088.4579286,2.38249473721,63.6363636364,0.0,0,7.71533269822,0.0,0,7.2380952381,-8.0
10:09:40,3088.0,3088.45767427,2.38137830979,63.6363636364,0.0,0,7.71171732444,0.0,0,5.33333333333,-6.0
10:09:41,3089.0,3088.45797548,2.3808197053,66.6666666667,2.0,0,7.70741244836,0.0,7.14285714286,4.19047619048,-4.0
10:09:41,3089.0,3088.45827652,2.38026084005,66.6666666667,2.0,0,7.70560323745,0.0,13.3333333333,3.42857142857,-4.0
10:09:42,3088.0,3088.45802199,2.37959715895,63.6363636364,4.0,0,7.70594934894,0.0,12.5,3.14285714286,-4.0
10:09:42,3089.0,3088.45832301,2.37903768218,66.6666666667,308.0,0,7.70164351627,-106.0,98.7341772152,89.619047619,-106.0
10:09:43,3089.0,3088.45862386,2.37847794403,66.6666666667,190.0,0,7.69983147955,-114.0,99.209486166,128.857142857,-220.0
10:09:43,3089.0,3088.45892454,2.37791794434,66.6666666667,22.0,0,7.69801859611,-10.0,95.0757575758,111.047619048,-230.0
10:09:44,3089.0,3088.45922505,2.37690216225,66.6666666667,0.0,0,7.69473021122,0.0,0,85.9047619048,-230.0
10:09:44,3089.0,3088.4595254,2.37634146651,66.6666666667,2.0,0,7.69291507447,0.0,94.6768060837,61.4285714286,-230.0
10:09:45,3089.0,3088.45982558,2.37578050853,66.6666666667,6.0,0,7.69109908879,-4.0,94.3181818182,38.0952380952,-234.0
10:09:45,3090.0,3088.46068099,2.37544146319,69.2307692308,10.0,0,7.68751282587,-8.0,83.4782608696,15.8095238095,-136.0
10:09:46,3090.0,3088.46153593,2.37510233698,69.2307692308,0.0,0,7.68641533002,0.0,0,4.85714285714,-22.0
10:09:46,3090.0,3088.4623904,2.37476312984,69.2307692308,30.0,0,7.68531757229,14.0,58.3333333333,11.5238095238,2.0
10:09:47,3089.0,3088.46268899,2.37374502255,66.6666666667,10.0,0,7.68450962303,-4.0,48.275862069,12.0952380952,-2.0
10:09:47,3090.0,3088.46354281,2.37294882185,69.2307692308,30.0,0,7.6794460254,-10.0,44.1860465116,17.9047619048,-12.0
10:09:48,3090.0,3088.46439616,2.3726091117,69.2307692308,24.0,0,7.6783466398,-16.0,40.3846153846,20.6666666667,-24.0
10:09:48,3090.0,3088.46524904,2.37226932038,69.2307692308,28.0,0,7.67724699151,0.0,55.737704918,23.7142857143,-16.0
10:09:49,3090.0,3088.46610144,2.37192944785,69.2307692308,4.0,0,7.67614708041,2.0,55.5555555556,19.0476190476,-14.0
10:09:49,3089.0,3088.46639797,2.37136660018,66.6666666667,4.0,0,7.67680997146,0.0,44.0,14.1904761905,-28.0
10:09:50,3090.0,3088.46724973,2.37056914495,69.2307692308,6.0,0,7.67174480566,2.0,50.0,11.1428571429,-22.0
10:09:50,3089.0,3088.46754562,2.37000571378,66.6666666667,8.0,0,7.67240438257,0.0,56.7567567568,8.85714285714,-12.0
10:09:51,3089.0,3088.46784135,2.36944201837,66.6666666667,42.0,0,7.67057953501,20.0,63.0434782609,17.3333333333,24.0
10:09:51,3090.0,3088.46869231,2.3691014471,69.2307692308,4.0,0,7.66699497444,-2.0,47.0588235294,14.0952380952,22.0
10:09:52,3090.0,3088.4695428,2.3687607943,69.2307692308,8.0,0,7.66589253819,2.0,52.7777777778,13.1428571429,22.0
10:09:52,3090.0,3088.47039282,2.36842005992,69.2307692308,0.0,0,7.66478983794,0.0,0,9.71428571429,22.0
10:09:53,3089.0,3088.47068696,2.36739736699,66.6666666667,28.0,0,7.66396039814,0.0,53.3333333333,14.4761904762,20.0
10:09:53,3089.0,3088.47098095,2.3663739386,66.6666666667,24.0,0,7.66064725995,14.0,47.1698113208,17.0476190476,34.0
10:09:54,3090.0,3088.47183016,2.36557382176,69.2307692308,24.0,0,7.65557871118,4.0,50.0,18.8571428571,18.0
10:09:54,3089.0,3088.47212351,2.36454911462,66.6666666667,30.0,0,7.65473976891,26.0,40.350877193,23.2380952381,46.0
10:09:55,3089.0,3088.47241669,2.36398307359,66.6666666667,8.0,0,7.65290732791,8.0,33.3333333333,20.0952380952,52.0
10:09:55,3089.0,3088.47270971,2.36341676641,66.6666666667,0.0,0,7.65107402527,0.0,0,14.6666666667,52.0
10:09:56,3089.0,3088.47300257,2.36239043772,66.6666666667,204.0,0,7.64775149797,80.0,8.27586206896,67.5238095238,132.0
10:09:56,3090.0,3088.47385067,2.3615881871,69.2307692308,120.0,0,7.64268021714,-10.0,8.29015544042,88.0,108.0
10:09:57,3089.0,3088.47414289,2.36056057307,66.6666666667,4.0,0,7.6418276888,-4.0,4.91803278689,70.7619047619,100.0
10:09:57,3089.0,3088.47443495,2.35953221719,66.6666666667,2.0,0,7.63849859886,0.0,4.14201183432,53.9047619048,74.0
10:09:58,3089.0,3088.47472685,2.35896399106,66.6666666667,8.0,0,7.63665908404,-6.0,5.91715976332,40.0952380952,60.0
10:09:58,3090.0,3088.47557399,2.35862089269,69.2307692308,108.0,0,7.63307732262,0.0,27.3542600897,54.8571428571,60.0
10:09:59,3089.0,3088.47586526,2.35805225062,66.6666666667,2.0,0,7.63370751254,-2.0,50.0,34.1904761905,-22.0
10:09:59,3089.0,3088.47615636,2.35748334048,66.6666666667,104.0,0,7.63186578334,-102.0,47.3684210526,52.2857142857,-114.0
10:10:00,3089.0,3088.47644731,2.35691416205,66.6666666667,20.0,0,7.63002318567,0.0,44.262295082,47.1428571429,-110.0
10:10:00,3089.0,3088.47673809,2.35588303541,66.6666666667,130.0,0,7.62668512597,-22.0,54.3010752688,72.6666666667,-132.0
10:10:01,3090.0,3088.47758411,2.35553916071,69.2307692308,140.0,51.8518518519,7.62310407998,-12.0,40.0793650794,94.9523809524,-138.0
10:10:01,3089.0,3088.47787426,2.35496911922,61.5384615385,116.0,0,7.6237265109,-60.0,24.21875,104.095238095,-198.0
10:10:02,3089.0,3088.47816425,2.35393655054,61.5384615385,132.0,0,7.6203837829,-120.0,35.8255451713,117.428571429,-316.0
10:10:02,3090.0,3088.47900948,2.35312971263,66.6666666667,4.0,0,7.61530651335,-4.0,43.1734317343,88.0,-218.0
10:10:03,3090.0,3088.47985424,2.35278517315,66.6666666667,0.0,0,7.61419149886,0.0,0,62.1904761905,-218.0
10:10:03,3090.0,3088.48069853,2.35244055041,66.6666666667,130.0,0,7.61307621492,56.0,51.724137931,74.4761904762,-140.0
10:10:04,3090.0,3088.48154235,2.35209584437,66.6666666667,0.0,0,7.6119606614,0.0,0,49.619047619,-128.0
10:10:04,3089.0,3088.48183031,2.3510612261,61.5384615385,36.0,0,7.61107551345,-4.0,86.0927152318,41.7142857143,-72.0
10:10:05,3090.0,3088.4826735,2.35071618651,66.6666666667,104.0,0,7.60749574921,-2.0,94.1605839416,57.0476190476,46.0
10:10:05,3089.0,3088.48296082,2.34968056668,61.5384615385,6.0,0,7.6066059135,-4.0,93.4782608696,45.7142857143,46.0
10:10:06,3089.0,3088.48324799,2.34864419452,61.5384615385,20.0,0,7.60325087253,0.0,87.1621621622,38.2857142857,46.0
10:10:06,3090.0,3088.48409039,2.34783455195,66.6666666667,4.0,0,7.59817007104,-2.0,77.6470588235,25.3333333333,-12.0
10:10:07,3089.0,3088.48437693,2.34679687139,61.5384615385,2.0,0,7.59727054512,0.0,76.7441860465,17.8095238095,-12.0
10:10:07,3090.0,3088.48521871,2.34598626237,66.6666666667,36.0,0,7.59218855135,-6.0,86.0465116279,19.9047619048,-14.0
10:10:08,3090.0,3088.48606002,2.34459186938,66.6666666667,28.0,0,7.58767595268,4.0,70.8333333333,19.7142857143,-8.0
10:10:08,3090.0,3088.48690086,2.34378016853,66.6666666667,0.0,0,7.58504908909,0.0,0,15.1428571429,-4.0
10:10:09,3090.0,3088.48774124,2.34238396817,66.6666666667,2.0,0,7.58053064131,0.0,91.6666666667,11.4285714286,-4.0
10:10:09,3090.0,3088.48858115,2.34098663844,66.6666666667,12.0,0,7.57600853864,8.0,90.0,11.4285714286,6.0
10:10:10,3090.0,3088.4894206,2.33958817733,66.6666666667,10.0,0,7.57148277453,8.0,93.1818181818,10.4761904762,14.0
10:10:10,3090.0,3088.49025957,2.33818858281,66.6666666667,24.0,0,7.56695334241,22.0,92.1052631579,13.1428571429,42.0
10:10:11,3089.0,3088.49054268,2.33714444051,61.5384615385,28.0,0,7.5660227922,2.0,89.4736842105,17.5238095238,40.0
10:10:11,3090.0,3088.49138104,2.33632902934,66.6666666667,2.0,0,7.56093537003,0.0,89.7435897436,14.4761904762,40.0
10:10:12,3089.0,3088.49166353,2.33528355999,61.5384615385,10.0,0,7.55999857556,0.0,88.3720930233,13.619047619,40.0
10:10:12,3090.0,3088.49250126,2.3344671683,66.6666666667,10.0,0,7.55490992978,2.0,88.0952380952,12.380952381,34.0
10:10:13,3090.0,3088.49333852,2.33365035875,66.6666666667,0.0,0,7.55226653318,0.0,0,8.38095238095,26.0
10:10:13,3090.0,3088.49417533,2.33283313091,66.6666666667,36.0,0,7.54962178288,16.0,81.3953488372,15.1428571429,20.0
10:10:14,3090.0,3088.49501166,2.33201548433,66.6666666667,22.0,0,7.54697567743,0.0,62.5,17.3333333333,18.0
10:10:14,3090.0,3088.49584754,2.33119741856,66.6666666667,22.0,0,7.54432821542,4.0,70.0,19.8095238095,22.0
10:10:15,3090.0,3088.49668294,2.33037893318,66.6666666667,202.0,0,7.54167939541,-192.0,90.4109589041,72.7619047619,-170.0
10:10:15,3090.0,3088.49751789,2.32956002774,66.6666666667,0.0,0,7.53902921598,0.0,0,58.8571428571,-172.0
10:10:16,3090.0,3088.49835237,2.32874070179,66.6666666667,0.0,0,7.5363776757,0.0,0,45.4285714286,-172.0
10:10:16,3089.0,3088.49863098,2.3276899347,61.5384615385,330.0,0,7.53541578083,-292.0,96.1805555556,126.285714286,-480.0
10:10:17,3090.0,3088.49946485,2.32686961866,66.6666666667,178.0,0,7.53032239047,-158.0,99.7267759563,149.714285714,-638.0
10:10:17,3090.0,3088.50029825,2.32651900134,66.6666666667,4.0,0,7.52918770659,0.0,99.7198879552,116.0,-642.0
10:10:18,3090.0,3088.50113118,2.32569807322,66.6666666667,54.0,0,7.52653098129,10.0,99.2932862191,97.4285714286,-440.0
10:10:18,3090.0,3088.50196366,2.32487672247,66.6666666667,8.0,0,7.52387288826,2.0,99.3031358885,72.7619047619,-438.0
10:10:19,3089.0,3088.50224027,2.32429398214,61.5384615385,2.0,0,7.52442208528,0.0,98.9583333333,46.0,-438.0
10:10:19,3090.0,3088.50307212,2.32347186938,66.6666666667,10.0,0,7.51932643811,0.0,98.4375,21.4285714286,-146.0
10:10:20,3090.0,3088.50390352,2.32264933273,66.6666666667,8.0,0,7.51666450722,-4.0,93.023255814,11.5238095238,8.0
10:10:20,3090.0,3088.50473445,2.32182637176,66.6666666667,4.0,0,7.51400120312,0.0,93.023255814,8.57142857143,8.0
10:10:21,3090.0,3088.50556493,2.32100298602,66.6666666667,0.0,0,7.51133652433,0.0,0,4.47619047619,-2.0
10:10:21,3090.0,3088.50639494,2.32017917505,66.6666666667,2.0,0,7.50867046941,0.0,84.6153846154,3.52380952381,-4.0
10:10:22,3090.0,3088.50722449,2.31935493839,66.6666666667,0.0,0,7.50600303687,0.0,0,2.28571428571,-4.0
10:10:22,3089.0,3088.50749817,2.31829752082,61.5384615385,6.0,0,7.5050097793,-4.0,70.0,2.85714285714,-8.0
10:10:23,3089.0,3088.50777171,2.31771199438,61.5384615385,0.0,0,7.50311425827,0.0,0,1.90476190476,-4.0
10:10:23,3089.0,3088.5080451,2.3166533273,61.5384615385,2.0,0,7.49968704208,0.0,40.0,1.90476190476,-4.0
10:10:24,3090.0,3088.50887373,2.31582716937,66.6666666667,60.0,0,7.49458630864,8.0,91.4285714286,18.5714285714,4.0
10:10:24,3090.0,3088.5097019,2.31500058329,66.6666666667,8.0,0,7.49191127277,-2.0,89.4736842105,17.5238095238,2.0
10:10:25,3090.0,3088.51052962,2.31417356859,66.6666666667,0.0,0,7.4892348498,0.0,0,13.9047619048,2.0
10:10:25,3089.0,3088.51080147,2.31311238138,61.5384615385,834.0,0,7.48822396044,-644.0,7.52212389382,248.571428571,-638.0
10:10:26,3089.0,3088.51107317,2.31252460781,61.5384615385,150.0,0,7.48632116481,-2.0,6.07210626187,248.380952381,-640.0
10:10:26,3089.0,3088.51134472,2.31193655131,61.5384615385,10.0,0,7.48441745325,0.0,6.9679849341,201.047619048,-640.0
10:10:27,3089.0,3088.51161612,2.31134821166,61.5384615385,44.0,0,7.48251282506,2.0,5.3537284895,163.047619048,-646.0
10:10:27,3089.0,3088.51188737,2.31075958865,61.5384615385,8.0,0,7.48060727954,4.0,5.3537284895,115.523809524,-640.0
10:10:28,3088.0,3088.51160307,2.30958149167,57.1428571429,4.0,0,7.4792146751,0.0,5.52380952382,66.8571428571,-640.0
10:10:28,3089.0,3088.51187432,2.30851668947,61.5384615385,312.0,0,7.47334635632,-46.0,69.696969697,106.0,-42.0
10:10:29,3089.0,3088.51214543,2.30745109494,61.5384615385,68.0,0,7.46989671396,-16.0,98.6547085202,100.285714286,-56.0
10:10:29,3089.0,3088.51241638,2.306384707,61.5384615385,0.0,0,7.46644450306,0.0,0,79.0476190476,-56.0
10:10:30,3089.0,3088.51268719,2.30531752453,61.5384615385,22.0,0,7.46298972006,-20.0,93.7198067633,64.5714285714,-78.0
10:10:30,3089.0,3088.51295784,2.30472615604,61.5384615385,0.0,0,7.46107528662,0.0,0,44.8571428571,-82.0
10:10:31,3089.0,3088.51322835,2.30413450182,61.5384615385,2.0,0,7.45915992819,-2.0,94.0594059406,26.0952380952,-84.0
10:10:31,3089.0,3088.5134987,2.30354256165,61.5384615385,0.0,0,7.45724364406,0.0,0,6.85714285714,-38.0
10:10:32,3089.0,3088.5137689,2.30247315704,61.5384615385,4.0,0,7.45378166734,0.0,0,3.61904761905,-22.0
10:10:32,3090.0,3088.51459436,2.30163909322,66.6666666667,408.0,0,7.44867020459,116.0,1.83486238532,118.857142857,94.0
10:10:33,3089.0,3088.51486395,2.3005683007,61.5384615385,6.0,0,7.44761508805,6.0,1.90476190476,99.8095238095,120.0
10:10:33,3090.0,3088.5156888,2.29973321051,66.6666666667,16.0,0,7.44250229937,10.0,2.29357798165,84.380952381,130.0
10:10:34,3089.0,3088.51595779,2.29913933172,61.5384615385,32.0,0,7.44298909589,-28.0,2.14592274678,72.7619047619,104.0
10:10:34,3089.0,3088.51622662,2.29854516522,61.5384615385,32.0,0,7.44106560446,-4.0,8.43373493976,59.7142857143,100.0
10:10:35,3090.0,3088.51705071,2.29770893675,66.6666666667,10.0,0,7.43595125162,-6.0,9.12698412698,38.8571428571,94.0
10:10:35,3090.0,3088.51787435,2.29687226946,66.6666666667,2.0,0,7.43324359049,0.0,40.8163265306,15.4285714286,-22.0
10:10:36,3088.0,3088.51758672,2.29568166804,57.1428571429,16.0,0,7.43420229288,0.0,33.3333333333,15.3333333333,-28.0
10:10:36,3090.0,3088.51841005,2.29532332844,66.6666666667,46.0,0,7.42823083639,-2.0,59.4202898551,23.3333333333,-40.0
10:10:37,3089.0,3088.51867753,2.29424777204,61.5384615385,4.0,0,7.42715368093,-4.0,74.5454545455,17.9047619048,-16.0
10:10:37,3089.0,3088.51894485,2.29317140834,61.5384615385,6.0,0,7.42366917559,0.0,61.9047619048,14.380952381,-12.0
10:10:38,3090.0,3088.51976743,2.29233220975,66.6666666667,6.0,0,7.41855084063,0.0,62.5,12.0952380952,-6.0
10:10:38,3090.0,3088.52058956,2.29197304349,66.6666666667,0.0,0,7.41738849027,0.0,0,8.28571428571,-6.0
10:10:39,3090.0,3088.52141122,2.29161378727,66.6666666667,0.0,0,7.41622584877,0.0,0,4.57142857143,-6.0
10:10:39,3089.0,3088.52167703,2.2910162545,61.5384615385,2.0,0,7.41669230982,2.0,22.2222222222,2.19047619048,-2.0
10:10:40,3089.0,3088.52194269,2.28993746208,61.5384615385,2.0,0,7.41319994199,2.0,25.0,1.90476190476,4.0
10:10:40,3089.0,3088.52220821,2.2888578578,61.5384615385,44.0,0,7.40970494594,40.0,3.7037037037,13.7142857143,44.0
10:10:41,3089.0,3088.52247357,2.28777744051,61.5384615385,0.0,0,7.40620731792,0.0,0,11.1428571429,44.0
10:10:41,3089.0,3088.52273879,2.28717816329,61.5384615385,12.0,0,7.4042672816,12.0,0,12.2857142857,56.0
10:10:42,3089.0,3088.52300386,2.28657859403,61.5384615385,10.0,0,7.40232629986,4.0,0,12.2857142857,60.0
10:10:42,3090.0,3088.52382419,2.28621795012,66.6666666667,2.0,0,7.39876359261,0.0,2.85714285714,9.52380952381,58.0
10:10:43,3090.0,3088.52464406,2.28585721555,66.6666666667,18.0,0,7.39759616682,-16.0,23.2558139535,11.3333333333,40.0
10:10:43,3090.0,3088.52546347,2.28549639028,66.6666666667,868.0,0,7.39642844752,236.0,97.5824175824,255.238095238,236.0
10:10:44,3090.0,3088.52628243,2.28513547428,66.6666666667,10.0,0,7.39526043456,0.0,96.5217391304,214.761904762,236.0
10:10:44,3090.0,3088.52710094,2.28477446749,66.6666666667,4.0,0,7.39409212779,4.0,97.3684210526,172.095238095,228.0
10:10:45,3090.0,3088.52791899,2.28441336987,66.6666666667,2.0,0,7.39292352709,2.0,98.2300884956,129.238095238,226.0
10:10:45,3090.0,3088.52873658,2.28405218138,66.6666666667,18.0,0,7.39175463231,10.0,98.0434782609,91.3333333333,236.0
10:10:46,3090.0,3088.52955372,2.28405218138,66.6666666667,0.0,0,7.39175463231,0.0,0,47.5238095238,252.0
10:10:46,3091.0,3088.53092581,2.28441336987,69.2307692308,14.0,0,7.39053176924,14.0,50.0,8.57142857143,30.0
10:10:47,3090.0,3088.53174174,2.28405218138,66.6666666667,54.0,0,7.39175463231,38.0,39.1304347826,21.7142857143,68.0
10:10:47,3090.0,3088.53255721,2.28369090198,66.6666666667,6.0,0,7.39058544331,4.0,40.4255319149,19.0476190476,68.0
10:10:48,3090.0,3088.53337223,2.28332953163,66.6666666667,76.0,0,7.38941595996,12.0,23.8095238095,36.2857142857,78.0
10:10:48,3090.0,3088.5341868,2.28296807027,66.6666666667,14.0,0,7.38824618211,6.0,17.0731707317,32.2857142857,74.0
10:10:49,3090.0,3088.53500091,2.28260651787,66.6666666667,10.0,0,7.38707610962,-2.0,20.6896551724,27.3333333333,72.0
10:10:49,3090.0,3088.53581458,2.28224487439,66.6666666667,6.0,0,7.38590574235,4.0,16.8674698795,20.7619047619,62.0
10:10:50,3090.0,3088.53662779,2.28224487439,66.6666666667,40.0,0,7.38590574235,0.0,15.7894736842,24.2857142857,24.0
10:10:50,3091.0,3088.53799595,2.28224487439,69.2307692308,16.0,0,7.38351625489,-8.0,18.5185185185,21.619047619,12.0
10:10:51,3090.0,3088.53880795,2.28188313977,66.6666666667,8.0,53.8461538462,7.38473508017,0.0,31.914893617,16.1904761905,0.0
10:10:51,3090.0,3088.53961949,2.28152131399,72.7272727273,30.0,0,7.38356412293,-24.0,25.4545454545,20.2857142857,-30.0
10:10:52,3091.0,3088.54098599,2.28188313977,75.0,6.0,0,7.38234597144,2.0,22.641509434,16.7619047619,-26.0
10:10:52,3090.0,3088.54179633,2.28152131399,72.7272727273,2.0,0,7.38356412293,0.0,23.5294117647,12.2857142857,-30.0
10:10:53,3091.0,3088.54316162,2.28152131399,75.0,16.0,0,7.38117539303,-4.0,38.4615384615,12.0,-34.0
10:10:53,3091.0,3088.54452615,2.28188313977,75.0,170.0,0,7.38234597144,-136.0,11.2068965517,56.8571428571,-162.0
10:10:54,3091.0,3088.54588992,2.28188313977,75.0,234.0,0,7.38234597144,6.0,55.8951965066,112.666666667,-156.0
10:10:54,3091.0,3088.54725294,2.28224487439,75.0,62.0,0,7.38351625489,10.0,61.6326530612,108.571428571,-122.0
10:10:55,3091.0,3088.5486152,2.28260651787,75.0,28.0,0,7.38468624352,2.0,63.671875,93.2380952381,-122.0
10:10:55,3091.0,3088.5499767,2.28296807027,75.0,40.0,0,7.38585593747,-14.0,66.5454545455,80.2857142857,-136.0
10:10:56,3090.0,3088.55078205,2.28296807027,72.7272727273,12.0,0,7.38824618211,-4.0,65.5677655678,57.5238095238,-136.0
10:10:56,3091.0,3088.55214234,2.28332953163,75.0,50.0,0,7.38702533687,-18.0,91.5492957747,45.8095238095,-18.0
10:10:57,3091.0,3088.55350189,2.28369090198,75.0,222.0,0,7.38819444187,92.0,86.9565217391,88.9523809524,68.0
10:10:57,3091.0,3088.55486068,2.28405218138,75.0,10.0,0,7.38936325262,0.0,88.9502762431,72.0952380952,58.0
10:10:58,3091.0,3088.55621871,2.28441336987,75.0,28.0,0,7.39053176924,-6.0,88.9502762431,62.8571428571,50.0
10:10:58,3091.0,3088.55757599,2.28477446749,75.0,36.0,0,7.39169999187,16.0,88.2681564246,55.9047619048,80.0
10:10:59,3091.0,3088.55893251,2.28513547428,75.0,2.0,0,7.39286792067,-2.0,89.6551724138,39.4285714286,82.0
10:10:59,3091.0,3088.56028829,2.28549639028,75.0,4.0,0,7.39403555575,0.0,92.7152317881,24.0,100.0
10:11:00,3090.0,3088.5610879,2.28549639028,72.7272727273,30.0,0,7.39642844752,20.0,96.3636363636,18.1904761905,28.0
10:11:00,3091.0,3088.56244248,2.28585721555,75.0,14.0,0,7.39520289728,6.0,96.4912280702,16.9523809524,34.0
10:11:01,3091.0,3088.5637963,2.28621795012,75.0,14.0,0,7.39636994538,10.0,92.0,15.5238095238,50.0
10:11:01,3090.0,3088.56459397,2.28645710896,72.7272727273,526.0,0,7.39953756945,-58.0,98.6440677966,161.047619048,-24.0
10:11:02,3091.0,3088.5659466,2.28705671007,75.0,8.0,0,7.3990835007,8.0,98.6577181208,135.238095238,-14.0
10:11:02,3091.0,3088.56729847,2.2876560191,75.0,16.0,0,7.40102238467,6.0,98.6842105263,111.428571429,-8.0
10:11:03,3092.0,3088.569205,2.28873649371,76.9230769231,488.0,0,7.40212320088,260.0,99.6247654784,221.904761905,232.0
10:11:03,3092.0,3088.57111047,2.28981615522,76.9230769231,80.0,0,7.405614991,6.0,97.3498233216,194.0,232.0
10:11:04,3092.0,3088.57301488,2.29089500476,76.9230769231,12.0,0,7.40910415511,6.0,97.5221238938,143.523809524,228.0
10:11:04,3092.0,3088.57491823,2.29197304349,76.9230769231,14.0,0,7.41259069694,0.0,94.498381877,93.7142857143,286.0
10:11:05,3092.0,3088.57682053,2.29305027256,76.9230769231,50.0,0,7.41607462017,22.0,94.5454545455,78.5714285714,300.0
10:11:05,3092.0,3088.57872176,2.29412669309,76.9230769231,42.0,0,7.41955592849,-4.0,94.7521865889,59.1428571429,290.0
10:11:06,3091.0,3088.58006654,2.29472281066,75.0,24.0,0,7.42388486141,-2.0,81.0810810811,33.3333333333,28.0
10:11:06,3092.0,3088.58196598,2.29579794286,76.9230769231,24.0,0,7.42496100537,-4.0,90.3614457831,29.619047619,18.0
10:11:07,3092.0,3088.58386436,2.29687226946,76.9230769231,16.0,0,7.4284355416,2.0,89.4117647059,26.2857142857,14.0
10:11:07,3092.0,3088.58576169,2.29770893675,76.9230769231,18.0,0,7.43114145133,-2.0,94.2528735632,23.3333333333,12.0
10:11:08,3092.0,3088.58765796,2.29878186677,76.9230769231,16.0,0,7.43461147079,-8.0,94.2857142857,19.619047619,-18.0
10:11:08,3092.0,3088.58955318,2.29985399429,76.9230769231,40.0,0,7.43807889486,20.0,92.7536231884,24.380952381,6.0
10:11:09,3092.0,3088.59144734,2.30092532044,76.9230769231,22.0,0,7.44154372717,6.0,95.5882352941,24.0952380952,14.0
10:11:09,3092.0,3088.59334046,2.30199584633,76.9230769231,24.0,0,7.44500597133,10.0,94.1176470588,24.4761904762,28.0
10:11:10,3091.0,3088.59467712,2.30258845221,75.0,18.0,0,7.4493317768,18.0,95.652173913,23.1428571429,44.0
10:11:10,3092.0,3088.59656844,2.30365770281,76.9230769231,122.0,0,7.45038066886,76.0,96.694214876,51.4285714286,122.0
10:11:11,3092.0,3088.59845871,2.30484110416,76.9230769231,12.0,0,7.45420796947,0.0,96.6386554622,43.3333333333,130.0
10:11:11,3092.0,3088.60034793,2.30590860751,76.9230769231,8.0,0,7.45766043825,0.0,97.0873786408,34.2857142857,110.0
10:11:12,3092.0,3088.6022361,2.30697531587,76.9230769231,72.0,0,7.46111033593,24.0,97.65625,45.0476190476,128.0
10:11:12,3092.0,3088.60412323,2.30804123035,76.9230769231,20.0,0,7.46455766607,-20.0,98.4126984127,38.5714285714,98.0
10:11:13,3092.0,3088.6060093,2.30910635205,76.9230769231,142.0,0,7.46800243223,-60.0,99.4680851064,67.1428571429,20.0
10:11:13,3092.0,3088.60789433,2.31017068206,76.9230769231,4.0,0,7.47144463797,4.0,100.0,50.380952381,-52.0
10:11:14,3092.0,3088.60977831,2.31123422148,76.9230769231,44.0,0,7.47488428681,0.0,100.0,50.6666666667,-52.0
10:11:14,3092.0,3088.61166124,2.31241080909,76.9230769231,52.0,0,7.47868955075,-4.0,100.0,51.7142857143,-56.0
10:11:15,3092.0,3088.61354313,2.31347261829,76.9230769231,6.0,0,7.48212360377,-6.0,100.0,37.5238095238,-86.0
10:11:15,3092.0,3088.61542397,2.31464713467,76.9230769231,38.0,0,7.48592216904,-10.0,97.9020979021,35.619047619,-76.0
10:11:16,3092.0,3088.61730377,2.31582052227,76.9230769231,8.0,0,7.48971708366,-4.0,96.0526315789,24.2857142857,-20.0
10:11:16,3092.0,3088.61918252,2.3169927828,76.9230769231,12.0,0,7.49350835318,-2.0,93.75,20.4761904762,-26.0
10:11:17,3092.0,3088.62106023,2.31816391798,76.9230769231,12.0,0,7.49729598311,2.0,90.625,16.2857142857,-24.0
10:11:17,3091.0,3088.6223815,2.31886185298,75.0,28.0,0,7.50197946613,0.0,80.7692307692,18.1904761905,-20.0
10:11:18,3092.0,3088.62425743,2.31991851443,76.9230769231,48.0,0,7.50297061587,46.0,86.301369863,26.9523809524,32.0
10:11:18,3092.0,3088.62613232,2.32108684366,76.9230769231,56.0,0,7.50674917095,54.0,90.243902439,36.0,96.0
10:11:19,3092.0,3088.62800617,2.32225405348,76.9230769231,30.0,0,7.51052410568,2.0,91.3978494624,36.7619047619,102.0
10:11:19,3092.0,3088.62987898,2.32342014557,76.9230769231,76.0,0,7.51429542552,2.0,95.2,49.619047619,106.0
10:11:20,3092.0,3088.63175075,2.32458512162,76.9230769231,222.0,0,7.5180631359,82.0,97.8260869565,101.142857143,186.0
10:11:20,3092.0,3088.63362148,2.3257489833,76.9230769231,44.0,0,7.52182724225,-36.0,99.5798319328,91.8095238095,150.0
10:11:21,3092.0,3088.63549117,2.32680022897,76.9230769231,70.0,0,7.52522713122,-4.0,99.5983935743,89.1428571429,100.0
10:11:21,3092.0,3088.63735983,2.32785070159,76.9230769231,248.0,0,7.52862452002,68.0,100.0,136.285714286,114.0
10:11:22,3092.0,3088.63922744,2.32890040219,76.9230769231,18.0,0,7.53201941201,6.0,99.7050147493,108.571428571,118.0
10:11:22,3092.0,3088.64109402,2.33006038641,76.9230769231,16.0,0,7.53577097804,16.0,99.6763754045,80.8571428571,132.0
10:11:23,3092.0,3088.64295956,2.33110839688,76.9230769231,94.0,0,7.5391604039,56.0,83.2653061224,78.2857142857,106.0
10:11:23,3092.0,3088.64482406,2.33226635658,76.9230769231,82.0,0,7.54290542231,82.0,70.0757575758,78.380952381,224.0
10:11:24,3092.0,3088.64668753,2.33342321255,76.9230769231,68.0,0,7.54664687113,68.0,58.5551330798,72.6666666667,296.0
10:11:24,3091.0,3088.64799457,2.33411162615,75.0,114.0,0,7.5513155165,12.0,43.3673469388,80.1904761905,240.0
10:11:25,3091.0,3088.64930087,2.33479953934,75.0,4.0,0,7.55354105253,2.0,41.2698412698,62.6666666667,236.0
10:11:25,3092.0,3088.65116186,2.33595381952,76.9230769231,20.0,0,7.55483124035,0.0,41.8848167539,50.380952381,220.0
10:11:26,3092.0,3088.6530218,2.33710700136,76.9230769231,50.0,0,7.55856080647,10.0,46.1538461538,46.4761904762,174.0
10:11:26,3092.0,3088.65488072,2.33825908649,76.9230769231,8.0,0,7.56228682565,8.0,59.8484848485,32.6666666667,100.0
10:11:27,3091.0,3088.6561832,2.33894429533,75.0,38.0,0,7.56695016283,34.0,73.5042735043,30.9523809524,66.0
10:11:27,3091.0,3088.65748496,2.33951956066,75.0,56.0,0,7.56881126061,56.0,59.0909090909,35.8095238095,110.0
10:11:28,3092.0,3088.6593414,2.3405599731,76.9230769231,26.0,0,7.56972824416,24.0,61.6161616162,34.8571428571,132.0
10:11:28,3092.0,3088.6611968,2.34159962669,76.9230769231,22.0,0,7.5730906426,22.0,62.0,31.7142857143,154.0
10:11:29,3091.0,3088.66249578,2.34217371273,75.0,68.0,0,7.57739797067,16.0,60.5504587156,41.619047619,160.0
10:11:29,3091.0,3088.66379403,2.34274752635,75.0,4.0,0,7.57925437189,0.0,58.8785046729,32.380952381,152.0
10:11:30,3092.0,3088.66564696,2.34378551825,76.9230769231,32.0,0,7.58016014958,14.0,50.9615384615,31.3333333333,132.0
10:11:30,3091.0,3088.66694347,2.34435860822,75.0,46.0,0,7.58446654229,0.0,32.3232323232,34.5714285714,76.0
10:11:31,3091.0,3088.66823925,2.34493142652,75.0,8.0,0,7.58631972344,6.0,26.6666666667,27.4285714286,58.0
10:11:31,3092.0,3088.67008971,2.34574082115,76.9230769231,244.0,0,7.58648389763,-12.0,56.7164179105,88.5714285714,24.0
10:11:32,3092.0,3088.67193915,2.34677660135,76.9230769231,0.0,0,7.58983376894,0.0,0,69.4285714286,8.0
10:11:32,3092.0,3088.67378756,2.34781162882,76.9230769231,4.0,0,7.59318120577,0.0,63.4730538922,54.6666666667,8.0
10:11:33,3092.0,3088.67563494,2.34884590455,76.9230769231,10.0,0,7.59652621136,2.0,70.5128205128,41.619047619,-4.0
10:11:33,3091.0,3088.6769259,2.34919049625,75.0,10.0,0,7.60009866142,10.0,81.1594202899,29.619047619,6.0
10:11:34,3091.0,3088.67821614,2.34953500456,75.0,48.0,0,7.60121321437,16.0,80.3797468355,30.1904761905,16.0
10:11:34,3091.0,3088.67950566,2.35010557617,75.0,28.0,0,7.60305912704,20.0,76.0,23.1428571429,48.0
10:11:35,3092.0,3088.68134986,2.35113815359,76.9230769231,314.0,0,7.60393969468,-38.0,44.9275362319,108.095238095,10.0
10:11:35,3092.0,3088.68319305,2.35216998249,76.9230769231,96.0,0,7.60727678685,62.0,41.1067193676,115.80952381,72.0
10:11:36,3091.0,3088.6844798,2.35273939035,75.0,66.0,0,7.61158003994,40.0,35.231316726,110.571428571,110.0
10:11:36,3091.0,3088.68576585,2.35330852927,75.0,198.0,0,7.61342131761,-150.0,52.0,140.380952381,-50.0
10:11:37,3091.0,3088.68705118,2.35387739947,75.0,36.0,0,7.61526172588,-4.0,48.5094850948,114.952380952,-70.0
10:11:37,3091.0,3088.68833579,2.35444600113,75.0,18.0,0,7.61710126537,-16.0,45.8791208791,84.9523809524,-106.0
10:11:38,3091.0,3088.68961969,2.35501433444,75.0,8.0,0,7.61893993673,0.0,54.5023696682,52.5714285714,-68.0
10:11:38,3092.0,3088.69145828,2.35604318852,76.9230769231,2.0,0,7.61980332639,2.0,62.8048780488,33.0476190476,-128.0
10:11:39,3092.0,3088.69329585,2.35684654089,76.9230769231,8.0,0,7.62240149057,0.0,77.7777777778,19.7142857143,-168.0
10:11:39,3092.0,3088.6951324,2.3576494886,76.9230769231,46.0,0,7.62499834606,-2.0,50.8474576271,20.0,-20.0
10:11:40,3092.0,3088.69696793,2.35867650624,76.9230769231,104.0,0,7.62831987789,2.0,44.0860215054,44.0952380952,-14.0
10:11:40,3091.0,3088.69824703,2.35924303551,75.0,74.0,0,7.63262062605,54.0,60.3305785124,56.380952381,56.0
10:11:41,3091.0,3088.69952543,2.35980929798,75.0,64.0,57.6923076923,7.6344525978,-64.0,46.9798657718,63.1428571429,-8.0
10:11:41,3091.0,3088.70080312,2.36037529384,66.6666666667,24.0,0,7.63628370703,10.0,50.0,55.8095238095,0.0
10:11:42,3091.0,3088.70208009,2.36094102329,66.6666666667,16.0,0,7.63811395434,-6.0,48.7804878049,45.1428571429,-6.0
10:11:42,3091.0,3088.70335636,2.3615064865,66.6666666667,26.0,0,7.63994334036,8.0,41.5584415584,36.9523809524,4.0
10:11:43,3092.0,3088.70518732,2.36230687041,70.0,70.0,0,7.6400610298,0.0,63.503649635,42.2857142857,2.0
10:11:43,3091.0,3088.70646186,2.36264812717,66.6666666667,40.0,0,7.64363677507,0.0,45.8333333333,40.6666666667,-52.0
10:11:44,3091.0,3088.7077357,2.36321285542,66.6666666667,14.0,0,7.64546378329,-2.0,61.052631579,33.2380952381,10.0
10:11:44,3091.0,3088.70900882,2.36377731817,66.6666666667,34.0,0,7.6472899326,-22.0,52.0,33.9047619048,-22.0
10:11:45,3092.0,3088.71083664,2.36479971681,70.0,116.0,0,7.64812327558,-30.0,53.3333333333,57.5238095238,-46.0
10:11:45,3092.0,3088.71266345,2.36582138009,70.0,212.0,0,7.65142749057,-44.0,73.6625514403,103.80952381,-98.0
10:11:46,3092.0,3088.71448924,2.36661945701,70.0,130.0,0,7.65400859319,90.0,74.358974359,117.80952381,-8.0
10:11:46,3092.0,3088.71631402,2.36763984621,70.0,34.0,0,7.65730868761,6.0,79.2592592593,101.523809524,-2.0
10:11:47,3092.0,3088.71813778,2.36865950265,70.0,20.0,0,7.6606064122,-6.0,80.9523809524,81.5238095238,-6.0
10:11:47,3092.0,3088.71996053,2.36945610262,70.0,6.0,0,7.66318273808,2.0,84.555984556,57.2380952381,18.0
10:11:48,3092.0,3088.72178227,2.37047448954,70.0,26.0,0,7.66647635685,24.0,93.9252336449,40.0,72.0
10:11:48,3092.0,3088.72360299,2.37149214631,70.0,6.0,0,7.66976761419,2.0,88.2882882883,21.3333333333,118.0
10:11:49,3092.0,3088.72542271,2.37250907386,70.0,8.0,0,7.67305651314,0.0,86.0,13.0476190476,28.0
10:11:49,3091.0,3088.72668601,2.37284788783,66.6666666667,14.0,0,7.67663503018,4.0,82.5,12.2857142857,26.0
10:11:50,3091.0,3088.72794861,2.37340823852,66.6666666667,32.0,0,7.67844787615,28.0,80.4347826087,17.619047619,60.0
10:11:50,3091.0,3088.72921051,2.37396832693,66.6666666667,6.0,0,7.68025987361,4.0,73.9130434783,14.9523809524,62.0
10:11:51,3091.0,3088.73047171,2.37452815326,66.6666666667,0.0,0,7.68207102316,0.0,0,10.5714285714,38.0
10:11:51,3091.0,3088.73173221,2.37519198379,66.6666666667,4.0,0,7.68421864702,2.0,62.5,8.57142857143,38.0
10:11:52,3091.0,3088.73299201,2.37585533656,66.6666666667,36.0,0,7.68636472519,12.0,45.652173913,15.8095238095,50.0
10:11:52,3091.0,3088.73425111,2.37641419884,66.6666666667,484.0,0,7.68817275587,334.0,90.7473309608,149.714285714,380.0
10:11:53,3091.0,3088.73550951,2.37697279988,66.6666666667,18.0,0,7.68997994137,4.0,88.6861313869,128.095238095,356.0
10:11:53,3092.0,3088.73732261,2.37808921896,70.0,26.0,0,7.6911035542,26.0,90.1408450704,109.428571429,378.0
10:11:54,3092.0,3088.73913471,2.37920459527,70.0,42.0,0,7.69471085147,38.0,88.8524590164,94.380952381,416.0
10:11:54,3092.0,3088.7409458,2.38021550469,70.0,14.0,0,7.69798028684,14.0,89.0322580645,69.3333333333,428.0
10:11:55,3092.0,3088.74275588,2.38122569331,70.0,472.0,0,7.70124739103,-52.0,96.0227272727,174.666666667,364.0
10:11:55,3092.0,3088.74456496,2.38233830563,70.0,162.0,0,7.70484574912,-150.0,96.1852861035,170.666666667,-120.0
10:11:56,3093.0,3088.74692843,2.38401892172,72.7272727273,82.0,0,7.70778830172,-32.0,88.2205513784,159.142857143,-156.0
10:11:56,3092.0,3088.74873519,2.38502633472,70.0,106.0,0,7.71353924552,-76.0,80.6378132118,151.428571429,-258.0
10:11:57,3093.0,3088.75109635,2.38660123022,72.7272727273,50.0,0,7.71613718145,-14.0,79.683972912,123.904761905,-310.0
10:11:57,3093.0,3088.7534562,2.38827690805,72.7272727273,4.0,0,7.72155482718,-2.0,79.6803652968,82.8571428571,-326.0
10:11:58,3093.0,3088.75581473,2.38984849912,72.7272727273,682.0,0,7.72663594932,576.0,81.2154696133,236.0,302.0
10:11:58,3092.0,3088.75761656,2.39085190664,70.0,156.0,0,7.73238003443,8.0,67.2222222222,228.857142857,460.0
10:11:59,3092.0,3088.75941738,2.39195642844,70.0,18.0,0,7.73595222652,-10.0,71.4566929134,182.571428571,482.0
10:11:59,3093.0,3088.76177261,2.39362577845,72.7272727273,32.0,0,7.73884829762,24.0,77.0700636943,143.333333333,582.0
10:12:00,3092.0,3088.76357112,2.3947278609,70.0,118.0,0,7.74491546217,70.0,69.900990099,132.19047619,666.0
10:12:00,3093.0,3088.76592404,2.39639383138,72.7272727273,134.0,0,7.74779770895,18.0,80.5263157895,122.380952381,686.0
10:12:01,3092.0,3088.76772025,2.39747859772,70.0,28.0,0,7.75381176495,-18.0,54.3209876543,76.0952380952,92.0
10:12:01,3092.0,3088.76951546,2.39856206924,70.0,20.0,0,7.75731587723,0.0,78.8571428571,58.6666666667,84.0
10:12:02,3091.0,3088.77075427,2.39919636751,66.6666666667,46.0,0,7.76187760437,2.0,84.126984127,55.1428571429,96.0
10:12:02,3092.0,3088.7725478,2.40027761705,70.0,10.0,0,7.76286422072,-6.0,83.1460674157,40.0,66.0
10:12:03,3092.0,3088.77434033,2.40135757643,70.0,0.0,0,7.76635697422,0.0,0,23.0476190476,-4.0
10:12:03,3092.0,3088.77613187,2.4024362474,70.0,72.0,0,7.76984556081,50.0,80.6818181818,32.2857142857,28.0
10:12:04,3092.0,3088.77792241,2.4035136317,70.0,26.0,0,7.7733299861,22.0,88.5057471264,31.3333333333,68.0
10:12:04,3091.0,3088.77915655,2.40414354248,66.6666666667,12.0,0,7.7778826997,4.0,87.9518072289,26.4761904762,72.0
10:12:05,3092.0,3088.78094541,2.40523477461,70.0,24.0,0,7.778896425,22.0,87.5,25.4285714286,92.0
10:12:05,3092.0,3088.78273328,2.40630882163,70.0,2.0,0,7.78237005702,2.0,88.2352941176,19.1428571429,100.0
10:12:06,3092.0,3088.78452016,2.40739791843,70.0,52.0,0,7.78589236232,36.0,81.914893617,27.5238095238,136.0
10:12:06,3092.0,3088.78630604,2.40846955914,70.0,336.0,0,7.78935821195,-96.0,92.9203539823,114.571428571,-10.0
10:12:07,3092.0,3088.78809093,2.40953992266,70.0,216.0,0,7.79281993098,-12.0,96.8847352025,154.761904762,-44.0
10:12:07,3092.0,3088.78987483,2.4106090107,70.0,24.0,0,7.7962775249,8.0,93.5779816514,131.047619048,-40.0
10:12:08,3092.0,3088.79165773,2.41167682495,70.0,8.0,0,7.79973099921,0.0,92.1630094044,102.19047619,-62.0
10:12:08,3092.0,3088.79343965,2.4127604286,70.0,106.0,0,7.8032355388,-94.0,78.9757412399,102.095238095,-158.0
10:12:09,3092.0,3088.79522058,2.41384303434,70.0,12.0,0,7.80673685104,6.0,78.6324786325,70.1904761905,-188.0
10:12:09,3092.0,3088.79700052,2.41490734173,70.0,34.0,0,7.8101789836,26.0,54.0,46.4761904762,-66.0
10:12:10,3092.0,3088.79877947,2.41597038181,70.0,16.0,0,7.81361701751,8.0,0,32.0,-46.0
10:12:10,3092.0,3088.80055743,2.41689958967,70.0,108.0,0,7.81662221756,-36.0,0.70422535212,53.3333333333,-90.0
10:12:11,3092.0,3088.8023344,2.41795999875,70.0,24.0,0,7.8200517424,4.0,0.666666666673,46.6666666667,-86.0
10:12:11,3092.0,3088.80411039,2.41888633696,70.0,8.0,0,7.82304766156,6.0,4.95049504951,34.6666666667,14.0
10:12:12,3091.0,3088.80532999,2.41937011941,66.6666666667,126.0,0,7.82714370563,46.0,42.4050632911,61.0476190476,54.0
10:12:12,3092.0,3088.80710431,2.42029381379,70.0,32.0,0,7.8275996565,12.0,52.8662420382,55.1428571429,40.0
10:12:13,3092.0,3088.80887765,2.42134923106,70.0,68.0,0,7.83101303707,6.0,63.3879781421,59.619047619,38.0
10:12:13,3092.0,3088.81065001,2.42227006833,70.0,464.0,0,7.83399116538,-76.0,96.3988919667,174.761904762,-2.0
10:12:14,3092.0,3088.81242138,2.42332287366,70.0,32.0,0,7.83739609851,-4.0,94.7945205479,149.523809524,-10.0
10:12:14,3092.0,3088.81419176,2.42424086056,70.0,20.0,0,7.84036500827,6.0,94.0700808625,120.476190476,-10.0
10:12:15,3092.0,3088.81596116,2.42515735457,70.0,20.0,0,7.84332908983,-8.0,93.3962264151,90.8571428571,-64.0
10:12:15,3092.0,3088.81772958,2.4260723574,70.0,4.0,0,7.84628834864,-4.0,93.0921052631,61.7142857143,-80.0
10:12:16,3091.0,3088.81894162,2.42668153168,66.6666666667,14.0,0,7.85079757902,8.0,92.0577617328,36.7619047619,-78.0
10:12:16,3092.0,3088.82070838,2.42759405293,70.0,10.0,0,7.85120974426,0.0,50.0,13.2380952381,-2.0
10:12:17,3092.0,3088.82247416,2.42850508747,70.0,18.0,0,7.85415616906,-10.0,69.7674418605,13.619047619,-8.0
10:12:17,3091.0,3088.82368356,2.42897726534,66.6666666667,34.0,0,7.85822473421,-12.0,54.0,19.2380952381,-26.0
10:12:18,3092.0,3088.82544769,2.42988568547,70.0,4.0,0,7.85862123373,4.0,45.2380952381,15.619047619,-14.0
10:12:18,3092.0,3088.82721085,2.43092725729,70.0,22.0,0,7.861989836,2.0,54.9019607843,17.9047619048,-8.0
10:12:19,3092.0,3088.82897302,2.43196758984,70.0,10.0,0,7.86535443027,4.0,57.1428571429,15.9047619048,-12.0
10:12:19,3092.0,3088.83073421,2.4330066847,70.0,24.0,0,7.86871502166,10.0,53.5714285714,18.0952380952,-2.0
10:12:20,3092.0,3088.83249442,2.43390960642,70.0,142.0,0,7.87163520834,0.0,72.0338983051,53.3333333333,8.0
10:12:20,3091.0,3088.83369826,2.4345107343,66.6666666667,24.0,0,7.87612660725,-4.0,72.5663716814,48.9523809524,16.0
10:12:21,3091.0,3088.83490143,2.4351112068,66.6666666667,16.0,0,7.87806925527,-6.0,67.2268907563,42.7619047619,6.0
10:12:21,3092.0,3088.83665932,2.43616715696,70.0,32.0,0,7.87893647142,4.0,62.9032258064,40.5714285714,8.0
10:12:22,3091.0,3088.83786085,2.436766208,66.6666666667,496.0,0,7.88342351344,80.0,31.3351498638,170.476190476,84.0
10:12:22,3091.0,3088.8390617,2.43738602139,66.6666666667,112.0,0,7.88542873307,-104.0,27.2506082725,167.523809524,-30.0
10:12:23,3092.0,3088.84081729,2.43843959415,70.0,78.0,0,7.88628588018,10.0,16.3588390501,150.666666667,-20.0
10:12:23,3091.0,3088.8420165,2.43896602004,66.6666666667,102.0,0,7.89054034306,-84.0,14.5933014354,143.714285714,-100.0
10:12:24,3092.0,3088.84377045,2.43992598489,70.0,46.0,0,7.89109309472,0.0,14.7806004619,117.047619048,-94.0
10:12:24,3092.0,3088.84552343,2.44097732337,70.0,1006.0,0,7.89449328386,642.0,60.5434782609,363.238095238,544.0
10:12:25,3091.0,3088.84672002,2.44159455082,66.6666666667,2.0,0,7.89904416313,0.0,76.5230312035,276.19047619,464.0
10:12:25,3091.0,3088.84791596,2.44221133793,66.6666666667,60.0,0,7.90103959215,54.0,79.2890262751,229.238095238,622.0
10:12:26,3092.0,3088.84966663,2.44326042979,70.0,26.0,0,7.90187719854,12.0,81.4814814815,175.047619048,624.0
10:12:26,3091.0,3088.85086093,2.44387613343,66.6666666667,128.0,0,7.90642553682,80.0,81.8611987381,152.476190476,788.0
10:12:27,3091.0,3088.85205456,2.4443999996,66.6666666667,24.0,0,7.90812034809,-4.0,84.430176565,98.9523809524,784.0
10:12:27,3091.0,3088.85324753,2.4450149429,66.6666666667,6.0,0,7.91010981202,-4.0,20.325203252,41.3333333333,138.0
10:12:28,3091.0,3088.85443984,2.4455382496,66.6666666667,4.0,0,7.91180281332,-2.0,20.9677419355,30.7619047619,136.0
10:12:28,3091.0,3088.85563149,2.44606131816,66.6666666667,10.0,0,7.91349504421,-8.0,26.2626262626,21.8095238095,74.0
10:12:29,3092.0,3088.85737788,2.4470157562,70.0,6.0,0,7.91402249743,-2.0,30.3370786517,14.0952380952,60.0
10:12:29,3091.0,3088.85856789,2.44762909658,66.6666666667,62.0,0,7.91856711933,-6.0,25.0,23.3333333333,-26.0
10:12:30,3091.0,3088.85975725,2.44824199966,66.6666666667,12.0,0,7.92054998272,-4.0,8.0,21.4285714286,-26.0
10:12:30,3092.0,3088.86150134,2.44919473728,70.0,50.0,0,7.92106965485,-24.0,38.8888888889,30.9523809524,-46.0
10:12:31,3091.0,3088.86268907,2.44971614317,66.6666666667,24.0,62.5,7.92531913028,-20.0,34.1463414634,30.9523809524,-64.0
10:12:31,3091.0,3088.86387613,2.45032776845,50.0,0.0,0,7.92729785976,0.0,0,23.1428571429,-56.0
10:12:32,3091.0,3088.86506254,2.45084861846,50.0,2.0,0,7.92898291317,0.0,34.6666666667,16.380952381,-54.0
10:12:32,3091.0,3088.86624828,2.4513692319,50.0,0.0,0,7.93066720123,0.0,0,9.2380952381,-48.0
10:12:33,3091.0,3088.86743337,2.45188960892,50.0,2.0,0,7.93235072442,0.0,66.6666666667,5.61904761905,-44.0
10:12:33,3092.0,3088.8691732,2.45283960851,57.1428571429,6.0,0,7.9328577248,-6.0,17.6470588235,3.61904761905,-26.0
10:12:34,3092.0,3088.87091207,2.45378895729,57.1428571429,6.0,0,7.93592806368,4.0,62.5,3.71428571429,-2.0
10:12:34,3091.0,3088.87209457,2.45439815295,50.0,2.0,0,7.94046636348,0.0,55.5555555556,3.52380952381,-2.0
10:12:35,3092.0,3088.87383181,2.45543600451,57.1428571429,2.0,0,7.9412548658,-2.0,66.6666666667,3.2380952381,-4.0
10:12:35,3091.0,3088.87501269,2.45604413189,50.0,4.0,0,7.94579143283,-2.0,54.5454545455,3.52380952381,-6.0
10:12:36,3092.0,3088.87674831,2.45699101771,57.1428571429,2.0,0,7.94628401588,-2.0,63.6363636364,3.04761904762,-8.0
10:12:36,3092.0,3088.87848297,2.45793725623,57.1428571429,4.0,0,7.94934429569,0.0,70.0,3.14285714286,-2.0
10:12:37,3091.0,3088.87966126,2.45845473649,50.0,2.0,0,7.95359021834,0.0,50.0,2.7619047619,-6.0
10:12:37,3091.0,3088.8808389,2.45897198233,50.0,0.0,0,7.95526361154,0.0,0,2.0,-6.0
10:12:38,3092.0,3088.88257128,2.46000577135,57.1428571429,14.0,0,7.95603418935,-2.0,46.1538461539,5.33333333333,-6.0
10:12:38,3092.0,3088.88430271,2.46094981601,57.1428571429,32.0,0,7.9590873739,28.0,81.4814814815,13.2380952381,24.0
10:12:39,3091.0,3088.88547777,2.46155470043,50.0,6.0,0,7.96361921847,-6.0,72.4137931035,12.380952381,20.0
10:12:39,3092.0,3088.88720758,2.46258615191,57.1428571429,202.0,0,7.96437953398,-22.0,93.75,67.3333333333,-2.0
10:12:40,3092.0,3088.88893643,2.46352826811,57.1428571429,38.0,0,7.9674264816,0.0,95.2054794521,66.0,-2.0
10:12:40,3092.0,3088.89066432,2.464558017,57.1428571429,2.0,0,7.97075684669,2.0,95.2380952381,52.6666666667,0.0
10:12:41,3091.0,3088.89183584,2.46516070145,50.0,2.0,0,7.97528534922,0.0,97.1631205674,39.2380952381,2.0
10:12:41,3092.0,3088.89356212,2.46618889267,57.1428571429,46.0,0,7.97603134757,8.0,97.2972972973,38.9523809524,-18.0
10:12:42,3092.0,3088.89528744,2.46721615501,57.1428571429,34.0,0,7.9793536708,-20.0,98.1481481481,34.5714285714,-32.0
10:12:42,3091.0,3088.8964564,2.46772943822,50.0,48.0,0,7.98359572377,-46.0,92.9411764706,32.8571428571,-56.0
10:12:43,3092.0,3088.89818011,2.46875530942,57.1428571429,6.0,0,7.9843315311,-4.0,89.8550724638,26.4761904762,-60.0
10:12:43,3092.0,3088.89990287,2.46969282278,57.1428571429,10.0,0,7.98736359243,0.0,90.4109589041,22.7619047619,-62.0
10:12:44,3092.0,3088.90162467,2.47062969931,57.1428571429,0.0,0,7.99039359415,0.0,0,15.8095238095,-62.0
10:12:44,3092.0,3088.90334551,2.47165311802,57.1428571429,208.0,0,7.99370348647,114.0,94.7712418301,68.380952381,44.0
10:12:45,3091.0,3088.90450999,2.47216448122,50.0,528.0,0,7.99794397031,-228.0,90.5,204.666666667,-164.0
10:12:45,3091.0,3088.90567383,2.47267561386,50.0,114.0,0,7.99959758608,16.0,80.3695150116,199.142857143,-102.0
10:12:46,3091.0,3088.90683702,2.47318651606,50.0,0.0,0,8.00125045635,0.0,0,157.904761905,-98.0
10:12:46,3092.0,3088.90855497,2.47412085334,57.1428571429,32.0,0,8.0016845192,0.0,80.9523809524,126.095238095,-98.0
10:12:47,3091.0,3088.90971656,2.47463114535,50.0,18.0,0,8.00592411955,4.0,80.4444444444,89.2380952381,-94.0
10:12:47,3091.0,3088.91087751,2.47522782341,50.0,10.0,0,8.00785449178,-2.0,74.0740740741,49.2380952381,-210.0
10:12:48,3092.0,3088.91259321,2.4762470982,57.1428571429,860.0,0,8.00856111967,300.0,88.5880077369,261.523809524,318.0
10:12:48,3092.0,3088.91430796,2.47726545526,57.1428571429,10.0,0,8.01185464184,10.0,96.9892473118,215.142857143,312.0
10:12:49,3092.0,3088.91602176,2.4782828957,57.1428571429,10.0,0,8.01514519954,6.0,96.170212766,173.714285714,318.0
10:12:49,3092.0,3088.9177346,2.47921344494,57.1428571429,162.0,0,8.01815473783,-38.0,81.4953271028,175.238095238,280.0
10:12:50,3092.0,3088.9194465,2.48014336503,57.1428571429,6.0,0,8.02116224137,-4.0,81.4744801512,126.0,272.0
10:12:50,3092.0,3088.92115744,2.4811583814,57.1428571429,306.0,0,8.02444495924,-268.0,63.6632200886,163.047619048,6.0
10:12:51,3093.0,3088.92342283,2.48270559739,62.5,4.0,0,8.02685288521,-4.0,1.20481927711,99.7142857143,-298.0
10:12:51,3093.0,3088.92568697,2.48425107327,62.5,36.0,0,8.03184957412,-22.0,4.19847328244,86.2857142857,-330.0
10:12:52,3093.0,3088.92794985,2.48579481228,62.5,26.0,0,8.03684064753,0.0,7.77777777778,68.7619047619,-336.0
10:12:52,3092.0,3088.92965607,2.48680516383,57.1428571429,146.0,0,8.04270751561,0.0,8.7786259542,84.7619047619,-298.0
10:12:53,3092.0,3088.93136134,2.4878146088,57.1428571429,18.0,0,8.04597221476,4.0,8.58208955224,64.9523809524,-290.0
10:12:53,3092.0,3088.93306567,2.48882314831,57.1428571429,14.0,0,8.04923398549,2.0,19.6721311475,43.4285714286,-20.0
10:12:54,3092.0,3088.93476905,2.48983078346,57.1428571429,30.0,0,8.05249283136,-12.0,23.7037037037,40.380952381,-28.0
10:12:54,3093.0,3088.93702688,2.49136781312,62.5,8.0,0,8.05485875564,0.0,22.3140495868,29.8095238095,-6.0
10:12:55,3092.0,3088.93872806,2.49237330498,57.1428571429,16.0,0,8.06071573408,12.0,14.6551724138,22.8571428571,6.0
10:12:55,3092.0,3088.9404283,2.49337789621,57.1428571429,40.0,0,8.06396473549,-12.0,23.8095238095,23.2380952381,-6.0
10:12:56,3093.0,3088.94268299,2.49491073036,62.5,46.0,0,8.06631338623,-4.0,22.0779220779,30.380952381,-14.0
10:12:56,3093.0,3088.94493643,2.49641407947,62.5,146.0,0,8.07117387478,60.0,51.048951049,64.7619047619,44.0
10:12:57,3092.0,3088.94663321,2.49738727671,57.1428571429,88.0,0,8.07693168406,52.0,40.6976744186,76.2857142857,108.0
10:12:57,3092.0,3088.94832906,2.49835932275,57.1428571429,26.0,0,8.08007542932,-6.0,37.0165745856,67.3333333333,102.0
10:12:58,3092.0,3088.95002396,2.49935842076,57.1428571429,2.0,0,8.08330666482,-2.0,37.9310344828,50.6666666667,88.0
10:12:58,3092.0,3088.95171792,2.5003566258,57.1428571429,22.0,0,8.08653501228,4.0,45.4545454545,40.380952381,104.0
10:12:59,3093.0,3088.95396634,2.50188071234,62.5,56.0,0,8.08884808386,46.0,56.4705882353,40.6666666667,154.0
10:12:59,3093.0,3088.95621351,2.50340310045,62.5,2.0,0,8.09377012754,2.0,40.8163265306,25.0476190476,96.0
10:13:00,3092.0,3088.95790403,2.504397968,57.1428571429,36.0,0,8.09960532987,-2.0,66.6666666667,26.0,42.0
10:13:00,3093.0,3088.96014902,2.50591744122,62.5,8.0,0,8.10189926034,0.0,79.3650793651,21.4285714286,48.0
10:13:01,3092.0,3088.96183736,2.50691020291,57.1428571429,6.0,0,8.10773028107,-2.0,76.9230769231,17.1428571429,48.0
10:13:01,3093.0,3088.96408016,2.50842677013,62.5,44.0,0,8.11001218924,-26.0,76.3157894737,23.5238095238,18.0
10:13:02,3093.0,3088.96632171,2.50994165246,62.5,158.0,0,8.11490996593,-40.0,85.8267716535,61.4285714286,-68.0
10:13:02,3092.0,3088.96800662,2.5109311022,57.1428571429,124.0,0,8.12073448319,-4.0,57.9787234043,84.7619047619,-74.0
10:13:03,3093.0,3088.970246,2.51244309253,62.5,20.0,0,8.12299738937,-18.0,53.3333333333,72.5714285714,-90.0
10:13:03,3093.0,3088.97248413,2.51395340617,62.5,108.0,0,8.12788039499,90.0,64.347826087,86.2857142857,0.0
10:13:04,3093.0,3088.97472101,2.51546204614,62.5,14.0,0,8.13275798945,0.0,65.811965812,68.380952381,2.0
10:13:04,3092.0,3088.97640126,2.51636642801,57.1428571429,102.0,0,8.13831315656,38.0,52.4714828897,75.2380952381,66.0
10:13:05,3092.0,3088.97808057,2.51727020909,57.1428571429,202.0,0,8.14123612253,0.0,22.4561403509,107.904761905,106.0
10:13:05,3093.0,3088.98031435,2.51869489953,62.5,250.0,0,8.14321015043,70.0,50.8620689655,152.19047619,180.0
10:13:06,3093.0,3088.98254689,2.52019840489,62.5,18.0,0,8.14807114416,-14.0,52.4495677233,124.19047619,184.0
10:13:06,3093.0,3088.98477818,2.52162033935,62.5,58.0,0,8.15266841043,-22.0,45.3416149068,107.714285714,72.0
10:13:07,3092.0,3088.98645284,2.52252076978,57.1428571429,212.0,0,8.15821723731,0.0,33.9667458432,137.619047619,72.0
10:13:07,3093.0,3088.98868197,2.52394053986,62.5,38.0,0,8.160169867,22.0,40.8740359897,108.380952381,56.0
10:13:08,3092.0,3088.99035446,2.5249190031,57.1428571429,62.0,0,8.16597348998,-14.0,50.4702194357,89.0476190476,42.0
10:13:08,3092.0,3088.99202602,2.52589659855,57.1428571429,10.0,0,8.16913518288,6.0,25.6281407035,61.5238095238,-22.0
10:13:09,3093.0,3088.99425206,2.52739215618,62.5,2.0,0,8.17132931192,2.0,23.5602094241,43.1428571429,-6.0
10:13:09,3093.0,3088.99647685,2.52880711643,62.5,34.0,0,8.17590402984,-20.0,15.6424581006,34.6666666667,-4.0
10:13:10,3092.0,3088.99814501,2.52970279265,57.1428571429,12.0,0,8.18144499563,2.0,37.9746835443,21.0476190476,-2.0
10:13:10,3093.0,3089.00036765,2.53111560762,62.5,28.0,0,8.1833676289,-2.0,27.027027027,21.5238095238,-26.0
10:13:11,3092.0,3089.00203365,2.53200982728,57.1428571429,4.0,0,8.18890629779,2.0,40.0,15.619047619,-10.0
10:13:11,3093.0,3089.00425412,2.53349888287,62.5,32.0,0,8.19107301284,14.0,39.2857142857,20.4761904762,-2.0
10:13:12,3092.0,3089.00591797,2.53446975912,57.1428571429,114.0,0,8.19686209287,108.0,22.3214285714,47.7142857143,104.0
10:13:12,3093.0,3089.00813628,2.5359560011,62.5,46.0,0,8.19901713902,0.0,24.5762711864,50.1904761905,124.0
10:13:13,3093.0,3089.01035337,2.53736277985,62.5,4.0,0,8.20356540525,2.0,22.8070175439,40.0952380952,124.0
10:13:13,3092.0,3089.01201382,2.5382528835,57.1428571429,4.0,0,8.20909729464,4.0,19.6078431373,30.380952381,130.0
10:13:14,3092.0,3089.01367336,2.53914240164,57.1428571429,20.0,0,8.21197413208,10.0,20.0,26.380952381,138.0
10:13:14,3093.0,3089.01588737,2.54054620112,62.5,72.0,0,8.2138577469,42.0,13.8461538461,36.4761904762,166.0
10:13:15,3092.0,3089.01754475,2.54143427899,57.1428571429,26.0,0,8.2193864133,14.0,25.5813953488,31.5238095238,72.0
10:13:15,3092.0,3089.01920121,2.5423217735,57.1428571429,6.0,0,8.22225670601,4.0,27.2727272727,25.0476190476,76.0
10:13:16,3093.0,3089.02141215,2.54372260503,62.5,10.0,0,8.22412740069,6.0,26.0869565217,21.619047619,80.0
10:13:16,3093.0,3089.02362186,2.54512218048,62.5,22.0,0,8.22865237789,0.0,23.0769230769,21.3333333333,76.0
10:13:17,3092.0,3089.02527494,2.54582149782,57.1428571429,232.0,0,8.23357534871,-224.0,8.69565217391,80.1904761905,-158.0
10:13:17,3092.0,3089.02692711,2.54652050191,57.1428571429,306.0,0,8.23583603465,-292.0,54.8172757475,150.095238095,-492.0
10:13:18,3092.0,3089.02857836,2.54721919302,57.1428571429,12.0,0,8.23809570834,-8.0,55.4421768707,124.857142857,-514.0
10:13:18,3092.0,3089.03022869,2.54791757139,57.1428571429,8.0,0,8.24035437061,-4.0,56.2711864407,99.1428571429,-522.0
10:13:19,3091.0,3089.0313227,2.54821213953,50.0,50.0,0,8.24397327572,-48.0,53.6507936508,85.3333333333,-576.0
10:13:19,3092.0,3089.03297151,2.54891006421,57.1428571429,8.0,0,8.24356424389,-4.0,55.8441558442,57.619047619,-580.0
10:13:20,3092.0,3089.0346194,2.54960767679,57.1428571429,30.0,0,8.24582042947,-30.0,90.3381642512,36.8571428571,-386.0
10:13:20,3092.0,3089.03626638,2.55030497753,57.1428571429,26.0,0,8.24807560649,-16.0,62.6865671642,24.5714285714,-110.0
10:13:21,3092.0,3089.03791244,2.55118702704,57.1428571429,20.0,62.5,8.25092828925,-14.0,59.1549295775,23.9047619048,-116.0
10:13:21,3091.0,3089.03900218,2.55148091529,50.0,138.0,0,8.2545484157,-34.0,69.1176470588,56.5714285714,-146.0
10:13:22,3091.0,3089.04009133,2.55177473947,50.0,18.0,0,8.25549899537,0.0,78.3333333333,48.7619047619,-98.0
10:13:22,3091.0,3089.04117986,2.55206849958,50.0,6.0,0,8.25644936777,-2.0,76.4705882353,39.0476190476,-96.0
10:13:23,3092.0,3089.04282319,2.55276464451,57.1428571429,60.0,0,8.25603054498,-38.0,61.9402985075,44.8571428571,-104.0
10:13:23,3091.0,3089.04391021,2.55305820005,50.0,34.0,0,8.25965124571,-20.0,55.0724637681,41.8095238095,-108.0
10:13:24,3091.0,3089.04499663,2.55335169162,50.0,52.0,0,8.26060074935,-22.0,50.0,43.5238095238,-116.0
10:13:24,3091.0,3089.04608244,2.55382971616,50.0,54.0,0,8.26214725383,6.0,38.3928571429,44.2857142857,-76.0
10:13:25,3092.0,3089.04772305,2.55452501867,57.1428571429,2.0,0,8.26172386373,-2.0,37.5,34.1904761905,-78.0
10:13:25,3091.0,3089.04880735,2.55481819072,50.0,4.0,0,8.26534516572,0.0,36.8932038835,25.4285714286,-76.0
10:13:26,3092.0,3089.05044644,2.55551304312,57.1428571429,18.0,0,8.26491928566,8.0,47.5609756098,20.7619047619,-30.0
10:13:26,3091.0,3089.05152923,2.55580601128,50.0,4.0,0,8.26854096175,-2.0,56.7164179105,14.0952380952,-12.0
10:13:27,3092.0,3089.05316681,2.5565004141,57.1428571429,110.0,0,8.26811259411,50.0,86.4583333333,39.1428571429,60.0
10:13:27,3091.0,3089.05424808,2.55679317858,50.0,472.0,0,8.27173464438,-244.0,96.393442623,164.857142857,-190.0
10:13:28,3091.0,3089.05532876,2.557269896,50.0,8.0,0,8.27327692009,8.0,95.1298701299,138.095238095,-180.0
10:13:28,3091.0,3089.05640883,2.5577464039,50.0,0.0,0,8.27481851796,0.0,0,108.761904762,-180.0
10:13:29,3091.0,3089.0574883,2.55803887496,50.0,2.0,0,8.27576472002,2.0,95.6375838926,80.1904761905,-186.0
10:13:29,3092.0,3089.05912258,2.55891590665,57.1428571429,50.0,0,8.27592466574,0.0,95.015576324,66.0952380952,-184.0
10:13:30,3091.0,3089.06020054,2.55920812345,50.0,822.0,0,8.27954747153,428.0,37.3707533235,270.380952381,194.0
10:13:30,3091.0,3089.06127791,2.55950027675,50.0,500.0,0,8.28049264557,204.0,2.89435600579,348.761904762,642.0
10:13:31,3090.0,3089.06179928,2.55950027675,44.4444444444,310.0,0,8.28317241666,58.0,2.73159144893,371.523809524,692.0
10:13:31,3091.0,3089.06287576,2.55997588723,50.0,538.0,0,8.28203134012,486.0,3.15031503151,445.047619048,1178.0
10:13:32,3090.0,3089.06339624,2.56015936461,44.4444444444,1410.0,0,8.2853053871,1362.0,1.98347107437,742.095238095,2538.0
10:13:32,3091.0,3089.06447183,2.56045128883,50.0,184.0,0,8.28356935888,56.0,1.00956429329,621.80952381,2594.0
10:13:33,3090.0,3089.06499142,2.56063467188,44.4444444444,218.0,0,8.28684359832,190.0,1.51898734176,504.857142857,2356.0
10:13:33,3090.0,3089.06551073,2.56063467188,44.4444444444,446.0,0,8.28684359832,-150.0,6.95428203476,481.80952381,2002.0
10:13:34,3090.0,3089.06602974,2.56081801167,44.4444444444,112.0,0,8.28743693097,-28.0,7.29023383768,365.904761905,1916.0
10:13:34,3090.0,3089.06654847,2.56081801167,44.4444444444,58.0,0,8.28743693097,-4.0,7.82537067543,244.0,1426.0
10:13:35,3090.0,3089.06706691,2.56081801167,44.4444444444,36.0,0,8.28743693097,8.0,18.0265654649,138.666666667,72.0
10:13:35,3091.0,3089.06814047,2.56110977043,50.0,4.0,0,8.28569967786,-2.0,21.5102974828,89.619047619,14.0
10:13:36,3090.0,3089.06865802,2.56110977043,44.4444444444,2.0,0,8.28838113407,2.0,27.0516717325,48.5714285714,-174.0
10:13:36,3090.0,3089.06917529,2.56110977043,44.4444444444,52.0,0,8.28838113407,-24.0,3.78787878788,32.0952380952,-48.0
10:13:37,3091.0,3089.07024767,2.56140146583,50.0,40.0,0,8.28664337051,-40.0,25.0,30.9523809524,-60.0
10:13:37,3090.0,3089.07076406,2.56140146583,44.4444444444,10.0,0,8.28932513212,10.0,31.9444444444,24.6666666667,-46.0
10:13:38,3090.0,3089.07128016,2.56158466037,44.4444444444,28.0,0,8.28991799471,22.0,32.3529411765,25.8095238095,-32.0
10:13:38,3090.0,3089.07179597,2.56158466037,44.4444444444,816.0,0,8.28991799471,774.0,4.2194092827,252.476190476,744.0
10:13:39,3090.0,3089.0723115,2.56158466037,44.4444444444,8.0,0,8.28991799471,6.0,5.03144654088,209.619047619,748.0
10:13:39,3089.0,3089.07227133,2.56140146583,40.0,402.0,0,8.29200863006,400.0,34.3558282209,279.047619048,1172.0
10:13:40,3090.0,3089.0727866,2.56140146583,44.4444444444,128.0,0,8.28932513212,-108.0,30.316091954,253.523809524,1104.0
10:13:40,3090.0,3089.07330157,2.56140146583,44.4444444444,62.0,0,8.28932513212,-2.0,29.6398891967,204.952380952,1092.0
10:13:41,3089.0,3089.07326086,2.56121822806,40.0,66.0,0,8.2914154356,-8.0,31.8488529015,155.047619048,1062.0
10:13:41,3090.0,3089.07377557,2.56140146583,44.4444444444,238.0,0,8.28932513212,108.0,76.7699115044,152.476190476,396.0
10:13:42,3089.0,3089.0737346,2.56121822806,40.0,26.0,0,8.2914154356,-18.0,74.4034707159,116.857142857,372.0
10:13:42,3089.0,3089.07369364,2.56103494705,40.0,4.0,0,8.29082210116,0.0,54.5801526718,74.0952380952,-28.0
10:13:43,3089.0,3089.07365271,2.56085162279,40.0,164.0,0,8.29022862671,-16.0,50.3571428572,96.0,64.0
10:13:43,3089.0,3089.07361181,2.56066825528,40.0,50.0,0,8.28963501223,20.0,51.094890511,83.619047619,86.0
10:13:44,3089.0,3089.07357092,2.5604848445,40.0,26.0,0,8.28904125767,-20.0,46.4566929134,64.9523809524,74.0
10:13:44,3090.0,3089.07408546,2.5604848445,44.4444444444,2.0,0,8.28635872005,2.0,5.88235294117,41.3333333333,-32.0
10:13:45,3090.0,3089.07459972,2.5604848445,44.4444444444,68.0,0,8.28635872005,56.0,19.1082802548,47.8095238095,42.0
10:13:45,3089.0,3089.07455828,2.56030139044,40.0,22.0,0,8.28844736302,0.0,18.0722891566,39.1428571429,42.0
10:13:46,3089.0,3089.07451688,2.56011789309,40.0,66.0,0,8.28785332824,-34.0,23.0769230769,42.1904761905,24.0
10:13:46,3089.0,3089.07447549,2.55993435246,40.0,426.0,0,8.28725915331,-258.0,11.8032786885,152.761904762,-254.0
10:13:47,3089.0,3089.07443412,2.55993435246,40.0,26.0,0,8.28725915331,4.0,12.4590163935,131.142857143,-230.0
10:13:47,3090.0,3089.07494819,2.56011789309,44.4444444444,90.0,0,8.28517117506,-2.0,19.770773639,127.80952381,-234.0
10:13:48,3090.0,3089.07546196,2.56030139044,44.4444444444,16.0,0,8.2857650176,-6.0,14.8606811146,99.1428571429,-296.0
10:13:48,3089.0,3089.07542005,2.56030139044,40.0,48.0,0,8.28844736302,-36.0,16.0714285714,82.0952380952,-332.0
10:13:49,3090.0,3089.07593356,2.5604848445,44.4444444444,6.0,0,8.28635872005,-6.0,17.9738562092,51.8095238095,-304.0
10:13:49,3089.0,3089.07589139,2.56055977435,40.0,26.0,0,8.28928382762,-4.0,52.8301886792,30.0952380952,-50.0
10:13:50,3089.0,3089.07584924,2.56055977435,40.0,174.0,0,8.28928382762,-124.0,30.0,69.7142857143,-178.0
10:13:50,3089.0,3089.07580711,2.56063467188,40.0,58.0,0,8.28952629291,-6.0,13.4146341463,69.1428571429,-182.0
10:13:51,3089.0,3089.07576501,2.56063467188,40.0,236.0,0,8.28952629291,-16.0,7.66423357664,120.952380952,-192.0
10:13:51,3089.0,3089.07572293,2.56063467188,40.0,590.0,0,8.28952629291,-444.0,56.880733945,263.428571429,-600.0
10:13:52,3089.0,3089.07568087,2.56063467188,40.0,62.0,0,8.28952629291,-6.0,53.7521815009,229.238095238,-600.0
10:13:52,3089.0,3089.07563884,2.56063467188,40.0,108.0,0,8.28952629291,-70.0,54.8859934853,205.523809524,-666.0
10:13:53,3090.0,3089.07615223,2.56081801167,44.4444444444,6.0,0,8.28743693097,0.0,63.7735849057,148.761904762,-542.0
10:13:53,3090.0,3089.07666534,2.56107610244,44.4444444444,404.0,0,8.28827217617,396.0,76.5291607397,213.714285714,-140.0
10:13:54,3089.0,3089.07662276,2.56107610244,40.0,14.0,0,8.29095533323,-2.0,90.8783783784,150.761904762,-126.0
10:13:54,3089.0,3089.0765802,2.56107610244,40.0,0.0,0,8.29095533323,0.0,0,94.380952381,318.0
10:13:55,3089.0,3089.07653767,2.56107610244,40.0,18.0,0,8.29095533323,4.0,89.8181818182,71.2380952381,328.0
10:13:55,3089.0,3089.07649516,2.56107610244,40.0,30.0,0,8.29095533323,4.0,88.1355932203,53.619047619,402.0
10:13:56,3089.0,3089.07645267,2.56115086436,40.0,36.0,0,8.29119735953,-12.0,87.2509960159,41.4285714286,390.0
10:13:56,3089.0,3089.07641021,2.56122559397,40.0,6.0,0,8.29143928123,-6.0,36.5384615385,19.2380952381,-12.0
10:13:57,3089.0,3089.07636777,2.56122559397,40.0,0.0,0,8.29143928123,0.0,0,14.2857142857,-10.0
10:13:57,3089.0,3089.07632536,2.56122559397,40.0,26.0,0,8.29143928123,-26.0,32.7586206897,17.4285714286,-36.0
10:13:58,3090.0,3089.07683837,2.56140874084,44.4444444444,18.0,0,8.28934867586,2.0,25.8620689655,17.0476190476,-38.0
10:13:58,3090.0,3089.07735109,2.56159184449,44.4444444444,48.0,0,8.28994124432,14.0,38.8059701493,25.2380952381,-28.0
10:13:59,3089.0,3089.07730813,2.56166647088,40.0,20.0,0,8.29286652923,-18.0,23.7288135593,24.5714285714,-34.0
10:13:59,3089.0,3089.07726519,2.56166647088,40.0,12.0,0,8.29286652923,-2.0,24.1935483871,22.380952381,-30.0
10:14:00,3089.0,3089.07722228,2.56166647088,40.0,4.0,0,8.29286652923,-2.0,23.4375,17.619047619,-32.0
10:14:00,3089.0,3089.07717939,2.56174106497,40.0,210.0,0,8.2931080122,-2.0,10.8974358975,71.5238095238,-8.0
10:14:01,3090.0,3089.07769193,2.56192405452,44.4444444444,6.0,0,8.29101635766,6.0,12.6666666667,58.380952381,-4.0
10:14:01,3089.0,3089.07764878,2.56199858087,40.0,14.0,0,8.29394166679,-2.0,7.5187969925,48.0952380952,-20.0
10:14:02,3089.0,3089.07760565,2.56199858087,40.0,10.0,0,8.29394166679,-4.0,7.81250000002,38.2857142857,-6.0
10:14:02,3089.0,3089.07756255,2.56207307495,40.0,202.0,0,8.29418282598,-202.0,4.03587443947,83.8095238095,-206.0
10:14:03,3089.0,3089.07751947,2.56214753674,40.0,40.0,0,8.29442388066,-40.0,3.73443983403,74.0,-244.0
10:14:03,3089.0,3089.07747642,2.56222196625,40.0,428.0,0,8.29466483084,42.0,25.1428571429,173.333333333,-200.0
10:14:04,3089.0,3089.07743338,2.5622623196,40.0,58.0,0,8.2947954665,50.0,30.3191489362,156.571428571,-156.0
10:14:04,3088.0,3089.07683498,2.56222824515,36.3636363636,42.0,0,8.2973712602,-4.0,33.3333333333,132.761904762,-158.0
10:14:05,3089.0,3089.0767923,2.56226841772,40.0,46.0,0,8.2948152079,-20.0,33.8235294118,108.761904762,-174.0
10:14:05,3088.0,3089.07619425,2.56226841772,36.3636363636,12.0,0,8.29750135272,-4.0,44.4089456869,73.3333333333,24.0
10:14:06,3089.0,3089.07615193,2.56234266304,40.0,20.0,0,8.2950555618,-8.0,46.5346534653,49.2380952381,56.0
10:14:06,3089.0,3089.07610964,2.5624168761,40.0,40.0,0,8.29529581126,-8.0,67.8899082569,31.8095238095,6.0
10:14:07,3088.0,3089.07551196,2.56238265314,36.3636363636,202.0,0,8.29787128607,100.0,25.4143646409,79.1428571429,56.0
10:14:07,3089.0,3089.07547003,2.56245680482,40.0,32.0,0,8.29542507224,18.0,17.0454545455,71.0476190476,78.0
10:14:08,3089.0,3089.07542811,2.56253092423,40.0,16.0,0,8.29566501856,-10.0,18.0124223603,58.8571428571,88.0
10:14:08,3088.0,3089.07483082,2.56249661246,36.3636363636,1202.0,0,8.29824032534,-618.0,6.34920634921,386.952380952,-526.0
10:14:09,3088.0,3089.07423385,2.56246227012,36.3636363636,6.0,0,8.29812911309,0.0,6.14152202938,316.666666667,-518.0
10:14:09,3089.0,3089.07419262,2.56250189702,40.0,546.0,0,8.29557104894,220.0,3.59281437127,401.333333333,-290.0
10:14:10,3088.0,3089.07359602,2.56246746441,36.3636363636,106.0,0,8.29814593398,42.0,3.66876310274,336.19047619,-348.0
10:14:10,3089.0,3089.07355514,2.56254140286,40.0,190.0,0,8.29569894094,164.0,10.9390125847,299.619047619,-202.0
10:14:11,3088.0,3089.07295889,2.56250691056,36.3636363636,232.0,50.0,8.29827367409,-158.0,9.29009640667,267.523809524,-350.0
10:14:11,3088.0,3089.07236296,2.56250691056,40.0,124.0,0,8.29827367409,8.0,15.1162790698,194.285714286,276.0
10:14:12,3088.0,3089.07176737,2.56250691056,40.0,76.0,0,8.29827367409,-52.0,17.4254317112,158.666666667,224.0
10:14:12,3089.0,3089.07172751,2.56254623566,45.4545454545,64.0,0,8.29571458613,-20.0,31.5656565657,116.285714286,-16.0
10:14:13,3088.0,3089.07113227,2.56254623566,40.0,10.0,0,8.2984010222,0.0,36.4942528736,81.4285714286,-58.0
10:14:13,3088.0,3089.07053736,2.56254623566,40.0,98.0,0,8.2984010222,20.0,14.9006622517,76.2857142857,-202.0
10:14:14,3088.0,3089.06994279,2.56251165309,40.0,10.0,0,8.29828903203,4.0,24.6073298429,50.380952381,-40.0
10:14:14,3087.0,3089.06879314,2.56251165309,36.3636363636,22.0,0,8.3009771723,10.0,32.8571428571,38.4761904762,-38.0
10:14:15,3087.0,3089.06764413,2.56251165309,36.3636363636,174.0,0,8.3009771723,108.0,20.1058201058,74.8571428571,122.0
10:14:15,3088.0,3089.06705116,2.56247703995,40.0,474.0,0,8.29817694283,-228.0,28.9340101523,192.285714286,-86.0
10:14:16,3088.0,3089.06645852,2.56244239622,40.0,30.0,0,8.2980647546,-12.0,27.7227722772,163.333333333,-98.0
10:14:16,3088.0,3089.0658662,2.56240772192,40.0,156.0,0,8.29795246734,-142.0,26.3279445728,169.428571429,-260.0
10:14:17,3087.0,3089.06471882,2.56240772192,36.3636363636,208.0,0,8.30064049859,8.0,13.1578947368,187.619047619,-256.0
10:14:17,3087.0,3089.06357207,2.56226460828,36.3636363636,320.0,0,8.30017689757,260.0,-13.8032305433,228.380952381,-6.0
10:14:18,3088.0,3089.06298136,2.56222987134,40.0,60.0,0,8.29737652636,0.0,-12.6602564103,180.666666667,-114.0
10:14:18,3088.0,3089.06239098,2.56219510381,40.0,512.0,0,8.29726393722,2.0,12.9082426128,267.523809524,116.0
10:14:19,3088.0,3089.06180093,2.56219510381,40.0,446.0,0,8.29726393722,-146.0,35.9576968273,333.714285714,-18.0
10:14:19,3088.0,3089.0612112,2.5621603057,40.0,190.0,0,8.29715124902,-82.0,47.6958525346,306.952380952,42.0
10:14:20,3088.0,3089.0606218,2.5621603057,40.0,6.0,0,8.29715124902,-6.0,59.4524119948,226.0,28.0
10:14:20,3088.0,3089.06003273,2.562125477,40.0,640.0,0,8.29703846178,320.0,66.4509169364,335.80952381,88.0
10:14:21,3089.0,3089.05999939,2.56216414541,45.4545454545,674.0,0,8.29447764781,-296.0,74.2301458671,440.095238095,-208.0
10:14:21,3089.0,3089.05996607,2.56220269278,45.4545454545,24.0,0,8.29460243697,-10.0,66.6666666667,329.428571429,-220.0
10:14:22,3089.0,3089.05993276,2.56224111911,45.4545454545,2.0,0,8.29472683429,-2.0,56.9010416667,235.714285714,-76.0
10:14:22,3089.0,3089.05989947,2.56227942441,45.4545454545,110.0,0,8.29485083979,0.0,44.9175824176,194.0,6.0
10:14:23,3090.0,3089.06042161,2.56253441711,50.0,36.0,0,8.29299164114,8.0,45.3566621804,134.952380952,20.0
10:14:23,3089.0,3089.06038805,2.56257247714,45.4545454545,546.0,0,8.29579953753,-214.0,48.4195402299,220.19047619,-514.0
10:14:24,3090.0,3089.06090991,2.56279192857,50.0,16.0,0,8.29382501155,2.0,4.90463215259,158.476190476,-216.0
10:14:24,3090.0,3089.06143148,2.56304644881,50.0,692.0,0,8.29464870166,-414.0,41.2268188303,321.238095238,-620.0
10:14:25,3089.0,3089.06139736,2.56311946743,45.4545454545,32.0,0,8.2975703057,-10.0,40.3631284916,263.619047619,-628.0
10:14:25,3089.0,3089.06136326,2.56315703712,45.4545454545,222.0,0,8.2976919298,-10.0,37.8238341969,258.857142857,-638.0
10:14:26,3089.0,3089.06132918,2.56319448584,45.4545454545,70.0,0,8.29781316231,-70.0,35.7414448669,205.333333333,-716.0
10:14:26,3089.0,3089.06129512,2.5632318136,45.4545454545,50.0,0,8.29793400323,0.0,52.1256931608,144.476190476,-502.0
10:14:27,3089.0,3089.06126108,2.56326902041,45.4545454545,2.0,0,8.2980544526,0.0,51.3108614232,93.5238095238,-504.0
10:14:27,3090.0,3089.06178245,2.56348714801,50.0,434.0,0,8.29607491266,-378.0,45.6790123457,166.666666667,-468.0
10:14:28,3089.0,3089.06174814,2.56352405012,45.4545454545,26.0,0,8.29888005867,14.0,46.5174129353,135.523809524,-444.0
10:14:28,3091.0,3089.06282465,2.56403087364,53.8461538462,484.0,0,8.29515002796,-22.0,77.4859287055,235.523809524,-456.0
10:14:29,3091.0,3089.06390056,2.5645371156,53.8461538462,10.0,0,8.29678782141,-6.0,83.1013916501,187.619047619,-392.0
10:14:29,3090.0,3089.06442047,2.56475396204,50.0,12.0,0,8.30017463444,10.0,86.3636363637,143.142857143,-382.0
10:14:30,3089.0,3089.06438469,2.56482617995,45.4545454545,272.0,0,8.30309543524,-198.0,63.1663974152,174.761904762,-580.0
10:14:30,3090.0,3089.06490433,2.5650788138,50.0,2.0,0,8.30122593462,2.0,52.1091811415,116.380952381,-200.0
10:14:31,3089.0,3089.06486828,2.56515093231,45.4545454545,4.0,0,8.30414675401,0.0,53.3163265306,79.1428571429,-214.0
10:14:31,3090.0,3089.06538766,2.56536709524,50.0,16.0,0,8.30215888427,12.0,-7.59493670887,46.380952381,-180.0
10:14:32,3089.0,3089.06535134,2.56543908535,45.4545454545,94.0,0,8.30507958998,0.0,-8.50000000001,58.1904761905,-174.0
10:14:32,3090.0,3089.06587044,2.5656548631,50.0,464.0,0,8.30309017184,-240.0,50.4694835681,171.714285714,-424.0
10:14:33,3090.0,3089.06638926,2.56590681393,50.0,64.0,0,8.3039055467,-22.0,86.9565217391,149.428571429,-248.0
10:14:33,3090.0,3089.06690779,2.56615861975,50.0,132.0,0,8.30472045227,-92.0,72.0930232558,156.476190476,-342.0
10:14:34,3089.0,3089.06687063,2.56623034711,45.4545454545,40.0,0,8.30764113666,-18.0,69.1358024691,131.047619048,-360.0
10:14:34,3089.0,3089.06683349,2.56623034711,45.4545454545,2.0,0,8.30764113666,-2.0,68.3417085427,93.0476190476,-374.0
10:14:35,3089.0,3089.06679637,2.56623034711,45.4545454545,8.0,0,8.30764113666,-2.0,76.9014084507,57.4285714286,-376.0
10:14:35,3090.0,3089.06731467,2.56623034711,50.0,22.0,0,8.30495257965,0.0,31.3432835821,29.9047619048,-136.0
10:14:36,3089.0,3089.06727729,2.56623034711,45.4545454545,8.0,0,8.30764113666,0.0,3.77358490566,19.4285714286,-114.0
10:14:36,3090.0,3089.06779532,2.5664102806,50.0,6.0,0,8.30553488869,-6.0,16.2790697674,11.0476190476,-28.0
10:14:37,3089.0,3089.06775767,2.5664102806,45.4545454545,6.0,0,8.3082236342,0.0,19.2307692308,8.66666666667,-10.0
10:14:37,3090.0,3089.06827544,2.5664102806,50.0,24.0,0,8.30553488869,-16.0,24.3243243243,13.0476190476,-24.0
10:14:38,3090.0,3089.06879292,2.5664102806,50.0,0.0,0,8.30553488869,0.0,0,9.52380952381,-22.0
10:14:38,3090.0,3089.06931011,2.5664102806,50.0,0.0,0,8.30553488869,0.0,0,6.38095238095,-22.0
10:14:39,3089.0,3089.06927162,2.5664102806,45.4545454545,48.0,0,8.3082236342,-36.0,59.5238095238,18.0,-58.0
10:14:39,3089.0,3089.06923314,2.56623034711,45.4545454545,12.0,0,8.30764113666,-10.0,53.3333333333,17.4285714286,-62.0
10:14:40,3089.0,3089.06919469,2.56623034711,45.4545454545,0.0,0,8.30764113666,0.0,0,13.1428571429,-62.0
10:14:40,3090.0,3089.06971166,2.56623034711,50.0,20.0,0,8.30495257965,-6.0,62.5,14.8571428571,-52.0
10:14:41,3089.0,3089.06967294,2.56605037093,45.4545454545,18.0,0,8.30705850092,-8.0,59.1836734694,16.1904761905,-60.0
10:14:41,3090.0,3089.07018965,2.56605037093,50.0,2.0,0,8.30437013247,-2.0,60.0,12.0952380952,-62.0
10:14:42,3090.0,3089.07070606,2.56576209108,50.0,12.0,0,8.30343718796,0.0,56.25,10.7619047619,-26.0
10:14:42,3090.0,3089.0712222,2.56507705405,50.0,12.0,0,8.30122023964,-2.0,56.25,11.1428571429,-18.0
10:14:43,3089.0,3089.07118264,2.56489687661,45.4545454545,604.0,0,8.30332430111,152.0,5.38922155689,180.666666667,134.0
10:14:43,3090.0,3089.07169851,2.56460834675,50.0,148.0,0,8.29970338754,-126.0,3.76884422111,191.142857143,14.0
10:14:44,3090.0,3089.07221409,2.56431975433,50.0,16.0,0,8.2987694315,-8.0,4.78589420655,157.80952381,14.0
10:14:44,3089.0,3089.07217398,2.56385072802,45.4545454545,6.0,0,8.29993761093,-4.0,4.51127819549,121.714285714,12.0
10:14:45,3089.0,3089.07213389,2.56338149548,45.4545454545,6.0,0,8.29841856743,-4.0,3.28282828283,85.4285714286,8.0
10:14:45,3089.0,3089.07209383,2.56320098813,45.4545454545,134.0,0,8.29783421214,-132.0,2.62582056893,86.0,-122.0
10:14:46,3089.0,3089.07205379,2.56320098813,45.4545454545,54.0,0,8.29783421214,-28.0,15.3846153846,57.9047619048,-302.0
10:14:46,3089.0,3089.07201377,2.56302043797,45.4545454545,26.0,0,8.29724971825,-2.0,21.4876033058,48.0,-178.0
10:14:47,3089.0,3089.07197377,2.56283984497,45.4545454545,8.0,0,8.29666508571,-2.0,15.3846153846,38.7619047619,-172.0
10:14:47,3090.0,3089.0724892,2.56283984497,50.0,28.0,0,8.29398008082,-4.0,14.84375,35.619047619,-172.0
10:14:48,3090.0,3089.07300434,2.56283984497,50.0,14.0,0,8.29398008082,8.0,14.3939393939,27.4285714286,-160.0
10:14:48,3089.0,3089.07296379,2.56265920915,45.4545454545,12.0,0,8.29608031449,10.0,25.3521126761,18.2857142857,-18.0
10:14:49,3089.0,3089.07292327,2.56247853047,45.4545454545,38.0,0,8.29549540457,12.0,4.76190476191,22.380952381,22.0
10:14:49,3089.0,3089.07288277,2.56229780895,45.4545454545,8.0,0,8.29491035593,4.0,5.55555555556,18.6666666667,28.0
10:14:50,3089.0,3089.07284229,2.56182781006,45.4545454545,0.0,0,8.29338883153,0.0,0,13.5238095238,30.0
10:14:50,3090.0,3089.07335723,2.56182781006,50.0,22.0,0,8.29070488692,0.0,25.5319148936,15.0476190476,34.0
10:14:51,3090.0,3089.07387189,2.56182781006,50.0,32.0,0,8.29070488692,-24.0,46.4285714286,19.7142857143,2.0
10:14:51,3089.0,3089.07383086,2.56164695226,45.4545454545,38.0,0,8.29280334173,2.0,49.2753623189,25.2380952381,-6.0
10:14:52,3090.0,3089.07434526,2.56164695226,50.0,2.0,0,8.2901195866,0.0,66.6666666667,19.2380952381,-18.0
10:14:52,3090.0,3089.07485937,2.56164695226,50.0,100.0,0,8.2901195866,0.0,86.5979381443,42.9523809524,-22.0
10:14:53,3090.0,3089.07537319,2.56164695226,50.0,12.0,0,8.2901195866,6.0,83.4951456311,37.1428571429,-16.0
10:14:53,3090.0,3089.07588673,2.56164695226,50.0,0.0,0,8.2901195866,0.0,0,27.3333333333,-16.0
10:14:54,3089.0,3089.07584458,2.56146605157,45.4545454545,300.0,0,8.29221771307,-280.0,88.9380530974,104.285714286,-272.0
10:14:54,3090.0,3089.07635786,2.56146605157,50.0,142.0,0,8.28953414747,0.0,69.7841726619,123.333333333,-274.0
10:14:55,3090.0,3089.07687085,2.56117665317,50.0,0.0,0,8.28859758309,0.0,0,96.8571428571,-274.0
10:14:55,3089.0,3089.07682816,2.560995659,45.4545454545,28.0,0,8.29069491422,-2.0,62.6556016598,78.4761904762,-276.0
10:14:56,3090.0,3089.07734089,2.56070614718,50.0,620.0,0,8.28707490998,-572.0,71.1926605505,232.666666667,-854.0
10:14:56,3089.0,3089.07729793,2.56052505948,45.4545454545,346.0,0,8.2891714454,-242.0,76.1838440111,279.619047619,-1096.0
10:14:57,3090.0,3089.0778104,2.56023543417,50.0,12.0,0,8.2855515669,0.0,71.7770034843,214.666666667,-816.0
10:14:57,3090.0,3089.07832259,2.55994574595,50.0,2.0,0,8.28461406457,0.0,81.746031746,160.571428571,-816.0
10:14:58,3090.0,3089.07883449,2.5596559948,50.0,10.0,0,8.28367635858,-10.0,81.9253438114,115.428571429,-826.0
10:14:58,3090.0,3089.07934611,2.5596559948,50.0,222.0,0,8.28367635858,-122.0,85.8085808581,130.380952381,-946.0
10:14:59,3089.0,3089.07930204,2.55918484743,45.4545454545,10.0,0,8.28483278548,0.0,93.3554817276,75.5238095238,-374.0
10:14:59,3089.0,3089.07925799,2.55900347116,45.4545454545,348.0,0,8.28424561724,-98.0,64.5695364238,146.285714286,-230.0
10:15:00,3090.0,3089.07976937,2.55900347116,50.0,24.0,0,8.2815646316,-16.0,65.2597402597,124.380952381,-246.0
10:15:00,3090.0,3089.08028047,2.55918484743,50.0,0.0,0,8.28215160982,0.0,0,95.0476190476,-246.0
10:30:01,3089.0,3089.08023588,2.55900347116,45.4545454545,990.0,56.0,8.28424561724,-212.0,31.4930991217,348.666666667,-448.0
10:30:04,3089.0,3089.08019132,2.55882205188,45.4545454545,1004.0,0,8.28365830976,332.0,55.7239057239,559.619047619,6.0
10:30:05,3089.0,3089.08014678,2.55882205188,45.4545454545,74.0,0,8.28365830976,-6.0,57.2950819672,467.619047619,0.0
10:30:05,3089.0,3089.08010227,2.55882205188,45.4545454545,56.0,0,8.28365830976,4.0,60.4283054004,367.428571429,102.0
10:30:05,3089.0,3089.08005778,2.55889491966,45.4545454545,0.0,0,8.28389420415,0.0,0,265.142857143,118.0
10:30:06,3088.0,3089.07945791,2.55889491966,41.6666666667,54.0,0,8.28657681238,40.0,60.5142332415,179.428571429,158.0
10:30:06,3088.0,3089.07885838,2.5588592022,41.6666666667,0.0,0,8.28646114701,0.0,0,75.7142857143,370.0
10:30:06,3089.0,3089.07881458,2.55893200861,45.4545454545,316.0,0,8.28401427197,-132.0,37.6,109.428571429,-94.0
10:30:06,3089.0,3089.07877081,2.55893200861,45.4545454545,0.0,0,8.28401427197,0.0,0,85.619047619,-88.0
10:30:07,3089.0,3089.07872706,2.5590047828,45.4545454545,110.0,0,8.28424986339,4.0,17.0833333333,96.7619047619,-88.0
10:30:07,3089.0,3089.07868334,2.55907752477,45.4545454545,0.0,0,8.2844853505,0.0,0,73.9047619048,-88.0
10:30:07,3088.0,3089.07808423,2.55907752477,41.6666666667,34.0,0,8.28716815016,-4.0,14.3478260869,60.7619047619,-132.0
10:30:07,3088.0,3089.07748546,2.5590047828,41.6666666667,0.0,0,8.28693258679,0.0,0,38.8571428571,-132.0
10:30:08,3089.0,3089.07744243,2.5590047828,45.4545454545,8.0,0,8.28424986339,0.0,31.5789473684,19.2380952381,0.0
10:30:08,3089.0,3089.07739942,2.5590047828,45.4545454545,0.0,0,8.28424986339,0.0,0,12.0,0.0
10:30:08,3088.0,3089.07680103,2.55893200861,41.6666666667,46.0,0,8.28669691908,14.0,65.9090909091,17.9047619048,10.0
10:30:08,3088.0,3089.07620297,2.55893200861,41.6666666667,0.0,0,8.28669691908,0.0,0,13.7142857143,10.0
10:30:09,3088.0,3089.07560525,2.55893200861,41.6666666667,6.0,0,8.28669691908,-2.0,56.6666666667,11.2380952381,12.0
10:30:09,3089.0,3089.07556326,2.5590047828,45.4545454545,6.0,0,8.28424986339,2.0,54.5454545455,10.0952380952,14.0
10:30:10,3088.0,3089.07496589,2.5590047828,41.6666666667,296.0,0,8.28693258679,-278.0,10.7344632768,91.5238095238,-264.0
10:30:10,3088.0,3089.07436885,2.55893200861,41.6666666667,6.0,0,8.28669691908,0.0,10.5555555556,76.380952381,-264.0
10:30:11,3088.0,3089.07377214,2.5588592022,41.6666666667,46.0,0,8.28646114701,8.0,3.88888888888,72.380952381,-270.0
10:30:11,3088.0,3089.07317577,2.55878636356,41.6666666667,78.0,0,8.28622527058,72.0,16.4383561644,77.5238095238,-198.0
10:30:12,3088.0,3089.07257973,2.55878636356,41.6666666667,16.0,0,8.28622527058,12.0,17.8571428571,61.2380952381,-184.0
10:30:12,3088.0,3089.07198401,2.55871349269,41.6666666667,0.0,0,8.28598928979,0.0,0,39.9047619048,-186.0
10:30:13,3089.0,3089.07194403,2.55871349269,45.4545454545,24.0,0,8.28330687176,0.0,51.7647058824,25.7142857143,92.0
10:30:13,3089.0,3089.07190408,2.55871349269,45.4545454545,14.0,0,8.28330687176,0.0,57.3033707865,21.619047619,92.0
10:30:14,3089.0,3089.07186414,2.55871349269,45.4545454545,18.0,0,8.28330687176,2.0,77.3333333333,18.2857142857,86.0
10:30:14,3088.0,3089.07126883,2.55871349269,41.6666666667,14.0,0,8.28598928979,-10.0,69.7674418605,15.1428571429,4.0
10:30:15,3088.0,3089.07067384,2.55864058958,41.6666666667,4.0,0,8.28575320461,-4.0,67.5675675676,12.1904761905,-12.0
10:30:15,3088.0,3089.07007919,2.55864058958,41.6666666667,16.0,0,8.28575320461,2.0,68.8888888889,13.2380952381,-10.0
10:30:16,3088.0,3089.06948486,2.55856765425,41.6666666667,40.0,0,8.28551701505,10.0,56.6037735849,20.380952381,0.0
10:30:16,3088.0,3089.06889087,2.55856765425,41.6666666667,72.0,0,8.28551701505,0.0,28.0487804878,35.9047619048,0.0
10:30:17,3088.0,3089.06829721,2.55849468667,41.6666666667,212.0,0,8.28528072109,-116.0,9.49720670391,88.6666666667,-118.0
10:30:17,3089.0,3089.06825928,2.55849468667,45.4545454545,2.0,0,8.28259853244,2.0,9.82658959538,72.1904761905,-106.0
10:30:18,3088.0,3089.06766596,2.55849468667,41.6666666667,16.0,0,8.28528072109,-8.0,10.6145251397,60.2857142857,-110.0
10:30:18,3088.0,3089.06707298,2.55842168686,41.6666666667,58.0,0,8.28504432272,-46.0,6.5,59.8095238095,-158.0
10:30:19,3088.0,3089.06648033,2.55816700811,41.6666666667,10.0,0,8.28421958583,0.0,2.16216216217,43.619047619,-168.0
10:30:19,3088.0,3089.065888,2.55809390845,41.6666666667,0.0,0,8.28398286415,0.0,0,26.0,-168.0
10:30:20,3088.0,3089.06529601,2.55783901606,41.6666666667,2.0,0,8.28315743544,0.0,6.81818181818,12.380952381,-52.0
10:30:20,3089.0,3089.06525974,2.5576572125,45.4545454545,36.0,0,8.27988738266,0.0,31.1475409836,18.4761904762,-54.0
10:30:21,3088.0,3089.06466809,2.55740209556,41.6666666667,2.0,0,8.28174253745,2.0,31.4814814815,13.2380952381,-44.0
10:30:21,3088.0,3089.06407678,2.55714683248,41.6666666667,84.0,0,8.28091590828,-62.0,25.3731343284,32.0952380952,-60.0
10:30:22,3089.0,3089.06404119,2.55696482882,45.4545454545,112.0,0,8.27764593336,0.0,39.8305084746,57.7142857143,-60.0
10:30:22,3088.0,3089.06345022,2.55670934099,41.6666666667,4.0,0,8.27949916125,-2.0,39.1666666667,47.619047619,-62.0
10:30:23,3088.0,3089.06285958,2.55645370691,41.6666666667,6.0,0,8.27867133066,2.0,39.3442622951,37.9047619048,-60.0
10:30:23,3089.0,3089.06282466,2.55627150297,45.4545454545,22.0,0,8.27540143403,-6.0,28.6956521739,32.5714285714,-66.0
10:30:24,3088.0,3089.06223437,2.55601564397,41.6666666667,6.0,0,8.27725273307,0.0,29.9145299145,23.3333333333,-68.0
10:30:24,3088.0,3089.0616444,2.55575963859,41.6666666667,12.0,0,8.2764237001,-12.0,43.2098765432,15.619047619,-18.0
10:30:25,3088.0,3089.06105476,2.55568592663,41.6666666667,62.0,0,8.27618499555,-12.0,55.3571428571,25.619047619,-30.0
10:30:25,3088.0,3089.06046545,2.55561218234,41.6666666667,24.0,0,8.27594618635,20.0,63.6363636364,27.1428571429,-8.0
10:30:26,3088.0,3089.05987647,2.55535589498,41.6666666667,12.0,0,8.27511624021,0.0,59.4202898551,24.2857142857,-10.0
10:30:26,3089.0,3089.05984321,2.55517334098,45.4545454545,22.0,0,8.27184636123,2.0,72.463768116,24.0,-2.0
10:30:27,3089.0,3089.05980998,2.55499074374,45.4545454545,44.0,0,8.27125524035,30.0,71.5909090909,30.0,28.0
10:30:27,3089.0,3089.05977676,2.55480810325,45.4545454545,56.0,0,8.27066397945,2.0,59.0909090909,37.619047619,42.0
10:30:28,3088.0,3089.05918816,2.55455143317,41.6666666667,6.0,0,8.27251111777,-6.0,47.5609756098,28.8571428571,48.0
10:30:28,3088.0,3089.05859988,2.55429461646,41.6666666667,10.0,0,8.27167945743,-8.0,37.3333333333,23.9047619048,20.0
10:30:29,3089.0,3089.05856734,2.55429461646,45.4545454545,28.0,0,8.26900167192,4.0,49.3975903614,24.7619047619,24.0
10:30:29,3089.0,3089.05853481,2.55429461646,45.4545454545,0.0,0,8.26900167192,0.0,0,16.8571428571,22.0
10:30:30,3088.0,3089.0579469,2.55403765308,41.6666666667,78.0,0,8.27084732214,-58.0,59.5505617977,32.2857142857,-66.0
10:30:30,3088.0,3089.05735931,2.55396349866,41.6666666667,174.0,0,8.27060718477,-40.0,35.1351351351,73.5238095238,-108.0
10:30:31,3089.0,3089.05732745,2.55378054298,45.4545454545,110.0,0,8.26733746515,76.0,53.0,90.8571428571,-26.0
10:30:31,3089.0,3089.05729561,2.55359754399,45.4545454545,72.0,0,8.26674504367,62.0,61.4718614719,92.380952381,44.0
10:30:32,3090.0,3089.05781919,2.55359754399,50.0,18.0,0,8.26406972165,-14.0,60.1769911504,75.5238095238,26.0
10:30:32,3090.0,3089.05834248,2.55359754399,50.0,98.0,0,8.26406972165,4.0,58.1818181818,82.0,30.0
10:30:33,3089.0,3089.05831008,2.55341450166,45.4545454545,6.0,0,8.2661524819,-4.0,51.8828451883,57.5238095238,84.0
10:30:33,3089.0,3089.05827769,2.55323141599,45.4545454545,2.0,0,8.26555977982,2.0,80.3921568627,35.3333333333,126.0
10:30:34,3089.0,3089.05824533,2.55304828696,45.4545454545,4.0,0,8.26496693739,0.0,69.0,21.9047619048,50.0
10:30:34,3090.0,3089.05876838,2.55323141599,50.0,10.0,0,8.26288484138,2.0,50.7246376812,15.2380952381,-10.0
10:30:35,3089.0,3089.05873574,2.55323141599,45.4545454545,86.0,0,8.26555977982,18.0,29.1262135922,33.2380952381,22.0
10:30:35,3089.0,3089.05870312,2.55304828696,45.4545454545,6.0,0,8.26496693739,2.0,10.5263157895,25.1428571429,20.0
10:30:36,3089.0,3089.05867051,2.55286511457,45.4545454545,0.0,0,8.26437395459,0.0,0,19.7142857143,24.0
10:30:36,3089.0,3089.05863793,2.55268189882,45.4545454545,4.0,0,8.26378083139,4.0,7.27272727273,15.7142857143,26.0
10:30:37,3089.0,3089.05860536,2.55268189882,45.4545454545,0.0,0,8.26378083139,0.0,0,10.4761904762,26.0
10:30:37,3089.0,3089.05857281,2.55249863968,45.4545454545,362.0,0,8.26318756775,2.0,0.873362445415,108.857142857,26.0
10:30:38,3090.0,3089.05909568,2.55268189882,50.0,218.0,0,8.26110646866,166.0,8.47457627118,149.333333333,174.0
10:30:38,3089.0,3089.05906286,2.55268189882,45.4545454545,46.0,0,8.26378083139,18.0,9.52380952381,134.380952381,190.0
10:30:39,3089.0,3089.05903005,2.55268189882,45.4545454545,0.0,0,8.26378083139,0.0,0,104.380952381,190.0
10:30:39,3089.0,3089.05899727,2.55249863968,45.4545454545,2.0,0,8.26318756775,2.0,9.55414012738,74.9523809524,188.0
10:30:40,3089.0,3089.0589645,2.55231533715,45.4545454545,20.0,0,8.26259416364,20.0,9.25925925926,50.7619047619,208.0
10:30:40,3089.0,3089.05893175,2.55231533715,45.4545454545,0.0,0,8.26259416364,0.0,0,19.9047619048,206.0
10:30:41,3090.0,3089.05945442,2.55249863968,50.0,12.0,0,8.26051339701,4.0,27.5,9.71428571429,44.0
10:30:41,3090.0,3089.0599768,2.55268189882,50.0,2.0,0,8.26110646866,-2.0,38.8888888889,6.47619047619,24.0
10:30:42,3090.0,3089.06049889,2.55286511457,50.0,0.0,0,8.26169939992,0.0,0,4.7619047619,24.0
10:30:42,3090.0,3089.06102069,2.55304828696,50.0,10.0,0,8.26229219081,-6.0,45.4545454545,5.90476190476,16.0
10:30:43,3089.0,3089.0609868,2.55304828696,45.4545454545,166.0,0,8.26496693739,-12.0,23.1578947368,51.2380952381,-16.0
10:30:43,3090.0,3089.06150833,2.55330571255,50.0,4.0,0,8.26312528333,0.0,23.7113402062,43.3333333333,-16.0
10:30:44,3089.0,3089.06147417,2.55330571255,45.4545454545,4.0,0,8.2658002996,0.0,18.2795698925,35.2380952381,-20.0
10:30:44,3090.0,3089.06199543,2.55348876268,50.0,2.0,0,8.26371767856,-2.0,18.2795698925,26.9523809524,-20.0
10:30:45,3090.0,3089.0625164,2.55367176947,50.0,2.0,0,8.26430993355,0.0,19.1489361702,18.6666666667,-20.0
10:30:45,3089.0,3089.06248167,2.55367176947,45.4545454545,2.0,0,8.26698533333,2.0,16.6666666667,10.2857142857,-12.0
10:30:46,3089.0,3089.06244697,2.55367176947,45.4545454545,14.0,0,8.26698533333,2.0,21.4285714286,5.71428571429,2.0
10:30:46,3089.0,3089.06241229,2.55367176947,45.4545454545,0.0,0,8.26698533333,0.0,0,4.38095238095,2.0
10:30:47,3090.0,3089.06293303,2.55392889051,50.0,4.0,0,8.26514204048,0.0,25.0,4.38095238095,2.0
10:30:47,3089.0,3089.06289807,2.55392889051,45.4545454545,412.0,0,8.26781770964,290.0,3.68663594468,120.952380952,294.0
10:30:48,3089.0,3089.06286314,2.55400301572,45.4545454545,10.0,0,8.26805767473,0.0,2.71493212668,103.142857143,294.0
10:30:48,3090.0,3089.06338363,2.55425992217,50.0,60.0,0,8.26621334035,-24.0,19.6,99.2380952381,268.0
10:30:49,3089.0,3089.06334842,2.55425992217,45.4545454545,46.0,0,8.26888935633,-10.0,32.7067669173,88.5714285714,256.0
10:30:49,3090.0,3089.06386864,2.55451668196,50.0,48.0,0,8.26704427818,-6.0,31.0344827586,76.9523809524,250.0
10:30:50,3090.0,3089.06438857,2.55477329513,50.0,110.0,0,8.26787474152,0.0,27.4052478134,80.7619047619,250.0
10:30:50,3090.0,3089.06490821,2.55502976173,50.0,18.0,60.0,8.26870473052,-16.0,65.0684931507,53.2380952381,-56.0
10:30:51,3089.0,3089.06487216,2.55510358322,50.0,2.0,0,8.27162053487,0.0,67.6056338028,39.9047619048,-56.0
10:30:51,3089.0,3089.06483613,2.55510358322,50.0,122.0,0,8.27162053487,0.0,31.2138728324,61.2380952381,-32.0
10:30:52,3089.0,3089.06480012,2.55510358322,50.0,18.0,0,8.27162053487,0.0,10.0628930818,49.9047619048,-22.0
10:30:52,3090.0,3089.06531953,2.55528608181,54.5454545455,12.0,0,8.26953424533,-12.0,13.475177305,38.1904761905,-28.0
10:30:53,3090.0,3089.06583865,2.5555422554,54.5454545455,662.0,0,8.27036328608,-528.0,3.59712230215,213.904761905,-556.0
10:30:53,3090.0,3089.06635749,2.55579828256,54.5454545455,22.0,0,8.27119185293,2.0,2.38663484486,180.476190476,-538.0
10:30:54,3089.0,3089.06632063,2.55587190071,50.0,8.0,0,8.27410780418,8.0,2.36966824644,142.857142857,-530.0
10:30:54,3089.0,3089.0662838,2.55587190071,50.0,10.0,0,8.27410780418,6.0,2.73224043715,105.523809524,-524.0
10:30:55,3090.0,3089.06680239,2.55605416332,54.5454545455,22.0,0,8.272019946,2.0,5.43478260869,76.9523809524,-522.0
10:30:55,3089.0,3089.06676528,2.55612771373,50.0,10.0,0,8.27493594603,10.0,3.81471389645,44.7619047619,-500.0
10:30:56,3090.0,3089.0672836,2.55638338041,54.5454545455,4.0,0,8.27308537351,2.0,36.8421052632,10.9523809524,30.0
10:30:57,3090.0,3089.06780163,2.55663890081,54.5454545455,68.0,0,8.27391230036,14.0,52.4590163934,26.7619047619,42.0
10:30:57,3090.0,3089.06831938,2.55689427496,54.5454545455,4.0,0,8.27473875392,-4.0,57.6271186441,22.0952380952,30.0
10:30:58,3090.0,3089.06883684,2.55714950291,54.5454545455,52.0,0,8.27556473435,12.0,66.25,31.3333333333,36.0
10:30:58,3090.0,3089.069354,2.55740458471,54.5454545455,0.0,0,8.27639024177,0.0,0,23.7142857143,34.0
10:30:59,3090.0,3089.06987089,2.55765952039,54.5454545455,2.0,0,8.27721527633,-2.0,67.6923076923,17.7142857143,22.0
10:30:59,3090.0,3089.07038748,2.55784123328,54.5454545455,48.0,0,8.27780334396,42.0,52.8735632184,25.2380952381,62.0
10:31:00,3090.0,3089.07090379,2.55802290311,54.5454545455,6.0,0,8.2783912722,2.0,51.7857142857,18.6666666667,50.0
10:31:00,3090.0,3089.07141981,2.55827753589,54.5454545455,54.0,0,8.27921532649,54.0,34.5679012346,28.7619047619,108.0
10:31:01,3089.0,3089.07138014,2.55835050965,50.0,28.0,0,8.2821317891,2.0,15.9420289855,29.0476190476,98.0
10:31:01,3089.0,3089.0713405,2.55842345118,50.0,10.0,0,8.28236792225,-2.0,18.9189189189,25.3333333333,96.0
10:31:02,3089.0,3089.07130088,2.55849636047,50.0,8.0,0,8.28260395102,4.0,16.8831168831,20.5714285714,102.0
10:31:02,3089.0,3089.07126128,2.55856923753,50.0,32.0,0,8.28283987545,28.0,14.4927536232,22.380952381,88.0
10:31:03,3089.0,3089.0712217,2.55856923753,50.0,0.0,0,8.28283987545,0.0,0,15.8095238095,86.0
10:31:03,3089.0,3089.07118214,2.55864208235,50.0,24.0,0,8.28307569552,0.0,31.3725490196,16.380952381,32.0
10:31:04,3089.0,3089.07114261,2.55871489494,50.0,0.0,0,8.28331141126,0.0,0,11.5238095238,30.0
10:31:04,3089.0,3089.07110309,2.5587876753,50.0,204.0,0,8.28354702267,108.0,7.46268656716,66.2857142857,140.0
10:31:05,3090.0,3089.071619,2.55904168924,54.5454545455,12.0,0,8.2816883147,0.0,11.7647058824,56.9523809524,136.0
10:31:05,3089.0,3089.07157923,2.55907847455,50.0,10.0,0,8.28448842521,-8.0,14.4,46.8571428571,100.0
10:31:06,3090.0,3089.07209487,2.55933221844,54.5454545455,4.0,0,8.28262853863,0.0,15.7480314961,36.0952380952,100.0
10:31:06,3090.0,3089.07261023,2.55954977715,54.5454545455,0.0,0,8.28333261215,0.0,0,24.0,100.0
10:31:07,3090.0,3089.07312531,2.55980317289,54.5454545455,2.0,0,8.28415266308,-2.0,9.48275862069,13.619047619,98.0
10:31:07,3089.0,3089.07308469,2.55987556061,50.0,20.0,0,8.28706882683,0.0,45.8333333333,8.28571428571,-10.0
10:31:08,3090.0,3089.0735995,2.56009253064,54.5454545455,34.0,0,8.28508909592,-32.0,17.1428571429,15.7142857143,-42.0
10:31:08,3089.0,3089.07355862,2.56016478962,50.0,22.0,0,8.28800514606,8.0,34.1463414634,18.6666666667,-26.0
10:31:09,3090.0,3089.07407317,2.56041770259,54.5454545455,4.0,0,8.28614143233,4.0,34.1463414634,15.9047619048,-22.0
10:31:09,3089.0,3089.07403203,2.56048986199,50.0,12.0,0,8.28905750076,0.0,29.7872340426,15.4285714286,-22.0
10:31:10,3089.0,3089.07399091,2.56052560191,50.0,0.0,0,8.28917320138,0.0,0,10.9523809524,-20.0
10:31:10,3089.0,3089.07394982,2.56056122079,50.0,4.0,0,8.28928851018,-2.0,34.2105263158,7.71428571429,-22.0
10:31:11,3089.0,3089.07390875,2.56063322548,50.0,4.0,0,8.28952161049,0.0,52.1739130435,5.2380952381,10.0
10:31:11,3090.0,3089.0744231,2.5608856101,54.5454545455,2.0,0,8.28765569612,0.0,23.0769230769,3.61904761905,2.0
10:31:12,3089.0,3089.07438176,2.56092092268,50.0,2.0,0,8.2904529708,0.0,8.33333333333,2.95238095238,-2.0
10:31:12,3090.0,3089.07489585,2.56113635803,54.5454545455,18.0,0,8.2884671781,-6.0,33.3333333333,6.95238095238,-8.0
10:31:13,3089.0,3089.07485426,2.56117136589,50.0,14.0,0,8.29126372899,-4.0,22.7272727273,9.52380952381,-12.0
10:31:13,3089.0,3089.07481268,2.56106096299,50.0,4.0,0,8.29090632242,-2.0,22.7272727273,8.57142857143,-12.0
10:31:14,3090.0,3089.07532653,2.56113025722,54.5454545455,12.0,0,8.28844743437,-10.0,42.3076923077,9.90476190476,-22.0
10:31:14,3089.0,3089.0752847,2.56101921985,50.0,10.0,0,8.2907711876,0.0,33.3333333333,10.2857142857,-22.0
10:31:15,3089.0,3089.07524288,2.56105350622,50.0,16.0,0,8.29088218265,0.0,27.027027027,12.0,-22.0
10:31:15,3089.0,3089.07520109,2.56108767162,50.0,80.0,0,8.29099278608,-80.0,8.82352941176,31.3333333333,-96.0
10:31:16,3089.0,3089.07515933,2.56112171605,50.0,4.0,0,8.29110299791,-4.0,9.52380952381,26.0,-96.0
10:31:16,3089.0,3089.07511758,2.56115563953,50.0,160.0,0,8.29121281815,-2.0,7.80141843972,65.7142857143,-96.0
10:31:17,3089.0,3089.07507586,2.56122678396,50.0,40.0,0,8.29144313358,-2.0,3.22580645161,63.7142857143,-88.0
10:31:17,3089.0,3089.07503417,2.56126052529,50.0,12.0,0,8.29155236415,10.0,3.20512820513,52.380952381,-78.0
10:31:18,3089.0,3089.07499249,2.56129414566,50.0,28.0,0,8.29166120319,-6.0,3.08641975309,45.5238095238,-84.0
10:31:18,3089.0,3089.07495084,2.5613276451,50.0,8.0,0,8.2917696507,0.0,3.96825396825,32.380952381,-4.0
10:31:19,3089.0,3089.07490921,2.5613610236,50.0,6.0,0,8.2918777067,0.0,3.93700787402,22.0952380952,0.0
10:31:19,3089.0,3089.07486761,2.56139428116,50.0,4.0,0,8.2919853712,0.0,0,11.1428571429,2.0
10:31:20,3089.0,3089.07482603,2.5614274178,50.0,26.0,0,8.29209264423,0.0,0,13.9047619048,4.0
10:31:20,3089.0,3089.07478447,2.56146043352,50.0,0.0,0,8.29219952579,0.0,0,9.90476190476,-6.0
10:31:21,3089.0,3089.07474293,2.56153111765,50.0,20.0,0,8.29242835107,-20.0,0,12.1904761905,-20.0
10:31:21,3089.0,3089.07470142,2.5616017697,50.0,2.0,0,8.29265707252,-2.0,0,9.71428571429,-22.0
10:31:22,3089.0,3089.07465993,2.56167238969,50.0,70.0,0,8.29288569016,24.0,0,26.9523809524,2.0
10:31:22,3089.0,3089.07461846,2.56174297761,50.0,70.0,0,8.29311420398,0.0,0,41.1428571429,2.0
10:31:23,3089.0,3089.07457702,2.56174297761,50.0,6.0,0,8.29311420398,0.0,0,33.9047619048,2.0
10:31:23,3090.0,3089.075091,2.5619219613,54.5454545455,2.0,0,8.2910095835,-2.0,1.17647058824,26.4761904762,0.0
10:31:24,3089.0,3089.0750493,2.56199248211,50.0,6.0,0,8.29392192331,0.0,1.28205128205,20.0952380952,20.0
10:31:24,3090.0,3089.07556302,2.56224184186,54.5454545455,2.0,0,8.29204479566,-2.0,2.5641025641,13.2380952381,20.0
10:31:25,3090.0,3089.07607645,2.56249105689,54.5454545455,2.0,0,8.29285131681,0.0,6.81818181818,6.38095238095,-4.0
10:31:25,3089.0,3089.0760342,2.56256141149,50.0,70.0,0,8.29576371476,-2.0,9.09090909091,22.1904761905,-6.0
10:31:26,3089.0,3089.07599197,2.56263173404,50.0,30.0,0,8.29599136951,-2.0,8.92857142857,26.5714285714,-8.0
10:31:26,3089.0,3089.07594976,2.56270202456,50.0,2.0,0,8.29621892055,0.0,7.14285714286,21.8095238095,-6.0
10:31:27,3089.0,3089.07590758,2.56277228303,50.0,2.0,0,8.29644636787,0.0,7.40740740741,17.0476190476,-6.0
10:31:27,3089.0,3089.07586542,2.56284250948,50.0,4.0,0,8.29667371149,-2.0,5.45454545455,13.0476190476,-6.0
10:31:28,3090.0,3089.07637868,2.56309124465,54.5454545455,2.0,0,8.294793672,-2.0,5.45454545455,8.38095238095,-8.0
10:31:28,3089.0,3089.07633626,2.56316137204,50.0,2.0,0,8.29770596324,-2.0,9.52380952381,3.71428571429,-8.0
10:31:29,3090.0,3089.07684927,2.56340989567,54.5454545455,14.0,0,8.29582490508,-8.0,61.5384615385,5.71428571429,-14.0
10:31:29,3090.0,3089.07736199,2.56365827481,54.5454545455,0.0,0,8.29662872107,0.0,0,4.47619047619,-14.0
10:31:30,3090.0,3089.07787442,2.56386806299,54.5454545455,0.0,0,8.29730764723,0.0,0,3.33333333333,-14.0
10:31:30,3090.0,3089.07838657,2.56411609683,54.5454545455,12.0,0,8.29811034573,2.0,73.3333333333,5.71428571429,-10.0
10:31:31,3089.0,3089.07834304,2.56411609683,50.0,28.0,0,8.3007966877,-28.0,35.7142857143,12.2857142857,-36.0
10:31:31,3089.0,3089.07829952,2.56418589528,50.0,20.0,0,8.30102264578,0.0,27.027027027,15.3333333333,-34.0
10:31:32,3090.0,3089.07881144,2.56443371784,54.5454545455,34.0,0,8.29913824545,-4.0,40.4255319149,21.5238095238,-30.0
10:31:32,3090.0,3089.07932307,2.56468139612,54.5454545455,0.0,0,8.29993979325,0.0,0,17.0476190476,-30.0
10:31:33,3089.0,3089.07927901,2.56475102876,50.0,4.0,0,8.30285214877,-4.0,38.7755102041,13.7142857143,-34.0
10:31:33,3089.0,3089.07923498,2.56482062942,50.0,0.0,0,8.30307746657,0.0,0,9.04761904762,-36.0
10:31:34,3090.0,3089.07974637,2.5649984959,54.5454545455,20.0,0,8.30096600614,-12.0,46.1538461538,10.6666666667,-20.0
10:31:34,3090.0,3089.08025748,2.56524581885,54.5454545455,34.0,0,8.30176640403,-30.0,65.2173913044,16.6666666667,-50.0
10:31:35,3089.0,3089.08021291,2.56531528578,50.0,16.0,0,8.30467881442,0.0,37.8378378378,16.8571428571,-46.0
10:31:35,3089.0,3089.08016836,2.56538472075,50.0,0.0,0,8.30490359581,0.0,0,13.3333333333,-46.0
10:31:36,3090.0,3089.08067923,2.56563176587,54.5454545455,4.0,0,8.30301542352,0.0,43.2432432433,10.9523809524,-42.0
10:31:36,3089.0,3089.08063442,2.56570110205,50.0,100.0,0,8.30592781499,-70.0,41.3793103448,36.0,-112.0
10:31:37,3089.0,3089.08058964,2.56577040629,50.0,4.0,0,8.30615217315,2.0,44.3037974684,28.8571428571,-98.0
10:31:37,3089.0,3089.08054488,2.56580065958,50.0,0.0,0,8.30625011194,0.0,0,21.3333333333,-68.0
10:31:38,3089.0,3089.08050014,2.56586987091,50.0,32.0,0,8.30647416934,-26.0,32.8571428571,24.5714285714,-94.0
10:31:38,3089.0,3089.08045543,2.5658999426,50.0,4.0,0,8.30657152023,2.0,33.3333333333,19.0476190476,-92.0
10:31:39,3089.0,3089.08041075,2.56596906104,50.0,2.0,0,8.30679527692,-2.0,30.985915493,12.7619047619,-94.0
10:31:39,3090.0,3089.08092149,2.56621544855,54.5454545455,22.0,0,8.30490436425,20.0,40.625,12.2857142857,-4.0
10:31:40,3089.0,3089.08087655,2.5662844683,50.0,6.0,0,8.30781634282,0.0,36.3636363636,10.9523809524,-6.0
10:31:40,3089.0,3089.08083163,2.56635345612,50.0,2.0,0,8.30803967665,-2.0,35.2941176471,8.38095238095,-8.0
10:31:41,3089.0,3089.08078673,2.56642241202,50.0,190.0,62.5,8.30826290715,58.0,10.6194690265,59.4285714286,76.0
10:31:41,3089.0,3089.08074186,2.566491336,54.5454545455,198.0,0,8.30848603432,138.0,5.2380952381,105.238095238,212.0
10:31:42,3089.0,3089.08069702,2.56652085925,54.5454545455,2.0,0,8.30858160976,0.0,5.71428571429,85.8095238095,214.0
10:31:42,3089.0,3089.0806522,2.56655026191,54.5454545455,0.0,0,8.30867679479,0.0,0,65.8095238095,194.0
10:31:43,3089.0,3089.08060741,2.56657954398,54.5454545455,708.0,0,8.30877158943,-402.0,64.5454545455,249.142857143,-208.0
10:31:43,3090.0,3089.08111804,2.56682515143,58.3333333333,28.0,0,8.30687751273,4.0,64.8312611012,204.761904762,-202.0
10:31:44,3089.0,3089.08107299,2.56689379406,54.5454545455,4.0,0,8.30978890924,0.0,77.6595744681,152.285714286,-260.0
10:31:44,3089.0,3089.08102796,2.56692277161,54.5454545455,4.0,0,8.30988271808,-4.0,97.855227882,108.666666667,-402.0
10:31:45,3089.0,3089.08098295,2.56699132146,54.5454545455,0.0,0,8.31010463405,0.0,0,73.1428571429,-402.0
10:31:45,3089.0,3089.08093798,2.56705983941,54.5454545455,12.0,0,8.31032644679,0.0,96.2962962963,41.1428571429,-402.0
10:31:46,3089.0,3089.08089302,2.56712832548,54.5454545455,10.0,0,8.31054815631,0.0,34.4827586207,8.0,0.0
10:31:46,3089.0,3089.0808481,2.56719677967,54.5454545455,4.0,0,8.31076976261,-2.0,5.88235294118,6.38095238095,-6.0
10:31:47,3089.0,3089.08080319,2.56726520198,54.5454545455,2.0,0,8.31099126571,-2.0,6.25,5.33333333333,-8.0
10:31:47,3089.0,3089.08075831,2.56729375456,54.5454545455,4.0,0,8.31108369881,0.0,12.5,4.95238095238,-4.0
10:31:48,3088.0,3089.08015806,2.56725388605,50.0,692.0,0,8.31364600404,88.0,-6.3535911602,201.142857143,84.0
10:31:48,3089.0,3089.08011354,2.56728225843,54.5454545455,20.0,0,8.31104648245,8.0,-3.55191256829,172.380952381,92.0
10:31:49,3089.0,3089.08006904,2.56735049813,54.5454545455,6.0,0,8.3112673944,4.0,-2.74725274723,139.238095238,96.0
10:31:49,3089.0,3089.08002457,2.56737868912,54.5454545455,8.0,0,8.3113586569,8.0,-1.91256830599,106.857142857,106.0
10:31:50,3089.0,3089.07998013,2.56744683609,54.5454545455,0.0,0,8.31157926868,0.0,0,72.0,108.0
10:31:50,3089.0,3089.07993571,2.56747484571,54.5454545455,18.0,0,8.31166994401,2.0,-1.07526881719,42.380952381,110.0
10:31:51,3089.0,3089.07989131,2.56754289997,54.5454545455,0.0,0,8.31189025566,0.0,0,6.95238095238,22.0
10:31:51,3089.0,3089.07984694,2.56757072823,54.5454545455,6.0,0,8.31198034389,2.0,68.4210526316,6.19047619048,16.0
10:31:52,3089.0,3089.07980259,2.56759843597,54.5454545455,0.0,0,8.31207004199,0.0,0,4.38095238095,12.0
10:31:52,3089.0,3089.07975827,2.56766633671,54.5454545455,0.0,0,8.31228985662,0.0,0,2.85714285714,4.0
10:31:53,3088.0,3089.07915857,2.56762602321,50.0,8.0,0,8.31485111143,6.0,56.25,4.0,10.0
10:31:53,3088.0,3089.0785592,2.56762602321,50.0,2.0,0,8.31485111143,0.0,62.5,3.04761904762,8.0
10:31:54,3088.0,3089.07796017,2.56762602321,50.0,2.0,0,8.31485111143,-2.0,55.5555555556,2.85714285714,6.0
10:31:54,3088.0,3089.07736147,2.56762602321,50.0,0.0,0,8.31485111143,0.0,0,2.0,4.0
10:31:55,3088.0,3089.0767631,2.56762602321,50.0,10.0,0,8.31485111143,0.0,27.2727272727,4.28571428571,4.0
10:31:55,3088.0,3089.07616507,2.56758567903,50.0,10.0,0,8.31472046317,-10.0,18.75,6.09523809524,-6.0
10:31:56,3088.0,3089.07556736,2.56754530416,50.0,4.0,0,8.31458971553,-4.0,0,5.71428571429,-16.0
10:31:56,3089.0,3089.07552539,2.56761308609,54.5454545455,6.0,0,8.31211746874,-2.0,6.24999999999,6.09523809524,-18.0
10:31:57,3089.0,3089.07548345,2.56764037266,54.5454545455,4.0,0,8.31220580338,0.0,11.7647058823,5.71428571429,-16.0
10:31:57,3088.0,3089.07488612,2.56759987845,50.0,6.0,0,8.31476644575,0.0,10.0,5.80952380952,-16.0
10:31:58,3088.0,3089.07428913,2.56755935354,50.0,10.0,0,8.31463521224,-10.0,10.0,6.7619047619,-26.0
10:31:58,3088.0,3089.07369247,2.56751879794,50.0,4.0,0,8.31450387934,-2.0,11.7647058823,6.0,-18.0
10:31:59,3088.0,3089.07309614,2.56747821165,50.0,42.0,0,8.31437244704,-40.0,8.33333333334,16.380952381,-54.0
10:32:00,3089.0,3089.07305554,2.56754578499,54.5454545455,8.0,0,8.31189959531,-4.0,8.10810810812,15.2380952381,-56.0
10:32:00,3088.0,3089.07245956,2.56750513902,50.0,28.0,0,8.31445964708,-6.0,4.08163265307,19.7142857143,-62.0
10:32:01,3088.0,3089.07186392,2.56746446235,50.0,38.0,0,8.31432792212,0.0,3.07692307693,25.9047619048,-62.0
10:32:01,3088.0,3089.0712686,2.56746446235,50.0,0.0,0,8.31432792212,0.0,0,19.7142857143,-52.0
10:32:02,3088.0,3089.07067362,2.56742375498,50.0,6.0,0,8.31419609774,2.0,4.91803278689,15.7142857143,-48.0
10:32:02,3088.0,3089.07007897,2.56738301692,50.0,4.0,0,8.31406417396,0.0,4.7619047619,11.0476190476,-8.0
10:32:03,3088.0,3089.06948464,2.56738301692,50.0,6.0,0,8.31406417396,-6.0,2.43902439024,8.7619047619,-10.0
10:32:03,3089.0,3089.06944605,2.5674504425,54.5454545455,2.0,0,8.31159094367,2.0,7.14285714285,5.42857142857,-2.0
10:32:04,3088.0,3089.06885208,2.56740964475,50.0,6.0,0,8.31415040398,0.0,16.6666666667,4.47619047619,-2.0
10:32:04,3089.0,3089.06881384,2.56747700953,54.5454545455,22.0,0,8.31167694893,-4.0,30.4347826087,9.61904761905,-6.0
10:32:05,3089.0,3089.06877562,2.56750345607,54.5454545455,0.0,0,8.31176256415,0.0,0,7.42857142857,-8.0
10:32:05,3088.0,3089.06818202,2.56750345607,50.0,14.0,0,8.31445419711,2.0,28.0,9.52380952381,-6.0
10:32:06,3088.0,3089.06758875,2.56746253895,50.0,2.0,0,8.31432169348,2.0,30.4347826087,7.71428571429,2.0
10:32:06,3089.0,3089.06755121,2.56748880532,54.5454545455,476.0,0,8.31171513538,-138.0,93.0769230769,141.523809524,-138.0
10:32:07,3088.0,3089.06695829,2.56748880532,50.0,2.0,0,8.31440675297,-2.0,93.7984496124,117.333333333,-140.0
10:32:07,3089.0,3089.0669211,2.56755598771,54.5454545455,10.0,0,8.31193262449,10.0,96.0317460317,95.619047619,-126.0
10:32:08,3088.0,3089.06632853,2.56755598771,50.0,10.0,0,8.31462431252,0.0,94.1634241245,74.4761904762,-126.0
10:32:08,3088.0,3089.06573629,2.56755598771,50.0,52.0,0,8.31462431252,-2.0,87.3188405797,64.8571428571,-130.0
10:32:09,3088.0,3089.06514438,2.56755598771,50.0,10.0,0,8.31462431252,6.0,87.1428571428,41.4285714286,-126.0
10:32:09,3089.0,3089.0651082,2.56762313828,54.5454545455,4.0,0,8.31215001063,0.0,20.4545454545,15.9047619048,12.0
10:32:10,3088.0,3089.06451664,2.56762313828,50.0,2.0,0,8.31484176905,0.0,20.4545454545,12.2857142857,14.0
10:32:10,3089.0,3089.06448081,2.5676491626,54.5454545455,2.0,0,8.312234259,2.0,12.5,8.66666666667,6.0
10:32:11,3088.0,3089.06388959,2.5676491626,50.0,12.0,0,8.3149260447,-4.0,12.1951219512,8.28571428571,2.0
10:32:11,3088.0,3089.06329871,2.56760803744,50.0,0.0,0,8.31479286737,0.0,0,4.38095238095,4.0
10:32:12,3088.0,3089.06270815,2.56756688157,50.0,0.0,0,8.31465959059,0.0,0,2.95238095238,-2.0
10:32:12,3088.0,3089.06211792,2.56752569499,50.0,404.0,0,8.31452621435,0.0,0.47619047619,117.428571429,-2.0
10:32:13,3089.0,3089.06208342,2.56755141978,54.5454545455,6.0,0,8.31191783677,6.0,1.88679245283,99.1428571429,4.0
10:32:13,3088.0,3089.06149354,2.56751014279,50.0,100.0,0,8.31447585101,-100.0,1.14942528736,107.523809524,-98.0
10:32:14,3088.0,3089.06090398,2.56751014279,50.0,2.0,0,8.31447585101,-2.0,1.171875,83.2380952381,-96.0
10:32:14,3088.0,3089.06031475,2.56746883509,50.0,20.0,0,8.31434208253,8.0,2.63157894737,64.5714285714,-88.0
10:32:15,3088.0,3089.05972585,2.56742749666,50.0,52.0,0,8.31420821458,-2.0,2.39726027397,54.0952380952,-90.0
10:32:15,3088.0,3089.05913728,2.56742749666,50.0,492.0,0,8.31420821458,-18.0,71.130952381,166.857142857,-108.0
10:32:16,3088.0,3089.05854903,2.56742749666,50.0,86.0,0,8.31420821458,0.0,62.7659574468,159.428571429,-114.0
10:32:16,3088.0,3089.05796112,2.56738612752,50.0,4.0,0,8.31407424715,-2.0,71.9512195122,124.761904762,-16.0
10:32:17,3088.0,3089.05737352,2.56738612752,50.0,2.0,0,8.31407424715,0.0,71.9512195122,94.0952380952,-14.0
10:32:17,3088.0,3089.05678626,2.56734472765,50.0,8.0,0,8.31394018023,-6.0,72.049689441,65.1428571429,-28.0
10:32:18,3088.0,3089.05619932,2.56730329707,50.0,2.0,0,8.31380601382,-2.0,78.1144781145,35.0476190476,-28.0
10:32:18,3088.0,3089.0556127,2.56730329707,50.0,2.0,0,8.31380601382,0.0,0,7.33333333333,-10.0
10:32:19,3088.0,3089.05502641,2.56730329707,50.0,0.0,0,8.31380601382,0.0,0,2.38095238095,-10.0
10:32:19,3088.0,3089.05444045,2.56730329707,50.0,6.0,0,8.31380601382,-4.0,0,3.2380952381,-12.0
10:32:20,3088.0,3089.05385481,2.56730329707,50.0,0.0,0,8.31380601382,0.0,0,2.28571428571,-12.0
10:32:20,3088.0,3089.0532695,2.56730329707,50.0,8.0,0,8.31380601382,0.0,11.1111111111,3.71428571429,-6.0
10:32:21,3089.0,3089.05323991,2.56730329707,54.5454545455,8.0,0,8.3111145907,4.0,16.6666666667,5.14285714286,0.0
10:32:21,3088.0,3089.05265494,2.56730329707,50.0,32.0,0,8.31380601382,32.0,7.40740740741,13.1428571429,32.0
10:32:22,3088.0,3089.0520703,2.56730329707,50.0,528.0,0,8.31380601382,-44.0,80.0687285223,161.428571429,-12.0
10:32:22,3088.0,3089.05148598,2.56730329707,50.0,38.0,0,8.31380601382,-12.0,81.7589576547,144.571428571,-20.0
10:32:23,3089.0,3089.05145738,2.5673700335,54.5454545455,254.0,0,8.31133063611,-42.0,87.0967741935,187.904761905,-62.0
10:32:23,3089.0,3089.0514288,2.56743673813,54.5454545455,8.0,0,8.31154657861,-8.0,86.866359447,148.857142857,-70.0
10:32:24,3088.0,3089.05084484,2.5673700335,50.0,258.0,0,8.31402212919,-244.0,67.084078712,181.238095238,-318.0
10:32:24,3089.0,3089.0508166,2.5673700335,54.5454545455,22.0,0,8.31133063611,-22.0,69.6750902527,134.285714286,-372.0
10:32:25,3089.0,3089.05078837,2.5673700335,54.5454545455,8.0,0,8.31133063611,-8.0,54.0816326531,83.8095238095,-336.0
10:32:25,3089.0,3089.05076016,2.5673700335,54.5454545455,0.0,0,8.31133063611,0.0,0,55.8095238095,-324.0
10:32:26,3088.0,3089.05017657,2.56730329707,50.0,26.0,0,8.31380601382,22.0,9.31677018635,37.0476190476,-260.0
10:32:26,3089.0,3089.0501487,2.56730329707,54.5454545455,8.0,0,8.3111145907,0.0,11.801242236,24.0,-252.0
10:32:27,3089.0,3089.05012085,2.56730329707,54.5454545455,10.0,0,8.3111145907,-2.0,59.4594594595,11.5238095238,-10.0
10:32:27,3088.0,3089.04953761,2.56723652885,50.0,100.0,0,8.3135897955,2.0,14.4736842105,36.5714285714,14.0
10:32:28,3088.0,3089.0489547,2.56716972884,50.0,0.0,0,8.31337347422,0.0,0,29.3333333333,22.0
10:32:28,3088.0,3089.04837211,2.56710289703,50.0,0.0,0,8.31315704997,0.0,0,22.4761904762,22.0
10:32:29,3088.0,3089.04778984,2.56710289703,50.0,884.0,0,8.31315704997,228.0,1.19760479042,268.19047619,228.0
10:32:29,3087.0,3089.04665249,2.5670773481,46.1538461538,662.0,0,8.31576724359,-174.0,0.362318840576,409.619047619,54.0
10:32:30,3087.0,3089.04551578,2.56705167867,46.1538461538,32.0,0,8.3156840903,-26.0,1.78784266984,339.904761905,30.0
10:32:30,3087.0,3089.0443797,2.56709290292,46.1538461538,62.0,0,8.31581763175,-18.0,2.0731707317,277.714285714,10.0
10:32:31,3087.0,3089.04324425,2.56713409645,46.1538461538,12.0,0,8.31595107368,-10.0,2.66343825665,203.047619048,0.0
10:32:31,3086.0,3089.04155403,2.567324591,42.8571428571,134.0,53.8461538462,8.31926309462,-94.0,8.95856662933,162.666666667,-94.0
10:32:32,3086.0,3089.03986474,2.5674477978,33.3333333333,492.0,0,8.31966233896,-202.0,14.3472022955,218.19047619,-524.0
10:32:32,3086.0,3089.0381764,2.56757072823,33.3333333333,270.0,0,8.32006068771,-78.0,23.1536926148,228.952380952,-428.0
10:32:33,3086.0,3089.03648899,2.56769338231,33.3333333333,54.0,0,8.32045814099,-20.0,19.921875,196.666666667,-422.0
10:32:33,3086.0,3089.03480252,2.56781576009,33.3333333333,32.0,0,8.32085469894,-24.0,20.7243460765,157.047619048,-428.0
10:32:34,3087.0,3089.03367239,2.56778901627,38.4615384615,52.0,0,8.31807261508,-10.0,19.1489361702,124.571428571,-428.0
10:32:34,3087.0,3089.03254289,2.56776215198,38.4615384615,86.0,0,8.31798559112,-22.0,8.92494929006,99.9047619048,-356.0
10:32:35,3086.0,3089.03085861,2.56788389547,33.3333333333,20.0,0,8.32107548759,-12.0,9.72762645914,58.6666666667,-166.0
10:32:35,3086.0,3089.02917526,2.56800536277,33.3333333333,40.0,0,8.32146909517,0.0,5.6338028169,45.619047619,-88.0
10:32:36,3086.0,3089.02749286,2.56819435055,33.3333333333,492.0,0,8.32208149888,-336.0,68.1440443213,172.666666667,-404.0
10:32:36,3087.0,3089.02636678,2.56823471522,38.4615384615,24.0,0,8.31951640823,4.0,68.9075630252,145.142857143,-376.0
10:32:37,3087.0,3089.02524134,2.56827504921,38.4615384615,52.0,0,8.31964706579,0.0,73.6694677871,126.0,-366.0
10:32:37,3086.0,3089.02356111,2.56846377682,33.3333333333,46.0,0,8.32295455872,-24.0,77.7448071217,105.142857143,-368.0
10:32:38,3087.0,3089.02243723,2.56850401709,38.4615384615,20.0,0,8.32038878228,4.0,78.6350148368,78.7619047619,-352.0
10:32:38,3087.0,3089.02131396,2.56854422669,38.4615384615,434.0,0,8.32051903689,-54.0,90.074906367,170.666666667,-406.0
10:32:39,3087.0,3089.02019132,2.56858440561,38.4615384615,56.0,0,8.32064919214,-4.0,76.8987341772,135.80952381,-74.0
10:32:39,3088.0,3089.01962471,2.56858440561,42.8571428571,150.0,0,8.31795468139,2.0,63.5883905013,148.571428571,-76.0
10:32:40,3087.0,3089.018503,2.56862455387,38.4615384615,216.0,0,8.32077924805,-184.0,48.3731019523,174.19047619,-260.0
10:32:40,3086.0,3089.01682652,2.56877281012,33.3333333333,4.0,0,8.32395596279,-2.0,50.2272727273,131.428571429,-238.0
10:32:41,3087.0,3089.01570638,2.56881289536,38.4615384615,2.0,0,8.32138935976,0.0,50.5800464037,90.0952380952,-242.0
10:32:41,3087.0,3089.01458685,2.56885294994,38.4615384615,12.0,0,8.3215191122,-8.0,2.27272727273,52.4761904762,-196.0
10:32:42,3087.0,3089.01346795,2.56889297385,38.4615384615,522.0,0,8.32164876532,-124.0,46.1368653422,180.666666667,-316.0
10:32:42,3087.0,3089.01234966,2.56893296711,38.4615384615,130.0,0,8.32177831911,-106.0,46.9525959368,174.666666667,-424.0
10:32:43,3087.0,3089.011232,2.56893296711,38.4615384615,368.0,0,8.32177831911,-150.0,40.0770712909,237.619047619,-390.0
10:32:43,3087.0,3089.01011496,2.56897292971,38.4615384615,8.0,0,8.3219077736,-4.0,39.9232245681,190.476190476,-392.0
10:32:44,3087.0,3089.00899854,2.56901286165,38.4615384615,80.0,0,8.32203712877,-2.0,36.9642857143,163.714285714,-394.0
10:32:44,3087.0,3089.00788274,2.56905276294,38.4615384615,24.0,0,8.32216638464,-2.0,36.0424028269,117.238095238,-388.0
10:32:45,3088.0,3089.00732296,2.56905276294,42.8571428571,64.0,0,8.31947138258,-42.0,0.296735905045,81.619047619,-306.0
10:32:45,3087.0,3089.00620809,2.56909263357,38.4615384615,62.0,0,8.32229554121,-28.0,0.6600660066,67.2380952381,-228.0
10:32:46,3087.0,3089.00509384,2.56913247355,38.4615384615,64.0,0,8.32242459849,-56.0,1.32450331126,56.6666666667,-134.0
10:32:46,3087.0,3089.00398021,2.56913247355,38.4615384615,188.0,0,8.32242459849,-106.0,1.24481327801,96.0,-236.0
10:32:47,3087.0,3089.0028672,2.56917228288,38.4615384615,248.0,0,8.32255355647,-234.0,39.0769230769,143.904761905,-468.0
10:32:47,3087.0,3089.0017548,2.56921206156,38.4615384615,26.0,0,8.32268241517,-14.0,39.263803681,120.380952381,-480.0
10:32:48,3088.0,3089.00119842,2.56921206156,42.8571428571,210.0,0,8.319987246,72.0,33.0827067669,149.333333333,-366.0
10:32:48,3087.0,3089.00008696,2.5692518096,38.4615384615,32.0,0,8.32281117459,28.0,36.9791666667,120.476190476,-310.0
10:32:49,3087.0,3088.99897611,2.56929152698,38.4615384615,10.0,0,8.32293983473,8.0,40.8963585434,86.7619047619,-246.0
10:32:49,3087.0,3088.99786587,2.56933121372,38.4615384615,8.0,0,8.3230683956,6.0,55.8052434457,55.0476190476,-134.0
10:32:50,3086.0,3088.99620085,2.56951860253,33.3333333333,4.0,0,8.32637265889,2.0,17.9310344828,30.7619047619,102.0
10:32:50,3087.0,3088.99509216,2.56955819568,38.4615384615,18.0,0,8.32380367891,-16.0,23.4042553192,22.0952380952,100.0
10:32:51,3086.0,3088.99342868,2.56974538778,33.3333333333,6.0,0,8.32710754304,2.0,76.9230769231,10.380952381,30.0
10:32:51,3086.0,3088.99176613,2.56993244615,33.3333333333,150.0,0,8.32771369459,-16.0,93.8775510204,49.5238095238,-14.0
10:32:52,3086.0,3088.9901045,2.57005066422,33.3333333333,42.0,0,8.32809677324,22.0,80.701754386,52.1904761905,0.0
10:32:52,3086.0,3088.98844379,2.57023740017,33.3333333333,28.0,0,8.32870187999,6.0,79.8387096774,49.3333333333,0.0
10:32:53,3086.0,3088.986784,2.57042400247,33.3333333333,10.0,0,8.32930655369,2.0,77.1653543307,40.380952381,0.0
10:32:53,3086.0,3088.98512514,2.57061047116,33.3333333333,132.0,0,8.32991079443,40.0,52.7173913044,66.0,56.0
10:32:54,3086.0,3088.9834672,2.57079680627,33.3333333333,56.0,0,8.33051460231,-6.0,46.4114832536,64.4761904762,48.0
10:32:54,3086.0,3088.98181018,2.57098300783,33.3333333333,90.0,0,8.33111797741,-48.0,17.3184357542,70.2857142857,16.0
10:32:55,3086.0,3088.98015408,2.57116907586,33.3333333333,4.0,0,8.33172091984,0.0,16.875,54.380952381,-6.0
10:32:55,3087.0,3088.9790543,2.5712080434,38.4615384615,12.0,0,8.32914818077,2.0,11.1842105263,42.5714285714,-10.0
10:32:56,3086.0,3088.97739972,2.5713550104,33.3333333333,22.0,0,8.33232342968,0.0,10.7594936709,34.380952381,-12.0
10:32:56,3086.0,3088.97574607,2.57150193899,33.3333333333,4.0,0,8.33279954306,-2.0,10.6382978723,20.4761904762,-54.0
10:32:57,3086.0,3088.97409334,2.57168766944,33.3333333333,32.0,0,8.33340139157,-8.0,9.75609756098,20.6666666667,-56.0
10:32:57,3086.0,3088.97244152,2.57187326647,33.3333333333,74.0,0,8.33400280773,-42.0,1.35135135135,34.0,-50.0
10:32:58,3086.0,3088.97079063,2.57205873011,33.3333333333,6.0,0,8.33460379166,-6.0,1.33333333334,28.6666666667,-56.0
10:32:58,3086.0,3088.96914065,2.57224406038,33.3333333333,66.0,0,8.33520434343,-28.0,0,40.380952381,-86.0
10:32:59,3086.0,3088.96749158,2.57239066823,33.3333333333,48.0,0,8.33567941747,2.0,1.73913043478,44.380952381,-84.0
10:32:59,3087.0,3088.96639883,2.57242925733,38.4615384615,100.0,0,8.33310417015,-26.0,3.68098159509,62.0,-108.0
10:33:00,3086.0,3088.96475129,2.57261432097,33.3333333333,32.0,0,8.3364041509,10.0,4.90797546012,55.619047619,-90.0
10:33:00,3086.0,3088.96310467,2.57279925133,33.3333333333,86.0,0,8.33700340678,26.0,4.73372781064,64.6666666667,-22.0
10:33:01,3086.0,3088.96145895,2.57294564761,33.3333333333,42.0,0,8.33747779524,14.0,4.2780748663,60.5714285714,-2.0
10:33:01,3086.0,3088.95981416,2.57313037424,33.3333333333,14.0,0,8.33807639093,12.0,5.5900621118,46.7619047619,38.0
10:33:02,3086.0,3088.95817027,2.57331496767,33.3333333333,14.0,0,8.33867455499,2.0,5.55555555555,35.4285714286,38.0
10:33:02,3086.0,3088.9565273,2.5734611847,33.3333333333,12.0,0,8.33914836259,-2.0,9.0,25.1428571429,62.0
10:33:03,3086.0,3088.95488524,2.57364557451,33.3333333333,2.0,0,8.33974586686,0.0,8.23529411765,16.1904761905,52.0
10:33:03,3087.0,3088.95379949,2.57364557451,38.4615384615,22.0,0,8.33704429709,6.0,26.4150943396,14.380952381,32.0
10:33:04,3086.0,3088.95215895,2.57364557451,33.3333333333,16.0,0,8.33974586686,-6.0,37.5,13.9047619048,12.0
10:33:04,3086.0,3088.95051932,2.57364557451,33.3333333333,0.0,0,8.33974586686,0.0,0,10.0952380952,0.0
10:33:05,3086.0,3088.9488806,2.57379168282,33.3333333333,0.0,0,8.34021932216,0.0,0,6.95238095238,-2.0
10:33:05,3086.0,3088.94724278,2.57353764061,33.3333333333,18.0,0,8.33939611346,0.0,27.5862068965,9.61904761905,0.0
10:33:06,3087.0,3088.94616128,2.57313734621,38.4615384615,32.0,0,8.33539794691,2.0,54.5454545455,16.0,2.0
10:33:06,3086.0,3088.94452498,2.57288314943,33.3333333333,22.0,0,8.33727527359,-20.0,38.6363636364,18.0952380952,-24.0
10:33:07,3086.0,3088.94288959,2.57262889754,33.3333333333,102.0,0,8.33645138541,-98.0,19.5402298851,43.0476190476,-116.0
10:33:07,3086.0,3088.9412551,2.57237459052,33.3333333333,210.0,0,8.3356273186,4.0,62.5,94.7619047619,-112.0
10:33:08,3087.0,3088.94017693,2.5719738151,38.4615384615,832.0,0,8.3316288147,-360.0,79.4407894737,314.19047619,-472.0
10:33:08,3087.0,3088.93909935,2.5715728572,38.4615384615,6.0,0,8.33032995529,-2.0,80.2325581395,258.0,-474.0
10:33:09,3087.0,3088.93802237,2.57080900703,38.4615384615,78.0,0,8.32785554593,4.0,75.04,222.952380952,-472.0
10:33:09,3087.0,3088.93694599,2.57004465963,38.4615384615,10.0,0,8.32537952584,6.0,75.928917609,166.285714286,-446.0
10:33:10,3087.0,3088.93587021,2.56927981455,38.4615384615,8.0,0,8.32290189357,2.0,81.993006993,109.619047619,-346.0
10:33:10,3087.0,3088.93479503,2.56887777535,38.4615384615,70.0,0,8.32159953142,64.0,74.3027888446,75.1428571429,-286.0
10:33:11,3087.0,3088.93372044,2.56811213206,38.4615384615,2.0,0,8.31911931345,2.0,11.4942528736,27.9047619048,76.0
10:33:11,3087.0,3088.93264645,2.56687407471,38.4615384615,32.0,0,8.31510876162,32.0,10.0,28.7619047619,110.0
10:33:12,3087.0,3088.93157305,2.56563493874,38.4615384615,42.0,0,8.31109471571,42.0,12.1951219512,31.2380952381,148.0
10:33:12,3087.0,3088.93050025,2.56439472258,38.4615384615,980.0,0,8.30707717066,-570.0,1.5873015873,303.428571429,-428.0
10:33:13,3087.0,3088.92942805,2.56315342467,38.4615384615,54.0,0,8.30305612138,-6.0,7.1186440678,264.857142857,-436.0
10:33:13,3087.0,3088.92835645,2.56191104343,38.4615384615,34.0,0,8.29903156278,-16.0,6.11888111888,218.380952381,-516.0
10:33:14,3087.0,3088.92728543,2.56066757728,38.4615384615,30.0,0,8.29500348975,-4.0,8.0204778157,172.476190476,-522.0
10:33:14,3087.0,3088.92621502,2.55942302466,38.4615384615,0.0,0,8.29097189717,0.0,0,116.666666667,-554.0
10:33:15,3087.0,3088.92514519,2.55817738395,38.4615384615,8.0,0,8.2869367799,4.0,8.49909584087,64.6666666667,-592.0
10:33:15,3087.0,3088.92407597,2.55693065359,38.4615384615,0.0,0,8.28289813279,0.0,0,12.0,-22.0
10:33:16,3087.0,3088.92300733,2.55568283198,38.4615384615,8.0,0,8.27885595068,-2.0,35.0,8.28571428571,-18.0
10:33:16,3087.0,3088.92193929,2.55490933859,38.4615384615,124.0,0,8.27635030316,-20.0,16.4705882353,39.9047619048,-22.0
10:33:17,3087.0,3088.92087184,2.55413533906,38.4615384615,0.0,0,8.27384301608,0.0,0,31.8095238095,-18.0
10:33:17,3087.0,3088.91980499,2.55288494213,38.4615384615,300.0,0,8.26979249153,-130.0,0.909090909091,110.857142857,-148.0
10:33:18,3087.0,3088.91873873,2.55163344863,38.4615384615,2.0,0,8.26573841474,0.0,0,90.4761904762,-152.0
10:33:18,3087.0,3088.91767306,2.54979519875,38.4615384615,322.0,0,8.25978360462,126.0,2.6455026455,161.80952381,-26.0
10:33:19,3088.0,3088.91716338,2.5479136345,42.8571428571,78.0,0,8.25101565578,2.0,2.66343825666,148.095238095,-22.0
10:33:19,3087.0,3088.91609859,2.54537489053,38.4615384615,38.0,0,8.24546449799,-20.0,3.51351351352,119.619047619,-22.0
10:33:20,3087.0,3088.91503438,2.5428325195,38.4615384615,46.0,0,8.23722876417,0.0,3.81679389313,97.5238095238,-22.0
10:33:20,3087.0,3088.91397077,2.54028651052,38.4615384615,2.0,0,8.22898124563,-2.0,6.14754098361,60.6666666667,106.0
10:33:21,3087.0,3088.91290775,2.53773685266,38.4615384615,62.0,0,8.22072190689,16.0,5.47445255475,55.1428571429,122.0
10:33:21,3087.0,3088.91184532,2.53518353489,38.4615384615,16.0,53.8461538462,8.2124507123,-14.0,4.13223140496,33.619047619,-18.0
10:33:22,3088.0,3088.91133888,2.53258393826,42.8571428571,6.0,0,8.20137285705,4.0,7.05882352941,23.8095238095,-16.0
10:33:22,3087.0,3088.91027732,2.5300230413,38.4615384615,6.0,0,8.19573385585,-4.0,5.79710144927,17.4285714286,0.0
10:33:23,3087.0,3088.90921635,2.52816083789,38.4615384615,2.0,0,8.18970145088,0.0,4.25531914894,11.4285714286,0.0
10:33:23,3087.0,3088.90815596,2.52688940433,38.4615384615,10.0,0,8.18558278047,0.0,3.92156862745,9.80952380952,2.0
10:33:24,3087.0,3088.90709617,2.5256168419,38.4615384615,4.0,0,8.1814604532,0.0,13.6363636364,6.09523809524,-14.0
10:33:24,3087.0,3088.90603697,2.52374939999,38.4615384615,22.0,0,8.17541107869,0.0,36.0,10.2857142857,0.0
10:33:25,3087.0,3088.90497835,2.52247415225,38.4615384615,34.0,0,8.17128005264,10.0,30.7692307692,17.619047619,6.0
10:33:25,3087.0,3088.90392033,2.52060300448,38.4615384615,0.0,0,8.16521867339,0.0,0,13.9047619048,10.0
10:33:26,3088.0,3088.90341829,2.51928106477,42.8571428571,4.0,0,8.15829360355,2.0,35.1351351351,11.619047619,12.0
10:33:26,3088.0,3088.90291653,2.51736179693,42.8571428571,8.0,0,8.15207835795,0.0,41.6666666667,10.380952381,12.0
10:33:27,3087.0,3088.90185965,2.5154843924,38.4615384615,2.0,0,8.14863748752,-2.0,40.0,7.52380952381,10.0
10:33:27,3088.0,3088.90135875,2.51415730611,42.8571428571,24.0,0,8.14170112083,10.0,25.0,11.0476190476,20.0
10:33:28,3087.0,3088.90030273,2.51227597122,38.4615384615,8.0,0,8.13824415684,0.0,17.3913043478,9.90476190476,10.0
10:33:28,3087.0,3088.8992473,2.51039245801,38.4615384615,0.0,0,8.13214272111,0.0,0,7.71428571429,10.0
10:33:29,3088.0,3088.89874786,2.50846159079,42.8571428571,84.0,0,8.12325644686,66.0,61.9047619047,29.5238095238,74.0
10:33:29,3088.0,3088.89824869,2.50761603808,42.8571428571,20.0,0,8.12051825804,0.0,68.115942029,29.2380952381,74.0
10:33:30,3087.0,3088.89719441,2.50681515518,38.4615384615,2.0,0,8.12055443854,-2.0,68.115942029,23.2380952381,74.0
10:33:30,3087.0,3088.8961407,2.5055247596,38.4615384615,14.0,0,8.11637434274,-10.0,73.4375,20.6666666667,54.0
10:33:31,3087.0,3088.89508758,2.50423320612,38.4615384615,24.0,0,8.112190496,2.0,73.6111111111,21.4285714286,56.0
10:33:31,3087.0,3088.89403505,2.50343022387,38.4615384615,26.0,0,8.10958932256,-26.0,62.3529411765,22.0,30.0
10:33:32,3088.0,3088.8935385,2.50258075128,42.8571428571,20.0,0,8.10421227745,-10.0,41.5094339623,19.619047619,-46.0
10:33:32,3087.0,3088.89248683,2.50128632031,38.4615384615,2.0,0,8.10264438066,0.0,27.2727272727,15.1428571429,-46.0
10:33:33,3087.0,3088.89143574,2.49999072529,38.4615384615,20.0,0,8.09844744183,18.0,39.6226415094,16.6666666667,-26.0
10:33:33,3087.0,3088.89038523,2.49918499061,38.4615384615,116.0,0,8.09583735215,-114.0,19.2307692308,44.7619047619,-130.0
10:33:34,3088.0,3088.88989071,2.49833222148,42.8571428571,16.0,0,8.09045408511,0.0,22.0,39.4285714286,-132.0
10:33:34,3088.0,3088.88939646,2.49698705789,42.8571428571,0.0,0,8.0860979854,0.0,0,29.9047619048,-106.0
10:33:35,3087.0,3088.88834709,2.49568725226,38.4615384615,18.0,0,8.08450681005,10.0,25.5813953488,26.7619047619,-86.0
10:33:35,3087.0,3088.8872983,2.49487864323,38.4615384615,18.0,0,8.08188740923,-10.0,23.4042553192,23.7142857143,-96.0
10:33:36,3088.0,3088.88680549,2.49402242161,42.8571428571,8.0,0,8.07649747932,4.0,19.3181818182,17.0476190476,-110.0
10:33:36,3087.0,3088.88575756,2.49271970811,38.4615384615,8.0,0,8.07489377425,0.0,55.8823529412,10.9523809524,4.0
10:33:37,3088.0,3088.88526561,2.49186175379,42.8571428571,44.0,0,8.06950049802,20.0,45.8333333333,20.2857142857,24.0
10:33:37,3088.0,3088.88477393,2.49050937759,42.8571428571,64.0,0,8.06512104143,22.0,28.75,34.0,46.0
10:33:38,3088.0,3088.88428253,2.48964954584,42.8571428571,6.0,0,8.06233661218,4.0,25.6756756757,28.0952380952,40.0
10:33:38,3087.0,3088.88323599,2.48883674301,38.4615384615,406.0,0,8.06231533205,68.0,7.46268656714,137.047619048,118.0
10:33:39,3087.0,3088.88219004,2.48752883227,38.4615384615,328.0,0,8.05807849779,170.0,8.17757009343,205.238095238,284.0
10:33:39,3087.0,3088.88114467,2.48671468465,38.4615384615,0.0,0,8.05544115532,0.0,0,164.476190476,284.0
10:33:40,3086.0,3088.87954448,2.48556474443,35.7142857143,18.0,0,8.05432516018,-2.0,6.0827250608,129.238095238,262.0
10:33:40,3087.0,3088.87850058,2.48425386866,38.4615384615,10.0,0,8.04746961017,2.0,7.5520833333,92.9523809524,242.0
10:33:41,3087.0,3088.87745726,2.48294180359,38.4615384615,2.0,0,8.04321931839,2.0,7.59162303662,56.9523809524,240.0
10:33:41,3087.0,3088.87641451,2.48162854733,38.4615384615,0.0,0,8.03896516789,0.0,0,20.5714285714,172.0
10:33:42,3086.0,3088.87481695,2.48047484938,35.7142857143,8.0,0,8.03783165709,0.0,52.6315789474,5.80952380952,2.0
10:33:42,3087.0,3088.87377567,2.47915941487,38.4615384615,570.0,0,8.03096668243,452.0,97.0394736842,166.857142857,454.0
10:33:43,3088.0,3088.87329038,2.47779372192,42.8571428571,110.0,0,8.02394340001,4.0,83.7142857143,169.333333333,460.0
10:33:43,3087.0,3088.87224995,2.47647574161,38.4615384615,6.0,0,8.02227321544,-2.0,82.7586206897,137.714285714,456.0
10:33:44,3086.0,3088.8706547,2.47581630135,35.7142857143,20.0,0,8.02273590845,-20.0,80.3921568627,110.285714286,434.0
10:33:44,3087.0,3088.86961573,2.47449651943,38.4615384615,4.0,0,8.01586174096,-2.0,80.5013927577,77.4285714286,432.0
10:33:45,3087.0,3088.86857735,2.47317553405,38.4615384615,14.0,0,8.0115825528,-8.0,80.3867403315,47.2380952381,424.0
10:33:45,3086.0,3088.86698414,2.47251458945,35.7142857143,30.0,0,8.01203690685,-26.0,6.52173913043,21.3333333333,-54.0
10:33:46,3086.0,3088.86539181,2.47185334327,35.7142857143,0.0,0,8.00989417779,0.0,0,12.5714285714,-58.0
10:33:46,3087.0,3088.86435577,2.4710295344,38.4615384615,14.0,0,8.00463082086,8.0,29.2682926829,13.0476190476,-48.0
10:33:47,3087.0,3088.8633203,2.46970531993,38.4615384615,2.0,0,8.00034117243,-2.0,40.625,9.71428571429,-30.0
10:33:47,3086.0,3088.86173001,2.46854257997,35.7142857143,6.0,0,7.99916584566,-2.0,39.3939393939,8.38095238095,-30.0
10:33:48,3086.0,3088.8601406,2.46737901063,35.7142857143,40.0,0,7.99539536821,0.0,21.7391304348,16.6666666667,-22.0
10:33:48,3086.0,3088.85855208,2.46621461073,35.7142857143,6.0,0,7.99162219938,-2.0,32.3529411765,14.0,2.0
10:33:49,3087.0,3088.85751983,2.4653874154,38.4615384615,6.0,0,7.98635379139,0.0,37.8378378378,12.4761904762,2.0
10:33:49,3086.0,3088.85593276,2.46472294226,35.7142857143,2.0,0,7.98678853616,0.0,22.5806451613,9.52380952381,-6.0
10:33:50,3087.0,3088.85490198,2.4633930824,38.4615384615,280.0,0,7.97989336701,-166.0,85.2941176471,86.5714285714,-170.0
10:33:50,3087.0,3088.85387176,2.46256409329,38.4615384615,0.0,0,7.97720794718,0.0,0,70.380952381,-168.0
10:33:51,3087.0,3088.85284212,2.46123218915,38.4615384615,10.0,0,7.97289338888,2.0,94.7368421053,57.3333333333,-166.0
10:33:51,3086.0,3088.85125765,2.46056577856,35.7142857143,84.0,0,7.97331749371,-30.0,79.5811518325,66.8571428571,-194.0
10:33:52,3087.0,3088.85022946,2.45973498961,38.4615384615,10.0,0,7.9680433742,4.0,78.7564766839,51.5238095238,-190.0
10:33:52,3087.0,3088.84920184,2.45890363755,38.4615384615,12.0,0,7.96535029981,12.0,79.797979798,36.5714285714,-178.0
10:33:53,3086.0,3088.84761939,2.45773267929,35.7142857143,34.0,0,7.96413700353,2.0,28.0,27.4285714286,-10.0
10:33:53,3087.0,3088.84659322,2.45690008439,38.4615384615,14.0,0,7.95886000775,12.0,34.1463414634,24.2857142857,2.0
10:33:54,3086.0,3088.84501221,2.45623161885,35.7142857143,4.0,0,7.95927290619,-4.0,34.1772151899,17.619047619,-4.0
10:33:54,3087.0,3088.84398749,2.45489376452,38.4615384615,126.0,0,7.95236075321,-50.0,80.0,46.0952380952,-24.0
10:33:55,3087.0,3088.84296334,2.45355467751,38.4615384615,18.0,0,7.94802292684,-12.0,82.6923076923,41.7142857143,-40.0
10:33:55,3086.0,3088.84138435,2.45288467113,35.7142857143,54.0,0,7.94842732058,20.0,61.6,47.2380952381,-32.0
10:33:56,3086.0,3088.83980625,2.45170913867,35.7142857143,16.0,0,7.94461807734,12.0,64.6551724138,39.9047619048,-22.0
10:33:56,3087.0,3088.83878441,2.45087279742,38.4615384615,8.0,0,7.93933526861,2.0,62.8318584071,31.1428571429,-32.0
10:33:57,3086.0,3088.83720775,2.44969573256,35.7142857143,4.0,0,7.93809375423,-2.0,63.7168141593,21.5238095238,-30.0
10:33:57,3086.0,3088.83563196,2.44902397729,35.7142857143,10.0,0,7.93591697114,-4.0,20.0,13.619047619,16.0
10:33:58,3086.0,3088.83405705,2.44835191166,35.7142857143,24.0,0,7.93373918231,-20.0,6.89655172415,15.2380952381,8.0
10:33:58,3087.0,3088.83303841,2.44700684826,38.4615384615,36.0,0,7.92681194772,-10.0,59.1836734694,20.0,-22.0
10:33:59,3086.0,3088.83146494,2.44582688181,35.7142857143,14.0,0,7.92555697282,0.0,64.5833333333,19.3333333333,-34.0
10:33:59,3086.0,3088.82989234,2.44515336942,35.7142857143,12.0,0,7.92337449586,-12.0,56.0,18.1904761905,-48.0
10:34:00,3087.0,3088.82887601,2.44431298573,38.4615384615,2.0,0,7.91808547371,0.0,57.1428571429,14.0,-46.0
10:34:00,3086.0,3088.82730485,2.44313096024,35.7142857143,6.0,0,7.91682099884,4.0,61.7021276596,11.0476190476,-38.0
10:34:01,3086.0,3088.82573456,2.44245619898,35.7142857143,22.0,0,7.91463447499,18.0,80.4347826087,12.8571428571,0.0
10:34:01,3086.0,3088.82416515,2.44178112486,35.7142857143,6.0,0,7.91244693733,-2.0,48.3870967742,10.1904761905,8.0
10:34:02,3086.0,3088.8225966,2.44110573762,35.7142857143,12.0,0,7.91025838502,-4.0,53.3333333333,10.6666666667,4.0
10:34:02,3086.0,3088.82102893,2.44043003699,35.7142857143,4.0,0,7.9080688172,-2.0,65.3846153846,8.95238095238,14.0
10:34:03,3086.0,3088.81946212,2.43975402272,35.7142857143,32.0,0,7.90587823304,4.0,43.9024390244,15.619047619,18.0
10:34:03,3086.0,3088.81789619,2.43947283252,35.7142857143,300.0,0,7.90496705289,-60.0,85.6382978723,97.4285714286,-46.0
10:34:04,3087.0,3088.81688653,2.43862887756,38.4615384615,96.0,0,7.89967242488,-50.0,70.6666666667,106.952380952,-114.0
10:34:04,3087.0,3088.81587743,2.43778434555,38.4615384615,2.0,0,7.89693665551,2.0,71.7488789238,86.0952380952,-110.0
10:34:05,3086.0,3088.81431349,2.43750270655,35.7142857143,14.0,0,7.89858297651,0.0,70.0892857143,68.8571428571,-106.0
10:34:05,3086.0,3088.81275041,2.43722100334,35.7142857143,16.0,0,7.89767013397,-16.0,67.8260869565,52.0952380952,-120.0
10:34:06,3087.0,3088.81174361,2.43677140108,38.4615384615,4.0,0,7.89365533229,4.0,72.2222222222,31.3333333333,-120.0
10:34:06,3087.0,3088.81073736,2.43592555989,38.4615384615,16.0,0,7.89091532197,0.0,24.3243243243,15.3333333333,-60.0
10:34:07,3086.0,3088.80917628,2.43524728128,35.7142857143,10.0,0,7.89127440467,-8.0,32.2580645161,11.1428571429,-18.0
10:34:07,3086.0,3088.80761606,2.43456868693,35.7142857143,22.0,0,7.8890754599,-22.0,21.9512195122,14.4761904762,-42.0
10:34:08,3086.0,3088.8060567,2.43428632721,35.7142857143,28.0,0,7.88816048999,-28.0,18.75,18.5714285714,-70.0
10:34:08,3086.0,3088.80449822,2.43428632721,35.7142857143,4.0,0,7.88816048999,0.0,21.4285714286,15.1428571429,-54.0
10:34:09,3086.0,3088.80294059,2.43445458693,35.7142857143,24.0,0,7.88870572562,0.0,13.4615384615,18.0,-58.0
10:34:09,3086.0,3088.80138384,2.43462280332,35.7142857143,12.0,0,7.88925082087,10.0,10.0,16.4761904762,-48.0
10:34:10,3086.0,3088.79982795,2.4347909764,35.7142857143,24.0,0,7.88979577577,2.0,8.77192982456,18.5714285714,-38.0
10:34:10,3086.0,3088.79827292,2.43495910618,35.7142857143,12.0,0,7.89034059034,8.0,9.61538461538,16.5714285714,-8.0
10:34:11,3087.0,3088.79727415,2.43495910618,38.4615384615,4.0,0,7.88778460052,0.0,15.0,12.7619047619,20.0
10:34:11,3087.0,3088.79627595,2.43495910618,38.4615384615,12.0,52.0,7.88778460052,10.0,25.0,12.380952381,30.0
10:34:12,3086.0,3088.79472289,2.4351811699,30.7692307692,432.0,0,7.89106017467,-94.0,4.43548387097,131.619047619,-64.0
10:34:12,3087.0,3088.7937261,2.4351811699,33.3333333333,6.0,0,7.88850395174,2.0,3.26530612245,109.714285714,-72.0
10:34:13,3086.0,3088.79217446,2.43540308665,30.7692307692,56.0,0,7.89177928272,0.0,5.36398467433,102.380952381,-74.0
10:34:13,3087.0,3088.79117908,2.43545696272,33.3333333333,8.0,0,7.88939735253,2.0,5.79150579151,79.8095238095,-80.0
10:34:14,3087.0,3088.79018426,2.43551080593,33.3333333333,0.0,0,7.88957177172,0.0,0,55.1428571429,-80.0
10:34:14,3087.0,3088.78918999,2.43551080593,33.3333333333,12.0,0,7.88957177172,-6.0,3.89105058366,34.0952380952,-96.0
10:34:15,3087.0,3088.78819627,2.43551080593,33.3333333333,0.0,0,7.88957177172,0.0,0,9.61904761905,-2.0
10:34:15,3086.0,3088.7866477,2.43567866426,30.7692307692,4.0,0,7.89267227565,0.0,20.0,6.85714285714,-4.0
10:34:16,3086.0,3088.7851,2.43567866426,30.7692307692,118.0,0,7.89267227565,32.0,45.0704225352,36.7619047619,28.0
10:34:16,3087.0,3088.78410855,2.43567866426,33.3333333333,8.0,0,7.8901155305,2.0,47.8873239437,32.2857142857,28.0
10:34:17,3087.0,3088.78311765,2.43567866426,33.3333333333,16.0,0,7.8901155305,2.0,51.8987341772,30.0952380952,30.0
10:34:17,3087.0,3088.78212731,2.43567866426,33.3333333333,0.0,0,7.8901155305,0.0,0,22.5714285714,36.0
10:34:18,3087.0,3088.78113751,2.43567866426,33.3333333333,0.0,0,7.8901155305,0.0,0,15.619047619,36.0
10:34:18,3087.0,3088.78014827,2.43551080593,33.3333333333,0.0,0,7.88957177172,0.0,0,8.66666666667,36.0
10:34:19,3086.0,3088.77860417,2.43551080593,30.7692307692,40.0,0,7.89212834067,14.0,31.25,13.3333333333,18.0
10:34:19,3086.0,3088.77706093,2.43551080593,30.7692307692,0.0,0,7.89212834067,0.0,0,10.2857142857,16.0
10:34:20,3087.0,3088.77607395,2.43534290434,33.3333333333,4.0,0,7.88902787283,-2.0,9.09090909091,8.7619047619,12.0
10:34:20,3086.0,3088.77453211,2.43551080593,30.7692307692,2.0,0,7.89212834067,2.0,8.69565217391,7.2380952381,14.0
10:34:21,3086.0,3088.77299113,2.43567866426,30.7692307692,0.0,0,7.89267227565,0.0,0,5.04761904762,14.0
10:34:21,3086.0,3088.77145101,2.43567866426,30.7692307692,0.0,0,7.89267227565,0.0,0,2.85714285714,14.0
10:34:22,3087.0,3088.77046714,2.43551080593,33.3333333333,26.0,0,7.88957177172,0.0,31.25,8.09523809524,0.0
10:34:22,3087.0,3088.76948382,2.43551080593,33.3333333333,2.0,0,7.88957177172,-2.0,35.294117647,7.14285714286,-2.0
10:34:23,3086.0,3088.76794565,2.43551080593,30.7692307692,118.0,0,7.89212834067,-80.0,6.75675675673,39.2380952381,-80.0
10:34:23,3087.0,3088.76696373,2.43551080593,33.3333333333,8.0,0,7.88957177172,-6.0,10.3896103896,34.4761904762,-88.0
10:34:24,3087.0,3088.76598236,2.43551080593,33.3333333333,8.0,0,7.88957177172,-4.0,11.1111111111,29.4285714286,-92.0
10:34:24,3086.0,3088.76444613,2.43567866426,30.7692307692,2.0,0,7.89267227565,0.0,10.9756097561,22.2857142857,-92.0
10:34:25,3086.0,3088.76291075,2.43584647936,30.7692307692,24.0,0,7.8932160705,-18.0,9.87654320986,21.3333333333,-110.0
10:34:25,3086.0,3088.76137622,2.43601425121,30.7692307692,12.0,0,7.89375972524,-4.0,8.13953488371,17.0476190476,-112.0
10:34:26,3086.0,3088.75984255,2.43601425121,30.7692307692,0.0,0,7.89375972524,0.0,0,8.85714285714,-32.0
10:34:26,3086.0,3088.75830973,2.43618197984,30.7692307692,2.0,0,7.89430323992,2.0,12.5,6.85714285714,-24.0
10:34:27,3086.0,3088.75677776,2.43618197984,30.7692307692,8.0,0,7.89430323992,-2.0,8.33333333335,6.85714285714,-22.0
10:34:27,3086.0,3088.75524665,2.43618197984,30.7692307692,14.0,0,7.89430323992,4.0,6.66666666668,8.57142857143,-18.0
10:34:28,3086.0,3088.75371638,2.43618197984,30.7692307692,10.0,0,7.89430323992,0.0,0,8.57142857143,0.0
10:34:28,3087.0,3088.75274236,2.43601425121,33.3333333333,16.0,0,7.89120262783,-2.0,32.0,10.9523809524,2.0
10:34:29,3087.0,3088.75176889,2.43584647936,33.3333333333,2.0,0,7.89065914919,0.0,34.6153846154,9.14285714286,2.0
10:34:29,3086.0,3088.75024055,2.43601425121,30.7692307692,12.0,0,7.89375972524,-12.0,29.0322580645,10.0952380952,-12.0
10:34:30,3086.0,3088.74871306,2.43618197984,30.7692307692,2.0,0,7.89430323992,0.0,32.1428571429,7.71428571429,-10.0
10:34:30,3087.0,3088.74774183,2.43618197984,33.3333333333,42.0,0,7.89174596643,-40.0,69.0476190476,17.0476190476,-54.0
10:34:31,3086.0,3088.74621573,2.43618197984,30.7692307692,2.0,0,7.89430323992,-2.0,76.3157894737,13.619047619,-56.0
10:34:31,3086.0,3088.74469048,2.43618197984,30.7692307692,2.0,0,7.89430323992,-2.0,67.7419354839,10.5714285714,-56.0
10:34:32,3086.0,3088.74316607,2.43618197984,30.7692307692,0.0,0,7.89430323992,0.0,0,7.61904761905,-56.0
10:34:32,3086.0,3088.74164251,2.43618197984,30.7692307692,10.0,0,7.89430323992,-2.0,72.4137931034,7.61904761905,-46.0
10:34:33,3087.0,3088.7406752,2.43601425121,33.3333333333,24.0,0,7.89120262783,-24.0,80.0,11.7142857143,-70.0
10:34:33,3086.0,3088.73915303,2.43601425121,30.7692307692,100.0,0,7.89375972524,26.0,17.3913043478,36.4761904762,-4.0
10:34:34,3086.0,3088.7376317,2.43601425121,30.7692307692,0.0,0,7.89375972524,0.0,0,29.9047619048,-2.0
10:34:34,3086.0,3088.73611121,2.43601425121,30.7692307692,0.0,0,7.89375972524,0.0,0,23.4285714286,0.0
10:34:35,3086.0,3088.73459157,2.43618197984,30.7692307692,24.0,0,7.89430323992,2.0,16.4556962025,23.9047619048,2.0
10:34:35,3086.0,3088.73307278,2.43634966525,30.7692307692,6.0,0,7.89484661455,6.0,15.5844155844,18.0952380952,10.0
10:34:36,3086.0,3088.73155483,2.43634966525,30.7692307692,14.0,0,7.89484661455,2.0,1.38888888888,14.7619047619,36.0
10:34:36,3086.0,3088.73003772,2.43634966525,30.7692307692,12.0,0,7.89484661455,-4.0,17.8571428571,11.3333333333,6.0
10:34:37,3087.0,3088.72907685,2.43634966525,33.3333333333,16.0,0,7.89228916504,-4.0,27.7777777778,13.2380952381,2.0
10:34:37,3087.0,3088.72811652,2.43634966525,33.3333333333,18.0,0,7.89228916504,-8.0,37.7777777778,14.9523809524,-6.0
10:34:38,3087.0,3088.72715672,2.43618197984,33.3333333333,12.0,0,7.89174596643,0.0,56.4102564103,14.0952380952,-8.0
10:34:38,3086.0,3088.72564206,2.43634966525,30.7692307692,10.0,0,7.89484661455,-6.0,63.4146341463,13.2380952381,-20.0
10:34:39,3087.0,3088.72468363,2.43640329871,33.3333333333,16.0,0,7.89246290478,4.0,76.1904761905,13.9047619048,-18.0
10:34:39,3086.0,3088.72317034,2.43640329871,30.7692307692,22.0,0,7.89502041059,2.0,80.8510638298,16.1904761905,-12.0
10:34:40,3086.0,3088.72165789,2.43657090555,30.7692307692,0.0,0,7.89556353063,0.0,0,11.7142857143,-8.0
10:34:40,3086.0,3088.72014628,2.4367384692,30.7692307692,0.0,0,7.8961065107,0.0,0,8.0,0.0
10:34:41,3086.0,3088.7186355,2.4367384692,30.7692307692,4.0,0,7.8961065107,4.0,76.9230769231,6.28571428571,4.0
10:34:41,3087.0,3088.71768097,2.43657090555,33.3333333333,4.0,0,7.89300584889,-2.0,78.2608695652,4.95238095238,8.0
10:34:42,3087.0,3088.71672697,2.43612162674,33.3333333333,4.0,0,7.89155045914,-4.0,82.3529411765,3.90476190476,0.0
10:34:42,3087.0,3088.7157735,2.43595392563,33.3333333333,10.0,0,7.89100720968,8.0,45.4545454545,5.14285714286,6.0
10:34:43,3086.0,3088.71426515,2.43567213833,30.7692307692,24.0,0,7.89265112874,-18.0,65.2173913043,10.9523809524,-12.0
10:34:43,3087.0,3088.71331305,2.43550434291,33.3333333333,2.0,0,7.88955083546,0.0,66.6666666666,9.33333333333,-12.0
10:34:44,3087.0,3088.71236147,2.43533650424,33.3333333333,4.0,0,7.8890071404,2.0,70.8333333333,8.19047619048,-14.0
10:34:44,3087.0,3088.71141042,2.43516862232,33.3333333333,26.0,0,7.88846330522,-20.0,74.2857142857,13.3333333333,-32.0
10:34:45,3087.0,3088.7104599,2.43500069714,33.3333333333,624.0,0,7.88791932989,426.0,96.2318840579,188.285714286,398.0
10:34:45,3087.0,3088.70950991,2.43455062145,33.3333333333,188.0,0,7.88646135876,28.0,97.9262672811,209.142857143,418.0
10:34:46,3087.0,3088.70856045,2.43438255855,33.3333333333,168.0,0,7.88591693731,106.0,98.6166007905,215.80952381,542.0
10:34:46,3088.0,3088.70816691,2.43416042197,38.4615384615,16.0,0,7.88264385352,0.0,97.4658869396,172.19047619,542.0
10:34:47,3087.0,3088.70721819,2.43399223702,33.3333333333,22.0,0,7.88465253327,18.0,96.3601532567,129.619047619,558.0
10:34:47,3087.0,3088.70627,2.43354159433,33.3333333333,14.0,0,7.88319272541,14.0,95.7364341085,83.9047619048,592.0
10:34:48,3088.0,3088.70587774,2.43331906389,38.4615384615,12.0,0,7.87991924833,6.0,90.0,38.1904761905,172.0
10:34:48,3087.0,3088.70493029,2.43315066222,33.3333333333,200.0,0,7.88192634344,-138.0,43.9814814815,75.3333333333,6.0
10:34:49,3087.0,3088.70398337,2.43298221718,33.3333333333,124.0,0,7.88138068411,-60.0,6.70103092783,90.1904761905,-160.0
10:34:49,3087.0,3088.70303698,2.43281372877,33.3333333333,64.0,0,7.88083488425,-32.0,5.04587155963,90.0,-192.0
10:34:50,3087.0,3088.70209111,2.43264519697,33.3333333333,182.0,0,7.88028894385,18.0,2.34899328859,121.238095238,-192.0
10:34:50,3087.0,3088.70114577,2.43247662176,33.3333333333,2.0,0,7.87974286286,2.0,2.05479452055,93.4285714286,-204.0
10:34:51,3087.0,3088.70020095,2.43230800316,33.3333333333,6.0,0,7.87919664126,6.0,1.73010380623,67.3333333333,-204.0
10:34:51,3086.0,3088.69870125,2.43230800316,30.7692307692,26.0,0,7.88174984821,16.0,2.9702970297,47.2380952381,-50.0
10:34:52,3087.0,3088.69775779,2.43213934113,33.3333333333,8.0,0,7.87865027902,4.0,5.55555555555,30.2857142857,14.0
10:34:52,3087.0,3088.69681485,2.43213934113,33.3333333333,10.0,0,7.87865027902,10.0,11.1111111111,19.4285714286,56.0
10:34:53,3087.0,3088.69587244,2.43197063569,33.3333333333,54.0,0,7.87810377611,44.0,28.3018867924,23.7142857143,82.0
10:34:53,3087.0,3088.69493055,2.4318018868,33.3333333333,26.0,0,7.87755713251,2.0,41.5384615385,26.0952380952,82.0
10:34:54,3087.0,3088.69398919,2.43163309448,33.3333333333,42.0,0,7.87701034817,26.0,54.2168674699,31.9047619048,102.0
10:34:54,3087.0,3088.69304834,2.43163309448,33.3333333333,8.0,0,7.87701034817,4.0,64.8648648649,26.2857142857,90.0
10:34:55,3087.0,3088.69210802,2.43163309448,33.3333333333,18.0,0,7.87701034817,4.0,67.0886075949,24.380952381,90.0
10:34:55,3087.0,3088.69116822,2.43163309448,33.3333333333,104.0,0,7.87701034817,26.0,79.3650793651,46.5714285714,106.0
10:34:56,3087.0,3088.69022894,2.43163309448,33.3333333333,14.0,0,7.87701034817,14.0,92.4528301887,38.5714285714,76.0
10:34:56,3087.0,3088.68929019,2.4314642587,33.3333333333,28.0,0,7.87646342308,26.0,79.4392523364,36.4761904762,100.0
10:34:57,3087.0,3088.68835196,2.4314642587,33.3333333333,0.0,0,7.87646342308,0.0,0,26.2857142857,74.0
10:34:57,3087.0,3088.68741424,2.4314642587,33.3333333333,0.0,0,7.87646342308,0.0,0,18.0952380952,70.0
10:34:58,3087.0,3088.68647705,2.43129537947,33.3333333333,8.0,0,7.8759163572,8.0,67.5324675325,12.5714285714,74.0
10:34:58,3087.0,3088.68554038,2.43112645676,33.3333333333,0.0,0,7.87536915051,0.0,0,5.2380952381,48.0
10:34:59,3087.0,3088.68460423,2.43095749058,33.3333333333,4.0,0,7.87482180297,4.0,0,4.0,38.0
10:34:59,3087.0,3088.6836686,2.43095749058,33.3333333333,12.0,0,7.87482180297,0.0,8.33333333335,5.52380952381,12.0
10:35:00,3087.0,3088.68273348,2.43095749058,33.3333333333,16.0,0,7.87482180297,12.0,5.00000000001,8.95238095238,24.0
10:35:00,3087.0,3088.68179889,2.43095749058,33.3333333333,64.0,0,7.87482180297,46.0,9.61538461539,25.3333333333,70.0
10:35:01,3088.0,3088.68142022,2.43073370776,38.4615384615,12.0,0,7.87154698108,4.0,12.962962963,23.8095238095,66.0
10:35:01,3087.0,3088.68048636,2.43073370776,33.3333333333,42.0,54.1666666667,7.87409688292,38.0,9.33333333333,30.6666666667,104.0
10:35:02,3088.0,3088.68010841,2.43050977735,38.4615384615,142.0,0,7.87082181783,86.0,5.55555555556,64.0952380952,186.0
10:35:02,3088.0,3088.67973068,2.43028569931,38.4615384615,6.0,0,7.87009617651,6.0,5.67375886525,52.0952380952,192.0
10:35:03,3087.0,3088.67879776,2.43028569931,33.3333333333,194.0,0,7.87264560837,192.0,3.91304347827,94.0952380952,372.0
10:35:03,3087.0,3088.67786535,2.4301164524,33.3333333333,536.0,0,7.87209735147,490.0,-0.214592274669,225.333333333,816.0
10:35:04,3087.0,3088.67693346,2.4301164524,33.3333333333,16.0,0,7.87209735147,6.0,1.06837606839,185.523809524,818.0
10:35:04,3087.0,3088.67600209,2.42994716195,33.3333333333,0.0,0,7.87154895352,0.0,0,140.952380952,780.0
10:35:05,3087.0,3088.67507124,2.42949411744,33.3333333333,0.0,0,7.8700813652,0.0,0,98.380952381,694.0
10:35:05,3087.0,3088.6741409,2.42932468834,33.3333333333,6.0,0,7.86953251809,0.0,1.59574468086,64.2857142857,688.0
10:35:06,3086.0,3088.67265568,2.42932468834,30.7692307692,6.0,0,7.87208259344,0.0,1.7730496454,30.1904761905,496.0
10:35:06,3087.0,3088.67172668,2.42915521565,33.3333333333,22.0,0,7.86898352981,-2.0,88.0,9.61904761905,4.0
10:35:07,3087.0,3088.6707982,2.42898569938,33.3333333333,4.0,0,7.86843440031,-2.0,84.2105263158,8.38095238095,-4.0
10:35:07,3087.0,3088.66987024,2.4288161395,33.3333333333,8.0,0,7.86788512958,0.0,78.2608695652,8.85714285714,-4.0
10:35:08,3087.0,3088.66894279,2.42864653602,33.3333333333,0.0,0,7.86733571758,0.0,0,6.66666666667,-4.0
10:35:08,3087.0,3088.66801586,2.42864653602,33.3333333333,14.0,0,7.86733571758,-4.0,81.4814814815,8.47619047619,-8.0
10:35:09,3087.0,3088.66708944,2.42864653602,33.3333333333,0.0,0,7.86733571758,0.0,0,5.90476190476,-8.0
10:35:09,3087.0,3088.66616354,2.42864653602,33.3333333333,30.0,0,7.86733571758,0.0,53.5714285714,12.1904761905,-6.0
10:35:10,3087.0,3088.66523815,2.42870176925,33.3333333333,4.0,0,7.86751463961,0.0,50.0,10.6666666667,-4.0
10:35:10,3086.0,3088.66375787,2.42892650169,30.7692307692,30.0,0,7.87079229323,-8.0,61.5384615385,16.5714285714,-12.0
10:35:11,3087.0,3088.66283382,2.42892237194,33.3333333333,12.0,0,7.86822925797,2.0,64.4444444445,16.2857142857,-10.0
10:35:11,3087.0,3088.66191028,2.4289181151,33.3333333333,6.0,0,7.86821546843,-4.0,58.5365853659,13.7142857143,-10.0
10:35:12,3086.0,3088.66043185,2.42914244636,30.7692307692,4.0,0,7.87149204911,2.0,55.8139534884,10.9523809524,-8.0
10:35:12,3087.0,3088.65950964,2.42913793579,33.3333333333,42.0,0,7.86892755359,-20.0,42.8571428572,18.8571428571,-28.0
10:35:13,3087.0,3088.65858795,2.42913329816,33.3333333333,0.0,0,7.86891253049,0.0,0,14.1904761905,-28.0
10:35:13,3086.0,3088.65711137,2.42929762686,30.7692307692,8.0,0,7.87199490234,-6.0,25.0,12.0,-26.0
10:35:14,3086.0,3088.6556356,2.4294616586,30.7692307692,8.0,0,7.87252643747,0.0,11.7647058824,10.8571428571,-28.0
10:35:14,3086.0,3088.65416066,2.42962539344,30.7692307692,26.0,0,7.87305701051,-8.0,4.54545454546,15.0476190476,-32.0
10:35:15,3086.0,3088.65268654,2.42978883145,30.7692307692,202.0,0,7.87358662167,-166.0,1.3986013986,68.5714285714,-200.0
10:35:15,3087.0,3088.65176863,2.42978330589,33.3333333333,800.0,0,7.87101815967,-70.0,0.383141762456,283.523809524,-250.0
10:35:16,3086.0,3088.65029584,2.42994625696,30.7692307692,302.0,0,7.87409674972,52.0,0.297176820211,320.095238095,-198.0
10:35:16,3086.0,3088.64882386,2.43010891134,30.7692307692,20.0,0,7.87462382159,4.0,0.294550810018,261.714285714,-188.0
10:35:17,3086.0,3088.6473527,2.43027126909,30.7692307692,28.0,0,7.87514993224,6.0,0.290275761977,205.047619048,-182.0
10:35:17,3086.0,3088.64588236,2.43043333026,30.7692307692,16.0,0,7.87567508185,6.0,0.292397660822,144.0,-168.0
10:35:18,3086.0,3088.64441283,2.43065549001,30.7692307692,12.0,0,7.87639497735,6.0,0.509337860785,82.2857142857,4.0
10:35:18,3086.0,3088.64294412,2.43081704943,30.7692307692,0.0,0,7.87691850105,0.0,0,26.1904761905,74.0
10:35:19,3087.0,3088.64203163,2.43081031998,33.3333333333,14.0,0,7.87434505987,4.0,11.1111111111,12.1904761905,26.0
10:35:19,3086.0,3088.64056424,2.430971393,30.7692307692,26.0,0,7.87741864225,4.0,10.4166666667,15.3333333333,26.0
10:35:20,3086.0,3088.63909767,2.4311321697,30.7692307692,0.0,0,7.87793962961,0.0,0,10.7619047619,20.0
10:35:20,3086.0,3088.63763191,2.43129265014,30.7692307692,4.0,0,7.87845965696,2.0,17.8571428571,8.66666666667,16.0
10:35:21,3086.0,3088.63616696,2.43145283438,30.7692307692,22.0,0,7.87897872449,6.0,12.1212121212,12.2857142857,16.0
10:35:21,3086.0,3088.63470283,2.43161272247,30.7692307692,52.0,0,7.87949683239,8.0,6.77966101695,24.0,24.0
10:35:22,3086.0,3088.63323952,2.43183337839,30.7692307692,10.0,0,7.88021185479,0.0,1.75438596491,21.2380952381,20.0
10:35:22,3086.0,3088.63177701,2.43199276556,30.7692307692,214.0,0,7.88072833946,-168.0,0.662251655604,76.9523809524,-152.0
10:35:23,3086.0,3088.63031532,2.43215185676,30.7692307692,4.0,0,7.88124386505,-2.0,0.653594771217,63.7142857143,-154.0
10:35:23,3086.0,3088.62885444,2.43237195621,30.7692307692,4.0,0,7.88195708427,0.0,0.653594771217,50.2857142857,-156.0
10:35:24,3086.0,3088.62739437,2.4325305468,30.7692307692,20.0,0,7.88247098768,-4.0,1.31578947366,41.4285714286,-166.0
10:35:24,3086.0,3088.62593511,2.43268884159,30.7692307692,12.0,0,7.88298393257,-8.0,1.51515151512,30.380952381,-182.0
10:35:25,3086.0,3088.62447666,2.43284684064,30.7692307692,64.0,0,7.88349591911,-22.0,1.2578616352,36.0952380952,-204.0
10:35:25,3086.0,3088.62301903,2.43306617953,30.7692307692,74.0,0,7.88420667377,20.0,15.7303370786,42.0952380952,-16.0
10:35:26,3086.0,3088.6215622,2.4332236784,30.7692307692,20.0,0,7.88471703954,0.0,14.4329896907,39.3333333333,-14.0
10:35:26,3086.0,3088.62010618,2.4333808817,30.7692307692,200.0,0,7.88522644751,22.0,7.17948717948,87.2380952381,8.0
10:35:27,3086.0,3088.61865097,2.43353778948,30.7692307692,270.0,0,7.88573489787,38.0,46.25,145.80952381,50.0
10:35:27,3086.0,3088.61719657,2.4336944018,30.7692307692,18.0,0,7.8862423908,-4.0,47.9876160991,120.476190476,54.0
10:35:28,3086.0,3088.61574297,2.43385071871,30.7692307692,10.0,0,7.88674892649,0.0,52.3648648649,92.5714285714,76.0
10:35:28,3086.0,3088.61429018,2.43400674028,30.7692307692,6.0,0,7.88725450512,0.0,54.5801526718,66.0952380952,56.0
10:35:29,3086.0,3088.6128382,2.43416246655,30.7692307692,50.0,0,7.88775912688,-28.0,51.9855595668,55.4285714286,28.0
10:35:29,3086.0,3088.61138703,2.43431789759,30.7692307692,16.0,0,7.88826279194,-12.0,78.3783783784,33.619047619,-6.0
10:35:30,3086.0,3088.60993666,2.43447303345,30.7692307692,6.0,0,7.8887655005,0.0,18.8679245283,17.7142857143,-44.0
10:35:30,3086.0,3088.6084871,2.43462787419,30.7692307692,6.0,0,7.88926725273,0.0,6.3829787234,14.380952381,-40.0
10:35:31,3086.0,3088.60703834,2.43478241987,30.7692307692,6.0,0,7.88976804883,0.0,6.66666666666,11.619047619,-40.0
10:35:31,3086.0,3088.60559039,2.43493667053,30.7692307692,2.0,0,7.89026788896,0.0,4.6511627907,7.90476190476,-40.0
10:35:32,3086.0,3088.60414324,2.43509062624,30.7692307692,418.0,0,7.89076677331,-176.0,0.440528634361,123.238095238,-188.0
10:35:32,3086.0,3088.6026969,2.43524428706,30.7692307692,6.0,0,7.89126470207,-6.0,1.35135135135,103.333333333,-182.0
10:35:33,3086.0,3088.60125136,2.43539765303,30.7692307692,82.0,0,7.89176167541,-78.0,16.9230769231,105.619047619,-260.0
10:35:33,3086.0,3088.59980662,2.4353735739,30.7692307692,92.0,0,7.89168364841,14.0,30.0330033003,107.142857143,-246.0
10:35:34,3086.0,3088.59836268,2.43534898759,30.7692307692,66.0,0,7.89160397793,44.0,27.3273273273,97.1428571429,-202.0
10:35:34,3086.0,3088.59691955,2.43532389409,30.7692307692,18.0,0,7.89152266394,4.0,26.9794721408,70.5714285714,-198.0
10:35:35,3086.0,3088.59547722,2.43529829339,30.7692307692,30.0,0,7.89143970638,8.0,62.5850340136,46.6666666667,-14.0
10:35:35,3086.0,3088.59403569,2.43544985007,30.7692307692,36.0,0,7.89193081683,8.0,66.0493827161,42.9523809524,0.0
10:35:36,3086.0,3088.59259495,2.43542336358,30.7692307692,32.0,0,7.89184498892,-22.0,48.1751824818,36.6666666667,56.0
10:35:36,3086.0,3088.59115502,2.43539636987,30.7692307692,32.0,0,7.89175751741,6.0,32.7102803738,32.7619047619,48.0
10:35:37,3086.0,3088.58971589,2.43536886894,30.7692307692,8.0,0,7.89166840225,2.0,47.4358974359,24.8571428571,6.0
10:35:37,3086.0,3088.58827756,2.43534086075,30.7692307692,10.0,0,7.89157764338,0.0,55.4054054054,20.2857142857,2.0
10:35:38,3085.0,3088.58628463,2.43559027753,28.5714285714,4.0,0,7.89494417352,2.0,68.8524590164,14.380952381,-4.0
10:35:38,3087.0,3088.5854036,2.43539738373,33.3333333333,270.0,0,7.88920435286,6.0,83.7078651686,85.7142857143,-6.0
10:35:39,3086.0,3088.58396767,2.43536785507,30.7692307692,116.0,0,7.89166511688,8.0,65.4545454546,101.904761905,24.0
10:35:39,3085.0,3088.58197713,2.43532261089,28.5714285714,10.0,0,7.89407653451,2.0,62.6794258373,83.8095238095,20.0
10:35:40,3086.0,3088.58054309,2.43529181396,30.7692307692,36.0,0,7.89141871017,30.0,65.4708520179,74.1904761905,48.0
10:35:40,3085.0,3088.57855446,2.43553775085,28.5714285714,24.0,0,7.89477390874,0.0,61.3043478261,59.8095238095,48.0
10:35:41,3085.0,3088.57656692,2.43578287096,28.5714285714,8.0,0,7.89556846339,8.0,61.2068965517,40.1904761905,54.0
10:35:41,3086.0,3088.57513589,2.43575030585,30.7692307692,272.0,0,7.89290442597,4.0,8.15450643776,95.8095238095,52.0
10:35:42,3086.0,3088.57370566,2.43571723346,30.7692307692,24.0,0,7.89279725683,22.0,19.2513368984,80.4761904762,66.0
10:35:42,3086.0,3088.57227622,2.43539004912,30.7692307692,32.0,0,7.89173703539,14.0,20.7070707071,71.8095238095,78.0
10:35:43,3086.0,3088.57084757,2.43535583123,30.7692307692,14.0,0,7.89162615433,4.0,14.9732620321,56.9523809524,52.0
10:35:43,3086.0,3088.56941972,2.43502717238,30.7692307692,116.0,0,7.89056115484,-42.0,34.3347639485,72.2857142857,10.0
10:35:44,3086.0,3088.56799266,2.43499180862,30.7692307692,28.0,0,7.89044656065,-16.0,37.8600823045,58.0952380952,-14.0
10:35:44,3086.0,3088.5665664,2.43495593732,30.7692307692,4.0,0,7.89033032183,0.0,84.4036697248,36.0952380952,-18.0
10:35:45,3085.0,3088.56458552,2.43519557102,28.5714285714,4.0,0,7.8936647359,2.0,80.8080808081,26.8571428571,-38.0
10:35:45,3085.0,3088.56260575,2.4351398672,28.5714285714,106.0,0,7.89348417246,-2.0,57.3529411765,47.7142857143,-54.0
10:35:46,3086.0,3088.56118247,2.43510209688,30.7692307692,272.0,0,7.89080394322,-62.0,29.0566037736,112.476190476,-120.0
10:35:46,3085.0,3088.55920459,2.43533933993,28.5714285714,20.0,0,7.89413076153,2.0,13.3640552995,92.9523809524,-76.0
10:35:47,3085.0,3088.5572278,2.4352807878,28.5714285714,16.0,0,7.89394096532,-2.0,10.4265402843,76.8571428571,-62.0
10:35:47,3086.0,3088.55580751,2.43494593952,30.7692307692,40.0,0,7.89029792457,2.0,9.17030567685,68.1904761905,-60.0
10:35:48,3085.0,3088.55383261,2.43488528642,28.5714285714,132.0,0,7.89265895112,46.0,7.16723549487,84.0952380952,-16.0
10:35:48,3085.0,3088.55185881,2.43482349095,28.5714285714,846.0,0,7.89245864166,-202.0,2.26244343891,297.904761905,-216.0
10:35:49,3085.0,3088.5498861,2.43476055304,28.5714285714,2088.0,0,7.89225462896,972.0,0.763844684914,831.333333333,818.0
10:35:49,3085.0,3088.54791449,2.43499244238,28.5714285714,1910.0,0,7.89300629621,546.0,0.317965023848,1227.42857143,1362.0
10:35:50,3084.0,3088.54538857,2.43561180427,26.6666666667,384.0,0,7.89757394381,-42.0,0.148148148148,1097.52380952,1322.0
10:35:50,3085.0,3088.54341946,2.43584187034,28.5714285714,520.0,0,7.89575970936,-128.0,0.918367346939,988.952380952,1192.0
10:35:51,3084.0,3088.54089604,2.43645892614,26.6666666667,142.0,0,7.90032077218,-116.0,0.984719864177,749.523809524,1030.0
10:35:51,3084.0,3088.53837402,2.43707468591,26.6666666667,74.0,41.6666666667,7.90231739918,-14.0,2.34466588511,490.19047619,1218.0
10:35:52,3084.0,3088.5358534,2.43768915062,21.4285714286,150.0,0,7.90430982692,14.0,4.21383647799,289.333333333,260.0
10:35:52,3085.0,3088.53388958,2.43791538088,26.6666666667,112.0,0,7.90248097529,68.0,9.98552821997,169.904761905,-218.0
10:35:53,3084.0,3088.53137145,2.43852754537,21.4285714286,8.0,0,7.90702835722,2.0,13.1212723658,106.380952381,-174.0
10:35:53,3084.0,3088.52885473,2.43913841738,21.4285714286,102.0,0,7.90900913547,26.0,14.2857142857,87.619047619,-20.0
10:35:54,3084.0,3088.52633939,2.43974799789,21.4285714286,124.0,0,7.91098572597,-16.0,31.9298245614,95.0476190476,80.0
10:35:54,3084.0,3088.52382546,2.44035628787,21.4285714286,28.0,0,7.91295813186,0.0,23.2824427481,75.9047619048,94.0
10:35:55,3084.0,3088.52131292,2.44096328827,21.4285714286,138.0,0,7.91492635626,-36.0,21.09375,90.380952381,44.0
10:35:55,3084.0,3088.51880178,2.44175255822,21.4285714286,722.0,0,7.91748559733,-318.0,69.8752228164,272.285714286,-342.0
10:35:56,3085.0,3088.51684743,2.44197209251,26.6666666667,320.0,0,7.9156307699,4.0,71.9665271967,310.285714286,-340.0
10:35:56,3085.0,3088.51489417,2.44219081721,26.6666666667,26.0,0,7.91633976404,-4.0,75.9941089838,249.428571429,-370.0
10:35:57,3085.0,3088.51294199,2.44240873252,26.6666666667,292.0,0,7.91704613457,-18.0,61.3368283093,268.19047619,-372.0
10:35:57,3086.0,3088.5115463,2.44235502558,31.25,30.0,0,7.91430662859,-2.0,61.2565445026,204.095238095,-374.0
10:35:58,3085.0,3088.50959598,2.44275571402,26.6666666667,6.0,0,7.91817087204,0.0,67.0487106017,133.047619048,-338.0
10:35:58,3085.0,3088.50764675,2.44315583143,26.6666666667,590.0,0,7.91946784905,216.0,20.253164557,235.142857143,196.0
10:35:59,3085.0,3088.5056986,2.44337097642,26.6666666667,8.0,0,7.9201652396,-2.0,1.68067226891,177.238095238,190.0
10:35:59,3085.0,3088.50375153,2.44376985641,26.6666666667,4.0,0,7.92145820555,-2.0,1.72043010753,133.047619048,192.0
10:36:00,3085.0,3088.50180554,2.44416816621,26.6666666667,96.0,0,7.92274932319,-80.0,12.2615803815,116.19047619,130.0
10:36:00,3086.0,3088.50041603,2.44429606557,31.25,112.0,0,7.92059645357,-104.0,23.2843137255,113.238095238,28.0
10:36:01,3086.0,3088.4990273,2.44442367415,31.25,14.0,0,7.92100996161,-6.0,23.5436893204,78.380952381,22.0
10:36:01,3085.0,3088.49708394,2.44489186246,26.6666666667,198.0,0,7.92509517816,-158.0,44.9074074074,95.7142857143,-352.0
10:36:02,3085.0,3088.49514165,2.44531737886,26.6666666667,10.0,0,7.92647448576,-10.0,42.8571428571,78.0,-360.0
10:36:02,3085.0,3088.49320045,2.44574269502,26.6666666667,42.0,0,7.92785314431,-2.0,39.8305084746,69.3333333333,-360.0
10:36:03,3085.0,3088.49126032,2.44620996848,26.6666666667,140.0,0,7.92936780706,-38.0,22.0930232558,86.8571428571,-318.0
10:36:03,3086.0,3088.48987667,2.44640773431,31.25,90.0,0,7.92743919088,-2.0,4.04858299596,88.0,-216.0
10:36:04,3085.0,3088.48793839,2.44687440775,26.6666666667,86.0,0,7.93152158103,82.0,2.82685512368,89.0476190476,-128.0
10:36:04,3085.0,3088.48600118,2.44734070844,26.6666666667,22.0,0,7.93303309058,-2.0,4.10256410258,68.380952381,28.0
10:36:05,3085.0,3088.48406505,2.44780663661,26.6666666667,310.0,0,7.93454339259,54.0,2.31884057972,138.380952381,92.0
10:36:05,3086.0,3088.4826854,2.44800358002,31.25,1122.0,0,7.93261043428,-412.0,60.0,426.095238095,-318.0
10:36:06,3086.0,3088.48130651,2.44820038151,31.25,464.0,0,7.93324815784,50.0,71.6332378224,474.380952381,-230.0
10:36:06,3086.0,3088.47992839,2.44839704112,31.25,434.0,0,7.93388542166,234.0,79.0812141099,498.666666667,6.0
10:36:07,3086.0,3088.47855104,2.4485935589,31.25,0.0,0,7.93452222585,0.0,0,382.571428571,-76.0
10:36:07,3087.0,3088.47772985,2.4485935589,35.2941176471,348.0,0,7.93195192386,74.0,70.8737864078,370.0,0.0
10:36:08,3086.0,3088.47635371,2.44874848357,31.25,4.0,0,7.93502425008,-2.0,80.0168634064,243.619047619,-56.0
10:36:08,3085.0,3088.47442294,2.44921300978,26.6666666667,10.0,0,7.93910213868,-4.0,67.4603174603,133.523809524,352.0
10:36:09,3086.0,3088.47304864,2.44936776927,31.25,18.0,0,7.93703100865,-10.0,52.0884520885,78.6666666667,292.0
10:36:09,3086.0,3088.47167511,2.44952248748,31.25,36.0,0,7.93753236383,24.0,-2.88461538461,50.1904761905,82.0
10:36:10,3085.0,3088.46974694,2.44998639452,26.6666666667,8.0,0,7.94160905841,2.0,-1.88679245282,32.6666666667,84.0
10:36:10,3085.0,3088.46781983,2.45044993034,26.6666666667,26.0,0,7.94311160565,0.0,23.5294117647,19.9047619048,10.0
10:36:11,3086.0,3088.4664492,2.45060435983,31.25,12.0,0,7.94103810702,12.0,30.9090909091,18.4761904762,24.0
10:36:11,3086.0,3088.46507933,2.45079975609,31.25,22.0,0,7.94167127702,18.0,45.9016393443,19.5238095238,46.0
10:36:12,3086.0,3088.46371023,2.45095406909,31.25,218.0,0,7.94217131914,214.0,12.4223602484,76.0,270.0
10:36:12,3085.0,3088.46178648,2.45141676094,26.6666666667,16.0,0,7.9462455784,14.0,17.2185430463,65.2380952381,260.0
10:36:13,3086.0,3088.4604192,2.4515709092,31.25,16.0,0,7.94417015295,14.0,16.1290322581,55.4285714286,272.0
10:36:13,3086.0,3088.45905268,2.45176578783,31.25,8.0,0,7.94480164561,4.0,19.1780821918,42.9523809524,276.0
10:36:14,3086.0,3088.45768692,2.45191981975,31.25,10.0,0,7.94530077689,10.0,19.3103448276,31.9047619048,274.0
10:36:14,3086.0,3088.45632191,2.45207381052,31.25,50.0,0,7.94579977484,46.0,25.786163522,32.380952381,302.0
10:36:15,3086.0,3088.45495767,2.45222776015,31.25,8.0,0,7.9462986395,0.0,81.4814814815,19.5238095238,88.0
10:36:15,3085.0,3088.45303878,2.4526487949,26.6666666667,70.0,0,7.9502392055,12.0,80.2469135803,34.380952381,86.0
10:36:16,3086.0,3088.45167636,2.45280261407,31.25,12.0,0,7.94816141953,8.0,84.8101265823,30.0952380952,80.0
10:36:16,3086.0,3088.4503147,2.45299689156,31.25,40.0,0,7.94879096422,4.0,87.3684210526,34.0,80.0
10:36:17,3086.0,3088.44895379,2.45319102785,31.25,20.0,0,7.94942005137,20.0,88.0,30.6666666667,90.0
10:36:17,3086.0,3088.44759364,2.45334465577,31.25,28.0,0,7.94991787353,14.0,87.6404494382,29.1428571429,58.0
10:36:18,3086.0,3088.44623424,2.45353857586,31.25,0.0,0,7.95054626006,0.0,0,20.6666666667,58.0
10:36:18,3086.0,3088.4448756,2.45369208767,31.25,4.0,0,7.95104370601,2.0,92.3076923077,13.7142857143,48.0
10:36:19,3086.0,3088.44351771,2.45388579164,31.25,26.0,0,7.95167139221,24.0,93.2203389831,16.1904761905,64.0
10:36:19,3086.0,3088.44216058,2.45407935454,31.25,2.0,0,7.95229862133,2.0,90.0,11.1428571429,62.0
10:36:20,3086.0,3088.4408042,2.45427277643,31.25,4.0,0,7.95292539348,2.0,87.5,8.47619047619,44.0
10:36:20,3086.0,3088.43944857,2.45446605732,31.25,2.0,0,7.95355170875,2.0,78.9473684211,6.0,32.0
10:36:21,3086.0,3088.4380937,2.45465919726,31.25,0.0,0,7.95417756727,0.0,0,4.19047619048,32.0
10:36:21,3085.0,3088.43618418,2.45511836229,26.6666666667,4.0,0,7.95824428618,0.0,73.6842105263,3.52380952381,30.0
10:36:22,3086.0,3088.43483112,2.45531113665,31.25,16.0,0,7.95629013822,16.0,57.1428571429,6.28571428571,22.0
10:36:22,3086.0,3088.43347881,2.45550377019,31.25,8.0,0,7.95691435578,2.0,64.7058823529,7.2380952381,22.0
10:36:23,3086.0,3088.43212725,2.45565659357,31.25,0.0,0,7.95740957088,0.0,0,5.61904761905,20.0
10:36:23,3086.0,3088.43077645,2.4558490115,31.25,6.0,0,7.95803308976,6.0,64.7058823529,5.90476190476,24.0
10:36:24,3086.0,3088.42942639,2.45604128869,31.25,22.0,0,7.95865615258,2.0,42.8571428571,10.5714285714,26.0
10:36:24,3086.0,3088.42807709,2.45619392155,31.25,86.0,0,7.95915075032,2.0,79.7101449275,32.4761904762,28.0
10:36:25,3086.0,3088.42672853,2.45638598326,31.25,50.0,0,7.95977311491,0.0,65.1162790698,40.1904761905,12.0
10:36:25,3086.0,3088.42538072,2.45653850048,31.25,22.0,0,7.9602673379,16.0,67.7419354839,38.2857142857,26.0
10:36:26,3085.0,3088.42347826,2.45699580689,26.6666666667,46.0,0,7.96433000612,44.0,64.6551724138,42.5714285714,70.0
10:36:26,3085.0,3088.42157685,2.45745274561,26.6666666667,508.0,0,7.96581116892,504.0,20.1634877384,176.666666667,568.0
10:36:27,3086.0,3088.42023191,2.45764414382,31.25,8.0,0,7.96385010959,0.0,21.3888888889,144.0,566.0
10:36:27,3085.0,3088.41833231,2.45810049117,26.6666666667,160.0,0,7.96791083037,46.0,22.4181360202,155.428571429,610.0
10:36:28,3085.0,3088.41643376,2.45855647135,26.6666666667,556.0,0,7.96938888608,-114.0,12.9230769231,276.476190476,496.0
10:36:28,3085.0,3088.41453627,2.45901208458,26.6666666667,0.0,0,7.97086575228,0.0,0,214.571428571,480.0
10:36:29,3086.0,3088.41319523,2.45920267115,31.25,120.0,0,7.96890042497,-62.0,9.17159763315,188.0,374.0
10:36:29,3085.0,3088.41129954,2.45965769412,26.6666666667,390.0,0,7.97295848984,20.0,11.3452188007,235.047619048,-110.0
10:36:30,3085.0,3088.4094049,2.46011235064,26.6666666667,54.0,0,7.97443225492,26.0,14.53125,191.714285714,-84.0
10:36:30,3085.0,3088.40751131,2.46056664093,26.6666666667,6.0,0,7.97590483283,6.0,7.28241563056,132.476190476,-124.0
10:36:31,3085.0,3088.40561878,2.46098217307,26.6666666667,240.0,0,7.97725177657,134.0,55.5555555556,147.428571429,124.0
10:36:31,3085.0,3088.40372729,2.4614358326,26.6666666667,2.0,0,7.9787223099,0.0,55.4187192118,109.428571429,124.0
10:36:32,3085.0,3088.40183686,2.46188912646,26.6666666667,126.0,0,7.9801916579,-108.0,54.7677261614,106.761904762,78.0
10:36:32,3084.0,3088.39939207,2.46271854642,21.4285714286,30.0,0,7.98546869786,-24.0,99.5633187773,76.380952381,34.0
10:36:33,3085.0,3088.39750404,2.46317094638,26.6666666667,80.0,0,7.98434666575,-40.0,98.7603305785,77.4285714286,-32.0
10:36:33,3085.0,3088.39561707,2.46362298139,26.6666666667,28.0,0,7.9858119332,24.0,93.6758893281,62.380952381,-14.0
10:36:34,3086.0,3088.39428654,2.46381139487,31.25,10.0,0,7.98383472091,-10.0,42.0289855072,41.1428571429,-158.0
10:36:34,3085.0,3088.39240135,2.46426284272,26.6666666667,2.0,0,7.987886038,0.0,42.0289855072,28.5714285714,-158.0
10:36:35,3085.0,3088.3905172,2.46471392613,26.6666666667,4.0,0,7.98934822084,4.0,75.3246753247,16.5714285714,-46.0
10:36:35,3085.0,3088.3886341,2.46516464529,26.6666666667,6.0,0,7.99080922299,0.0,67.6923076923,10.9523809524,-22.0
10:36:36,3085.0,3088.38675205,2.4655775874,26.6666666667,4.0,0,7.99214777116,-4.0,22.2222222222,5.90476190476,14.0
10:36:36,3085.0,3088.38487105,2.46602767937,26.6666666667,130.0,0,7.99360674027,42.0,10.2564102564,40.4761904762,32.0
10:36:37,3085.0,3088.38299108,2.46644016415,26.6666666667,28.0,0,7.994943806,12.0,3.44827586209,41.0476190476,54.0
10:36:37,3085.0,3088.38111217,2.46685245484,26.6666666667,6.0,0,7.99628024259,-2.0,4.49438202249,34.4761904762,52.0
10:36:38,3085.0,3088.37923429,2.46730165751,26.6666666667,54.0,0,7.99773632903,32.0,3.50877192984,41.4285714286,80.0
10:36:38,3085.0,3088.37735746,2.46771349158,26.6666666667,2.0,0,7.99907128552,2.0,4.4642857143,31.1428571429,82.0
10:36:39,3085.0,3088.37548167,2.46812513189,26.6666666667,4.0,0,8.00040561391,4.0,6.25000000001,21.619047619,90.0
10:36:39,3085.0,3088.37360693,2.46853657852,26.6666666667,0.0,0,8.0017393145,0.0,0,10.9523809524,48.0
10:36:40,3085.0,3088.37173322,2.46894783158,26.6666666667,44.0,0,8.00307238762,34.0,36.3636363636,19.0476190476,70.0
10:36:40,3085.0,3088.36986056,2.46935889116,26.6666666667,18.0,0,8.00440483357,2.0,45.9016393443,18.9523809524,74.0
10:36:41,3085.0,3088.36798893,2.46980641954,26.6666666667,22.0,0,8.00585549284,8.0,86.6666666667,19.4285714286,50.0
10:36:41,3084.0,3088.36556294,2.47062743505,21.4285714286,122.0,33.3333333333,8.01111360264,-2.0,83.8095238095,50.0,46.0
10:36:42,3085.0,3088.36369371,2.47103765316,36.3636363636,52.0,0,8.00984652564,8.0,86.8217054264,54.8571428571,50.0
10:36:42,3084.0,3088.3612701,2.47182119094,30.0,184.0,0,8.01498440643,-46.0,65.6108597285,95.1428571429,4.0
10:36:43,3085.0,3088.35940325,2.47223089886,36.3636363636,10.0,0,8.01371442094,0.0,64.4607843137,76.9523809524,-30.0
10:36:43,3085.0,3088.35753743,2.47267659682,36.3636363636,116.0,0,8.01515914691,102.0,51.581027668,90.6666666667,70.0
10:36:44,3085.0,3088.35567265,2.47308585103,36.3636363636,6.0,0,8.01648574076,6.0,50.0,68.2857142857,68.0
10:36:44,3084.0,3088.35325351,2.47390378205,30.0,66.0,0,8.02173729588,18.0,28.3410138249,63.8095238095,88.0
10:36:45,3084.0,3088.3508357,2.4746851028,30.0,46.0,0,8.02427076135,-18.0,22.6635514019,56.2857142857,62.0
10:36:45,3085.0,3088.34897465,2.47509346375,36.3636363636,16.0,0,8.02299339953,-2.0,15.0,40.4761904762,106.0
10:36:46,3084.0,3088.34655922,2.4758739416,30.0,8.0,0,8.02812562127,6.0,15.503875969,30.380952381,112.0
10:36:46,3085.0,3088.34470054,2.4762817949,36.3636363636,12.0,0,8.02684536436,2.0,22.0779220779,21.5238095238,12.0
10:36:47,3084.0,3088.34228748,2.47706143108,30.0,6.0,0,8.03197610596,-6.0,18.1818181818,15.9047619048,0.0
10:36:47,3084.0,3088.33987577,2.47784054168,30.0,6.0,0,8.03450240493,4.0,57.4468085106,10.2857142857,-14.0
10:36:48,3084.0,3088.3374654,2.47861912721,30.0,1612.0,0,8.03702700133,-1024.0,2.2891566265,466.380952381,-1020.0
10:36:48,3084.0,3088.33505637,2.47939718816,30.0,90.0,0,8.03954989676,10.0,3.46020761245,413.047619048,-1008.0
10:36:49,3084.0,3088.33264867,2.48017472503,30.0,176.0,0,8.04207109283,60.0,6.09884332281,380.761904762,-954.0
10:36:49,3084.0,3088.33024231,2.4809517383,30.0,32.0,0,8.04459059112,-2.0,6.86784599375,299.333333333,-958.0
10:36:50,3083.0,3088.32728189,2.48221076728,27.2727272727,10.0,0,8.05128370834,-4.0,7.26895119418,210.666666667,-956.0
10:36:50,3083.0,3088.32432311,2.48346866087,27.2727272727,1790.0,0,8.0553638043,326.0,5.60646900269,630.380952381,-634.0
10:36:51,3083.0,3088.32136597,2.48472542078,27.2727272727,1298.0,0,8.05944022309,552.0,-1.41342756183,824.571428571,942.0
10:36:51,3082.0,3088.31785508,2.48657407235,25.0,118.0,0,8.06805344695,-78.0,-0.116822429903,696.571428571,854.0
10:36:52,3082.0,3088.31434613,2.48842057536,25.0,758.0,0,8.07404469617,-106.0,1.7473789316,750.095238095,688.0
10:36:52,3082.0,3088.31083914,2.49029894023,25.0,392.0,0,8.08013932587,32.0,2.24461749885,671.333333333,722.0
10:36:53,3082.0,3088.30733409,2.49217477478,25.0,172.0,0,8.08622574554,40.0,3.13604240282,512.571428571,766.0
10:36:53,3082.0,3088.30383099,2.49404808469,25.0,128.0,0,8.0923039737,34.0,3.90788555477,333.523809524,474.0
10:36:54,3082.0,3088.30032983,2.49588550307,25.0,1118.0,0,8.0982657465,346.0,14.8920327625,516.476190476,268.0
10:36:54,3082.0,3088.29683062,2.49772079747,25.0,1268.0,0,8.10422062773,366.0,9.12408759123,750.857142857,712.0
10:36:55,3082.0,3088.29333335,2.49955397256,25.0,130.0,0,8.11016863257,58.0,6.42144638403,605.333333333,876.0
10:36:55,3082.0,3088.28983803,2.501385033,25.0,268.0,0,8.11610977613,150.0,10.9597924773,529.142857143,994.0
10:36:56,3082.0,3088.28634464,2.50321398344,25.0,138.0,0,8.12204407347,-2.0,10.2295081967,421.714285714,952.0
10:36:56,3081.0,3088.2822978,2.50577097805,23.0769230769,144.0,0,8.13297948085,50.0,11.7416829745,317.619047619,968.0
10:36:57,3082.0,3088.2788086,2.5075948833,25.0,2298.0,0,8.13625854414,-1144.0,36.2223268959,828.19047619,-522.0
10:36:57,3082.0,3088.27532134,2.50941669419,25.0,566.0,0,8.14216967614,-262.0,52.7088036118,787.714285714,-1150.0
10:36:58,3082.0,3088.27183602,2.51123641526,25.0,200.0,0,8.14807402745,-34.0,52.0752628667,676.095238095,-1242.0
10:36:58,3082.0,3088.26835264,2.51308575262,25.0,336.0,0,8.15407447312,-80.0,47.5285171103,600.0,-1472.0
10:36:59,3082.0,3088.26487119,2.51490113138,25.0,62.0,0,8.15996473517,26.0,47.8092068774,442.380952381,-1444.0
10:36:59,3082.0,3088.26139167,2.51674575238,25.0,168.0,0,8.16594987792,102.0,45.0137741047,318.666666667,-1392.0
10:37:00,3083.0,3088.25846949,2.5180052854,27.2727272727,46.0,0,8.16738658903,-12.0,30.4789550073,158.952380952,-260.0
10:37:00,3083.0,3088.25554892,2.51923244239,27.2727272727,308.0,0,8.17136698795,-132.0,8.0357142857,181.333333333,-130.0
10:37:01,3082.0,3088.25207458,2.52104033432,25.0,88.0,0,8.17988427749,-28.0,12.1031746032,153.142857143,-124.0
10:37:01,3082.0,3088.24860217,2.52284616609,25.0,40.0,0,8.18574356293,-28.0,10.6741573034,116.571428571,-72.0
10:37:02,3082.0,3088.24513169,2.52464994212,25.0,188.0,0,8.1915961782,50.0,24.1050119332,136.380952381,-48.0
10:37:02,3082.0,3088.24166314,2.5264516668,25.0,38.0,0,8.19744213758,-18.0,30.2259887005,107.333333333,-168.0
10:37:03,3083.0,3088.23875191,2.52767179265,27.2727272727,520.0,0,8.19874081301,-4.0,18.4433164129,222.19047619,-160.0
10:37:03,3082.0,3088.2352869,2.52949996278,25.0,1574.0,0,8.20733277996,-776.0,8.00653594772,615.619047619,-804.0
10:37:04,3081.0,3088.23126841,2.53198404613,23.0769230769,230.0,0,8.21805922147,-32.0,9.42084942086,564.761904762,-808.0
10:37:04,3081.0,3088.22725216,2.53446459878,23.0769230769,2768.0,0,8.22611034982,724.0,23.54268522,1232.28571429,-56.0
10:37:05,3081.0,3088.22323813,2.53694163108,23.0769230769,1324.0,0,8.23415005219,114.0,15.4942671212,1357.33333333,8.0
10:37:05,3080.0,3088.21867094,2.54020982838,21.4285714286,172.0,0,8.24743450774,114.0,16.6363084396,1099.14285714,140.0
10:37:06,3080.0,3088.21410628,2.54347233978,21.4285714286,6770.0,0,8.2580270772,1662.0,11.1076491665,2719.71428571,1806.0
10:37:06,3080.0,3088.20954415,2.5467577427,21.4285714286,6368.0,0,8.2686939698,498.0,-3.14201451906,3927.80952381,3080.0
10:37:07,3079.0,3088.20442916,2.55090827446,20.0,4536.0,0,8.28485961175,3838.0,9.74564682286,4384.19047619,6950.0
10:37:07,3078.0,3088.19876161,2.5560563368,18.75,2880.0,0,8.3042765978,-532.0,7.59183673468,4162.38095238,5694.0
10:37:08,3078.0,3088.1930972,2.56119161117,18.75,5490.0,0,8.32096040017,-1934.0,-1.00701861459,4680.95238095,3646.0
10:37:08,3078.0,3088.18743594,2.56634142961,18.75,1594.0,0,8.33769145422,-634.0,4.05962804833,3888.0,2898.0
10:37:09,3079.0,3088.18233323,2.57047863571,20.0,1222.0,0,8.34842038232,-288.0,7.16161158895,2921.04761905,948.0
10:37:09,3080.0,3088.17778875,2.57371685338,21.4285714286,1492.0,0,8.35622354993,-486.0,24.0618101545,2295.42857143,-36.0
10:37:10,3079.0,3088.17269139,2.5778112875,20.0,440.0,0,8.37223542546,-238.0,10.8858057631,1601.42857143,-4112.0
10:37:10,3080.0,3088.16815227,2.58103647893,21.4285714286,444.0,0,8.37998856795,48.0,9.90451226363,1103.61904762,-3532.0
10:37:11,3080.0,3088.16361567,2.58422989221,21.4285714286,1720.0,0,8.3903567929,728.0,78.2118055556,1086.38095238,-870.0
10:37:11,3079.0,3088.15852618,2.58830221059,20.0,388.0,0,8.40630792656,56.0,68.6295127935,868.095238095,-180.0
10:37:12,3079.0,3088.15343953,2.59239151171,20.0,356.0,0,8.41958919036,-46.0,65.867768595,698.095238095,62.0
10:37:12,3080.0,3088.1489111,2.59559097614,21.4285714286,600.0,0,8.42724342903,-374.0,70.6180344478,639.047619048,174.0
10:37:13,3080.0,3088.14438518,2.59875985381,21.4285714286,682.0,0,8.43753199289,-172.0,76.4200477327,645.904761905,240.0
10:37:13,3080.0,3088.13986178,2.6019479289,21.4285714286,576.0,0,8.44788288603,-438.0,77.6955113373,610.952380952,-246.0
10:37:14,3081.0,3088.13589629,2.60435945953,23.0769230769,338.0,0,8.45296806079,-242.0,44.5578231293,501.714285714,-1216.0
10:37:14,3080.0,3088.1313776,2.60751312391,21.4285714286,314.0,0,8.465951701,-224.0,37.6831821354,451.428571429,-1496.0
10:37:15,3080.0,3088.12686143,2.61066153044,21.4285714286,162.0,0,8.47617380014,14.0,43.4131736527,361.238095238,-1436.0
10:37:15,3081.0,3088.12290316,2.6130606788,23.0769230769,114.0,0,8.48120960339,-4.0,45.8371454712,266.571428571,-1066.0
10:37:16,3080.0,3088.11839169,2.61622283332,21.4285714286,274.0,0,8.49422997831,-206.0,31.3835770529,240.761904762,-1100.0
10:37:16,3080.0,3088.11388272,2.61935623452,21.4285714286,1376.0,0,8.50440335884,-740.0,8.68890612879,549.238095238,-1402.0
10:37:17,3079.0,3088.10882086,2.62337727621,20.0,284.0,0,8.52022499581,-162.0,2.85261489699,507.619047619,-1322.0
10:37:17,3080.0,3088.10431721,2.62643809813,21.4285714286,342.0,0,8.52739642252,72.0,26.4890282132,485.142857143,-1026.0
10:37:18,3081.0,3088.10037146,2.62881462983,23.0769230769,256.0,0,8.53234219355,134.0,29.9319727891,436.761904762,-906.0
10:37:18,3080.0,3088.09587251,2.63194847552,21.4285714286,350.0,0,8.54528725817,170.0,27.0645385149,410.761904762,-732.0
10:37:19,3080.0,3088.09137605,2.63507672013,21.4285714286,1000.0,0,8.55544389654,426.0,21.3968957871,559.238095238,-100.0
10:37:19,3080.0,3088.08688209,2.63819938361,21.4285714286,78.0,0,8.5655824143,24.0,36.4502164502,409.714285714,664.0
10:37:20,3079.0,3088.08183522,2.64217887019,20.0,124.0,0,8.58128895808,12.0,37.9534883721,335.142857143,838.0
10:37:20,3080.0,3088.07734656,2.64520507268,21.4285714286,284.0,0,8.58832815806,-2.0,26.7686424474,313.904761905,764.0
10:37:21,3080.0,3088.07286039,2.64822545698,21.4285714286,72.0,0,8.59813460058,38.0,17.9245283019,234.857142857,668.0
10:37:21,3079.0,3088.06782131,2.65209838595,20.0,344.0,0,8.61350563804,88.0,29.0220820189,242.285714286,586.0
10:37:22,3081.0,3088.06389584,2.65435350235,23.0769230769,414.0,0,8.61523369798,288.0,71.1246200608,270.0,448.0
10:37:22,3080.0,3088.05941714,2.6573564326,21.4285714286,142.0,0,8.62778062532,30.0,63.0434782609,247.904761905,454.0
10:37:23,3080.0,3088.05494093,2.66035362392,21.4285714286,160.0,0,8.63751176598,76.0,59.4632768361,227.904761905,518.0
10:37:23,3081.0,3088.0510226,2.66259572076,23.0769230769,44.0,0,8.64198546174,8.0,62.7551020408,173.047619048,528.0
10:37:24,3080.0,3088.04655106,2.66558259215,21.4285714286,670.0,0,8.65448893554,76.0,68.0947012401,308.476190476,566.0
10:37:24,3080.0,3088.04208199,2.66856377831,21.4285714286,262.0,0,8.66416811138,44.0,69.1489361702,298.857142857,522.0
10:37:25,3081.0,3088.03817081,2.67079297364,23.0769230769,428.0,0,8.66859128087,274.0,62.368112544,340.571428571,508.0
10:37:25,3080.0,3088.0337064,2.67384968633,21.4285714286,992.0,0,8.68133015041,388.0,62.441314554,542.761904762,866.0
10:37:26,3081.0,3088.02979987,2.67615666697,23.0769230769,946.0,0,8.68600021737,-768.0,47.6062238181,691.333333333,22.0
10:37:26,3081.0,3088.02589551,2.67837424201,23.0769230769,142.0,0,8.69319779944,30.0,44.9709302326,572.761904762,44.0
10:37:27,3080.0,3088.02143792,2.68133084643,21.4285714286,72.0,0,8.70561963127,-12.0,37.684729064,429.523809524,-44.0
10:37:27,3080.0,3088.0169828,2.68428186594,21.4285714286,16.0,0,8.71520086343,0.0,34.4761171032,298.761904762,-88.0
10:37:28,3081.0,3088.01308556,2.6864867599,23.0769230769,94.0,0,8.71952859428,62.0,28.0725022104,202.0,-300.0
10:37:28,3080.0,3088.00863508,2.6894277324,21.4285714286,56.0,0,8.73190822206,48.0,10.3318250377,110.285714286,-640.0
10:37:29,3081.0,3088.00474248,2.69171132861,23.0769230769,326.0,0,8.73648597405,74.0,44.4759206799,140.285714286,202.0
10:37:29,3081.0,3088.00085203,2.69390464238,23.0769230769,594.0,0,8.74360481135,492.0,37.1329879102,276.380952381,664.0
10:37:30,3081.0,3087.99696375,2.69618144183,23.0769230769,44.0,0,8.75099461809,10.0,34.8672566372,233.80952381,686.0
10:37:30,3080.0,3087.99252223,2.69910387507,21.4285714286,564.0,0,8.76332426969,512.0,23.4803337306,341.142857143,1198.0
10:37:31,3080.0,3087.98808317,2.70210823042,21.4285714286,120.0,0,8.77307867019,108.0,27.3474178404,295.523809524,1244.0
10:37:31,3080.0,3087.98364658,2.70510742353,21.4285714286,268.0,28.0,8.78281631016,248.0,35.5949895616,290.952380952,1444.0
10:37:32,3079.0,3087.97865705,2.70893684159,14.2857142857,34.0,0,8.79810601361,14.0,30.7881773399,209.428571429,1384.0
10:37:32,3080.0,3087.97422569,2.71183682227,15.3846153846,122.0,0,8.80466500737,82.0,45.6597222222,166.952380952,974.0
10:37:33,3079.0,3087.9692414,2.7156521481,14.2857142857,588.0,0,8.81991603801,238.0,36.5566037736,280.095238095,1202.0
10:37:33,3080.0,3087.96481527,2.71862845265,15.3846153846,154.0,0,8.82671575537,-18.0,49.766718507,243.333333333,672.0
10:37:34,3080.0,3087.9603916,2.72151147184,15.3846153846,304.0,0,8.83607620727,-16.0,53.3333333333,268.952380952,548.0
10:37:34,3079.0,3087.95541499,2.72521824927,14.2857142857,174.0,0,8.85098489533,-62.0,49.8546511628,248.666666667,238.0
10:37:35,3081.0,3087.95155194,2.72736334258,21.4285714286,390.0,0,8.85220169615,122.0,32.6789838337,294.571428571,346.0
10:37:35,3080.0,3087.94713564,2.73023027055,15.3846153846,56.0,0,8.8643839953,-2.0,27.4909963986,228.095238095,262.0
10:37:36,3079.0,3087.94216639,2.73391760637,14.2857142857,180.0,0,8.87923873454,4.0,29.5707472178,200.19047619,28.0
10:37:36,3079.0,3087.9371999,2.73768617947,14.2857142857,98.0,0,8.89147833541,78.0,30.7820299501,168.285714286,124.0
10:37:37,3080.0,3087.93279157,2.74053521345,15.3846153846,132.0,0,8.89784160212,16.0,20.0,148.761904762,156.0
10:37:37,3079.0,3087.92783029,2.74420082983,14.2857142857,1208.0,0,8.9126366672,-448.0,4.94186046512,444.857142857,-230.0
10:37:38,3078.0,3087.92231636,2.74877997628,13.3333333333,166.0,0,8.93040927968,-118.0,19.2391304348,394.0,-470.0
10:37:38,3079.0,3087.91736089,2.75251836147,14.2857142857,464.0,0,8.93965041076,-260.0,26.4234875445,438.952380952,-728.0
10:37:39,3079.0,3087.91240818,2.75615964201,14.2857142857,88.0,0,8.95147658982,-22.0,27.8293135436,357.047619048,-754.0
10:37:39,3078.0,3087.90690281,2.76070972938,13.3333333333,76.0,0,8.96916741188,-66.0,29.5220243674,276.095238095,-898.0
10:37:40,3079.0,3087.90195591,2.76433435829,14.2857142857,332.0,0,8.97802649657,-252.0,34.1902313625,269.333333333,-1166.0
10:37:40,3078.0,3087.89645635,2.76886457487,13.3333333333,1422.0,0,8.99566138683,-358.0,29.9058084772,564.476190476,-1076.0
10:37:41,3077.0,3087.89040444,2.77439514874,12.5,538.0,0,9.01655881944,-8.0,23.3561643836,596.857142857,-966.0
10:37:41,3076.0,3087.8838005,2.7810189979,11.7647058824,2994.0,0,9.04102405038,-1002.0,-32.623853211,1313.23809524,-1708.0
10:37:42,3075.0,3087.87664482,2.78882685854,11.1111111111,4464.0,0,9.06935563753,448.0,-45.9189904335,2329.14285714,-1238.0
10:37:42,3075.0,3087.86949311,2.79660751273,11.1111111111,3370.0,0,9.09465857798,-350.0,-40.3201219512,2824.0952381,-1522.0
10:37:43,3074.0,3087.86178998,2.80565664009,10.5263157895,2280.0,0,9.12705478235,-158.0,-39.195646403,2850.76190476,-1428.0
10:37:43,3074.0,3087.85409112,2.81467050678,10.5263157895,2798.0,0,9.15637770585,-298.0,-43.4565799076,2932.66666667,-1368.0
10:37:44,3073.0,3087.84584114,2.82503354072,10.0,4566.0,0,9.19308018456,-498.0,-41.109808519,3454.19047619,-1858.0
10:37:44,3073.0,3087.83759574,2.83535173205,10.0,4134.0,0,9.22665711699,1258.0,-35.4987969646,3660.47619048,402.0
10:37:45,3073.0,3087.82935492,2.84562556858,10.0,1168.0,0,9.26008971226,774.0,-27.6042804106,2965.04761905,728.0
10:37:45,3073.0,3087.82111868,2.85585552899,10.0,1572.0,0,9.29337952812,146.0,-15.2681922751,2542.0,1224.0
10:37:46,3073.0,3087.81288701,2.86604208312,10.0,560.0,0,9.32652809346,-8.0,-14.1775915664,1915.42857143,1374.0
10:37:46,3073.0,3087.80465991,2.87618569216,10.0,842.0,0,9.35953690909,78.0,-3.62871826818,1451.33333333,1750.0
10:37:47,3074.0,3087.79699279,2.88502647783,10.5263157895,478.0,0,9.38525204239,-2.0,10.0753941056,976.380952381,2246.0
10:37:47,3074.0,3087.78932992,2.89374313054,10.5263157895,2704.0,0,9.41360810196,-262.0,15.1556526488,1332.0952381,726.0
10:37:48,3074.0,3087.78167131,2.90242762375,10.5263157895,218.0,0,9.44185954376,-18.0,17.6341386884,1045.61904762,-66.0
10:37:48,3074.0,3087.77401695,2.91108024528,10.5263157895,326.0,0,9.47000730409,-44.0,-8.54134165365,835.238095238,-256.0
10:37:49,3075.0,3087.76692225,2.91855362242,11.1111111111,1714.0,0,9.49123129241,-950.0,19.8344476281,1080.76190476,-1198.0
10:37:49,3074.0,3087.75927608,2.92723988312,10.5263157895,1350.0,0,9.52257606741,-650.0,29.2488954345,1167.33333333,-1926.0
10:37:50,3075.0,3087.75218956,2.93457039361,11.1111111111,1252.0,0,9.54331835321,-704.0,39.1856160762,1201.71428571,-2628.0
10:37:50,3075.0,3087.74510698,2.94187749743,11.1111111111,294.0,0,9.56708129245,-132.0,81.9169577027,925.523809524,-2498.0
10:37:51,3075.0,3087.73802833,2.94916136856,11.1111111111,1834.0,0,9.59076867823,-778.0,51.7872968981,1204.0952381,-3258.0
10:37:51,3075.0,3087.73095361,2.95651507764,11.1111111111,926.0,0,9.61468317932,238.0,43.0122116689,1146.28571429,-2976.0
10:37:52,3076.0,3087.72443823,2.96262750416,11.7647058824,1236.0,0,9.63142881716,-908.0,38.5664538596,1148.47619048,-2934.0
10:37:52,3076.0,3087.71792646,2.96872295309,11.7647058824,1624.0,0,9.65124497104,198.0,41.6131733184,1284.28571429,-2086.0
10:37:53,3076.0,3087.71141831,2.97480152881,11.7647058824,1146.0,0,9.67100627051,-34.0,42.5212464589,1270.47619048,-1416.0
10:37:53,3076.0,3087.70491377,2.98086333453,11.7647058824,380.0,0,9.69071305113,-4.0,41.7576266443,1042.85714286,-1288.0
10:37:54,3076.0,3087.69841285,2.98700207638,11.7647058824,1954.0,0,9.71066994923,-462.0,51.1698320947,1260.85714286,-972.0
10:37:54,3076.0,3087.69191553,2.99312451583,11.7647058824,880.0,0,9.73057384861,-674.0,65.595567867,1166.28571429,-1884.0
10:37:55,3076.0,3087.68542183,2.99923075271,11.7647058824,140.0,0,9.75042507384,34.0,57.3481384716,862.476190476,-942.0
10:37:55,3077.0,3087.67948713,3.00430550098,12.5,352.0,0,9.76374878446,24.0,39.8186314922,671.428571429,-1116.0
10:37:56,3076.0,3087.67300033,3.01028790254,11.7647058824,160.0,0,9.78637159473,-148.0,19.0894981894,486.095238095,-1230.0
10:37:56,3075.0,3087.66596173,3.01735687572,11.1111111111,286.0,0,9.81254268526,0.0,24.3902439024,383.714285714,-1226.0
10:37:57,3076.0,3087.65948244,3.02330449372,11.7647058824,1070.0,0,9.82868821104,-810.0,28.5318559557,509.80952381,-1574.0
10:37:57,3075.0,3087.65245135,3.03042798133,11.1111111111,572.0,0,9.85505034577,-18.0,-4.18604651162,535.714285714,-918.0
10:37:58,3075.0,3087.64542416,3.0375304703,11.1111111111,98.0,0,9.87814787091,-4.0,-1.41843971631,440.857142857,-956.0
10:37:58,3074.0,3087.63784547,3.0457944594,10.5263157895,584.0,0,9.90824482562,66.0,22.7436823105,486.857142857,-914.0
10:37:59,3075.0,3087.6308264,3.05285232696,11.1111111111,392.0,0,9.92797504704,-64.0,36.0426382412,466.952380952,-830.0
10:37:59,3075.0,3087.62381122,3.05979472351,11.1111111111,332.0,0,9.95055194636,156.0,32.4803149606,418.857142857,-674.0
10:38:00,3075.0,3087.61679994,3.06671647252,11.1111111111,134.0,0,9.97306169926,-30.0,60.9848484848,312.0,106.0
10:38:00,3076.0,3087.61034795,3.07263307229,11.7647058824,1370.0,0,9.98905420119,626.0,47.560137457,602.857142857,750.0
10:38:01,3074.0,3087.60278875,3.08077941026,10.5263157895,718.0,0,10.0220540347,-236.0,35.6940509915,669.428571429,518.0
10:38:01,3075.0,3087.59578914,3.08773554607,11.1111111111,900.0,0,10.04141641,424.0,36.869474779,758.476190476,876.0
10:38:02,3075.0,3087.58879343,3.09457629881,11.1111111111,1158.0,0,10.0636627603,-662.0,46.1405030356,906.19047619,278.0
10:38:02,3075.0,3087.5818016,3.10149275837,11.1111111111,544.0,0,10.0861553118,-214.0,49.9170812604,842.0,-92.0
10:38:03,3075.0,3087.57481365,3.10829385091,11.1111111111,120.0,0,10.1082726859,-2.0,47.6091476091,646.571428571,-64.0
10:38:03,3075.0,3087.56782958,3.11507523986,11.1111111111,630.0,0,10.1303259833,254.0,57.9361179361,597.523809524,-436.0
10:38:04,3076.0,3087.56140479,3.12077620726,11.7647058824,254.0,0,10.1455663435,0.0,70.7709373267,476.285714286,-200.0
10:38:04,3075.0,3087.55442817,3.12752120519,11.1111111111,468.0,0,10.1708006673,-14.0,70.6994328922,438.285714286,-638.0
10:38:05,3076.0,3087.54801083,3.13319088279,11.7647058824,618.0,0,10.1859261469,300.0,66.2870159453,463.714285714,324.0
10:38:05,3076.0,3087.54159705,3.13894266178,11.7647058824,154.0,0,10.2046250383,36.0,62.0320855615,382.285714286,574.0
10:38:06,3076.0,3087.53518683,3.1446803872,11.7647058824,154.0,0,10.2232782419,-4.0,63.4767339772,319.428571429,572.0
10:38:06,3077.0,3087.52933557,3.1493458928,12.5,600.0,0,10.2351182736,-472.0,80.2491103203,382.380952381,-154.0
10:38:07,3077.0,3087.52348757,3.15400097417,12.5,858.0,0,10.2502469099,246.0,87.6577840112,520.476190476,92.0
10:38:07,3078.0,3087.51819821,3.15787227896,13.3333333333,122.0,0,10.2594940837,0.0,85.8739026337,419.523809524,106.0
10:38:08,3078.0,3087.51291179,3.1617364032,13.3333333333,294.0,0,10.2720480936,206.0,80.6599450046,384.19047619,12.0
10:38:08,3078.0,3087.50762831,3.16549607994,13.3333333333,90.0,0,10.2842627678,-24.0,85.7412653447,306.0,-48.0
10:38:09,3078.0,3087.50234776,3.16924835064,13.3333333333,636.0,0,10.2964533809,284.0,70.3846153846,386.857142857,240.0
10:38:09,3077.0,3087.49651474,3.17385848781,12.5,170.0,0,10.3147822158,84.0,65.5299539171,311.619047619,796.0
10:38:10,3077.0,3087.49068496,3.17855618866,12.5,198.0,0,10.3300493619,-128.0,37.0860927152,264.857142857,422.0
10:38:10,3077.0,3087.48485842,3.18324402386,12.5,82.0,0,10.3452844454,-36.0,38.7755102041,216.380952381,386.0
10:38:11,3076.0,3087.47847972,3.18877153288,11.7647058824,270.0,0,10.3666174671,-238.0,40.2489626556,223.523809524,-58.0
10:38:11,3077.0,3087.47265996,3.19333985734,12.5,586.0,0,10.378095084,-28.0,29.2481977343,322.095238095,-62.0
10:38:12,3076.0,3087.46628803,3.19894036275,11.7647058824,650.0,0,10.3996760818,-72.0,28.2208588957,415.333333333,-418.0
10:38:12,3076.0,3087.45991964,3.20452761296,11.7647058824,160.0,0,10.4178400941,-62.0,20.8633093525,367.904761905,-564.0
10:38:13,3076.0,3087.45355478,3.21000316093,11.7647058824,300.0,0,10.4356409653,-48.0,29.4921875,360.952380952,-484.0
10:38:13,3076.0,3087.44719346,3.21556399014,11.7647058824,80.0,0,10.4537190837,-58.0,29.2277614858,286.285714286,-506.0
10:38:14,3076.0,3087.44083568,3.22111176986,11.7647058824,332.0,0,10.4717547785,-114.0,32.8273244782,283.714285714,-382.0
10:38:14,3075.0,3087.43392602,3.22766666475,11.1111111111,160.0,0,10.4964769586,90.0,43.4007134364,229.047619048,-264.0
10:38:15,3076.0,3087.4275756,3.23318651824,11.7647058824,602.0,0,10.5110094871,-150.0,49.8164014688,320.952380952,-342.0
10:38:15,3076.0,3087.42122871,3.23859440962,11.7647058824,552.0,0,10.5285904084,240.0,67.7196446199,400.857142857,-40.0
10:38:16,3076.0,3087.41488535,3.24408853404,11.7647058824,242.0,0,10.5464516711,-122.0,69.6138211382,373.523809524,-114.0
10:38:16,3076.0,3087.40854551,3.24956995018,11.7647058824,92.0,0,10.5642716196,44.0,70.404040404,306.095238095,-12.0
10:38:17,3076.0,3087.40220919,3.25503872225,11.7647058824,96.0,0,10.5820504624,-16.0,63.3027522936,239.238095238,86.0
10:38:17,3076.0,3087.39587638,3.26039529339,11.7647058824,122.0,0,10.5994645429,28.0,59.0855803048,191.047619048,24.0
10:38:18,3076.0,3087.3895471,3.26573908552,11.7647058824,182.0,0,10.6168370791,-12.0,70.4510108865,161.80952381,162.0
10:38:18,3076.0,3087.38322133,3.27117006995,11.7647058824,42.0,0,10.6344930753,6.0,50.5154639175,112.571428571,-72.0
10:38:19,3076.0,3087.37689908,3.27658866142,11.7647058824,66.0,0,10.6521087823,12.0,35.3333333333,94.4761904762,62.0
10:38:19,3076.0,3087.37058033,3.28189477792,11.7647058824,64.0,0,10.6693588359,36.0,24.1258741259,84.1904761905,54.0
10:38:20,3077.0,3087.3648205,3.28627448641,12.5,26.0,0,10.6801250777,-12.0,21.9123505976,64.380952381,58.0
10:38:20,3077.0,3087.35906386,3.29074542899,12.5,74.0,0,10.6946552778,56.0,26.4317180617,61.619047619,86.0
10:38:21,3077.0,3087.35331043,3.29510691063,12.5,46.0,0,10.7088297388,-24.0,35.2201257862,53.1428571429,74.0
10:38:21,3077.0,3087.34756018,3.29945925938,12.5,188.0,25.9259259259,10.7229745186,-38.0,59.4827586207,91.7142857143,30.0
10:38:22,3077.0,3087.34181314,3.30380251134,6.66666666667,946.0,0,10.7370897346,-246.0,23.9583333333,339.904761905,-228.0
10:38:22,3077.0,3087.33606928,3.30813670234,6.66666666667,240.0,0,10.7511755032,76.0,33.0263157895,344.476190476,-188.0
10:38:23,3077.0,3087.33032861,3.31246186794,6.66666666667,100.0,0,10.76523194,10.0,32.4968632371,300.666666667,-166.0
10:38:23,3077.0,3087.32459114,3.31677804345,6.66666666667,78.0,0,10.7792591597,-10.0,35.7947434293,247.047619048,-232.0
10:38:24,3077.0,3087.31885685,3.32108526392,6.66666666667,188.0,0,10.7932572763,-104.0,38.1609195402,224.666666667,-312.0
10:38:24,3077.0,3087.31312574,3.32548515907,6.66666666667,122.0,0,10.8075565781,-12.0,35.1254480287,176.666666667,-286.0
10:38:25,3077.0,3087.30739782,3.32977472081,6.66666666667,268.0,0,10.8214973052,6.0,75.1004016064,173.523809524,-34.0
10:38:25,3077.0,3087.30167307,3.334157294,6.66666666667,144.0,0,10.835740312,2.0,74.6666666667,167.238095238,-108.0
10:38:26,3077.0,3087.29595151,3.33853131751,6.66666666667,346.0,0,10.849955533,94.0,83.0715532286,223.238095238,-24.0
10:38:26,3077.0,3087.29023313,3.34279472047,6.66666666667,150.0,0,10.8638112463,98.0,83.4154351396,211.523809524,84.0
10:38:27,3077.0,3087.28451792,3.34704937313,6.66666666667,312.0,0,10.8776385217,276.0,85.3949329359,242.666666667,464.0
10:38:27,3076.0,3087.27825048,3.35218740775,6.25,174.0,0,10.8978784387,78.0,81.0616929699,228.476190476,554.0
10:38:28,3077.0,3087.27254193,3.35642325748,6.66666666667,1106.0,0,10.9081028842,760.0,88.082437276,478.095238095,1308.0
10:38:28,3077.0,3087.26683655,3.36065046201,6.66666666667,756.0,0,10.9218409555,598.0,88.6075949367,587.80952381,1904.0
10:38:29,3077.0,3087.26113433,3.36486905392,6.66666666667,1244.0,0,10.9355510365,624.0,64.2437199359,807.80952381,2434.0
10:38:29,3077.0,3087.25543528,3.36918204529,6.66666666667,530.0,0,10.949567908,22.0,55.749636099,781.047619048,2358.0
10:38:30,3078.0,3087.2502948,3.372683979,12.5,154.0,0,10.957387846,28.0,51.7154389506,628.761904762,2110.0
10:38:30,3077.0,3087.24460178,3.37698171129,6.66666666667,80.0,0,10.9749161888,-34.0,51.5762273902,462.857142857,1998.0
10:38:31,3077.0,3087.23891191,3.38127121978,6.66666666667,36.0,0,10.9888567429,0.0,34.5,288.857142857,1238.0
10:38:31,3077.0,3087.23322521,3.38544907392,6.66666666667,196.0,0,11.0024344294,-92.0,19.375,211.523809524,548.0
10:38:32,3077.0,3087.22754166,3.38972210841,6.66666666667,80.0,0,11.0163214443,-36.0,25.2788104089,127.714285714,-112.0
10:38:32,3077.0,3087.22186127,3.39398701228,6.66666666667,218.0,0,11.0301820353,-12.0,57.3298429319,138.761904762,-146.0
10:38:33,3078.0,3087.21673944,3.39734453991,12.5,64.0,0,11.0375066274,-14.0,67.06231454,120.666666667,-188.0
10:38:33,3078.0,3087.21162045,3.40069600719,12.5,88.0,0,11.0483950851,-34.0,69.7947214076,113.714285714,-188.0
10:38:34,3078.0,3087.2065043,3.40404143203,12.5,224.0,0,11.0592639117,-152.0,64.8275862069,145.238095238,-340.0
10:38:34,3078.0,3087.201391,3.40738083222,12.5,12.0,0,11.0701131651,-2.0,62.3906705539,107.238095238,-250.0
10:38:35,3078.0,3087.19628053,3.41071422546,12.5,166.0,0,11.0809429027,-52.0,61.6580310881,122.0,-266.0
10:38:35,3078.0,3087.19117291,3.41404162935,12.5,146.0,0,11.0917531818,-18.0,57.4285714286,126.952380952,-272.0
10:38:36,3077.0,3087.18551272,3.41815234185,6.66666666667,270.0,0,11.1087173931,212.0,46.7991169978,170.761904762,-46.0
10:38:36,3076.0,3087.17930027,3.42322874809,6.25,124.0,0,11.1288320809,2.0,39.0658174098,163.047619048,-10.0
10:38:37,3077.0,3087.17364667,3.42732195781,6.66666666667,116.0,0,11.1385178999,34.0,31.8944844125,151.333333333,176.0
10:38:37,3077.0,3087.16799622,3.43140704682,6.66666666667,338.0,0,11.1517941073,76.0,49.3103448276,208.19047619,254.0
10:38:38,3077.0,3087.1623489,3.4354840441,6.66666666667,52.0,0,11.1650440172,30.0,52.0076481835,167.80952381,336.0
10:38:38,3077.0,3087.15670472,3.43955297842,6.66666666667,216.0,0,11.1782677232,44.0,56.0931899642,179.714285714,398.0
10:38:39,3076.0,3087.15050827,3.44428991589,6.25,198.0,0,11.1973014171,72.0,69.1570881226,183.142857143,258.0
10:38:39,3077.0,3087.14487066,3.44834147825,6.66666666667,116.0,0,11.2068296336,48.0,74.1312741313,166.571428571,304.0
10:38:40,3076.0,3087.13868079,3.45305822585,6.25,162.0,0,11.2258069761,78.0,73.3826247689,163.523809524,348.0
10:38:40,3077.0,3087.13304975,3.45690612005,6.66666666667,252.0,0,11.2346640236,28.0,53.2128514056,184.0,300.0
10:38:41,3077.0,3087.12742184,3.4607459679,6.66666666667,174.0,0,11.2471432171,34.0,45.0805008944,186.285714286,304.0
10:38:41,3076.0,3087.12124166,3.46543336324,6.25,524.0,0,11.266038242,-72.0,22.4403927069,282.761904762,188.0
10:38:42,3077.0,3087.11562031,3.46944262076,6.66666666667,216.0,0,11.2754066323,58.0,13.0193905817,276.571428571,174.0
10:38:42,3076.0,3087.10944668,3.47411019783,6.25,96.0,0,11.2942464169,-32.0,10.1123595506,235.238095238,94.0
10:38:43,3076.0,3087.10327648,3.47876716491,6.25,30.0,0,11.3093861018,-4.0,10.5263157895,176.0,12.0
10:38:43,3076.0,3087.0971097,3.48341356456,6.25,12.0,0,11.3244914322,-8.0,9.31558935362,117.904761905,-24.0
10:38:44,3076.0,3087.09094636,3.48823630441,6.25,754.0,0,11.3401700404,252.0,5.88235294118,283.238095238,194.0
10:38:44,3074.0,3087.08367563,3.49479364754,5.55555555556,1628.0,0,11.3688797903,344.0,4.6052631579,670.666666667,610.0
10:38:45,3075.0,3087.07696434,3.50032974637,5.88235294118,456.0,0,11.3831861671,22.0,8.80376344086,670.666666667,574.0
10:38:45,3074.0,3087.06970138,3.50685356318,5.55555555556,920.0,0,11.4081117865,-40.0,7.47368421053,791.80952381,566.0
10:38:46,3073.0,3087.06188705,3.51443758342,5.26315789474,72.0,0,11.4365036883,10.0,7.49609578345,631.428571429,580.0
10:38:46,3073.0,3087.05407706,3.5219989414,5.26315789474,568.0,0,11.4611094741,160.0,11.5052296498,610.761904762,748.0
10:38:47,3073.0,3087.0462714,3.52953778275,5.26315789474,262.0,0,11.4856419875,64.0,15.3097798259,476.19047619,560.0
10:38:47,3073.0,3087.03847009,3.53705425146,5.26315789474,236.0,0,11.5101016969,26.0,25.3778838504,357.619047619,242.0
10:38:48,3073.0,3087.0306731,3.54454848985,5.26315789474,332.0,0,11.5344890656,-50.0,22.3430962343,332.761904762,170.0
10:38:48,3073.0,3087.02288045,3.55202063863,5.26315789474,560.0,0,11.5588045514,358.0,48.275862069,378.952380952,568.0
10:38:49,3074.0,3087.01564752,3.55840875104,5.55555555556,454.0,0,11.5758254751,-154.0,45.6053067993,412.0,404.0
10:38:49,3074.0,3087.00841862,3.56477987477,5.55555555556,138.0,0,11.5965513167,-64.0,48.3350151362,336.571428571,180.0
10:38:50,3073.0,3087.00063832,3.5721917119,5.26315789474,314.0,0,11.6244442301,-174.0,43.4611602753,331.904761905,-58.0
10:38:50,3074.0,3086.99341775,3.57852691217,5.55555555556,174.0,0,11.6412716726,-20.0,42.9006085193,284.761904762,-104.0
10:38:51,3073.0,3086.98564579,3.58589826376,5.26315789474,162.0,0,11.6690473926,-42.0,52.8301886792,237.142857143,-96.0
10:38:51,3074.0,3086.97843355,3.59219794988,5.55555555556,366.0,0,11.6857447947,-78.0,36.4427860697,255.904761905,-532.0
10:38:52,3074.0,3086.97122531,3.5984811182,5.55555555556,238.0,0,11.7061845094,-84.0,32.9022988506,247.333333333,-462.0
10:38:52,3074.0,3086.96402107,3.60474785509,5.55555555556,244.0,0,11.7265707713,-52.0,25.5006675568,250.761904762,-450.0
10:38:53,3074.0,3086.95682084,3.6109982461,5.55555555556,736.0,0,11.7469038585,-424.0,39.0625,389.714285714,-700.0
10:38:53,3075.0,3086.95018,3.61645399614,5.88235294118,324.0,0,11.7608260037,198.0,34.5893719807,390.857142857,-482.0
10:38:54,3074.0,3086.94298746,3.62267396638,5.55555555556,418.0,0,11.7848860325,-362.0,38.0911435941,411.714285714,-802.0
10:38:54,3074.0,3086.93579891,3.62887783219,5.55555555556,286.0,0,11.805067769,-4.0,35.4407836153,382.666666667,-728.0
10:38:55,3074.0,3086.92861435,3.63506567604,5.55555555556,424.0,0,11.8251973847,56.0,41.7763157895,396.857142857,-588.0
10:38:55,3075.0,3086.92198918,3.64028004578,5.88235294118,392.0,0,11.838309092,68.0,45.503875969,393.047619048,-468.0
10:38:56,3074.0,3086.91481229,3.64643804509,5.55555555556,156.0,0,11.8621927296,-18.0,43.8,314.761904762,-62.0
10:38:56,3074.0,3086.90763939,3.65258025448,5.55555555556,100.0,0,11.8821738923,-2.0,52.2522522522,248.095238095,-262.0
10:38:57,3074.0,3086.90047047,3.65870675349,5.55555555556,158.0,0,11.9021039476,112.0,41.1609498681,208.666666667,212.0
10:38:57,3074.0,3086.89330553,3.6648176209,5.55555555556,106.0,0,11.9219831519,28.0,47.1556886228,166.761904762,244.0
10:38:58,3075.0,3086.88669997,3.66996480455,5.88235294118,66.0,0,11.9348448929,-26.0,44.3762781186,122.0,162.0
10:38:58,3074.0,3086.87954268,3.67604654621,5.55555555556,392.0,0,11.9585118614,168.0,43.5582822086,187.428571429,262.0
10:38:59,3074.0,3086.87238937,3.68211287808,5.55555555556,224.0,0,11.9782461876,-20.0,40.535372849,204.857142857,260.0
10:38:59,3075.0,3086.86579543,3.68722116544,5.88235294118,366.0,0,11.9909631396,-178.0,37.0426829268,259.619047619,84.0
10:39:00,3074.0,3086.85864975,3.69325878008,5.55555555556,1846.0,0,12.0145048148,504.0,54.0,724.571428571,476.0
10:39:00,3075.0,3086.85206344,3.69834197085,5.88235294118,460.0,0,12.0271283605,100.0,48.8372093023,713.142857143,548.0
10:39:01,3075.0,3086.84548079,3.70360080876,5.88235294118,264.0,0,12.0442302724,58.0,48.4797297297,628.857142857,632.0
10:39:01,3074.0,3086.83834639,3.70959678851,5.55555555556,414.0,0,12.0676538338,86.0,45.2154448797,578.0,550.0
10:39:02,3074.0,3086.83121596,3.71557777605,5.55555555556,430.0,0,12.0871105272,108.0,40.2645502645,530.666666667,678.0
10:39:02,3074.0,3086.82408948,3.72173121762,5.55555555556,342.0,0,12.1071282291,258.0,43.3972310969,448.380952381,1114.0
10:39:03,3074.0,3086.81696697,3.72786984486,5.55555555556,578.0,0,12.1270977387,132.0,22.1061093248,434.666666667,742.0
10:39:03,3074.0,3086.80984841,3.73399373086,5.55555555556,106.0,0,12.1470192936,20.0,27.4601686973,346.476190476,662.0
10:39:04,3074.0,3086.8027338,3.74010294801,5.55555555556,176.0,0,12.1668931295,34.0,24.4379276637,295.142857143,638.0
10:39:04,3074.0,3086.79562315,3.74619756809,5.55555555556,270.0,0,12.1867194798,208.0,24.3953732913,274.857142857,760.0
10:39:05,3074.0,3086.78851644,3.75239099701,5.55555555556,318.0,0,12.2068672642,-20.0,27.9329608938,275.142857143,632.0
10:39:05,3072.0,3086.78030288,3.76063380157,5.0,684.0,0,12.2416464895,252.0,40.0562851782,385.333333333,626.0
10:39:06,3074.0,3086.77320469,3.76679489089,5.55555555556,1372.0,0,12.2537244336,-300.0,46.8899521531,675.80952381,194.0
10:39:06,3073.0,3086.76555503,3.77393252015,5.26315789474,290.0,0,12.2809388876,-6.0,46.8810289389,619.333333333,168.0
10:39:07,3073.0,3086.75790962,3.78093838375,5.26315789474,350.0,0,12.3037370119,46.0,44.8842874543,571.238095238,180.0
10:39:07,3073.0,3086.75026846,3.78792607513,5.26315789474,174.0,0,12.3264760011,-4.0,48.4316185696,464.571428571,-32.0
10:39:08,3074.0,3086.74318695,3.7939115353,5.55555555556,290.0,0,12.3419373302,-16.0,49.0506329114,395.619047619,-28.0
10:39:08,3073.0,3086.73555396,3.80086530718,5.26315789474,550.0,0,12.3685821906,-176.0,49.2399206874,402.285714286,-456.0
10:39:09,3075.0,3086.72903602,3.80591351723,5.88235294118,616.0,0,12.3769545276,-326.0,15.9471365639,434.19047619,-482.0
10:39:09,3074.0,3086.7219663,3.81197138614,5.55555555556,162.0,0,12.4006876582,132.0,10.1307189542,372.380952381,-344.0
10:39:10,3073.0,3086.7143451,3.81887804891,5.26315789474,84.0,0,12.4271983368,68.0,11.3539445629,294.380952381,-322.0
10:39:10,3073.0,3086.70672814,3.82576707995,5.26315789474,236.0,0,12.4496162706,34.0,17.6986584107,272.476190476,-284.0
10:39:11,3073.0,3086.6991154,3.83275321697,5.26315789474,278.0,0,12.4723502017,102.0,21.5472481828,259.619047619,-166.0
10:39:11,3074.0,3086.6920623,3.83875156532,5.55555555556,162.0,23.3333333333,12.487806003,-12.0,0.845253576073,214.19047619,-2.0
10:39:12,3074.0,3086.68501311,3.84473662185,5.88235294118,408.0,0,12.5072759331,36.0,67.5939849624,257.523809524,360.0
10:39:12,3074.0,3086.67796784,3.85059349883,5.88235294118,128.0,0,12.5263288836,-12.0,72.8395061728,230.761904762,216.0
10:39:13,3073.0,3086.67037108,3.85751727231,5.55555555556,48.0,0,12.5529361286,16.0,72.0634920635,182.761904762,164.0
10:39:13,3073.0,3086.66277853,3.86442414816,5.55555555556,258.0,0,12.575412132,30.0,69.1107644306,196.476190476,160.0
10:39:14,3074.0,3086.65574561,3.87035303802,5.88235294118,464.0,0,12.5906084516,374.0,83.242506812,268.0,432.0
10:39:14,3075.0,3086.649272,3.87538094503,11.1111111111,798.0,0,12.6028648619,504.0,56.7490494297,426.095238095,948.0
10:39:15,3074.0,3086.64224657,3.88128558313,5.88235294118,608.0,0,12.6261730095,-330.0,54.9479166667,499.619047619,582.0
10:39:15,3074.0,3086.63522505,3.88717736147,5.88235294118,1038.0,0,12.6453394973,-360.0,69.0728064717,686.476190476,234.0
10:39:16,3075.0,3086.62876283,3.89217296849,11.1111111111,306.0,0,12.6574730683,134.0,72.1198156682,620.857142857,352.0
10:39:16,3075.0,3086.62230421,3.89715882581,11.1111111111,24.0,0,12.6736872384,2.0,71.2785670167,462.380952381,324.0
10:39:17,3075.0,3086.61584916,3.90213497079,11.1111111111,340.0,0,12.6898698237,-168.0,67.5658317277,405.333333333,-218.0
10:39:17,3076.0,3086.60995311,3.9062931084,15.7894736842,914.0,0,12.699262381,132.0,85.7585139319,518.19047619,-590.0
10:39:18,3076.0,3086.60406032,3.91044398311,15.7894736842,338.0,0,12.7127567721,170.0,90.6081081081,460.952380952,-90.0
10:39:18,3076.0,3086.59817082,3.91458761802,15.7894736842,66.0,0,12.7262276268,60.0,86.0160965795,338.857142857,330.0
10:39:19,3077.0,3086.59283998,3.91798968986,20.0,68.0,0,12.7331481634,12.0,83.3142857143,263.619047619,208.0
10:39:19,3076.0,3086.5869567,3.92211992312,15.7894736842,174.0,0,12.7507149646,168.0,76.9473684211,230.0,374.0
10:39:20,3077.0,3086.58163209,3.92551049405,20.0,130.0,0,12.7575901659,30.0,72.426035503,176.666666667,572.0
10:39:20,3077.0,3086.57631044,3.92894174762,20.0,164.0,0,12.7687414612,124.0,63.4042553191,143.047619048,564.0
10:39:21,3077.0,3086.57099175,3.932368045,20.0,44.0,0,12.7798766493,-2.0,46.1300309597,110.857142857,392.0
10:39:21,3076.0,3086.56512061,3.93651938602,15.7894736842,32.0,0,12.7975272628,-14.0,44.77124183,89.2380952381,318.0
10:39:22,3076.0,3086.55925273,3.94061750973,15.7894736842,98.0,0,12.8108501617,-64.0,48.9096573209,88.0952380952,242.0
10:39:22,3077.0,3086.5539435,3.94398055762,20.0,48.0,0,12.8176163719,4.0,63.5658914729,71.2380952381,78.0
10:39:23,3077.0,3086.54863723,3.94738520072,20.0,276.0,0,12.8286811853,252.0,57.0996978852,125.523809524,300.0
10:39:23,3077.0,3086.54333391,3.95078495678,20.0,58.0,0,12.8397301163,44.0,54.3165467626,110.571428571,220.0
10:39:24,3076.0,3086.53747813,3.9548582309,15.7894736842,120.0,0,12.8571463944,44.0,50.6329113924,118.380952381,266.0
10:39:24,3076.0,3086.5316256,3.95897183934,15.7894736842,124.0,0,12.8705196337,98.0,58.0110497238,123.714285714,378.0
10:39:25,3076.0,3086.52577632,3.96307882208,15.7894736842,146.0,0,12.8838713332,130.0,47.1502590674,130.952380952,572.0
10:39:25,3077.0,3086.52048569,3.96645656734,20.0,172.0,0,12.8906615773,90.0,45.0892857143,143.333333333,658.0
10:39:26,3077.0,3086.515198,3.96978169005,20.0,44.0,0,12.901467956,16.0,54.2168674699,113.238095238,422.0
10:39:26,3076.0,3086.50935785,3.9738226768,15.7894736842,204.0,0,12.9187993394,-94.0,54.8148148148,139.904761905,284.0
10:39:27,3077.0,3086.50407634,3.97718489529,20.0,84.0,0,12.9255277715,-12.0,59.173126615,125.333333333,228.0
10:39:27,3076.0,3086.49824236,3.98121325109,15.7894736842,78.0,0,12.9428259138,2.0,53.2967032967,110.761904762,132.0
10:39:28,3076.0,3086.49241162,3.98523474687,15.7894736842,352.0,0,12.9558996972,-18.0,71.5203426124,176.666666667,-16.0
10:39:28,3076.0,3086.48658412,3.98929809685,15.7894736842,38.0,0,12.9691095476,14.0,80.0,143.047619048,-92.0
10:39:29,3077.0,3086.48131526,3.99263858692,20.0,60.0,0,12.9757510137,-6.0,78.1862745098,122.095238095,-114.0
10:39:29,3077.0,3086.47604933,3.99597435352,20.0,52.0,0,12.9865919841,-6.0,81.9277108434,98.0952380952,-26.0
10:39:30,3077.0,3086.47078632,3.99930540844,20.0,46.0,0,12.997417642,6.0,82.428115016,79.619047619,-8.0
10:39:30,3077.0,3086.46552623,4.00263176347,20.0,470.0,0,13.0082280256,-26.0,85.4616895874,184.095238095,-36.0
10:39:31,3077.0,3086.46026907,4.00590397622,20.0,294.0,0,13.0188624511,-98.0,86.875,219.619047619,-116.0
10:39:31,3077.0,3086.45501482,4.00922081497,20.0,390.0,0,13.0296419076,-148.0,90.8536585366,285.333333333,-278.0
10:39:32,3077.0,3086.44976349,4.01253298898,20.0,100.0,0,13.040406204,-22.0,89.349112426,251.428571429,-294.0
10:39:32,3077.0,3086.44451508,4.01584050978,20.0,118.0,0,13.0511553779,94.0,81.8053596615,220.761904762,-194.0
10:39:33,3077.0,3086.43926959,4.01914338886,20.0,64.0,0,13.0618894666,10.0,83.56545961,171.523809524,-190.0
10:39:33,3078.0,3086.4345824,4.02175100831,23.8095238095,32.0,0,13.0661176358,-4.0,82.1643286573,112.285714286,-168.0
10:39:34,3078.0,3086.42989783,4.02440539853,23.8095238095,448.0,0,13.0747413857,-248.0,43.9236111111,192.761904762,-318.0
10:39:34,3077.0,3086.42466045,4.0276956984,20.0,308.0,0,13.0896837777,-180.0,0.934579439256,225.904761905,-350.0
10:39:35,3077.0,3086.41942598,4.03093071996,20.0,48.0,0,13.1001973349,-4.0,0.589390962674,188.666666667,-332.0
10:39:35,3077.0,3086.41419442,4.03421168122,20.0,144.0,0,13.1108601925,6.0,2.29885057471,181.333333333,-420.0
10:39:36,3076.0,3086.40841036,4.03819380195,15.7894736842,540.0,0,13.1280682768,-64.0,-3.94736842105,285.904761905,-494.0
10:39:36,3076.0,3086.40262952,4.04216968996,15.7894736842,162.0,0,13.1409937905,12.0,-1.57575757576,259.80952381,-478.0
10:39:37,3076.0,3086.39685188,4.04613936364,15.7894736842,224.0,0,13.1538991016,110.0,7.57363253857,245.238095238,-120.0
10:39:37,3076.0,3086.39107746,4.05010284125,15.7894736842,146.0,0,13.1667842693,-92.0,26.7405063291,219.047619048,-32.0
10:39:38,3075.0,3086.38475084,4.05477898767,11.1111111111,1006.0,0,13.1862731307,-658.0,14.401440144,446.285714286,-686.0
10:39:38,3075.0,3086.37842774,4.05944653529,11.1111111111,320.0,0,13.2014521473,-86.0,20.7673060884,431.904761905,-778.0
10:39:39,3075.0,3086.37210814,4.06415754409,11.1111111111,112.0,0,13.2167725011,-6.0,30.9644670051,349.714285714,-720.0
10:39:39,3074.0,3086.36523666,4.06969558383,5.88235294118,74.0,0,13.2390877808,2.0,30.9245483528,277.047619048,-730.0
10:39:40,3075.0,3086.35892439,4.07433668766,11.1111111111,510.0,0,13.249875407,-170.0,35.147601476,333.142857143,-1010.0
10:39:40,3076.0,3086.35317103,4.07825715279,15.7894736842,640.0,0,13.2583132406,172.0,48.3846731781,412.761904762,-746.0
10:39:41,3076.0,3086.34742087,4.08217156564,15.7894736842,18.0,0,13.2710389,12.0,75.7467144564,291.142857143,-76.0
10:39:41,3075.0,3086.34111849,4.08678991076,11.1111111111,188.0,0,13.2903736935,176.0,69.7795071336,265.142857143,186.0
10:39:42,3075.0,3086.33481962,4.09139985552,11.1111111111,58.0,0,13.3053653838,58.0,64.7849462366,208.285714286,250.0
10:39:42,3076.0,3086.32907965,4.09529403782,15.7894736842,106.0,0,13.3136997328,104.0,61.9736842105,167.714285714,352.0
10:39:43,3075.0,3086.32278747,4.09988854862,11.1111111111,176.0,0,13.3329708898,30.0,61.8887015177,145.619047619,552.0
10:39:43,3075.0,3086.31649877,4.10452832586,11.1111111111,460.0,0,13.3480595963,-102.0,26.8389662028,220.571428571,278.0
10:39:44,3075.0,3086.31021358,4.10916016021,11.1111111111,10.0,0,13.3631224722,0.0,27.4549098196,175.523809524,266.0
10:39:44,3075.0,3086.30393187,4.11378407849,11.1111111111,120.0,0,13.3781596048,56.0,30.1075268817,162.285714286,146.0
10:39:45,3075.0,3086.29765365,4.11840010738,11.1111111111,272.0,0,13.3931710809,118.0,25.1748251748,195.714285714,206.0
10:39:45,3075.0,3086.29137892,4.12300827336,11.1111111111,326.0,0,13.4081569865,144.0,28.1524926686,234.380952381,246.0
10:39:46,3075.0,3086.28510767,4.12755419426,11.1111111111,148.0,0,13.4229404691,-52.0,34.2814371257,211.714285714,164.0
10:39:46,3075.0,3086.27883991,4.13209195815,11.1111111111,330.0,0,13.4376974249,94.0,25.5389718076,242.380952381,360.0
10:39:47,3075.0,3086.27257563,4.13662159188,11.1111111111,308.0,0,13.4524279411,140.0,27.2606382979,272.952380952,500.0
10:39:47,3075.0,3086.26631483,4.14114312214,11.1111111111,214.0,0,13.4671321045,70.0,25.9073842303,262.476190476,514.0
10:39:48,3075.0,3086.2600575,4.1457117142,11.1111111111,62.0,0,13.4819893145,10.0,32.9971181556,204.095238095,406.0
10:39:48,3074.0,3086.25324825,4.1510320002,5.88235294118,138.0,0,13.503682499,124.0,32.6666666667,177.428571429,386.0
10:39:49,3074.0,3086.24644278,4.15634183738,5.88235294118,248.0,0,13.5209558796,124.0,27.6923076923,191.142857143,562.0
10:39:49,3074.0,3086.23964109,4.16164126574,5.88235294118,760.0,0,13.5381953993,-330.0,24.8554913295,346.380952381,138.0
10:39:50,3074.0,3086.23284318,4.16693032499,5.88235294118,88.0,0,13.5554011874,28.0,27.0198675497,289.142857143,26.0
10:39:50,3073.0,3086.22549364,4.17308497331,5.55555555556,1134.0,0,13.5798404598,758.0,19.0946502058,541.238095238,714.0
10:39:51,3073.0,3086.21814818,4.17922640369,5.55555555556,86.0,0,13.5998255896,28.0,19.7229013855,450.095238095,732.0
10:39:51,3074.0,3086.21136221,4.18448187716,5.88235294118,190.0,0,13.6124979738,-78.0,24.6608140463,387.523809524,530.0
10:39:52,3073.0,3086.2040246,4.19065524209,5.55555555556,1308.0,0,13.6370167331,-512.0,-8.86146943353,641.904761905,-106.0
10:39:52,3073.0,3086.19669107,4.19681592268,5.55555555556,374.0,0,13.657064506,-38.0,-1.63522012578,578.952380952,186.0
10:39:53,3073.0,3086.18936161,4.2029069801,5.55555555556,802.0,0,13.6768857146,224.0,22.0852593734,656.666666667,382.0
10:39:53,3074.0,3086.18259162,4.20811824716,5.88235294118,100.0,0,13.689389223,12.0,30.0699300699,499.80952381,-364.0
10:39:54,3073.0,3086.17526999,4.21424237696,5.55555555556,178.0,0,13.7137727854,70.0,28.1165311653,414.476190476,-322.0
10:39:54,3073.0,3086.16795243,4.22035403662,5.55555555556,92.0,0,13.7336610368,-56.0,23.2655921514,300.19047619,-300.0
10:39:55,3073.0,3086.16063893,4.22645328026,5.55555555556,98.0,0,13.7535088847,-2.0,91.4841849148,192.285714286,210.0
10:39:55,3073.0,3086.1533295,4.23254016155,5.55555555556,196.0,0,13.7733165036,32.0,78.0354706685,170.0,280.0
10:39:56,3074.0,3086.14657952,4.23775520008,5.88235294118,304.0,0,13.7858009111,108.0,39.6694214876,187.047619048,164.0
10:39:56,3073.0,3086.1392779,4.24381899842,5.55555555556,440.0,0,13.8100195198,-106.0,53.8226299694,266.666666667,46.0
10:39:57,3073.0,3086.13198033,4.24987058627,5.55555555556,46.0,0,13.8297122885,30.0,57.3129251701,217.523809524,6.0
10:39:57,3074.0,3086.12524221,4.25505471922,5.88235294118,126.0,0,13.8420778114,46.0,48.2644628099,197.523809524,108.0
10:39:58,3074.0,3086.11850783,4.26017075492,5.88235294118,654.0,0,13.8587207382,-116.0,30.4643261608,326.761904762,-6.0
10:39:58,3075.0,3086.1123326,4.26454822083,11.1111111111,242.0,0,13.8684494986,136.0,29.4701986755,311.80952381,98.0
10:39:59,3075.0,3086.1061608,4.26885953486,11.1111111111,82.0,0,13.8824700321,0.0,20.8805031447,248.952380952,-10.0
10:39:59,3074.0,3086.09943702,4.27394918859,5.88235294118,342.0,0,13.903543229,248.0,-3.61930294906,270.952380952,344.0
10:40:00,3074.0,3086.09271698,4.27908867901,5.88235294118,148.0,0,13.9202624561,-42.0,-4.14052697616,242.19047619,272.0
10:40:00,3073.0,3086.08544526,4.28506701296,5.55555555556,696.0,0,13.9442467067,350.0,7.67097966728,365.142857143,576.0
10:40:01,3073.0,3086.07817759,4.29102850343,5.55555555556,260.0,0,13.9636462852,36.0,14.6892655367,336.380952381,728.0
10:40:01,3073.0,3086.07091395,4.29698343803,5.55555555556,164.0,23.3333333333,13.9830245299,26.0,16.0756501182,298.952380952,618.0
10:40:02,3073.0,3086.06365435,4.30292212476,6.66666666667,392.0,0,14.0023499016,72.0,13.8861138861,330.380952381,690.0
10:40:02,3074.0,3086.05695418,4.30801145011,12.5,482.0,0,14.0143508462,-326.0,14.0989729225,372.761904762,116.0
10:40:03,3073.0,3086.04970233,4.31392890981,6.66666666667,150.0,0,14.0381676206,-102.0,13.3395522388,313.619047619,56.0
10:40:03,3072.0,3086.04189911,4.32074292737,6.25,140.0,0,14.0649183834,4.0,10.5793450882,251.523809524,-290.0
10:40:04,3072.0,3086.03410022,4.32753871826,6.25,2176.0,0,14.0870400985,-680.0,4.68036529679,797.619047619,-1006.0
10:40:04,3071.0,3086.02575026,4.33528802068,5.88235294118,1808.0,0,14.1168610247,-28.0,5.40015540014,1147.33333333,-1060.0
10:40:05,3072.0,3086.01796034,4.3420565244,6.25,1978.0,0,14.134298582,320.0,6.9795069795,1467.33333333,-812.0
10:40:05,3071.0,3086.00961935,4.34976851236,5.88235294118,850.0,0,14.1640133909,216.0,9.15235145029,1389.52380952,-270.0
10:40:06,3071.0,3086.00128299,4.35746286718,5.88235294118,232.0,0,14.1890682748,34.0,10.3841870824,1117.61904762,-134.0
10:40:06,3072.0,3085.99350666,4.36418291498,6.25,488.0,0,14.206324593,246.0,13.356346256,914.952380952,108.0
10:40:07,3072.0,3085.98573465,4.37088917099,6.25,606.0,0,14.2281548535,100.0,26.3334451526,729.428571429,888.0
10:40:07,3073.0,3085.97852235,4.37669324376,6.66666666667,326.0,0,14.2424121177,-36.0,36.3392857143,538.666666667,880.0
10:40:08,3072.0,3085.97075866,4.38337345954,6.25,598.0,0,14.2687938136,-336.0,55.3548387097,496.19047619,224.0
10:40:08,3072.0,3085.96299929,4.39004006527,6.25,966.0,0,14.2904950041,-384.0,72.8233830846,624.571428571,-376.0
10:40:09,3073.0,3085.95579962,4.39580762675,6.66666666667,452.0,0,14.3046131687,94.0,78.9289871944,600.571428571,-316.0
10:40:09,3073.0,3085.94860395,4.40156534305,6.66666666667,440.0,0,14.3233496357,36.0,76.2691853601,562.666666667,-526.0
10:40:10,3073.0,3085.94141228,4.4073116771,6.66666666667,714.0,0,14.3420490631,480.0,63.1578947369,605.333333333,-146.0
10:40:10,3074.0,3085.93478001,4.41222899878,12.5,600.0,0,14.353379957,436.0,54.5358090186,610.285714286,326.0
10:40:11,3073.0,3085.92759601,4.4178929028,6.66666666667,232.0,0,14.3764819486,28.0,54.4065804935,497.047619048,690.0
10:40:11,3073.0,3085.92041601,4.42354704297,6.66666666667,160.0,0,14.3948813634,20.0,40.1847575058,380.666666667,1094.0
10:40:12,3073.0,3085.91323999,4.42906641641,6.66666666667,276.0,0,14.4128422272,136.0,26.5895953757,335.80952381,1136.0
10:40:12,3074.0,3085.90662336,4.43357559036,12.5,58.0,0,14.4228223499,6.0,25.3921568628,237.047619048,1106.0
10:40:13,3074.0,3085.90001041,4.4382658355,12.5,860.0,0,14.4380801415,-422.0,22.5983531565,385.619047619,204.0
10:40:13,3074.0,3085.89340113,4.44276270265,12.5,38.0,0,14.452708857,4.0,29.4334975369,292.380952381,-228.0
10:40:14,3074.0,3085.88679552,4.44725361742,12.5,68.0,0,14.4673182089,26.0,29.1780821918,234.476190476,-230.0
10:40:14,3074.0,3085.88019358,4.45192459942,12.5,68.0,0,14.4825133358,28.0,29.3859649123,184.380952381,-222.0
10:40:15,3074.0,3085.8735953,4.45658895435,12.5,102.0,0,14.4976869042,16.0,29.3132328308,148.380952381,-342.0
10:40:15,3073.0,3085.86644529,4.4620545218,6.66666666667,32.0,0,14.5201904387,-2.0,29.2808219178,100.666666667,-350.0
10:40:16,3074.0,3085.85985465,4.46651982035,12.5,72.0,0,14.5299929094,32.0,42.1052631579,65.619047619,104.0
10:40:16,3074.0,3085.85326768,4.47116377226,12.5,134.0,0,14.545100105,112.0,55.462184874,85.8095238095,212.0
10:40:17,3074.0,3085.84668436,4.47580118181,12.5,54.0,0,14.5601860176,38.0,52.380952381,78.5714285714,224.0
10:40:17,3073.0,3085.83954929,4.48123574089,6.66666666667,80.0,0,14.5826089843,42.0,65.4008438819,79.4285714286,238.0
10:40:18,3074.0,3085.83297359,4.48585912605,12.5,158.0,0,14.5929054198,-14.0,79.2452830189,102.0,208.0
10:40:18,3074.0,3085.82640154,4.49059716361,12.5,374.0,0,14.6083186845,-100.0,116.972477064,183.619047619,110.0
10:40:19,3074.0,3085.81983314,4.49520731577,12.5,44.0,0,14.6233159264,-34.0,115.165876777,154.666666667,44.0
10:40:19,3074.0,3085.81326839,4.49993154955,12.5,134.0,0,14.6386842861,-20.0,100.473933649,152.761904762,-88.0
10:40:20,3075.0,3085.80726269,4.50379160394,17.6470588235,26.0,0,14.6464767608,-8.0,100.735294118,120.0,-134.0
10:40:20,3075.0,3085.80126032,4.50764696631,17.6470588235,1050.0,0,14.6590145246,-480.0,99.2161254199,381.142857143,-656.0
10:40:21,3075.0,3085.79526129,4.51161737717,17.6470588235,564.0,0,14.6719264298,-76.0,101.733576642,457.238095238,-718.0
10:40:21,3075.0,3085.78926559,4.51558258823,17.6470588235,90.0,0,14.6848214251,-12.0,86.5828092243,378.571428571,-630.0
10:40:22,3075.0,3085.78327321,4.51942343606,17.6470588235,146.0,0,14.6973119872,0.0,83.0845771144,329.428571429,-596.0
10:40:22,3076.0,3085.77783957,4.52270690823,22.2222222222,96.0,0,14.7032084143,-38.0,85.8012170385,261.142857143,-614.0
10:40:23,3076.0,3085.77240895,4.52598661743,22.2222222222,942.0,0,14.7138706678,-586.0,63.5041551247,436.380952381,-1192.0
10:40:23,3076.0,3085.76698134,4.52914409344,22.2222222222,286.0,0,14.7241355443,-178.0,40.2071563089,380.571428571,-890.0
10:40:24,3076.0,3085.76155674,4.53229828019,22.2222222222,524.0,0,14.7343897275,-144.0,25.2399232246,429.142857143,-958.0
10:40:24,3076.0,3085.75613516,4.53556722602,22.2222222222,910.0,0,14.7450169897,648.0,19.9035812672,589.904761905,-298.0
10:40:25,3075.0,3085.75016119,4.53950097872,17.6470588235,122.0,0,14.7626048088,-100.0,19.4444444444,486.476190476,-398.0
10:40:25,3075.0,3085.74419054,4.54342962725,17.6470588235,80.0,0,14.7753809016,-18.0,21.3687150838,372.19047619,-378.0
10:40:26,3074.0,3085.7376678,4.54808119051,12.5,28.0,0,14.7953194226,-4.0,24.3076923077,243.80952381,204.0
10:40:26,3074.0,3085.73114868,4.55260906575,12.5,44.0,0,14.8100490102,-14.0,26.4637002342,163.523809524,368.0
10:40:27,3075.0,3085.72518859,4.55652116291,17.6470588235,222.0,0,14.8179550013,-2.0,30.5832147937,145.619047619,510.0
10:40:27,3074.0,3085.71867641,4.56115360651,12.5,42.0,0,14.8378451741,-10.0,65.4275092937,90.6666666667,-148.0
10:40:28,3075.0,3085.71272324,4.56505483179,17.6470588235,148.0,0,14.8457067701,-26.0,88.6524822695,107.333333333,-74.0
10:40:28,3074.0,3085.70621798,4.56972967701,12.5,8.0,0,14.865743907,-2.0,86.9918699187,82.7619047619,-58.0
10:40:29,3075.0,3085.70027173,4.57361987549,17.6470588235,50.0,0,14.8735605707,-26.0,87.5486381323,73.619047619,-80.0
10:40:29,3074.0,3085.69377339,4.57828152568,12.5,10.0,0,14.8935638441,-4.0,91.6666666667,52.0,-70.0
10:40:30,3075.0,3085.68783405,4.58221500666,17.6470588235,414.0,0,14.9015122168,24.0,94.6428571429,147.428571429,-44.0
10:40:30,3075.0,3085.68189801,4.58613650811,17.6470588235,48.0,0,14.914265067,12.0,94.395280236,129.142857143,-22.0
10:40:31,3075.0,3085.67596527,4.59005223853,17.6470588235,72.0,0,14.9269991497,34.0,92.3588039867,117.428571429,38.0
10:40:31,3075.0,3085.67003583,4.59396917467,17.6470588235,112.0,0,14.9397371534,-8.0,92.3512747876,120.761904762,32.0
10:40:32,3075.0,3085.66410968,4.59788074337,17.6470588235,212.0,0,14.952457702,44.0,74.6543778802,147.714285714,102.0
10:40:32,3076.0,3085.65874222,4.60112291715,22.2222222222,272.0,0,14.9581369218,-24.0,94.8672566372,184.095238095,82.0
10:40:33,3075.0,3085.65282234,4.6050243545,17.6470588235,2.0,0,14.9756889577,0.0,91.922005571,130.857142857,58.0
10:40:33,3075.0,3085.64690575,4.60892046357,17.6470588235,36.0,0,14.9883592311,4.0,90.9348441926,106.952380952,50.0
10:40:34,3075.0,3085.64099244,4.61281125786,17.6470588235,90.0,0,15.0010122207,42.0,80.1104972376,99.0476190476,58.0
10:40:34,3075.0,3085.63508242,4.61668872003,17.6470588235,66.0,0,15.0136218538,34.0,75.8112094395,83.4285714286,100.0
10:40:35,3075.0,3085.62917568,4.62056874806,17.6470588235,46.0,0,15.0262398311,4.0,94.53125,64.2857142857,60.0
10:40:35,3076.0,3085.62382763,4.62379109993,22.2222222222,78.0,0,15.031830624,38.0,26.4150943396,62.1904761905,122.0
10:40:36,3075.0,3085.61792714,4.62765275942,17.6470588235,80.0,0,15.0492772664,22.0,21.7171717172,69.9047619048,144.0
10:40:36,3075.0,3085.61202993,4.63151755487,17.6470588235,162.0,0,15.0618457069,68.0,21.0727969349,97.3333333333,208.0
10:40:37,3076.0,3085.6066914,4.63472680052,22.2222222222,58.0,0,15.0673823164,36.0,26.9387755102,89.0476190476,202.0
10:40:37,3076.0,3085.60135583,4.63792308642,22.2222222222,56.0,0,15.0777733629,12.0,30.8333333333,81.7142857143,180.0
10:40:38,3076.0,3085.59602322,4.64112441144,22.2222222222,36.0,0,15.0881807914,12.0,31.4893617021,69.1428571429,188.0
10:40:38,3075.0,3085.59013818,4.64496089633,17.6470588235,36.0,0,15.1055638905,-20.0,34.1121495327,57.0476190476,130.0
10:40:39,3076.0,3085.5848118,4.64815372215,22.2222222222,52.0,0,15.1110329068,-26.0,48.5,51.5238095238,82.0
10:40:39,3076.0,3085.57948839,4.65133293487,22.2222222222,446.0,0,15.1213684489,-16.0,89.1812865497,159.904761905,-2.0
10:40:40,3076.0,3085.57416793,4.65450797018,22.2222222222,244.0,0,15.1316904102,-74.0,94.9425287356,197.047619048,-112.0
10:40:40,3077.0,3085.56940582,4.65710262514,26.3157894737,132.0,0,15.1352051516,0.0,82.8752642706,193.333333333,-124.0
10:40:41,3077.0,3085.56464636,4.65969449404,26.3157894737,62.0,0,15.1436285149,-22.0,83.1275720165,166.0,-158.0
10:40:41,3077.0,3085.55988955,4.66227319642,26.3157894737,146.0,0,15.1520090881,12.0,78.5582255083,161.428571429,-126.0
10:40:42,3076.0,3085.55457997,4.66543369129,22.2222222222,24.0,0,15.1672096596,-14.0,77.7988614801,116.761904762,-114.0
10:40:42,3076.0,3085.54927335,4.66859004676,22.2222222222,124.0,0,15.1774708932,-26.0,54.9180327869,102.0,-124.0
10:40:43,3076.0,3085.54396967,4.67175318031,22.2222222222,10.0,0,15.1877541623,-2.0,33.3333333333,70.0,-52.0
10:40:43,3077.0,3085.53922434,4.67432934881,26.3157894737,54.0,0,15.1911906039,-28.0,47.1428571429,61.7142857143,-80.0
10:40:44,3077.0,3085.53448164,4.67690276192,26.3157894737,48.0,0,15.1995539874,-6.0,45.8128078818,55.4285714286,-64.0
10:40:44,3076.0,3085.52918618,4.68005566074,22.2222222222,30.0,0,15.214745321,-14.0,44.8275862069,44.6666666667,-90.0
10:40:45,3077.0,3085.52444906,4.68262310912,26.3157894737,116.0,0,15.218144651,46.0,30.890052356,64.0,-30.0
10:40:45,3076.0,3085.51915916,4.68572138273,22.2222222222,238.0,0,15.2331644432,140.0,39.1129032258,113.80952381,136.0
10:40:46,3077.0,3085.51442761,4.68828306217,26.3157894737,122.0,0,15.2365390386,-8.0,50.3289473684,125.047619048,130.0
10:40:46,3076.0,3085.50914329,4.69142222737,22.2222222222,660.0,0,15.2516977483,-2.0,75.9472817133,284.666666667,156.0
10:40:47,3076.0,3085.5038619,4.69455764985,22.2222222222,14.0,0,15.2618909293,14.0,77.1186440678,230.857142857,176.0
10:40:47,3077.0,3085.49913884,4.69706329812,26.3157894737,48.0,0,15.265074092,34.0,76.7946577629,188.380952381,224.0
10:40:48,3076.0,3085.49386301,4.70014525649,22.2222222222,150.0,0,15.2800561004,-66.0,77.4350649351,174.19047619,112.0
10:40:48,3076.0,3085.4885901,4.70322386642,22.2222222222,18.0,0,15.2900645852,-12.0,85.3754940711,120.666666667,-40.0
10:40:49,3077.0,3085.48387553,4.7057214896,26.3157894737,114.0,0,15.2932125109,-52.0,82.0717131474,105.047619048,-84.0
10:40:49,3076.0,3085.47860817,4.70884018085,22.2222222222,96.0,0,15.3083230847,-32.0,49.0909090909,84.6666666667,-114.0
10:40:50,3077.0,3085.47389914,4.71137853015,26.3157894737,28.0,0,15.311597433,0.0,48.4581497797,71.7142857143,-128.0
10:40:50,3077.0,3085.46919273,4.71386829695,26.3157894737,92.0,0,15.3196889729,80.0,57.0281124498,76.380952381,-82.0
10:40:51,3077.0,3085.46448893,4.71635570235,26.3157894737,6.0,0,15.3277728383,-2.0,69.4915254237,54.380952381,-18.0
10:40:51,3077.0,3085.45978774,4.71884075009,26.3157894737,360.0,33.3333333333,15.3358490416,152.0,36.7816091954,140.380952381,146.0
10:40:52,3077.0,3085.45508916,4.72132344388,22.2222222222,22.0,0,15.3439175947,-18.0,32.9470198675,113.523809524,180.0
10:40:52,3076.0,3085.4498378,4.72437825781,21.0526315789,132.0,0,15.358836989,-106.0,31.09375,122.476190476,106.0
10:40:53,3077.0,3085.44514474,4.72685582308,22.2222222222,130.0,0,15.3618973776,-86.0,41.9137466307,129.142857143,20.0
10:40:53,3077.0,3085.4404543,4.72933104625,22.2222222222,82.0,0,15.3699416518,-12.0,38.9344262295,117.238095238,-72.0
10:40:54,3076.0,3085.43521106,4.73242178723,21.0526315789,28.0,0,15.3849863044,-22.0,40.450928382,90.380952381,-92.0
10:40:54,3077.0,3085.43052613,4.73478847612,22.2222222222,36.0,0,15.3876778554,2.0,66.7441860465,64.7619047619,-242.0
10:40:55,3077.0,3085.42584381,4.73715318448,22.2222222222,54.0,0,15.3953629655,-8.0,69.2640692641,59.7142857143,-232.0
10:40:55,3076.0,3085.42060868,4.74008770007,21.0526315789,344.0,0,15.4099079976,-16.0,43.3234421365,136.0,-142.0
10:40:56,3076.0,3085.41537646,4.7430193589,21.0526315789,6.0,0,15.419438748,-2.0,30.5454545455,105.619047619,-58.0
10:40:56,3077.0,3085.41070255,4.74537734778,22.2222222222,34.0,0,15.422090828,-10.0,25.4980079681,89.1428571429,-56.0
10:40:57,3077.0,3085.40603124,4.7477333692,22.2222222222,1064.0,0,15.4297477062,620.0,72.6918075422,369.238095238,586.0
10:40:57,3077.0,3085.40136252,4.7500874261,22.2222222222,16.0,0,15.4373981999,-4.0,74.0447957839,300.571428571,580.0
10:40:58,3076.0,3085.39614099,4.75300915081,21.0526315789,68.0,0,15.4519153147,4.0,72.9765013055,247.714285714,592.0
10:40:58,3077.0,3085.39147776,4.75546076619,22.2222222222,64.0,0,15.4548611186,-6.0,92.4920127795,193.047619048,602.0
10:40:59,3077.0,3085.38681712,4.7578083887,22.2222222222,80.0,0,15.462490701,32.0,91.7043740573,156.285714286,636.0
10:40:59,3076.0,3085.38160367,4.76072239273,21.0526315789,24.0,0,15.4769908736,18.0,92.2492401216,100.0,664.0
10:41:00,3077.0,3085.37694852,4.76306572091,22.2222222222,202.0,0,15.4795766035,174.0,86.7841409692,95.0476190476,218.0
10:41:00,3077.0,3085.37229595,4.7654071034,22.2222222222,38.0,0,15.4871859064,8.0,83.6134453781,84.2857142857,230.0
10:41:01,3076.0,3085.36709057,4.7683136157,21.0526315789,30.0,0,15.5016697519,6.0,86.301369863,70.1904761905,232.0
10:41:01,3076.0,3085.36188807,4.77131811381,21.0526315789,68.0,0,15.5114373011,-8.0,79.185520362,68.7619047619,230.0
10:41:02,3076.0,3085.35668847,4.7743194121,21.0526315789,70.0,0,15.5211944477,32.0,80.0925925926,67.7142857143,230.0
10:41:02,3077.0,3085.35204715,4.77675194898,22.2222222222,64.0,0,15.5240557328,24.0,81.779661017,65.4285714286,236.0
10:41:03,3076.0,3085.34685301,4.77964717143,21.0526315789,54.0,0,15.5385148616,34.0,71.6049382716,58.380952381,96.0
10:41:03,3077.0,3085.34221716,4.78207493287,22.2222222222,130.0,0,15.541354998,-66.0,59.1346153846,80.0952380952,22.0
10:41:04,3077.0,3085.33758388,4.78450043027,22.2222222222,10.0,0,15.5492376674,2.0,58.0808080808,63.1428571429,18.0
10:41:04,3077.0,3085.33295318,4.78692366708,22.2222222222,44.0,0,15.5571129902,26.0,64.5161290323,56.8571428571,52.0
10:41:05,3076.0,3085.32776964,4.78990808309,21.0526315789,28.0,0,15.5718728319,-6.0,62.4242424242,47.1428571429,14.0
10:41:05,3076.0,3085.32258899,4.79293062235,21.0526315789,6.0,0,15.5816990323,2.0,53.6764705882,33.1428571429,-8.0
10:41:06,3076.0,3085.31741121,4.79590854914,21.0526315789,130.0,0,15.5913801988,102.0,34.4827586207,57.3333333333,60.0
10:41:06,3077.0,3085.31279171,4.7983623428,22.2222222222,56.0,0,15.5942877569,24.0,43.7956204379,56.7619047619,150.0
10:41:07,3076.0,3085.30761937,4.80137506024,21.0526315789,122.0,0,15.6091516913,92.0,29.5336787565,78.5714285714,240.0
10:41:07,3077.0,3085.30300531,4.80382331496,22.2222222222,36.0,0,15.6120354727,-6.0,25.9259259259,70.4761904762,208.0
10:41:08,3077.0,3085.29839381,4.80626902218,22.2222222222,42.0,0,15.6199838225,-34.0,30.1020408163,64.4761904762,180.0
10:41:08,3076.0,3085.29322947,4.80923204741,21.0526315789,30.0,0,15.6346945624,12.0,31.7307692308,54.380952381,190.0
10:41:09,3077.0,3085.2886234,4.8116724076,22.2222222222,110.0,0,15.6375443861,-12.0,55.5555555556,66.0,76.0
10:41:09,3076.0,3085.28346449,4.81466942444,21.0526315789,54.0,0,15.6523713408,22.0,49.7461928934,62.5714285714,74.0
10:41:10,3077.0,3085.27886384,4.81710429096,22.2222222222,6.0,0,15.6551975657,-2.0,70.5035971223,45.5238095238,-20.0
10:41:10,3077.0,3085.27426575,4.81953663056,22.2222222222,22.0,0,15.6631024718,8.0,68.9393939394,38.5714285714,-6.0
10:41:11,3076.0,3085.26911481,4.82250606403,21.0526315789,14.0,0,15.6778480625,4.0,61.8644067797,30.0,32.0
10:41:11,3076.0,3085.26396673,4.82549011616,21.0526315789,8.0,0,15.6875491422,-2.0,63.5514018692,21.0476190476,18.0
10:41:12,3077.0,3085.25937692,4.82791391574,22.2222222222,1106.0,0,15.6903279679,518.0,77.520661157,326.857142857,548.0
10:41:12,3077.0,3085.25478965,4.83033520518,22.2222222222,58.0,0,15.6981969619,40.0,76.7710049423,285.80952381,566.0
10:41:13,3077.0,3085.25020493,4.83275398827,22.2222222222,252.0,0,15.7060578104,22.0,71.0958904109,300.0,590.0
10:41:13,3078.0,3085.24617815,4.83467210067,26.3157894737,138.0,0,15.7071868118,-82.0,72.2081218274,269.904761905,500.0
10:41:14,3077.0,3085.24159822,4.83708627446,22.2222222222,238.0,0,15.7201373886,-96.0,65.0,262.857142857,400.0
10:41:14,3078.0,3085.23757622,4.83896223953,26.3157894737,1036.0,0,15.7211248847,-266.0,76.9448373409,473.142857143,136.0
10:41:15,3077.0,3085.23300106,4.84133386375,22.2222222222,32.0,0,15.7339417086,-12.0,72.748004561,347.619047619,-394.0
10:41:15,3078.0,3085.22898384,4.84320651073,26.3157894737,212.0,0,15.73491394,-12.0,68.8679245283,324.666666667,-446.0
10:41:16,3078.0,3085.22496886,4.84507765357,26.3157894737,162.0,0,15.7409930265,-134.0,74.1474147415,280.095238095,-602.0
10:41:16,3078.0,3085.2209561,4.84685223039,26.3157894737,86.0,0,15.7467583833,-30.0,74.6319365798,218.095238095,-550.0
10:41:17,3078.0,3085.21694557,4.84862558482,26.3157894737,130.0,0,15.7525197687,-84.0,84.318455971,171.142857143,-538.0
10:41:17,3078.0,3085.21293727,4.8503977182,26.3157894737,36.0,0,15.7582771871,-16.0,62.3100303951,102.476190476,-288.0
10:41:18,3078.0,3085.2089312,4.85216863187,26.3157894737,582.0,0,15.7640306429,-120.0,63.0794701987,237.428571429,-396.0
10:41:18,3078.0,3085.20492735,4.85378653733,26.3157894737,368.0,0,15.7692869959,-338.0,80.0586510264,285.047619048,-722.0
10:41:19,3078.0,3085.20092572,4.85555516622,26.3157894737,1158.0,0,15.7750330287,-322.0,51.186440678,550.952380952,-910.0
10:41:19,3078.0,3085.19692632,4.85717106992,26.3157894737,154.0,0,15.7802828782,-18.0,52.7182866557,482.571428571,-898.0
10:41:20,3078.0,3085.19292914,4.85893741877,26.3157894737,32.0,0,15.7860215035,-18.0,50.7296137339,376.095238095,-832.0
10:41:20,3078.0,3085.18893417,4.86070255426,26.3157894737,82.0,0,15.7917561867,50.0,50.1683501683,288.571428571,-766.0
10:41:21,3078.0,3085.18494143,4.86231539844,26.3157894737,216.0,0,15.7969960963,186.0,46.6666666667,237.142857143,-460.0
10:41:21,3078.0,3085.18095091,4.86392731123,26.3157894737,14.0,0,15.8022329799,4.0,34.9033816425,145.428571429,-118.0
10:41:22,3078.0,3085.1769626,4.86506530446,26.3157894737,354.0,0,15.8059301639,144.0,42.9577464789,167.714285714,348.0
10:41:22,3077.0,3085.1724211,4.86669614876,22.2222222222,16.0,0,15.8163670743,6.0,30.3921568628,131.714285714,372.0
10:41:23,3076.0,3085.16732673,4.86914091562,21.0526315789,66.0,0,15.8294568128,6.0,33.2887700535,116.571428571,396.0
10:41:23,3077.0,3085.16279058,4.87076976165,22.2222222222,116.0,0,15.8296059852,22.0,41.8158567775,114.095238095,368.0
10:41:24,3077.0,3085.15825696,4.87266218082,22.2222222222,8.0,0,15.8357561938,2.0,40.5923344948,79.1428571429,184.0
10:41:24,3077.0,3085.15372585,4.87455346958,22.2222222222,24.0,0,15.8419027286,20.0,42.6369863014,58.6666666667,200.0
10:41:25,3077.0,3085.14919726,4.87644362924,22.2222222222,122.0,0,15.8480455939,122.0,91.7613636364,65.7142857143,178.0
10:41:25,3077.0,3085.14467119,4.87806883465,22.2222222222,18.0,0,15.8533273794,0.0,94.3502824859,54.0952380952,172.0
10:41:26,3076.0,3085.13959223,4.88050515373,21.0526315789,174.0,0,15.8664016701,172.0,61.9047619048,86.9523809524,338.0
10:41:26,3077.0,3085.13507149,4.88239182398,22.2222222222,80.0,0,15.8673767435,64.0,58.6854460094,87.8095238095,380.0
10:41:27,3076.0,3085.12999786,4.88518071964,21.0526315789,46.0,0,15.8816018194,20.0,57.7586206896,80.6666666667,398.0
10:41:27,3076.0,3085.12492704,4.88796701378,21.0526315789,402.0,0,15.8906599928,70.0,33.0166270784,173.428571429,448.0
10:41:28,3076.0,3085.11985905,4.89084291758,21.0526315789,526.0,0,15.900009485,14.0,29.3739967897,283.619047619,340.0
10:41:28,3077.0,3085.11534927,4.89316971671,22.2222222222,34.0,0,15.9024040192,-16.0,29.4770206022,234.0,324.0
10:41:29,3076.0,3085.11028659,4.89607524225,21.0526315789,20.0,0,15.9170196432,-20.0,34.1155234657,179.619047619,132.0
10:41:29,3077.0,3085.10578213,4.89843221801,22.2222222222,58.0,0,15.9195067209,-48.0,32.5966850829,143.428571429,20.0
10:41:30,3076.0,3085.10072476,4.9013316328,21.0526315789,540.0,0,15.934108039,22.0,46.2025316456,246.0,22.0
10:41:30,3077.0,3085.09622561,4.90366132265,22.2222222222,8.0,0,15.9365008861,2.0,58.8532883643,173.047619048,-46.0
10:41:31,3076.0,3085.09117355,4.90655450223,21.0526315789,144.0,0,15.9510874585,-88.0,72.8855721393,157.714285714,-148.0
10:41:31,3076.0,3085.08612431,4.90944440515,21.0526315789,26.0,0,15.9604824615,-4.0,71.1055276382,126.857142857,-136.0
10:41:32,3077.0,3085.08163326,4.91178803781,22.2222222222,34.0,0,15.9629120501,-2.0,72.0987654321,98.6666666667,-118.0
10:41:32,3076.0,3085.07658931,4.91467188034,21.0526315789,8.0,0,15.9774768541,-2.0,70.2631578947,62.380952381,-72.0
10:41:33,3076.0,3085.07154816,4.91755246258,21.0526315789,668.0,0,15.9868415559,220.0,25.6756756757,217.047619048,126.0
10:41:33,3077.0,3085.06706521,4.91988813954,22.2222222222,334.0,0,15.9892367226,-58.0,69.1927512356,270.19047619,66.0
10:41:34,3076.0,3085.06202935,4.92276269136,21.0526315789,132.0,0,16.0037798809,108.0,62.5623960067,250.095238095,262.0
10:41:34,3076.0,3085.05699629,4.92563399911,21.0526315789,230.0,0,16.0131144314,-46.0,67.8520625889,258.571428571,220.0
10:41:35,3076.0,3085.05196602,4.92850206847,21.0526315789,540.0,0,16.0224384541,364.0,69.769874477,345.904761905,586.0
10:41:35,3077.0,3085.04749395,4.93082706608,22.2222222222,14.0,0,16.0247873451,12.0,70.1772679875,258.857142857,600.0
10:41:36,3077.0,3085.04302436,4.93314970097,22.2222222222,110.0,0,16.0323357198,24.0,94.8529411765,198.952380952,404.0
10:41:36,3076.0,3085.03800186,4.93600902633,21.0526315789,108.0,0,16.0468433886,30.0,57.4955908289,165.047619048,492.0
10:41:37,3077.0,3085.03353754,4.93832655216,22.2222222222,112.0,0,16.0491600655,0.0,61.7594254937,143.047619048,384.0
10:41:37,3077.0,3085.0290757,4.94064172589,22.2222222222,24.0,0,16.056684192,4.0,53.7444933921,96.8571428571,434.0
10:41:38,3077.0,3085.02461634,4.94295455081,22.2222222222,0.0,0,16.0642006851,0.0,0,53.619047619,70.0
10:41:38,3077.0,3085.02015946,4.94524075985,22.2222222222,102.0,0,16.0716306787,94.0,14.0350877193,65.2380952381,152.0
10:41:39,3076.0,3085.01514965,4.94808576904,21.0526315789,6.0,0,16.0861045808,-2.0,7.38636363637,45.2380952381,126.0
10:41:39,3077.0,3085.01069803,4.95039104797,22.2222222222,12.0,0,16.0883686967,0.0,23.4375,31.9047619048,96.0
10:41:40,3077.0,3085.00624888,4.95266930616,22.2222222222,92.0,0,16.0957728507,84.0,44.9152542373,46.0,180.0
10:41:40,3077.0,3085.0018022,4.95494495958,22.2222222222,66.0,0,16.1031685394,58.0,38.1294964029,53.619047619,234.0
10:41:41,3077.0,3084.99735799,4.95724298625,22.2222222222,102.0,0,16.1106369394,-12.0,52.1052631579,69.5238095238,222.0
10:41:41,3077.0,3084.99291624,4.95953868791,22.2222222222,16.0,29.0322580645,16.1180977833,16.0,69.387755102,56.0,144.0
10:41:42,3077.0,3084.98847697,4.96180683656,22.2222222222,24.0,0,16.1254690821,24.0,64.7435897436,48.8571428571,170.0
10:41:42,3077.0,3084.98404016,4.96409776965,22.2222222222,12.0,0,16.1329144285,10.0,62.1794871795,37.4285714286,180.0
10:41:43,3077.0,3084.97960581,4.96638638751,22.2222222222,26.0,0,16.1403522506,26.0,49.593495935,30.0,122.0
10:41:43,3077.0,3084.97517393,4.96864706198,22.2222222222,60.0,0,16.147699259,60.0,49.1666666667,35.4285714286,124.0
10:41:44,3078.0,3084.97129991,4.97045374354,26.3157894737,28.0,0,16.1483227535,28.0,30.1204819277,32.0,164.0
10:41:44,3078.0,3084.96742804,4.97225877547,26.3157894737,48.0,0,16.1541870548,28.0,32.3232323232,37.8095238095,176.0
10:41:45,3078.0,3084.96355832,4.97403229003,26.3157894737,44.0,0,16.1599489604,18.0,48.623853211,40.9523809524,170.0
10:41:45,3078.0,3084.95969075,4.97583416296,26.3157894737,42.0,0,16.1658029986,40.0,49.1935483871,42.5714285714,200.0
10:41:46,3078.0,3084.95582533,4.97763439154,26.3157894737,2.0,0,16.1716516944,0.0,46.4285714286,31.3333333333,174.0
10:41:46,3077.0,3084.95140665,4.97990870033,22.2222222222,6.0,0,16.1842986686,4.0,63.5294117647,22.380952381,118.0
10:41:47,3078.0,3084.94754583,4.98170535002,26.3157894737,4.0,0,16.1848776804,2.0,60.2739726027,15.4285714286,92.0
10:41:47,3078.0,3084.94368716,4.98350036107,26.3157894737,26.0,0,16.1907094252,4.0,74.1935483871,15.9047619048,68.0
10:41:48,3078.0,3084.93983062,4.98529373523,26.3157894737,226.0,0,16.196535852,114.0,88.8888888889,74.5714285714,164.0
10:41:48,3077.0,3084.93542083,4.98753104975,22.2222222222,32.0,0,16.2090706849,22.0,92.5675675676,69.1428571429,146.0
10:41:49,3078.0,3084.93156889,4.98929220716,26.3157894737,36.0,0,16.209526339,16.0,90.9090909091,65.3333333333,162.0
10:41:49,3078.0,3084.92771909,4.99105198559,26.3157894737,168.0,0,16.2152436179,98.0,68.6991869919,97.619047619,256.0
10:41:50,3077.0,3084.92331602,4.99328400034,22.2222222222,166.0,0,16.2277673069,84.0,57.7981651376,121.619047619,338.0
10:41:50,3077.0,3084.9189154,4.99551402927,22.2222222222,50.0,0,16.2350147198,-16.0,52.5073746313,104.761904762,318.0
10:41:51,3076.0,3084.91396183,4.99818670052,21.0526315789,62.0,0,16.2489814711,-28.0,37.3540856031,90.1904761905,176.0
10:41:51,3077.0,3084.9095664,5.00041256786,22.2222222222,4.0,0,16.2509345722,0.0,36.2139917696,66.8571428571,154.0
10:41:52,3077.0,3084.90517342,5.00263645769,22.2222222222,34.0,0,16.2581620334,-10.0,37.1900826446,53.4285714286,128.0
10:41:52,3077.0,3084.90078288,5.00485837265,22.2222222222,30.0,0,16.2653830765,-16.0,48.5549132948,38.9523809524,14.0
10:41:53,3077.0,3084.89639477,5.00707831536,22.2222222222,10.0,0,16.27259771,-6.0,69.4736842105,25.3333333333,-76.0
10:41:53,3077.0,3084.8920091,5.00921324002,22.2222222222,48.0,0,16.2795360417,-30.0,90.4255319149,30.0,-90.0
10:41:54,3077.0,3084.88762587,5.01134650069,22.2222222222,26.0,0,16.2864689655,-6.0,81.5789473684,28.4761904762,-68.0
10:41:54,3077.0,3084.88324507,5.01356086185,22.2222222222,6.0,0,16.2936654594,-2.0,80.5194805195,22.9523809524,-70.0
10:41:55,3077.0,3084.87886671,5.01577326086,22.2222222222,48.0,0,16.3008555764,-48.0,83.3333333333,29.3333333333,-108.0
10:41:55,3077.0,3084.87449078,5.01798370032,22.2222222222,4.0,0,16.3080393251,-4.0,80.2816901409,22.4761904762,-96.0
10:41:56,3077.0,3084.87011727,5.02019218282,22.2222222222,20.0,0,16.3152167138,-14.0,80.2631578947,21.4285714286,-104.0
10:41:56,3077.0,3084.8657462,5.02231658589,22.2222222222,196.0,0,16.3221208511,138.0,94.0,70.1904761905,64.0
10:41:57,3077.0,3084.86137756,5.02443933823,22.2222222222,38.0,0,16.3290196238,38.0,86.5384615385,66.7619047619,108.0
10:41:57,3077.0,3084.85701134,5.02664228277,22.2222222222,86.0,0,16.3361790145,38.0,88.7755102041,76.4761904762,148.0
10:41:58,3077.0,3084.85264754,5.02884328028,22.2222222222,6.0,0,16.3433320776,6.0,86.2857142857,59.5238095238,202.0
10:41:58,3077.0,3084.84828617,5.03104233334,22.2222222222,258.0,0,16.3504788214,-140.0,82.4503311258,116.571428571,66.0
10:41:59,3077.0,3084.84392722,5.03323944449,22.2222222222,170.0,0,16.3576192541,40.0,79.8408488064,136.380952381,120.0
10:41:59,3077.0,3084.8395707,5.03543461627,22.2222222222,36.0,0,16.364753384,14.0,69.696969697,110.761904762,-4.0
10:42:00,3077.0,3084.83521659,5.03762785121,22.2222222222,110.0,0,16.3718812194,-16.0,78.0780780781,113.904761905,-58.0
10:42:00,3077.0,3084.8308649,5.03981915185,22.2222222222,390.0,0,16.3790027684,86.0,68.6597938144,193.619047619,-10.0
10:42:01,3077.0,3084.82651563,5.0420085207,22.2222222222,14.0,0,16.3861180393,8.0,67.8936605317,151.428571429,-8.0
10:42:01,3078.0,3084.82272417,5.04372988086,26.3157894737,44.0,0,16.3863868774,-10.0,64.1361256544,117.428571429,122.0
10:42:02,3078.0,3084.81893482,5.04544990438,26.3157894737,380.0,0,16.391974998,268.0,72.0739219712,189.619047619,350.0
10:42:02,3078.0,3084.81514758,5.04716859263,26.3157894737,28.0,0,16.3975587805,0.0,73.2919254658,151.238095238,336.0
10:42:03,3078.0,3084.81136243,5.04891110984,26.3157894737,10.0,0,16.40321998,-8.0,70.4387990762,108.095238095,344.0
10:42:03,3078.0,3084.8075794,5.05062701614,26.3157894737,114.0,0,16.4087947243,0.0,82.0338983051,99.4285714286,258.0
10:42:04,3078.0,3084.80379846,5.05234159134,26.3157894737,46.0,0,16.414365144,12.0,79.7427652733,84.4761904762,262.0
10:42:04,3078.0,3084.80001962,5.05405483678,26.3157894737,32.0,0,16.4199312436,-6.0,79.6721311475,64.0,266.0
10:42:05,3078.0,3084.79624288,5.05576675383,26.3157894737,230.0,0,16.4254930274,16.0,77.8260869565,100.666666667,14.0
10:42:05,3078.0,3084.79246824,5.05747734383,26.3157894737,22.0,0,16.4310504998,6.0,77.5330396476,85.0476190476,20.0
10:42:06,3077.0,3084.78814029,5.05965028771,22.2222222222,216.0,0,16.4434523488,136.0,52.7272727273,125.142857143,164.0
10:42:06,3077.0,3084.78381475,5.0618456291,22.2222222222,150.0,0,16.4505870299,-90.0,35.3448275862,136.571428571,74.0
10:42:07,3077.0,3084.77949161,5.06403878458,22.2222222222,80.0,0,16.457714607,-38.0,43.0136986301,126.285714286,24.0
10:42:07,3077.0,3084.77517087,5.06622975699,22.2222222222,6.0,0,16.4648350893,-2.0,43.1818181818,93.2380952381,28.0
10:42:08,3077.0,3084.77085253,5.06841854916,22.2222222222,42.0,0,16.4719484861,-8.0,27.519379845,71.7142857143,4.0
10:42:08,3077.0,3084.76653659,5.07058144784,22.2222222222,62.0,0,16.478977731,-40.0,34.5323741007,64.8571428571,-42.0
10:42:09,3077.0,3084.76222304,5.07274245081,22.2222222222,316.0,0,16.4860008151,-2.0,31.0975609756,128.666666667,-180.0
10:42:09,3077.0,3084.75791189,5.07492501313,22.2222222222,88.0,0,16.4930939653,56.0,48.8215488215,122.571428571,-34.0
10:42:10,3077.0,3084.75360314,5.07708210041,22.2222222222,338.0,0,16.5001043237,-142.0,64.3192488263,190.857142857,-138.0
10:42:10,3078.0,3084.74985218,5.07877657786,26.3157894737,166.0,0,16.500248791,0.0,53.7549407115,197.714285714,-136.0
10:42:11,3076.0,3084.7449925,5.08144527778,21.0526315789,296.0,0,16.5196530487,-236.0,38.5466034755,234.095238095,-364.0
10:42:11,3076.0,3084.74013552,5.0841342417,21.0526315789,126.0,0,16.528394804,-122.0,40.1503759398,209.80952381,-446.0
10:42:12,3077.0,3084.73583664,5.08630604487,22.2222222222,36.0,0,16.5300813938,-8.0,52.9523809524,156.761904762,-452.0
10:42:12,3077.0,3084.73154015,5.08847569283,22.2222222222,60.0,0,16.5371325734,-42.0,45.988258317,123.904761905,-550.0
10:42:13,3077.0,3084.72724604,5.0906110623,22.2222222222,32.0,0,16.5440723507,-4.0,21.2290502793,84.380952381,-412.0
10:42:13,3077.0,3084.72295432,5.09277628541,22.2222222222,16.0,0,16.5511091498,-2.0,28.6219081272,54.8571428571,-414.0
10:42:14,3076.0,3084.71810958,5.09541975397,21.0526315789,16.0,0,16.5650837255,10.0,66.4335664336,32.4761904762,-168.0
10:42:14,3077.0,3084.71382293,5.09754767353,22.2222222222,26.0,0,16.5666157736,18.0,58.064516129,26.2857142857,-28.0
10:42:15,3077.0,3084.70953866,5.09967319214,22.2222222222,16.0,0,16.5735235364,0.0,49.3975903614,22.0,-20.0
10:42:15,3077.0,3084.70525677,5.1017963128,22.2222222222,234.0,0,16.580423506,-32.0,58.8235294118,80.9523809524,-10.0
10:42:16,3077.0,3084.70097726,5.10382964874,22.2222222222,6.0,0,16.5870316826,2.0,58.5987261146,66.4761904762,-4.0
10:42:16,3077.0,3084.69670013,5.10586034636,22.2222222222,60.0,0,16.5936312849,52.0,64.2458100559,68.6666666667,50.0
10:42:17,3076.0,3084.69186997,5.10839891807,21.0526315789,18.0,0,16.6072786673,14.0,64.4444444444,56.7619047619,54.0
10:42:17,3077.0,3084.6875979,5.11042398008,22.2222222222,120.0,0,16.6084627237,-76.0,70.9251101322,73.9047619048,-40.0
10:42:18,3076.0,3084.6827728,5.1129561208,21.0526315789,46.0,0,16.6220940208,-12.0,71.0743801653,65.4285714286,-52.0
10:42:18,3077.0,3084.67850577,5.11497556201,22.2222222222,18.0,0,16.6232549952,-4.0,90.2985074627,47.5238095238,-24.0
10:42:19,3076.0,3084.67368572,5.11758948579,21.0526315789,54.0,0,16.6371569759,-28.0,88.6075949367,50.1904761905,-54.0
10:42:19,3076.0,3084.66886834,5.12020025168,21.0526315789,18.0,0,16.6456445113,-2.0,81.0218978102,40.2857142857,-108.0
10:42:20,3076.0,3084.66405364,5.12280786451,21.0526315789,198.0,0,16.6541217962,-144.0,50.6607929515,83.8095238095,-266.0
10:42:20,3076.0,3084.65924162,5.12532377026,21.0526315789,724.0,0,16.6623009436,-218.0,13.6105860113,269.047619048,-408.0
10:42:21,3076.0,3084.65443226,5.1278362748,21.0526315789,758.0,0,16.6704690338,656.0,6.55367231637,435.238095238,260.0
10:42:21,3076.0,3084.64962558,5.13034538311,21.0526315789,6.0,0,16.6786260829,6.0,6.02957906711,352.666666667,270.0
10:42:22,3076.0,3084.64482157,5.13285110018,21.0526315789,268.0,0,16.6867721072,-116.0,15.5172413793,345.523809524,182.0
10:42:22,3076.0,3084.64002022,5.13535343098,21.0526315789,304.0,0,16.6949071228,-262.0,26.9264836138,338.476190476,-78.0
10:42:23,3077.0,3084.63577695,5.13743612348,22.2222222222,154.0,0,16.6962499951,-148.0,33.0623306233,274.952380952,-82.0
10:42:23,3077.0,3084.63153602,5.13951647069,22.2222222222,524.0,0,16.7030109545,2.0,38.4309831182,319.238095238,138.0
10:42:24,3076.0,3084.62674206,5.14200979556,21.0526315789,12.0,0,16.7165467996,-10.0,60.5678233438,226.761904762,-528.0
10:42:24,3076.0,3084.62195076,5.14458936081,21.0526315789,116.0,0,16.7249329025,-82.0,63.5703918723,199.523809524,-616.0
10:42:25,3077.0,3084.61771751,5.14657214669,22.2222222222,104.0,0,16.7259413282,-98.0,60.4612850082,163.619047619,-598.0
10:42:25,3076.0,3084.61293122,5.14905594098,21.0526315789,16.0,0,16.7394536443,0.0,46.6522678186,110.380952381,-336.0
10:42:26,3077.0,3084.60870299,5.15112320695,22.2222222222,34.0,0,16.7407319043,0.0,36.7245657568,76.0,-188.0
10:42:26,3077.0,3084.60447711,5.15309804336,22.2222222222,4.0,0,16.7471499622,2.0,79.7202797203,38.7619047619,-188.0
10:42:27,3076.0,3084.59969817,5.15557276697,21.0526315789,16.0,0,16.7606396846,-4.0,78.6206896551,29.7142857143,-182.0
10:42:27,3077.0,3084.59547729,5.15763248395,22.2222222222,18.0,0,16.7618865257,4.0,62.5,21.0476190476,-96.0
10:42:28,3077.0,3084.59125875,5.15959940036,22.2222222222,14.0,0,16.7682788442,-2.0,23.5294117647,15.9047619048,0.0
10:42:28,3077.0,3084.58704256,5.1616543713,22.2222222222,64.0,0,16.7749573328,14.0,20.0,29.3333333333,14.0
10:42:29,3077.0,3084.5828287,5.16370703015,22.2222222222,24.0,0,16.7816283073,0.0,30.0,29.0476190476,14.0
10:42:29,3076.0,3084.57806179,5.16616717269,21.0526315789,40.0,0,16.7950818358,12.0,26.1363636364,33.8095238095,24.0
10:42:30,3076.0,3084.57329752,5.16862399454,21.0526315789,4.0,0,16.8030689029,-2.0,29.2682926829,26.5714285714,26.0
10:42:30,3076.0,3084.5685359,5.17107750043,21.0526315789,108.0,0,16.8110451899,-16.0,39.3700787402,49.619047619,6.0
10:42:31,3076.0,3084.56377693,5.17352769508,21.0526315789,116.0,0,16.8190107122,-18.0,55.0561797753,70.6666666667,-10.0
10:42:31,3076.0,3084.55902059,5.17597458319,21.0526315789,88.0,28.125,16.826965485,-6.0,59.4736842105,78.8571428571,-30.0
10:42:32,3076.0,3084.5542669,5.17850969433,21.0526315789,1176.0,0,16.8352070687,470.0,88.772845953,396.761904762,440.0
10:42:32,3077.0,3084.55007125,5.18054361035,25.0,244.0,0,16.836345825,-8.0,91.3594470046,393.523809524,420.0
10:42:33,3077.0,3084.54587793,5.18257523931,25.0,30.0,0,16.842948454,-4.0,91.3734392735,319.428571429,418.0
10:42:33,3077.0,3084.54168694,5.1846045839,25.0,24.0,0,16.8495436591,0.0,92.4910607866,242.380952381,434.0
10:42:34,3077.0,3084.53749828,5.18667005112,25.0,22.0,0,16.8562562597,0.0,91.6666666667,168.761904762,452.0
10:42:34,3077.0,3084.53331194,5.18873349161,25.0,14.0,0,16.8629622737,-10.0,93.7748344371,97.3333333333,448.0
10:42:35,3077.0,3084.52912793,5.19075626641,25.0,72.0,0,16.8695361274,52.0,63.5467980296,46.0,30.0
10:42:35,3077.0,3084.52494625,5.19281554228,25.0,0.0,0,16.8762286067,0.0,0,26.6666666667,38.0
10:42:36,3078.0,3084.52132228,5.19443041442,28.5714285714,8.0,0,16.8759922496,2.0,1.42857142857,21.2380952381,44.0
10:42:36,3077.0,3084.51714493,5.19647149249,25.0,400.0,0,16.8881101478,0.0,0.387596899225,128.857142857,44.0
10:42:37,3078.0,3084.5135253,5.19808332881,28.5714285714,58.0,0,16.8878600676,-16.0,7.60869565218,120.857142857,28.0
10:42:37,3078.0,3084.50990768,5.1996794773,28.5714285714,44.0,0,16.8930457352,24.0,12.7147766323,107.142857143,62.0
10:42:38,3077.0,3084.50573667,5.20171576632,25.0,16.0,0,16.9051536117,6.0,14.0684410646,84.0,16.0
10:42:38,3077.0,3084.50156797,5.2037642996,25.0,514.0,0,16.9118111784,-2.0,7.11538461539,205.80952381,14.0
10:42:39,3076.0,3084.49684619,5.20630487166,21.0526315789,44.0,0,16.9255685034,-2.0,10.4089219331,168.857142857,10.0
10:42:39,3076.0,3084.49212703,5.20884272324,21.0526315789,6.0,0,16.9338189962,-2.0,16.715542522,119.333333333,8.0
10:42:40,3077.0,3084.48796589,5.21088458996,25.0,4.0,0,16.9349515436,0.0,12.4203821656,88.0,24.0
10:42:40,3077.0,3084.48380707,5.21292445795,25.0,54.0,0,16.9415809488,-16.0,15.6739811912,73.5238095238,-16.0
10:42:41,3076.0,3084.47909515,5.21545494595,21.0526315789,12.0,0,16.9553151689,-2.0,16.0883280757,46.5714285714,-24.0
10:42:41,3077.0,3084.47494125,5.2174904982,25.0,8.0,0,16.9564202086,0.0,81.25,18.6666666667,-22.0
10:42:42,3076.0,3084.47023426,5.22001596422,21.0526315789,36.0,0,16.9701429266,-12.0,81.6666666667,22.8571428571,-32.0
10:42:42,3076.0,3084.46552988,5.22249833047,21.0526315789,2.0,0,16.9782130379,0.0,82.7586206897,17.7142857143,-30.0
10:42:43,3076.0,3084.46082811,5.22497773047,21.0526315789,6.0,0,16.9862735061,0.0,79.6610169492,13.9047619048,-30.0
10:42:43,3077.0,3084.45668436,5.22696345057,25.0,14.0,0,16.9872065342,-10.0,64.1025641026,12.2857142857,-24.0
10:42:44,3076.0,3084.45198751,5.22947814477,21.0526315789,24.0,0,17.0009042418,-4.0,77.7777777778,15.4285714286,-26.0
10:42:44,3077.0,3084.44784866,5.23150014336,25.0,24.0,0,17.0019504172,-16.0,77.358490566,18.0,-42.0
10:42:45,3076.0,3084.44315672,5.23396879251,21.0526315789,42.0,0,17.0155032266,-4.0,55.3571428571,24.9523809524,-34.0
10:42:45,3076.0,3084.43846738,5.23643449488,21.0526315789,132.0,0,17.0235191641,70.0,25.6198347107,57.3333333333,36.0
10:42:46,3076.0,3084.43378064,5.23889725462,21.0526315789,68.0,0,17.0315255352,-40.0,19.7368421053,65.2380952381,-4.0
10:42:46,3076.0,3084.42909651,5.24139856819,21.0526315789,12.0,0,17.0396572438,-2.0,17.2185430464,54.1904761905,4.0
10:42:47,3077.0,3084.42497038,5.243409083,25.0,8.0,0,17.0406535034,-2.0,12.5874125874,42.0952380952,6.0
10:42:47,3076.0,3084.42029114,5.24590545063,21.0526315789,46.0,0,17.0543090072,-10.0,10.3896103896,41.619047619,12.0
10:42:48,3076.0,3084.4156145,5.2483991607,21.0526315789,74.0,0,17.0624159971,20.0,12.9411764706,48.0952380952,36.0
10:42:48,3076.0,3084.41094046,5.250890217,21.0526315789,64.0,0,17.0705143596,38.0,16.9117647059,50.1904761905,4.0
10:42:49,3076.0,3084.40626901,5.25337862331,21.0526315789,56.0,0,17.078604107,8.0,17.6923076923,53.2380952381,52.0
10:42:49,3077.0,3084.40215556,5.25533584665,25.0,4.0,0,17.0794145163,2.0,18.253968254,42.0,56.0
10:42:50,3077.0,3084.39804439,5.25733323823,25.0,88.0,0,17.0859058766,6.0,18.6746987952,55.1428571429,64.0
10:42:50,3076.0,3084.39338011,5.25977185084,21.0526315789,6.0,0,17.0993883317,2.0,17.8082191781,41.0476190476,76.0
10:42:51,3076.0,3084.38871841,5.2622075591,21.0526315789,32.0,0,17.1073067591,14.0,14.4,36.2857142857,70.0
10:42:51,3076.0,3084.38405931,5.26464036706,21.0526315789,140.0,0,17.1152157577,4.0,10.4294478528,64.380952381,36.0
10:42:52,3076.0,3084.37940279,5.26707027872,21.0526315789,108.0,0,17.1231153404,90.0,35.9788359788,79.7142857143,118.0
10:42:52,3077.0,3084.37530426,5.2690562368,25.0,16.0,0,17.1240046695,2.0,36.9230769231,66.2857142857,118.0
10:42:53,3076.0,3084.37065261,5.27152406541,21.0526315789,42.0,0,17.1375944909,26.0,37.2093023256,59.7142857143,138.0
10:42:53,3077.0,3084.36655894,5.27346255607,25.0,16.0,0,17.1383248491,12.0,40.1129943503,47.9047619048,148.0
10:42:54,3076.0,3084.36191214,5.27588196945,21.0526315789,68.0,0,17.1517619293,8.0,40.5128205128,50.4761904762,142.0
10:42:54,3076.0,3084.35726792,5.2783420751,21.0526315789,26.0,0,17.159759672,-2.0,60.8695652174,39.3333333333,136.0
10:42:55,3076.0,3084.35262629,5.28075587761,21.0526315789,22.0,0,17.1676068843,2.0,45.2631578947,32.4761904762,48.0
10:42:55,3076.0,3084.34798723,5.28321064672,21.0526315789,20.0,0,17.175587278,-20.0,39.175257732,29.1428571429,26.0
10:42:56,3077.0,3084.34390614,5.28513725922,25.0,38.0,0,17.1762666858,2.0,47.3684210526,30.7619047619,2.0
10:42:56,3076.0,3084.33927193,5.28754298351,21.0526315789,54.0,0,17.1896715979,-40.0,38.5964912281,37.1428571429,-50.0
10:42:57,3077.0,3084.33519569,5.28946495462,25.0,14.0,0,17.1903313442,0.0,41.3793103448,30.2857142857,-58.0
10:42:57,3076.0,3084.33056631,5.29186534331,21.0526315789,6.0,0,17.2037234828,-2.0,40.2597402597,23.7142857143,-58.0
10:42:58,3077.0,3084.3264949,5.29378268425,25.0,2.0,0,17.2043636147,-2.0,32.8358208955,16.9523809524,-62.0
10:42:58,3077.0,3084.32242576,5.29569787396,25.0,4.0,0,17.2105878257,-2.0,40.6779661017,11.7142857143,-44.0
10:42:59,3077.0,3084.31835887,5.29761091477,25.0,30.0,0,17.2168050529,2.0,34.5454545454,14.6666666667,-44.0
10:42:59,3077.0,3084.31429425,5.29952180902,25.0,4.0,0,17.2230153039,2.0,46.6666666667,10.5714285714,-2.0
10:43:00,3077.0,3084.31023188,5.30143055903,25.0,424.0,0,17.2292185864,-178.0,8.9361702128,128.857142857,-180.0
10:43:00,3077.0,3084.30617177,5.30333716711,25.0,0.0,0,17.2354149077,0.0,0,106.476190476,-178.0
10:43:01,3077.0,3084.30211391,5.30528690419,25.0,8.0,0,17.2417513948,0.0,9.36170212769,86.6666666667,-176.0
10:43:01,3076.0,3084.29750291,5.30766734441,21.0526315789,26.0,0,17.2550953979,-6.0,9.34959349596,71.7142857143,-180.0
10:43:02,3076.0,3084.29289446,5.31009049207,21.0526315789,12.0,0,17.2629729911,-8.0,8.01687763716,51.7142857143,-190.0
10:43:02,3076.0,3084.28828858,5.31246542472,21.0526315789,24.0,0,17.2706938385,10.0,7.28744939274,36.0,-182.0
10:43:03,3077.0,3084.28424065,5.31440645531,25.0,64.0,0,17.271389195,-8.0,32.8358208955,30.7619047619,-12.0
10:43:03,3077.0,3084.28019498,5.31629970143,25.0,46.0,0,17.2775420911,40.0,46.6666666667,37.5238095238,28.0
10:43:04,3077.0,3084.27615155,5.31819082269,25.0,30.0,0,17.2836880815,26.0,52.4752475247,37.5238095238,54.0
10:43:04,3076.0,3084.27155496,5.32055575859,21.0526315789,14.0,0,17.296995314,12.0,52.6315789474,31.9047619048,72.0
10:43:05,3076.0,3084.26696093,5.32291788976,21.0526315789,160.0,0,17.3046745441,66.0,57.3964497041,68.5714285714,146.0
10:43:05,3076.0,3084.26236945,5.32532366576,21.0526315789,48.0,0,17.3124956624,16.0,56.9060773481,66.1904761905,152.0
10:43:06,3077.0,3084.25833592,5.3272055002,25.0,372.0,0,17.312985051,148.0,70.7462686567,155.238095238,308.0
10:43:06,3077.0,3084.25430463,5.32908522221,25.0,132.0,0,17.3190939948,132.0,74.8677248677,161.047619048,400.0
10:43:07,3077.0,3084.25027558,5.33096283402,25.0,2.0,0,17.3251960806,2.0,74.1758241758,125.619047619,376.0
10:43:07,3077.0,3084.24624877,5.33283833785,25.0,20.0,0,17.3312913157,14.0,73.5694822888,96.6666666667,378.0
10:43:08,3077.0,3084.24222419,5.33475880834,25.0,2.0,0,17.3375326888,2.0,77.0833333333,62.2857142857,314.0
10:43:08,3077.0,3084.23820185,5.33663023098,25.0,52.0,0,17.3436146603,48.0,74.8275862069,49.7142857143,346.0
10:43:09,3078.0,3084.23473715,5.33812585598,28.5714285714,8.0,0,17.3428390383,6.0,63.8888888889,24.380952381,204.0
10:43:09,3077.0,3084.23071896,5.33999349771,25.0,6.0,0,17.3545450039,6.0,6.66666666669,15.8095238095,78.0
10:43:10,3077.0,3084.22670301,5.34185904201,25.0,106.0,0,17.3606078713,104.0,12.3711340206,41.8095238095,180.0
10:43:10,3078.0,3084.22324469,5.34334996878,28.5714285714,24.0,0,17.3598114645,12.0,13.1313131313,39.4285714286,178.0
10:43:11,3078.0,3084.2197883,5.34483955573,28.5714285714,16.0,0,17.3646509283,16.0,16.9811320755,34.5714285714,192.0
10:43:11,3078.0,3084.21633382,5.34632780398,28.5714285714,26.0,0,17.3694860428,18.0,31.1827956989,31.9047619048,162.0
10:43:12,3077.0,3084.21232586,5.34818623345,25.0,8.0,0,17.3811707294,0.0,29.0322580645,25.3333333333,156.0
10:43:12,3077.0,3084.20832012,5.35009068084,25.0,60.0,0,17.3873600287,20.0,43.3333333333,33.619047619,170.0
10:43:13,3077.0,3084.20431661,5.35194506439,25.0,32.0,0,17.3933866246,4.0,67.4698795181,31.3333333333,70.0
10:43:13,3078.0,3084.20087073,5.3533787358,28.5714285714,12.0,0,17.3923935536,8.0,77.9220779221,26.8571428571,66.0
10:43:14,3078.0,3084.19742676,5.35485930813,28.5714285714,50.0,0,17.3972037301,22.0,71.2765957447,33.8095238095,72.0
10:43:14,3077.0,3084.1934293,5.35670815168,25.0,12.0,0,17.4088662713,8.0,63.2183908046,28.2857142857,62.0
10:43:15,3078.0,3084.18998946,5.35813704928,28.5714285714,40.0,0,17.4078526617,6.0,66.0194174757,31.4285714286,68.0
10:43:15,3078.0,3084.18655153,5.3595643998,28.5714285714,6.0,0,17.4124899279,2.0,57.8947368421,23.3333333333,50.0
10:43:16,3078.0,3084.18311551,5.36103911869,28.5714285714,64.0,0,17.4172810874,8.0,39.1304347826,34.380952381,54.0
10:43:16,3077.0,3084.179126,5.3629296786,25.0,20.0,0,17.4290857283,-2.0,38.5416666667,31.3333333333,44.0
10:43:17,3078.0,3084.1756941,5.36440151616,28.5714285714,24.0,0,17.4282050557,22.0,43.3734939759,29.0476190476,44.0
10:43:17,3078.0,3084.17226412,5.36587202968,28.5714285714,14.0,0,17.4329825526,-2.0,48.8095238095,25.1428571429,34.0
10:43:18,3078.0,3084.16883603,5.36734122026,28.5714285714,40.0,0,17.4377557513,30.0,57.1428571429,28.5714285714,58.0
10:43:18,3077.0,3084.16485445,5.36922298647,25.0,2.0,0,17.4495384676,0.0,57.3170731707,21.1428571429,56.0
10:43:19,3078.0,3084.16143048,5.37068721607,28.5714285714,16.0,0,17.448626433,2.0,86.2068965517,17.9047619048,50.0
10:43:19,3077.0,3084.15745302,5.37256608689,25.0,6.0,0,17.4604032723,0.0,88.2352941177,14.0952380952,52.0
10:43:20,3078.0,3084.15403316,5.37402789803,28.5714285714,88.0,0,17.4594798506,18.0,93.9759036145,34.380952381,48.0
10:43:20,3078.0,3084.1506152,5.37549049585,28.5714285714,26.0,0,17.4642316304,-4.0,95.5056179775,33.9047619048,46.0
10:43:21,3078.0,3084.14719914,5.37695177742,28.5714285714,44.0,0,17.4689791339,18.0,93.4065934066,38.0,34.0
10:43:21,3078.0,3084.14378498,5.3784117438,28.5714285714,102.0,30.303030303,17.4737223645,0.0,75.1773049645,58.4761904762,34.0
10:43:22,3077.0,3084.13981731,5.38028496996,31.5789473684,6.0,0,17.4854890152,-6.0,72.0588235294,46.7619047619,26.0
10:43:22,3078.0,3084.13640725,5.38174208222,33.3333333333,4.0,0,17.4845421774,0.0,73.3333333333,34.9523809524,26.0
10:43:23,3078.0,3084.13299908,5.38319658552,33.3333333333,18.0,0,17.4892676593,0.0,64.0,27.2380952381,8.0
10:43:23,3078.0,3084.12959281,5.38464999378,33.3333333333,48.0,0,17.4939895834,36.0,68.4684684685,31.4285714286,48.0
10:43:24,3077.0,3084.12563302,5.38651597241,31.5789473684,12.0,0,17.5057392668,0.0,62.1052631579,24.2857142857,30.0
10:43:24,3078.0,3084.12223084,5.38796796255,33.3333333333,26.0,0,17.5047692091,-8.0,78.9473684211,22.6666666667,22.0
10:43:25,3078.0,3084.11883054,5.38941777903,33.3333333333,26.0,0,17.509479464,4.0,86.5671641791,24.6666666667,32.0
10:43:25,3078.0,3084.11543213,5.39086727001,33.3333333333,78.0,0,17.5141886615,44.0,88.4615384616,40.5714285714,76.0
10:43:26,3077.0,3084.11148021,5.39272818562,31.5789473684,24.0,0,17.525928455,4.0,82.2429906542,37.5238095238,80.0
10:43:26,3078.0,3084.10808589,5.39417431953,33.3333333333,14.0,0,17.524932812,-4.0,78.8888888889,31.3333333333,40.0
10:43:27,3077.0,3084.10413805,5.39603162799,31.5789473684,406.0,0,17.5366643744,-114.0,93.3797909408,138.761904762,-74.0
10:43:27,3078.0,3084.1007478,5.39747537578,33.3333333333,40.0,0,17.5356574911,12.0,94.8979591837,122.857142857,-54.0
10:43:28,3078.0,3084.09735944,5.39891803718,33.3333333333,96.0,0,17.5403445003,-36.0,89.3617021277,122.285714286,-94.0
10:43:28,3078.0,3084.09397296,5.40035961308,33.3333333333,320.0,0,17.5450279827,208.0,92.8888888889,182.380952381,70.0
10:43:29,3078.0,3084.09058836,5.40180010434,33.3333333333,156.0,0,17.5497079413,10.0,95.1550387597,184.095238095,76.0
10:43:29,3078.0,3084.08720564,5.40323941901,33.3333333333,46.0,0,17.5543840774,6.0,94.5488721804,148.095238095,86.0
10:43:30,3078.0,3084.0838248,5.40467764368,33.3333333333,56.0,0,17.5590566721,6.0,87.1148459384,113.428571429,206.0
10:43:30,3078.0,3084.08044583,5.40611478636,33.3333333333,82.0,0,17.5637257517,22.0,86.2433862434,102.857142857,216.0
10:43:31,3078.0,3084.07706875,5.40755084792,33.3333333333,6.0,0,17.5683913188,0.0,90.3903903904,68.5714285714,252.0
10:43:31,3078.0,3084.07369353,5.40898582921,33.3333333333,22.0,0,17.5730533763,-12.0,82.6086956522,43.1428571429,32.0
10:43:32,3078.0,3084.0703202,5.4104197311,33.3333333333,6.0,0,17.5777119269,-4.0,70.6422018349,27.3333333333,18.0
10:43:32,3077.0,3084.06639333,5.41226245451,31.5789473684,16.0,0,17.5894132418,-12.0,62.7659574468,21.5238095238,0.0
10:43:33,3078.0,3084.06302405,5.41369399199,33.3333333333,110.0,0,17.5883495516,-18.0,75.2066115703,44.0,-24.0
10:43:33,3078.0,3084.05965664,5.41512445282,33.3333333333,1174.0,0,17.5929969227,724.0,96.7016491754,367.904761905,678.0
10:43:34,3077.0,3084.0557357,5.41696306881,31.5789473684,344.0,0,17.6046898564,-216.0,96.5311004785,402.666666667,462.0
10:43:34,3077.0,3084.05181693,5.41879900337,31.5789473684,34.0,0,17.6106564945,-12.0,96.080760095,332.761904762,462.0
10:43:35,3078.0,3084.04845574,5.42022572533,33.3333333333,94.0,0,17.6095702577,-32.0,96.2753950339,279.428571429,434.0
10:43:35,3078.0,3084.04509642,5.42165137449,33.3333333333,446.0,0,17.6142019964,136.0,97.4568574024,322.476190476,582.0
10:43:36,3078.0,3084.04173897,5.4230744933,33.3333333333,110.0,0,17.6188255143,-20.0,98.8192552225,249.047619048,580.0
10:43:36,3078.0,3084.03838338,5.42449790019,33.3333333333,96.0,0,17.6234499681,22.0,89.1459074733,171.619047619,-122.0
10:43:37,3077.0,3084.03447425,5.42632810733,31.5789473684,42.0,0,17.6351254707,-10.0,78.8321167883,130.095238095,84.0
10:43:37,3078.0,3084.0311227,5.4277491683,33.3333333333,120.0,0,17.6340128925,-2.0,80.3964757709,125.238095238,94.0
10:43:38,3078.0,3084.02777301,5.42916916091,33.3333333333,426.0,0,17.6386262538,212.0,53.064516129,203.714285714,338.0
10:43:38,3078.0,3084.02442517,5.43058610392,33.3333333333,14.0,0,17.6432297073,0.0,27.9702970297,148.666666667,202.0
10:43:39,3077.0,3084.0205238,5.43241085102,31.5789473684,14.0,0,17.6548938935,2.0,17.6966292135,114.19047619,224.0
10:43:39,3077.0,3084.01662459,5.43423185453,31.5789473684,268.0,0,17.6608120069,118.0,14.2533936652,156.857142857,320.0
10:43:40,3077.0,3084.01272755,5.43605109829,31.5789473684,14.0,0,17.6667244013,6.0,18.9252336449,118.761904762,336.0
10:43:40,3077.0,3084.00883267,5.43786858407,31.5789473684,8.0,0,17.6726310825,2.0,8.06451612904,80.2857142857,340.0
10:43:41,3077.0,3084.00493996,5.43968431364,31.5789473684,70.0,0,17.678532056,42.0,26.2886597938,64.8571428571,170.0
10:43:41,3076.0,3084.000494,5.44195770165,30.0,20.0,0,17.6916700314,8.0,27.4111675127,52.0952380952,178.0
10:43:42,3076.0,3083.99605052,5.44422899234,30.0,26.0,0,17.6990539413,8.0,28.5714285714,40.7619047619,184.0
10:43:42,3076.0,3083.9916095,5.44649818833,30.0,130.0,0,17.7064310414,52.0,54.4776119403,58.5714285714,118.0
10:43:43,3077.0,3083.98772635,5.448309562,31.5789473684,20.0,0,17.7065634124,16.0,56.204379562,51.5238095238,128.0
10:43:43,3076.0,3083.98328996,5.45057489323,30.0,204.0,0,17.7196843083,106.0,74.4680851064,96.7619047619,232.0
10:43:44,3076.0,3083.97885603,5.4528347764,30.0,6.0,0,17.7270311327,2.0,71.4285714286,76.0952380952,192.0
10:43:44,3077.0,3083.97497996,5.45464099032,31.5789473684,36.0,0,17.7271400401,0.0,66.3507109005,67.0476190476,184.0
10:43:45,3077.0,3083.97110605,5.45644210238,31.5789473684,28.0,0,17.7329935079,2.0,67.4528301887,54.9523809524,178.0
10:43:45,3077.0,3083.96723429,5.45824520002,31.5789473684,82.0,0,17.7388534287,-60.0,87.2340425532,58.1904761905,66.0
10:43:46,3077.0,3083.96336468,5.46004679778,31.5789473684,214.0,0,17.7447084751,6.0,90.5263157895,101.428571429,56.0
10:43:46,3076.0,3083.95894182,5.46230065037,30.0,30.0,0,17.757804455,-10.0,84.3434343434,82.8571428571,-60.0
10:43:47,3077.0,3083.95507681,5.46409899048,31.5789473684,4.0,0,17.7578777721,0.0,84.7715736041,65.1428571429,-62.0
10:43:47,3076.0,3083.95065855,5.46634901262,30.0,328.0,0,17.7709655807,8.0,95.0437317784,140.095238095,-54.0
10:43:48,3076.0,3083.94624274,5.46859696611,30.0,0.0,0,17.778273622,0.0,0,107.428571429,-56.0
10:43:48,3076.0,3083.94182939,5.47083840371,30.0,26.0,0,17.7855604802,18.0,95.6810631229,83.5238095238,22.0
10:43:49,3077.0,3083.93797389,5.47262987765,31.5789473684,38.0,0,17.7856024623,-26.0,94.3661971831,65.7142857143,-10.0
10:43:49,3077.0,3083.93412053,5.47441986328,31.5789473684,36.0,0,17.7914197702,-4.0,92.1296296296,55.7142857143,-4.0
10:43:50,3076.0,3083.92971391,5.47666006599,30.0,6.0,0,17.8044865604,6.0,90.7834101383,36.8571428571,2.0
10:43:50,3076.0,3083.92530974,5.47889821198,30.0,46.0,0,17.8117627178,2.0,46.052631579,29.3333333333,-4.0
10:43:51,3077.0,3083.92146341,5.48067817484,31.5789473684,20.0,0,17.8117587743,-4.0,52.3255813954,27.8095238095,-8.0
10:43:51,3076.0,3083.91706382,5.48291240082,30.0,48.0,0,17.8248127465,4.0,40.206185567,33.3333333333,-22.0
10:43:52,3076.0,3083.91266667,5.48514457731,30.0,26.0,0,17.8320694971,4.0,35.1648351648,31.5238095238,8.0
10:43:52,3076.0,3083.90827197,5.4873747068,30.0,6.0,0,17.839319593,-2.0,34.2105263158,24.5714285714,10.0
10:43:53,3076.0,3083.9038797,5.4896027918,30.0,432.0,0,17.8465630423,42.0,14.1868512111,140.761904762,46.0
10:43:53,3076.0,3083.89948988,5.49182883479,30.0,10.0,0,17.853799853,10.0,16.9741697417,116.095238095,54.0
10:43:54,3075.0,3083.89454709,5.49455260538,28.5714285714,1224.0,0,17.8684637573,720.0,5.72737686138,440.0,778.0
10:43:54,3075.0,3083.88960705,5.4972736228,28.5714285714,1454.0,0,17.8773125945,-146.0,2.85532994923,772.285714286,628.0
10:43:55,3075.0,3083.88466975,5.49999189113,28.5714285714,472.0,0,17.8861524915,142.0,3.44635908838,757.047619048,766.0
10:43:55,3074.0,3083.87917979,5.50325643636,27.2727272727,1212.0,0,17.9025908795,-94.0,3.62198168192,932.0,674.0
10:43:56,3073.0,3083.87313748,5.50711626466,26.0869565217,396.0,0,17.920977106,46.0,2.60067114093,816.380952381,678.0
10:43:56,3073.0,3083.86709853,5.5109713734,26.0869565217,680.0,0,17.9335222043,14.0,4.59727841117,783.619047619,682.0
10:43:57,3074.0,3083.86161833,5.51422403124,27.2727272727,1060.0,0,17.9382694575,974.0,24.1562381494,827.523809524,936.0
10:43:57,3073.0,3083.85558577,5.51807031488,26.0869565217,104.0,0,17.956623218,6.0,33.4352701325,606.095238095,1088.0
10:43:58,3074.0,3083.85011196,5.521315255,27.2727272727,252.0,0,17.9613378497,-66.0,40.0107991361,491.238095238,880.0
10:43:58,3074.0,3083.8446412,5.52451349039,27.2727272727,72.0,0,17.9717419987,-42.0,55.8502340094,335.428571429,932.0
10:43:59,3074.0,3083.83917347,5.52770847947,27.2727272727,40.0,0,17.9821355871,-4.0,65.7608695652,224.761904762,882.0
10:43:59,3074.0,3083.83370878,5.5309430078,27.2727272727,38.0,0,17.9926578003,-28.0,84.1634738186,130.476190476,840.0
10:44:00,3074.0,3083.82824713,5.53417395862,27.2727272727,76.0,0,18.0031683755,-66.0,46.735395189,77.619047619,-200.0
10:44:00,3074.0,3083.82278851,5.53740133819,27.2727272727,162.0,0,18.0136673331,-46.0,41.25,96.1904761905,-252.0
10:44:01,3074.0,3083.81733292,5.54058290712,27.2727272727,846.0,0,18.0240172645,50.0,3.2414910859,307.428571429,-136.0
10:44:01,3074.0,3083.81188036,5.54376125829,27.2727272727,44.0,0,18.0343567283,20.0,4.80928689884,261.238095238,-74.0
10:44:02,3073.0,3083.80587543,5.5475291394,26.0869565217,40.0,0,18.0524866235,10.0,7.29684908789,215.238095238,-60.0
10:44:02,3073.0,3083.79987383,5.55133450061,26.0869565217,342.0,0,18.064869836,240.0,14.5695364238,255.523809524,208.0
10:44:03,3073.0,3083.79387557,5.55513525493,26.0869565217,70.0,0,18.0772380571,24.0,16.7553191489,203.619047619,298.0
10:44:03,3073.0,3083.78788063,5.55889008262,26.0869565217,76.0,0,18.089456826,40.0,18.4767277856,153.714285714,384.0
10:44:04,3073.0,3083.78188903,5.56268184611,26.0869565217,62.0,0,18.1017957895,20.0,49.8422712934,103.904761905,354.0
10:44:04,3074.0,3083.77645616,5.56583815081,27.2727272727,434.0,0,18.1061748562,-90.0,70.5078125,197.714285714,244.0
10:44:05,3074.0,3083.7710263,5.56899128109,27.2727272727,1212.0,0,18.1164322742,276.0,96.7213114754,495.238095238,510.0
10:44:05,3075.0,3083.76615486,5.5716020412,28.5714285714,528.0,0,18.1190310283,-38.0,100.503778338,541.523809524,232.0
10:44:06,3075.0,3083.76128613,5.5742509808,28.5714285714,918.0,0,18.127645466,-222.0,102.229102167,690.380952381,-14.0
10:44:06,3075.0,3083.7564201,5.5768569127,28.5714285714,172.0,0,18.1361200413,28.0,98.1358989778,585.714285714,-26.0
10:44:07,3076.0,3083.75211217,5.57897217734,30.0,40.0,0,18.1371007066,-4.0,97.9418886199,438.761904762,-50.0
10:44:07,3075.0,3083.74725124,5.58157378991,28.5714285714,42.0,0,18.1514594794,10.0,96.4972527473,293.428571429,50.0
10:44:08,3076.0,3083.74294841,5.58372535937,30.0,10.0,0,18.1525531839,10.0,80.701754386,157.619047619,-216.0
10:44:08,3075.0,3083.73809256,5.58636233481,28.5714285714,38.0,0,18.1670319831,38.0,80.3278688525,87.0476190476,-140.0
10:44:09,3075.0,3083.73323941,5.58899668551,28.5714285714,36.0,0,18.1755989773,30.0,10.0591715976,39.2380952381,112.0
10:44:09,3076.0,3083.72894436,5.59114179658,30.0,18.0,0,18.176663838,10.0,22.8260869565,28.2857142857,94.0
10:44:10,3075.0,3083.7240963,5.59377127556,28.5714285714,20.0,0,18.1911260994,12.0,10.9756097561,25.2380952381,110.0
10:44:10,3076.0,3083.71980632,5.5959121985,30.0,170.0,0,18.1921722968,12.0,59.5890410959,66.0,112.0
10:44:11,3075.0,3083.71496333,5.59853681833,28.5714285714,354.0,0,18.2066237994,-160.0,29.5597484277,153.238095238,-58.0
10:44:11,3075.0,3083.71012303,5.60115883072,28.5714285714,14.0,27.7777777778,18.215150669,-4.0,31.6993464052,126.952380952,-100.0
10:44:12,3074.0,3083.70473002,5.60430180892,27.2727272727,30.0,0,18.2313006146,-26.0,35.3135313531,106.380952381,-156.0
10:44:12,3075.0,3083.6998954,5.60691809781,28.5714285714,252.0,0,18.2338799929,-228.0,54.2857142857,149.523809524,-394.0
10:44:13,3074.0,3083.69450806,5.61006535222,27.2727272727,24.0,0,18.2500499422,0.0,56.3981042654,116.380952381,-406.0
10:44:13,3075.0,3083.68967912,5.6126648014,28.5714285714,4.0,0,18.2525684598,2.0,47.4926253687,77.3333333333,-416.0
10:44:14,3075.0,3083.68485286,5.6152727966,28.5714285714,128.0,0,18.261049745,102.0,95.5752212389,81.619047619,-154.0
10:44:14,3075.0,3083.68002928,5.61787820761,28.5714285714,26.0,0,18.2695226264,0.0,95.6896551724,67.5238095238,-150.0
10:44:15,3075.0,3083.67520839,5.62048103802,28.5714285714,26.0,0,18.2779871155,0.0,95.2173913044,52.8571428571,-124.0
10:44:15,3074.0,3083.66983476,5.62361285365,27.2727272727,298.0,0,18.2941211895,-24.0,90.9090909091,116.095238095,80.0
10:44:16,3075.0,3083.66501953,5.62621015103,28.5714285714,16.0,0,18.2966183773,-2.0,89.5582329317,96.5714285714,78.0
10:44:16,3075.0,3083.66020696,5.62880487913,28.5714285714,410.0,0,18.3050565175,308.0,92.6991150443,190.0,384.0
10:44:17,3075.0,3083.65539707,5.63138482629,28.5714285714,16.0,0,18.3134465895,10.0,90.6565656566,151.523809524,292.0
10:44:17,3076.0,3083.65114525,5.63349358062,31.8181818182,70.0,0,18.3143484415,70.0,90.4306220096,133.80952381,362.0
10:44:18,3075.0,3083.6463404,5.63608084845,28.5714285714,62.0,0,18.3287182063,58.0,85.5504587156,111.714285714,420.0
10:44:18,3075.0,3083.64153821,5.63866556071,28.5714285714,38.0,0,18.3371237747,18.0,77.4509803922,81.0476190476,462.0
10:44:19,3076.0,3083.63729409,5.64075529457,31.8181818182,16.0,0,18.3379560942,4.0,78.1045751634,56.4761904762,468.0
10:44:19,3075.0,3083.63249692,5.64333513131,28.5714285714,118.0,0,18.3523093701,22.0,27.5,61.0476190476,182.0
10:44:20,3075.0,3083.62770243,5.64591242257,28.5714285714,154.0,0,18.3606908051,-22.0,39.7379912664,89.8095238095,150.0
10:44:20,3076.0,3083.62346599,5.64799537665,31.8181818182,92.0,0,18.3614934221,10.0,44.1666666667,94.2857142857,90.0
10:44:21,3075.0,3083.61867651,5.65055454506,28.5714285714,18.0,0,18.3757871384,6.0,49.5412844037,76.5714285714,38.0
10:44:21,3075.0,3083.61388968,5.6531243137,28.5714285714,98.0,0,18.3841441096,-86.0,44.7580645161,83.8095238095,-66.0
10:44:22,3075.0,3083.60910552,5.65567800975,28.5714285714,14.0,0,18.3924488122,-4.0,44.5344129555,64.1904761905,-74.0
10:44:22,3075.0,3083.60432401,5.65824258777,28.5714285714,48.0,0,18.4007889033,-6.0,54.7169811321,54.380952381,-102.0
10:44:23,3076.0,3083.60010056,5.6603139159,31.8181818182,26.0,0,18.4015406889,20.0,52.7027027027,41.619047619,-60.0
10:44:23,3075.0,3083.59532405,5.6628597234,28.5714285714,4.0,0,18.4158039785,-4.0,31.7307692308,28.6666666667,-74.0
10:44:24,3075.0,3083.5905502,5.66540273894,28.5714285714,24.0,0,18.4240739478,0.0,31.7757009346,25.619047619,-80.0
10:44:24,3075.0,3083.58577899,5.66794296629,28.5714285714,16.0,0,18.4323348497,2.0,48.4848484849,20.0,8.0
10:44:25,3076.0,3083.58156584,5.67001926287,31.8181818182,42.0,0,18.4330925321,0.0,35.0,25.7142857143,12.0
10:44:25,3075.0,3083.57679963,5.67255443036,28.5714285714,4.0,0,18.4473314809,0.0,32.7586206897,19.2380952381,18.0
10:44:26,3076.0,3083.57259147,5.67462659211,31.8181818182,64.0,0,18.4480708456,10.0,20.7792207792,32.0,8.0
10:44:26,3076.0,3083.56838564,5.67668215538,31.8181818182,220.0,0,18.454753431,196.0,11.3513513514,87.5238095238,208.0
10:44:27,3076.0,3083.56418215,5.67875048745,31.8181818182,22.0,0,18.4614775275,4.0,14.1304347826,76.1904761905,212.0
10:44:27,3076.0,3083.55998099,5.68081696628,31.8181818182,20.0,0,18.4681955991,12.0,17.7419354839,64.380952381,222.0
10:44:28,3076.0,3083.55578217,5.68286648865,31.8181818182,22.0,0,18.4748585457,10.0,21.0227272727,52.9523809524,232.0
10:44:28,3076.0,3083.55158568,5.68492915035,31.8181818182,142.0,0,18.4815642079,30.0,18.3673469388,76.7619047619,262.0
10:44:29,3075.0,3083.54683611,5.68744767307,28.5714285714,6.0,0,18.4957647905,2.0,17.5925925926,55.1428571429,254.0
10:44:29,3076.0,3083.54264459,5.68949073829,31.8181818182,4.0,0,18.4963938176,4.0,32.4074074074,35.7142857143,62.0
10:44:30,3076.0,3083.5384554,5.69153171441,31.8181818182,66.0,0,18.5030289805,2.0,43.8461538462,44.2857142857,60.0
10:44:30,3075.0,3083.53371313,5.69404269586,28.5714285714,124.0,0,18.517212019,80.0,36.8131868132,67.3333333333,128.0
10:44:31,3075.0,3083.52897349,5.69656684025,28.5714285714,52.0,0,18.5254206187,52.0,36.5482233502,64.8571428571,170.0
10:44:31,3076.0,3083.52479189,5.69861710943,31.8181818182,14.0,0,18.5260634247,6.0,52.6315789474,50.0952380952,146.0
10:44:32,3075.0,3083.52005721,5.70113665703,28.5714285714,52.0,0,18.5402818115,48.0,51.9230769231,52.2857142857,192.0
10:44:32,3076.0,3083.51588056,5.70316670076,31.8181818182,6.0,0,18.5408540337,2.0,51.5923566879,39.1428571429,190.0
10:44:33,3075.0,3083.51115083,5.70566512391,28.5714285714,14.0,0,18.555008533,12.0,41.2213740458,28.1904761905,200.0
10:44:33,3076.0,3083.50697913,5.70769071809,31.8181818182,2.0,0,18.5555615022,2.0,52.8571428571,16.2857142857,122.0
10:44:34,3076.0,3083.50280974,5.70973091164,31.8181818182,32.0,0,18.5621941211,20.0,61.6666666667,18.7619047619,90.0
10:44:34,3075.0,3083.49808727,5.71223880322,28.5714285714,46.0,0,18.5763863519,4.0,69.7368421053,26.1904761905,88.0
10:44:35,3075.0,3083.49336742,5.71472731925,28.5714285714,4.0,0,18.584479087,2.0,78.8461538462,20.0952380952,42.0
10:44:35,3076.0,3083.4892056,5.71674430354,31.8181818182,4.0,0,18.5849944849,4.0,80.3921568627,16.2857142857,44.0
10:44:36,3076.0,3083.48504608,5.71877640991,31.8181818182,16.0,0,18.5916008125,14.0,84.6153846154,16.0,46.0
10:44:36,3076.0,3083.48088888,5.72078940395,31.8181818182,14.0,0,18.5981450063,8.0,86.2068965517,15.0476190476,52.0
10:44:37,3076.0,3083.47673398,5.72281776836,31.8181818182,120.0,0,18.6047391689,0.0,98.0392156863,43.8095238095,32.0
10:44:37,3076.0,3083.4725814,5.72484432238,31.8181818182,136.0,0,18.611327446,32.0,89.1156462585,72.9523809524,60.0
10:44:38,3076.0,3083.46843111,5.72685141097,31.8181818182,16.0,0,18.6178524414,16.0,89.5424836601,63.5238095238,74.0
10:44:38,3076.0,3083.46428314,5.72885644951,31.8181818182,74.0,0,18.6243707722,16.0,88.2978723404,70.0952380952,86.0
10:44:39,3076.0,3083.46013747,5.73085944016,31.8181818182,20.0,0,18.6308824452,4.0,85.7894736842,57.9047619048,76.0
10:44:39,3076.0,3083.4559941,5.73286038505,31.8181818182,494.0,0,18.6373874676,38.0,91.8604651163,180.952380952,106.0
10:44:40,3076.0,3083.45185303,5.73485928633,31.8181818182,776.0,0,18.6438858463,642.0,94.9868073879,361.714285714,748.0
10:44:40,3076.0,3083.44771426,5.73687444477,31.8181818182,912.0,0,18.6504370766,-224.0,97.9930191972,550.095238095,492.0
10:44:41,3076.0,3083.44357779,5.73886939332,31.8181818182,166.0,0,18.6569226051,-20.0,98.0343980344,488.380952381,456.0
10:44:41,3077.0,3083.43999902,5.74044535605,34.7826086957,38.0,0,18.6559810076,-18.0,97.5893599335,382.952380952,422.0
10:44:42,3076.0,3083.43586683,5.74245516813,31.8181818182,44.0,0,18.6685798704,6.0,97.2839506173,280.952380952,424.0
10:44:42,3076.0,3083.43173694,5.74446318904,31.8181818182,40.0,0,18.6751078968,6.0,97.1659919028,176.666666667,392.0
10:44:43,3077.0,3083.42816475,5.74605322814,34.7826086957,46.0,0,18.6742061363,-2.0,93.2584269663,95.7142857143,-252.0
10:44:43,3076.0,3083.42403914,5.74805793827,31.8181818182,6.0,0,18.6867943377,0.0,74.1176470588,38.0952380952,-28.0
10:44:44,3076.0,3083.41991581,5.75006086253,31.8181818182,36.0,0,18.693305795,-8.0,58.0952380952,32.1904761905,-16.0
10:44:44,3076.0,3083.41579478,5.75206200279,31.8181818182,2.0,0,18.6998114525,0.0,60.9195402299,22.7619047619,2.0
10:44:45,3077.0,3083.41223144,5.75362686877,34.7826086957,166.0,0,18.698819853,10.0,42.5675675676,61.9047619048,6.0
10:44:45,3077.0,3083.40867008,5.75520965686,34.7826086957,1132.0,0,18.7039637857,166.0,26.3688760807,371.238095238,166.0
10:44:46,3076.0,3083.4045553,5.75720587129,31.8181818182,108.0,0,18.7165340419,104.0,26.2068965517,336.0,272.0
10:44:46,3077.0,3083.4009982,5.75878585347,34.7826086957,58.0,0,18.7155861341,-24.0,28.362183755,283.523809524,248.0
10:44:47,3077.0,3083.39744308,5.76034479394,34.7826086957,322.0,0,18.720652564,318.0,22.1476510067,304.0,574.0
10:44:47,3077.0,3083.39388993,5.76190222791,34.7826086957,50.0,0,18.7257140978,-10.0,24.0740740741,233.142857143,564.0
10:44:48,3076.0,3083.38978335,5.76389190763,31.8181818182,1198.0,0,18.7382701809,326.0,54.4630404463,488.0,880.0
10:44:48,3077.0,3083.38623446,5.76544621532,34.7826086957,192.0,0,18.737231769,0.0,71.7842323651,406.285714286,714.0
10:44:49,3077.0,3083.38268754,5.76699902034,34.7826086957,100.0,0,18.7422782592,-10.0,75.8333333333,343.047619048,600.0
10:44:49,3077.0,3083.37914258,5.76855032391,34.7826086957,248.0,0,18.7473198697,-86.0,79.9052132701,322.476190476,538.0
10:44:50,3077.0,3083.3755996,5.77010012724,34.7826086957,56.0,0,18.7523566046,4.0,90.5639913232,238.0,224.0
10:44:50,3076.0,3083.37150318,5.77206100058,31.8181818182,4.0,0,18.7648277002,4.0,90.3225806451,151.333333333,238.0
10:44:51,3076.0,3083.36740904,5.77404056484,31.8181818182,34.0,0,18.7712632147,0.0,72.5552050473,75.4285714286,-88.0
10:44:51,3076.0,3083.36331717,5.77599756228,31.8181818182,250.0,0,18.777625365,160.0,52.8901734104,116.666666667,72.0
10:44:52,3077.0,3083.35978298,5.77756172139,34.7826086957,6.0,0,18.7766061794,-4.0,45.1505016723,85.4285714286,78.0
10:44:52,3076.0,3083.35569534,5.77953615738,31.8181818182,8.0,0,18.7891292503,0.0,-0.55865921786,59.2380952381,164.0
10:44:53,3076.0,3083.35160998,5.78150883805,31.8181818182,20.0,0,18.7955423864,-12.0,4.34782608698,47.9047619048,148.0
10:44:53,3077.0,3083.34808229,5.78306873127,34.7826086957,6.0,0,18.794503514,2.0,5.55555555557,34.2857142857,146.0
10:44:54,3077.0,3083.34455656,5.78460600123,34.7826086957,164.0,0,18.7994995165,134.0,3.96475770926,65.7142857143,280.0
10:44:54,3076.0,3083.34047738,5.78657383331,31.8181818182,138.0,0,18.8120085608,102.0,35.6725146199,83.5238095238,222.0
10:44:55,3076.0,3083.33640047,5.7885399167,31.8181818182,30.0,0,18.8184002494,-8.0,34.4262295082,75.8095238095,218.0
10:44:55,3077.0,3083.33288122,5.79009418434,34.7826086957,36.0,0,18.8173356657,18.0,34.0101522843,68.6666666667,236.0
10:44:56,3076.0,3083.32880853,5.79203086385,31.8181818182,48.0,0,18.8297492323,14.0,40.2843601896,63.619047619,262.0
10:44:56,3076.0,3083.3247381,5.7939920991,31.8181818182,286.0,0,18.8361251596,150.0,25.0712250712,125.238095238,410.0
10:44:57,3076.0,3083.32066993,5.79595159237,31.8181818182,574.0,0,18.8424954238,-212.0,15.8273381295,255.80952381,64.0
10:44:57,3077.0,3083.31715943,5.79747443949,34.7826086957,298.0,0,18.8413208953,-202.0,31.7610062893,288.0,-240.0
10:44:58,3075.0,3083.31254006,5.79986190103,28.5714285714,26.0,0,18.8613395155,2.0,32.0977917981,234.857142857,-230.0
10:44:58,3075.0,3083.30792327,5.80224730302,28.5714285714,130.0,0,18.8690969204,12.0,33.7004405286,211.619047619,-236.0
10:44:59,3075.0,3083.30330904,5.80463064802,28.5714285714,146.0,0,18.8768476358,142.0,29.6575342466,188.476190476,-108.0
10:44:59,3075.0,3083.29869737,5.80701193854,28.5714285714,126.0,0,18.88459167,-10.0,41.0,154.952380952,-268.0
10:45:00,3076.0,3083.29464366,5.80886263463,31.8181818182,122.0,0,18.8844689032,42.0,63.0896226415,127.904761905,-14.0
10:45:00,3076.0,3083.29059221,5.81078498527,31.8181818182,1334.0,0,18.8907184177,292.0,19.9044585987,468.666666667,480.0
10:45:01,3075.0,3083.2859876,5.81316088769,28.5714285714,824.0,0,18.9045882527,48.0,13.0499627144,614.380952381,526.0
10:45:01,3074.0,3083.28083015,5.81596461194,27.2727272727,34.0,25.0,18.9198588547,16.0,11.9102861562,496.380952381,530.0
10:45:02,3074.0,3083.27567557,5.81876591112,33.3333333333,732.0,0,18.9289717343,-192.0,24.4010088273,582.380952381,196.0
10:45:02,3075.0,3083.27107925,5.82106304724,36.8421052632,54.0,0,18.9302863325,-40.0,23.0967741936,446.761904762,166.0
10:45:03,3074.0,3083.26593008,5.82385986696,33.3333333333,56.0,0,18.9455428333,2.0,23.5992089651,315.142857143,126.0
10:45:03,3075.0,3083.26133917,5.82615319348,36.8421052632,172.0,0,18.9468396536,-110.0,36.858974359,219.80952381,-276.0
10:45:04,3075.0,3083.25675081,5.82851663572,36.8421052632,20.0,0,18.9545256446,-6.0,66.8539325843,136.380952381,-330.0
10:45:04,3074.0,3083.2516096,5.83137848197,33.3333333333,34.0,0,18.9700015679,12.0,65.7303370787,95.2380952381,-334.0
10:45:05,3075.0,3083.24702665,5.83366599581,36.8421052632,92.0,0,18.9712715311,-4.0,63.5514018692,70.6666666667,-146.0
10:45:05,3075.0,3083.24244624,5.83604698785,36.8421052632,284.0,0,18.9790145946,102.0,75.075987842,131.428571429,-4.0
10:45:06,3075.0,3083.23786837,5.83840202405,36.8421052632,108.0,0,18.9866732489,26.0,84.2253521127,130.952380952,20.0
10:45:06,3075.0,3083.23329305,5.84075504061,36.8421052632,14.0,0,18.9943253353,12.0,81.5217391304,101.142857143,142.0
10:45:07,3076.0,3083.22927567,5.84258376988,40.0,16.0,0,18.9940954807,10.0,81.3868613139,79.4285714286,158.0
10:45:07,3075.0,3083.22470512,5.844862357,36.8421052632,26.0,0,19.0076824618,14.0,81.1111111111,60.7619047619,160.0
10:45:08,3075.0,3083.22013711,5.8471392116,36.8421052632,10.0,0,19.015086867,10.0,85.152838428,37.9047619048,174.0
10:45:08,3075.0,3083.21557163,5.84941433573,36.8421052632,40.0,0,19.0224856446,6.0,64.4859813084,27.5238095238,78.0
10:45:09,3075.0,3083.21100869,5.85168773138,36.8421052632,248.0,0,19.0298788012,-18.0,8.47457627119,88.1904761905,34.0
10:45:09,3076.0,3083.20700369,5.85350944644,40.0,16.0,0,19.0296145853,-2.0,9.55056179776,75.9047619048,20.0
10:45:10,3075.0,3083.20244551,5.85577967102,36.8421052632,80.0,0,19.043185922,-2.0,13.8095238095,81.8095238095,8.0
10:45:10,3075.0,3083.19788986,5.85793067343,36.8421052632,28.0,0,19.0501810518,16.0,14.2180094787,69.8095238095,10.0
10:45:11,3075.0,3083.19333674,5.86019760522,36.8421052632,20.0,0,19.0575531877,0.0,13.8888888889,55.4285714286,0.0
10:45:11,3075.0,3083.18878615,5.86234560459,36.8421052632,50.0,0,19.0645385515,24.0,18.5520361991,49.1428571429,18.0
10:45:12,3075.0,3083.18423809,5.86432771136,36.8421052632,2.0,0,19.0709844272,0.0,41.8367346939,28.6666666667,36.0
10:45:12,3076.0,3083.18024796,5.86586020735,40.0,74.0,0,19.0697666039,-50.0,32.2834645669,40.4761904762,-12.0
10:45:13,3076.0,3083.17626004,5.86739197431,40.0,4.0,0,19.0747463404,2.0,31.4606741573,29.5238095238,-8.0
10:45:13,3075.0,3083.17171893,5.86937111486,36.8421052632,28.0,0,19.0873857394,26.0,29.2134831461,29.0476190476,2.0
10:45:14,3075.0,3083.16718035,5.87134911516,36.8421052632,250.0,0,19.0938182607,-38.0,12.7450980392,92.0,-36.0
10:45:14,3075.0,3083.16264429,5.87348981772,36.8421052632,54.0,0,19.100779895,-10.0,4.85436893204,88.0,-70.0
10:45:15,3075.0,3083.15811074,5.87562909687,36.8421052632,34.0,0,19.1077369004,-8.0,9.00900900901,78.0952380952,-78.0
10:45:15,3075.0,3083.15357972,5.87788321687,36.8421052632,62.0,0,19.1150673719,0.0,8.33333333333,74.6666666667,-28.0
10:45:16,3075.0,3083.14905121,5.88013563294,36.8421052632,46.0,0,19.1223923022,-6.0,8.4388185654,67.2380952381,-36.0
10:45:16,3076.0,3083.14508062,5.88193981372,40.0,96.0,0,19.1220410069,26.0,14.7601476015,72.0952380952,-36.0
10:45:17,3075.0,3083.14055683,5.88418910338,36.8421052632,32.0,0,19.1355743199,32.0,32.7160493827,55.4285714286,34.0
10:45:17,3075.0,3083.13603555,5.88643669463,36.8421052632,6.0,0,19.1428835598,6.0,34.0579710145,41.7142857143,50.0
10:45:18,3075.0,3083.13151679,5.88856705095,36.8421052632,86.0,0,19.1498115478,-48.0,22.5609756098,53.1428571429,10.0
10:45:18,3076.0,3083.12755594,5.89025047152,40.0,70.0,0,19.1490587501,16.0,23.2142857143,57.5238095238,26.0
10:45:19,3076.0,3083.12359728,5.89193293966,40.0,68.0,0,19.1545284124,-8.0,22.3463687151,60.9523809524,24.0
10:45:19,3076.0,3083.11964083,5.89379771821,40.0,38.0,0,19.1605907614,38.0,22.0,54.7619047619,36.0
10:45:20,3075.0,3083.11513117,5.89610589607,36.8421052632,34.0,0,19.1743281173,22.0,13.2450331126,50.1904761905,26.0
10:45:20,3076.0,3083.11117942,5.89789978836,40.0,52.0,0,19.1739264901,42.0,18.9655172414,50.6666666667,62.0
10:45:21,3075.0,3083.10667446,5.90013682097,36.8421052632,56.0,0,19.1874368162,50.0,23.8993710692,50.0952380952,160.0
10:45:21,3075.0,3083.102172,5.9024396962,36.8421052632,66.0,0,19.1949258413,64.0,26.1146496815,53.8095238095,208.0
10:45:22,3075.0,3083.09767204,5.90467323162,36.8421052632,56.0,0,19.2021893711,40.0,25.1655629139,54.8571428571,256.0
10:45:22,3075.0,3083.09317458,5.90690508647,36.8421052632,216.0,0,19.2094474357,92.0,18.75,102.19047619,310.0
10:45:23,3075.0,3083.08867963,5.90913526266,36.8421052632,60.0,0,19.2167000412,38.0,29.6442687747,96.4761904762,326.0
10:45:23,3076.0,3083.08474256,5.91098782636,40.0,140.0,0,19.2164753783,96.0,61.2794612795,112.380952381,380.0
10:45:24,3075.0,3083.08025229,5.91321479249,36.8421052632,12.0,0,19.2299668048,-2.0,64.7272727273,87.5238095238,328.0
10:45:24,3076.0,3083.07631991,5.91506440877,40.0,46.0,0,19.229728247,-34.0,70.5660377358,74.4761904762,230.0
10:45:25,3075.0,3083.07183431,5.91735478523,36.8421052632,92.0,0,19.2434301959,-10.0,80.2120141343,75.5238095238,180.0
10:45:25,3076.0,3083.0679066,5.91920133502,40.0,424.0,0,19.243177292,-190.0,55.0387596899,169.714285714,-102.0
10:45:26,3075.0,3083.06342568,5.92142177205,36.8421052632,8.0,0,19.2566561693,-2.0,50.9695290859,135.142857143,-142.0
10:45:26,3076.0,3083.05950264,5.92319915202,40.0,8.0,0,19.2561740963,-2.0,22.0338983051,103.047619048,-240.0
10:45:27,3075.0,3083.05502638,5.92541652831,36.8421052632,18.0,0,19.2696472465,0.0,21.4765100671,80.0952380952,-238.0
10:45:27,3076.0,3083.05110801,5.92725733813,40.0,8.0,0,19.2693671591,2.0,18.9964157706,54.0,-202.0
10:45:28,3076.0,3083.04719182,5.92903087349,40.0,4.0,0,19.2751328787,0.0,5.53191489362,28.5714285714,-192.0
10:45:28,3075.0,3083.0427224,5.93124367593,36.8421052632,6.0,0,19.2885973201,-2.0,23.0769230769,7.90476190476,-4.0
10:45:29,3076.0,3083.03881086,5.9330146541,40.0,90.0,0,19.2880840511,8.0,20.895522388,31.1428571429,6.0
10:45:29,3076.0,3083.0349015,5.93478446674,40.0,6.0,0,19.2938376682,0.0,24.2424242424,26.4761904762,8.0
10:45:30,3076.0,3083.0309943,5.93644089969,40.0,52.0,0,19.2992226908,8.0,28.9156626506,35.0476190476,16.0
10:45:30,3076.0,3083.02708928,5.93820850873,40.0,38.0,0,19.3049691441,-2.0,23.4693877551,38.0,12.0
10:45:31,3076.0,3083.02318642,5.93986297359,40.0,4.0,0,19.3103477685,2.0,23.4693877551,29.8095238095,14.0
10:45:31,3075.0,3083.01873034,5.94195563164,36.8421052632,88.0,0,19.3234329484,62.0,32.3741007194,45.619047619,78.0
10:45:32,3076.0,3083.01483212,5.94371978319,40.0,20.0,0,19.3228861612,20.0,44.2307692308,38.0952380952,90.0
10:45:32,3075.0,3083.01038068,5.94592140919,36.8421052632,18.0,0,19.336329786,-4.0,39.0909090909,33.3333333333,86.0
10:45:33,3076.0,3083.0064871,5.94757154898,40.0,6.0,0,19.3354081566,2.0,42.5287356322,24.5714285714,80.0
10:45:33,3075.0,3083.00204029,5.94977029721,36.8421052632,20.0,0,19.348846495,18.0,46.1538461538,22.0,100.0
10:45:34,3075.0,3082.99759595,5.95185620491,36.8421052632,36.0,0,19.3556299347,34.0,47.8723404255,24.8571428571,132.0
10:45:34,3076.0,3082.99370947,5.95361415678,40.0,80.0,0,19.3550525253,-16.0,60.0,38.7619047619,54.0
10:45:35,3075.0,3082.98926976,5.95569744856,36.8421052632,4.0,0,19.3681217839,-4.0,53.6585365854,31.3333333333,30.0
10:45:35,3076.0,3082.98538791,5.9573421605,40.0,22.0,0,19.3671721733,-14.0,53.5714285714,29.8095238095,20.0
10:45:36,3076.0,3082.98150821,5.95898595235,40.0,0.0,0,19.3725161,0.0,0,21.8095238095,18.0
10:45:36,3075.0,3082.97707527,5.96117624485,36.8421052632,8.0,0,19.3859390077,0.0,57.3333333333,16.380952381,0.0
10:45:37,3075.0,3082.9726448,5.96336490479,36.8421052632,38.0,0,19.3930566009,-24.0,65.7894736842,20.0952380952,-58.0
10:45:37,3075.0,3082.96821678,5.96555193394,36.8421052632,42.0,0,19.4001688909,22.0,33.3333333333,24.8571428571,-20.0
10:45:38,3076.0,3082.96434662,5.96736494983,40.0,6.0,0,19.3997560137,6.0,37.9310344828,21.1428571429,-10.0
10:45:38,3076.0,3082.96047861,5.96911308604,40.0,36.0,0,19.4054391614,-2.0,58.4615384615,25.9047619048,2.0
10:45:39,3076.0,3082.95661276,5.97086007722,40.0,36.0,0,19.4111185865,-20.0,66.265060241,30.0,-18.0
10:45:39,3076.0,3082.95274904,5.97260592437,40.0,4.0,0,19.4167942925,2.0,67.9012345679,23.2380952381,-16.0
10:45:40,3076.0,3082.94888748,5.97435062849,40.0,22.0,0,19.4224662825,20.0,64.3835616438,21.8095238095,28.0
10:45:40,3076.0,3082.94502806,5.97609419058,40.0,18.0,0,19.4281345598,2.0,85.2459016393,20.0,8.0
10:45:41,3076.0,3082.94117078,5.97783661165,40.0,56.0,0,19.4337991276,0.0,89.5348837209,30.1904761905,2.0
10:45:41,3075.0,3082.93676024,5.9800751923,36.8421052632,24.0,0,19.4473989993,12.0,82.5,28.8571428571,16.0
10:45:42,3076.0,3082.93290756,5.98187771807,40.0,60.0,0,19.4469366647,0.0,85.8695652174,38.380952381,36.0
10:45:42,3076.0,3082.92905701,5.98367887556,40.0,66.0,0,19.4527921832,4.0,89.4308943089,48.4761904762,38.0
10:45:43,3075.0,3082.9246532,5.98584992341,36.8421052632,82.0,0,19.4661786127,-10.0,89.5424836601,60.1904761905,8.0
10:45:43,3075.0,3082.92025184,5.98801935942,36.8421052632,40.0,0,19.4732336892,-4.0,92.0731707317,57.0476190476,2.0
10:45:44,3076.0,3082.91640833,5.98975398308,40.0,36.0,0,19.4725422077,-6.0,91.5584415584,51.7142857143,-4.0
10:45:44,3076.0,3082.91256694,5.9914874735,40.0,30.0,0,19.4781777422,-18.0,95.5414012739,45.619047619,-34.0
10:45:45,3076.0,3082.90872769,5.99321983166,40.0,82.0,0,19.4838095958,-10.0,81.5476190476,54.0952380952,-44.0
10:45:45,3076.0,3082.90489058,5.99501294802,40.0,16.0,0,19.4896389728,14.0,76.9230769231,42.6666666667,-34.0
10:45:46,3076.0,3082.90105559,5.99680470473,40.0,28.0,0,19.4954639295,6.0,63.7931034483,37.0476190476,-18.0
10:45:46,3077.0,3082.89777814,5.99820929425,42.8571428571,14.0,0,19.493692864,0.0,58.2524271845,30.0,-14.0
10:45:47,3076.0,3082.8939471,5.99993701099,40.0,40.0,0,19.5056469798,24.0,40.0,31.619047619,16.0
10:45:47,3075.0,3082.8895628,6.00209528744,36.8421052632,22.0,0,19.5190090648,0.0,36.6336633663,27.9047619048,34.0
10:45:48,3076.0,3082.88573632,6.00382053645,40.0,18.0,0,19.5182722251,8.0,42.0289855072,23.4285714286,52.0
10:45:48,3076.0,3082.88191198,6.00560586242,40.0,0.0,0,19.5240762757,0.0,0,16.8571428571,38.0
10:45:49,3076.0,3082.87808975,6.00732875457,40.0,36.0,0,19.5296773555,-16.0,63.0769230769,21.3333333333,16.0
10:45:49,3076.0,3082.87426966,6.00911149736,40.0,38.0,0,19.5354730083,-2.0,67.5324675325,26.0,14.0
10:45:50,3076.0,3082.87045168,6.01089288986,40.0,60.0,0,19.5412642713,-38.0,91.9540229885,35.8095238095,-48.0
10:45:50,3076.0,3082.86663582,6.01267293327,40.0,6.0,0,19.5470511485,4.0,92.4050632911,29.2380952381,-44.0
10:45:51,3076.0,3082.86282208,6.01439101702,40.0,8.0,0,19.5526365963,8.0,91.8918918919,24.0,-44.0
10:45:51,3076.0,3082.85901046,6.01616848635,40.0,0.0,32.3529411765,19.5584151052,0.0,0,16.9523809524,-44.0
10:45:52,3076.0,3082.85520096,6.0179446101,47.0588235294,36.0,0,19.5641892396,6.0,74.3243243243,20.1904761905,-22.0
10:45:52,3076.0,3082.85139357,6.01971938945,47.0588235294,148.0,0,19.5699590034,26.0,87.5968992248,55.4285714286,6.0
10:45:53,3076.0,3082.8475883,6.0214928256,47.0588235294,80.0,0,19.5757244005,42.0,89.2086330935,66.0,86.0
10:45:53,3075.0,3082.84322974,6.02369385463,44.4444444444,8.0,0,19.5892483077,6.0,88.5714285714,55.0476190476,88.0
10:45:54,3076.0,3082.839429,6.02546437942,47.0588235294,8.0,0,19.5886358239,8.0,87.1428571429,44.0,88.0
10:45:54,3075.0,3082.83507497,6.02766199966,44.4444444444,14.0,0,19.6021528444,14.0,82.9931972789,34.6666666667,102.0
10:45:55,3076.0,3082.83127876,6.02942961878,47.0588235294,4.0,0,19.601526719,2.0,91.6030534351,21.8095238095,98.0
10:45:55,3076.0,3082.82748466,6.0311363915,47.0588235294,4.0,0,19.607075395,0.0,79.6610169491,10.4761904762,72.0
10:45:56,3075.0,3082.82313726,6.03332918329,44.4444444444,46.0,0,19.6205827099,2.0,38.0952380952,18.0,32.0
10:45:56,3076.0,3082.81934769,6.03509268777,47.0588235294,12.0,0,19.6199372164,0.0,43.1818181818,17.4285714286,26.0
10:45:57,3075.0,3082.81500481,6.03728208716,44.4444444444,12.0,0,19.6334376818,2.0,47.8260869565,16.6666666667,20.0
10:45:57,3076.0,3082.81121975,6.03898368907,47.0588235294,6.0,0,19.6325867655,4.0,59.5238095238,14.0,10.0
10:45:58,3076.0,3082.80743679,6.04074309033,47.0588235294,12.0,0,19.6383065355,10.0,60.8695652174,13.4285714286,18.0
10:45:58,3076.0,3082.80365593,6.04250116204,47.0588235294,4.0,0,19.6440219832,4.0,60.8695652174,10.1904761905,22.0
10:45:59,3076.0,3082.79987717,6.04419923931,47.0588235294,234.0,0,19.6495423905,-152.0,96.4285714286,72.6666666667,-132.0
10:45:59,3076.0,3082.79610051,6.04589621429,47.0588235294,6.0,0,19.6550592142,-6.0,96.3503649635,61.0476190476,-138.0
10:46:00,3075.0,3082.79177054,6.04801798342,44.4444444444,6.0,0,19.6683511656,4.0,95.5223880597,49.7142857143,-136.0
10:46:00,3075.0,3082.78744298,6.05019650737,44.4444444444,128.0,0,19.6754357963,-8.0,92.8205128205,73.5238095238,-148.0
10:46:01,3076.0,3082.78367323,6.05194785499,47.0588235294,228.0,0,19.6747329486,24.0,92.4092409241,120.095238095,-134.0
10:46:01,3076.0,3082.77990557,6.05363980272,47.0588235294,28.0,0,19.6802334289,-10.0,92.6984126984,99.2380952381,-148.0
10:46:02,3076.0,3082.77614,6.05533065332,47.0588235294,8.0,0,19.6857303424,-2.0,89.1089108911,71.5238095238,2.0
10:46:02,3076.0,3082.77237652,6.0570782744,47.0588235294,10.0,0,19.6914118153,0.0,89.2156862745,55.1428571429,8.0
10:46:03,3076.0,3082.76861514,6.05882457634,47.0588235294,14.0,0,19.6970889998,10.0,89.9038461538,39.7142857143,14.0
10:46:03,3076.0,3082.76485584,6.06056956029,47.0588235294,8.0,0,19.7027618995,-2.0,90.5405405405,22.1904761905,20.0
10:46:04,3075.0,3082.76054323,6.06273727422,44.4444444444,70.0,0,19.7162187779,32.0,7.24637681159,28.0952380952,28.0
10:46:04,3076.0,3082.75678842,6.06447940195,47.0588235294,16.0,0,19.7154726981,-4.0,-6.34920634921,26.0952380952,34.0
10:46:05,3077.0,3082.75359109,6.06584240941,50.0,24.0,0,19.7134949932,-4.0,-8.45070422536,26.9523809524,32.0
10:46:05,3076.0,3082.74984013,6.06758211957,47.0588235294,66.0,0,19.7255595565,54.0,-11.1111111111,39.0476190476,86.0
10:46:06,3076.0,3082.74609126,6.06932051742,47.0588235294,0.0,0,19.7312110449,0.0,0,29.619047619,76.0
10:46:06,3077.0,3082.74289988,6.07068039158,50.0,2.0,0,19.7292180422,2.0,-21.3483146067,21.4285714286,80.0
10:46:07,3076.0,3082.73915486,6.07242743884,47.0588235294,50.0,0,19.7413115697,34.0,15.1898734177,27.2380952381,82.0
10:46:07,3077.0,3082.73596733,6.07379615161,50.0,14.0,0,19.7393440091,6.0,15.3846153846,23.7142857143,92.0
10:46:08,3077.0,3082.73278157,6.07516374316,50.0,24.0,0,19.7437885705,22.0,16.6666666667,23.1428571429,118.0
10:46:08,3076.0,3082.72904217,6.07687165701,47.0588235294,70.0,0,19.7557596132,-18.0,50.0,35.7142857143,46.0
10:46:09,3076.0,3082.72530485,6.07857782161,47.0588235294,6.0,0,19.7613063121,0.0,48.1927710844,29.8095238095,46.0
10:46:09,3077.0,3082.72212501,6.07990628354,50.0,166.0,0,19.7592014415,10.0,30.9090909091,69.3333333333,54.0
10:46:10,3077.0,3082.71894693,6.08123342752,50.0,2.0,0,19.7635145516,0.0,32.6241134752,54.1904761905,20.0
10:46:10,3076.0,3082.71521522,6.08293481698,47.0588235294,10.0,0,19.7754707964,-2.0,32.3741007194,43.619047619,12.0
10:46:11,3076.0,3082.71148558,6.08463446258,47.0588235294,110.0,0,19.7809963023,8.0,24.1758241758,61.8095238095,-2.0
10:46:11,3077.0,3082.70831342,6.08595726643,50.0,10.0,0,19.7788666442,-2.0,14.4736842105,47.3333333333,14.0
10:46:12,3077.0,3082.70514301,6.08731452046,50.0,262.0,0,19.7832776096,70.0,43.9285714286,107.714285714,84.0
10:46:12,3077.0,3082.70197437,6.08863480309,50.0,36.0,0,19.7875684208,28.0,53.488372093,91.3333333333,102.0
10:46:13,3077.0,3082.69880748,6.08995377321,50.0,4.0,0,19.7918549666,-2.0,53.7037037037,72.0,100.0
10:46:13,3077.0,3082.69564236,6.09127143167,50.0,34.0,0,19.7961372495,-20.0,57.0175438597,61.1428571429,82.0
10:46:14,3077.0,3082.69247899,6.09258777932,50.0,84.0,0,19.8004152724,-34.0,79.5348837209,63.4285714286,40.0
10:46:14,3077.0,3082.68931738,6.09390281701,50.0,32.0,0,19.8046890381,4.0,80.5309734513,52.0952380952,46.0
10:46:15,3077.0,3082.68615753,6.09521654559,50.0,1536.0,0,19.8089585492,1460.0,98.3777520278,469.428571429,1436.0
10:46:15,3078.0,3082.68355483,6.09620094585,52.6315789474,38.0,0,19.8057210716,-14.0,99.6527777778,398.095238095,1394.0
10:46:16,3077.0,3082.68039818,6.09751224317,50.0,62.0,0,19.8164193798,40.0,97.0884658455,333.523809524,1436.0
10:46:16,3077.0,3082.67724328,6.09882223375,50.0,354.0,0,19.8206767428,-206.0,95.8214624881,349.619047619,1250.0
10:46:17,3078.0,3082.67464553,6.09980342099,52.6315789474,926.0,0,19.8174250195,202.0,97.0149253731,513.904761905,1486.0
10:46:17,3078.0,3082.67204923,6.10078364097,52.6315789474,26.0,0,19.8206096198,16.0,96.6009517335,380.952380952,1498.0
10:46:18,3078.0,3082.66945436,6.10176289417,52.6315789474,1058.0,0,19.8237910792,-608.0,53.3279220779,543.142857143,-570.0
10:46:18,3079.0,3082.66741634,6.10245963364,55.0,116.0,0,19.8196155688,-94.0,54.6813532652,458.952380952,-650.0
10:46:19,3079.0,3082.66537946,6.10319282461,55.0,462.0,0,19.8219968321,-54.0,54.1808293678,469.904761905,-744.0
10:46:19,3078.0,3082.6627883,6.10416956769,52.6315789474,386.0,0,19.8316100315,-82.0,54.4720914593,440.095238095,-620.0
10:46:20,3079.0,3082.66075398,6.10486417453,55.0,416.0,0,19.8274250553,70.0,32.8733766234,417.333333333,-752.0
10:46:20,3079.0,3082.65872079,6.10555808311,55.0,50.0,0,19.8296787369,2.0,33.922829582,314.285714286,-766.0
10:46:21,3079.0,3082.65668874,6.10625129364,55.0,60.0,0,19.8319301515,-24.0,58.389261745,212.952380952,-182.0
10:46:21,3079.0,3082.65465781,6.10694380638,55.0,122.0,0,19.8341792997,66.0,58.5561497326,176.857142857,-22.0
10:46:22,3079.0,3082.652628,6.10755247396,55.0,28.0,0,19.836156135,12.0,63.2768361582,113.619047619,44.0
10:46:22,3078.0,3082.65004393,6.10852407362,52.6315789474,36.0,0,19.8457572242,2.0,47.4719101124,73.3333333333,128.0
10:46:23,3079.0,3082.64801669,6.10921429527,55.0,128.0,0,19.8415534111,-50.0,81.1320754717,76.0,8.0
10:46:23,3079.0,3082.64599058,6.10990382014,55.0,146.0,0,19.8437928553,10.0,83.8461538461,97.5238095238,16.0
10:46:24,3079.0,3082.64396559,6.11059264846,55.0,102.0,0,19.8460300372,-16.0,87.5444839858,101.904761905,24.0
10:46:24,3079.0,3082.64194173,6.11128078047,55.0,186.0,0,19.8482649577,-126.0,90.0958466454,128.285714286,-168.0
10:46:25,3079.0,3082.63991899,6.11196821641,55.0,24.0,0,19.8504976174,-4.0,91.6398713826,105.333333333,-184.0
10:46:25,3079.0,3082.63789737,6.1126549565,55.0,38.0,0,19.8527280172,-10.0,94.5512820513,86.5714285714,-196.0
10:46:26,3079.0,3082.63587688,6.11334100099,55.0,38.0,0,19.8549561578,2.0,94.3820224719,67.7142857143,-144.0
10:46:26,3079.0,3082.63385751,6.11406478494,55.0,856.0,0,19.8573068689,402.0,98.5530546624,286.857142857,248.0
10:46:27,3079.0,3082.63183926,6.11474952295,55.0,84.0,0,19.8595307663,-44.0,92.6590538336,251.619047619,220.0
10:46:27,3079.0,3082.62982213,6.11547215604,55.0,116.0,0,19.8618777397,-6.0,92.214532872,226.380952381,340.0
10:46:28,3079.0,3082.62780612,6.11615558845,55.0,238.0,0,19.8640973967,26.0,93.4306569343,239.333333333,370.0
10:46:28,3080.0,3082.62634664,6.11660459525,57.1428571429,120.0,0,19.8591058287,98.0,86.6391184573,208.380952381,478.0
10:46:29,3080.0,3082.62488796,6.117053115,57.1428571429,436.0,0,19.8605620617,-58.0,87.2432432432,263.80952381,418.0
10:46:29,3080.0,3082.62343009,6.11750114779,57.1428571429,252.0,0,19.8620167136,-150.0,76.7255216693,247.714285714,-134.0
10:46:30,3080.0,3082.62197304,6.11798764624,57.1428571429,316.0,0,19.863596254,-14.0,79.0257104195,278.666666667,-104.0
10:46:30,3080.0,3082.62051679,6.11847379072,57.1428571429,454.0,0,19.8651746452,94.0,79.4052863436,338.0,-4.0
10:46:31,3080.0,3082.61906135,6.11895958134,57.1428571429,394.0,0,19.8667518875,166.0,80.5273833671,364.095238095,136.0
10:46:31,3080.0,3082.61760672,6.11944501816,57.1428571429,502.0,0,19.868327981,362.0,88.1053525913,413.619047619,400.0
10:46:32,3080.0,3082.6161529,6.11993010127,57.1428571429,1258.0,0,19.8699029262,-434.0,92.5062972292,660.952380952,24.0
10:46:32,3080.0,3082.61469988,6.12037557853,57.1428571429,370.0,0,19.8713492809,-242.0,94.2319368549,615.428571429,-68.0
10:46:33,3079.0,3082.61269228,6.12109285812,55.0,910.0,0,19.8801326993,-308.0,76.9032921811,718.571428571,-362.0
10:46:33,3080.0,3082.61124118,6.12153734322,57.1428571429,388.0,0,19.8751212442,-256.0,77.2370486656,644.285714286,-712.0
10:46:34,3080.0,3082.6097909,6.12198134231,57.1428571429,188.0,0,19.8765627997,-120.0,75.8849557522,516.0,-998.0
10:46:34,3080.0,3082.60834141,6.12246439706,57.1428571429,124.0,0,19.8781311593,-12.0,72.9462631254,379.238095238,-1372.0
10:46:35,3080.0,3082.60689274,6.12290749719,57.1428571429,72.0,0,19.8795697961,-18.0,56.7251461988,245.619047619,-956.0
10:46:35,3080.0,3082.60544487,6.12335011162,57.1428571429,38.0,0,19.8810068559,-20.0,48.1395348837,158.761904762,-734.0
10:46:36,3080.0,3082.6039978,6.12379224046,57.1428571429,400.0,0,19.8824423392,-240.0,91.2396694215,191.142857143,-666.0
10:46:36,3079.0,3082.60199613,6.12446618989,55.0,78.0,0,19.8910886323,44.0,91.5555555556,155.80952381,-366.0
10:46:37,3080.0,3082.60055098,6.12490725553,57.1428571429,368.0,0,19.886062518,142.0,94.2592592593,218.095238095,-104.0
10:46:37,3080.0,3082.59910663,6.12538781211,57.1428571429,60.0,0,19.8876227666,-32.0,94.2913385827,183.80952381,-124.0
10:46:38,3080.0,3082.59766309,6.1258680161,57.1428571429,236.0,0,19.8891818704,-124.0,84.5762711864,202.857142857,-230.0
10:46:38,3080.0,3082.59622034,6.12634786757,57.1428571429,46.0,0,19.8907398298,-16.0,84.3434343434,159.80952381,-226.0
10:46:39,3080.0,3082.5947784,6.12682736661,57.1428571429,46.0,0,19.8922966448,-36.0,78.4172661871,116.380952381,-22.0
10:46:39,3080.0,3082.59333725,6.1273013817,57.1428571429,40.0,0,19.8938356549,-32.0,77.6381909548,88.0952380952,-98.0
10:46:40,3080.0,3082.59189691,6.1277802395,57.1428571429,328.0,0,19.895390388,-186.0,76.1904761905,143.904761905,-426.0
10:46:40,3080.0,3082.59045737,6.1282587451,57.1428571429,122.0,0,19.8969439776,2.0,77.2616136919,142.761904762,-392.0
10:46:41,3080.0,3082.58901862,6.12873194445,57.1428571429,88.0,0,19.8984803391,46.0,91.6417910448,128.952380952,-222.0
10:46:41,3080.0,3082.58758068,6.12920980925,57.1428571429,188.0,37.8378378378,19.9000318482,2.0,91.8719211823,150.761904762,-204.0
10:46:42,3080.0,3082.58614353,6.1296873221,66.6666666667,56.0,0,19.9015822146,20.0,90.99756691,128.095238095,-148.0
10:46:42,3079.0,3082.58415179,6.13039104522,63.1578947368,106.0,0,19.9103314232,-2.0,90.5405405405,119.238095238,-118.0
10:46:43,3080.0,3082.58271654,6.13086783678,66.6666666667,252.0,0,19.9054150545,108.0,89.4088669951,148.952380952,176.0
10:46:43,3080.0,3082.5812821,6.13134427666,66.6666666667,20.0,0,19.9069619372,10.0,89.2957746479,116.0,184.0
10:46:44,3080.0,3082.57984845,6.13181577819,66.6666666667,14.0,0,19.9084927863,14.0,88.9937106918,86.1904761905,152.0
10:46:44,3080.0,3082.5784156,6.13229157819,66.6666666667,188.0,0,19.9100375915,44.0,90.8805031447,109.619047619,194.0
10:46:45,3079.0,3082.57642815,6.13299349275,63.1578947368,8.0,0,19.9187836725,2.0,94.2176870748,81.619047619,176.0
10:46:45,3080.0,3082.57499719,6.13346857238,66.6666666667,140.0,0,19.9138590012,-40.0,96.1414790997,93.619047619,138.0
10:46:46,3080.0,3082.57356704,6.1339389546,66.6666666667,14.0,0,19.9153862162,-6.0,93.2291666667,68.0,24.0
10:46:46,3080.0,3082.57213767,6.1344090995,66.6666666667,38.0,0,19.9169126607,8.0,92.5373134328,60.5714285714,22.0
10:46:47,3079.0,3082.57015371,6.13510963987,63.1578947368,52.0,0,19.9256565114,2.0,90.4545454546,56.2857142857,10.0
10:46:47,3080.0,3082.56872624,6.13557924233,66.6666666667,28.0,0,19.9207118257,24.0,87.1428571429,43.3333333333,-10.0
10:46:48,3080.0,3082.56729956,6.13604860765,66.6666666667,88.0,0,19.9222357391,34.0,91.1111111111,55.1428571429,22.0
10:46:48,3080.0,3082.56587368,6.13651773589,66.6666666667,72.0,0,19.9237588827,50.0,82.8767123288,58.5714285714,112.0
10:46:49,3080.0,3082.56444859,6.13698662709,66.6666666667,42.0,0,19.9252812568,18.0,85.0,56.6666666667,136.0
10:46:49,3080.0,3082.5630243,6.13745528132,66.6666666667,478.0,0,19.9268028614,-202.0,94.7368421053,178.0,-74.0
10:46:50,3080.0,3082.56160079,6.13792369863,66.6666666667,110.0,0,19.9283236969,-80.0,82.1515892421,173.238095238,-156.0
10:46:50,3080.0,3082.56017807,6.13839187908,66.6666666667,310.0,0,19.9298437632,-268.0,86.3636363636,222.857142857,-448.0
10:46:51,3080.0,3082.55875615,6.13885982271,66.6666666667,56.0,0,19.9313630607,18.0,85.7677902622,186.476190476,-464.0
10:46:51,3080.0,3082.55733501,6.13933130633,66.6666666667,264.0,0,19.9328938517,106.0,93.8095238095,211.047619048,-408.0
10:46:52,3080.0,3082.55591466,6.13980243957,66.6666666667,108.0,0,19.9344235051,4.0,93.9668174962,181.904761905,-422.0
10:46:52,3081.0,3082.55505051,6.14008861454,68.4210526316,12.0,0,19.9288822283,-4.0,89.5348837209,122.19047619,-224.0
10:46:53,3081.0,3082.55418683,6.14037457512,68.4210526316,174.0,0,19.9298103704,-24.0,98.2683982684,130.952380952,-168.0
10:46:53,3080.0,3082.55276823,6.14084481159,66.6666666667,248.0,0,19.9378078298,-212.0,74.2459396752,157.80952381,-112.0
10:46:54,3081.0,3082.55190582,6.14112678541,68.4210526316,22.0,0,19.9322518189,-12.0,71.7391304348,123.047619048,-142.0
10:46:54,3080.0,3082.55048849,6.14159646173,66.6666666667,24.0,0,19.9402482524,-10.0,48.2993197279,90.4761904762,-258.0
10:46:55,3080.0,3082.54907194,6.14206578808,66.6666666667,236.0,0,19.9417720392,-4.0,28.4916201117,129.904761905,-266.0
10:46:55,3080.0,3082.54765619,6.14253476452,66.6666666667,100.0,0,19.94329469,-38.0,32.5870646766,124.380952381,-300.0
10:46:56,3081.0,3082.54679662,6.14281925463,68.4210526316,52.0,0,19.9377450653,-24.0,21.7008797654,100.952380952,-300.0
10:46:56,3081.0,3082.54593752,6.14310030883,68.4210526316,214.0,0,19.9386572828,2.0,20.6790123457,129.619047619,-86.0
10:46:57,3081.0,3082.54507891,6.14338123713,68.4210526316,12.0,0,19.9395690916,-4.0,20.6896551724,102.19047619,-78.0
10:46:57,3081.0,3082.54422077,6.14366518567,68.4210526316,20.0,0,19.9404907032,-6.0,21.4511041009,77.5238095238,-74.0
10:46:58,3081.0,3082.54336311,6.14394892014,68.4210526316,94.0,0,19.9414116201,-24.0,37.8048780488,74.1904761905,-94.0
10:46:58,3081.0,3082.54250592,6.14423244059,68.4210526316,74.0,0,19.9423318422,-22.0,33.4763948498,71.9047619048,-78.0
10:46:59,3081.0,3082.54164921,6.14451574702,68.4210526316,50.0,0,19.9432513698,-36.0,40.5172413793,64.0,-90.0
10:46:59,3081.0,3082.54079298,6.14479883949,68.4210526316,14.0,0,19.9441702028,-8.0,66.6666666667,45.9047619048,-100.0
10:47:00,3081.0,3082.53993722,6.14508171801,68.4210526316,36.0,0,19.9450883415,-30.0,69.4444444444,43.619047619,-126.0
10:47:00,3080.0,3082.53852653,6.14554518471,66.6666666667,184.0,0,19.9530687815,-16.0,77.4336283186,82.4761904762,-136.0
10:47:01,3081.0,3082.53767203,6.14582762712,68.4210526316,128.0,0,19.9475093383,-56.0,67.9012345679,97.5238095238,-168.0
10:47:01,3081.0,3082.53681801,6.14610985568,68.4210526316,96.0,0,19.9484253673,-74.0,75.5905511811,101.80952381,-220.0
10:47:02,3081.0,3082.53596446,6.14638917763,68.4210526316,12.0,0,19.9493319624,-6.0,73.6170212766,81.0476190476,-190.0
10:47:02,3081.0,3082.53511138,6.1466683739,68.4210526316,24.0,0,19.9502381496,0.0,71.6666666667,65.5238095238,-182.0
10:47:03,3081.0,3082.53425878,6.14695006176,68.4210526316,28.0,0,19.9511524237,2.0,69.4915254237,50.6666666667,-150.0
10:47:03,3081.0,3082.53340665,6.14722896897,68.4210526316,754.0,0,19.9520576727,-584.0,85.7965451056,243.619047619,-718.0
10:47:04,3080.0,3082.53199959,6.14769353518,66.6666666667,316.0,0,19.9600439454,40.0,77.2357723577,284.285714286,-622.0
10:47:04,3081.0,3082.53114872,6.14797210745,68.4210526316,504.0,0,19.9544696769,-86.0,71.0622710623,369.714285714,-634.0
10:47:05,3081.0,3082.53029832,6.14825055414,68.4210526316,422.0,0,19.9553734312,-198.0,64.0625,412.285714286,-826.0
10:47:05,3081.0,3082.52944839,6.14852887529,68.4210526316,258.0,0,19.956276778,0.0,59.2462751972,388.476190476,-826.0
10:47:06,3081.0,3082.52859893,6.14880707089,68.4210526316,90.0,0,19.9571797173,26.0,59.7269624573,305.523809524,-802.0
10:47:06,3081.0,3082.52774994,6.14908745614,68.4210526316,102.0,0,19.9580897635,-28.0,45.6264775414,223.047619048,-246.0
10:47:07,3081.0,3082.52690143,6.14936762783,68.4210526316,48.0,0,19.9589991166,26.0,49.5786516854,156.19047619,-260.0
10:47:07,3081.0,3082.52605339,6.14964537144,68.4210526316,10.0,0,19.9599005889,10.0,44.9462365591,91.2380952381,-164.0
10:47:08,3081.0,3082.52520581,6.14992516641,68.4210526316,32.0,0,19.9608087193,22.0,51.4814814815,56.0952380952,56.0
10:47:08,3080.0,3082.52380331,6.15038752167,66.6666666667,478.0,0,19.9687906548,-118.0,47.6315789474,166.952380952,-62.0
10:47:09,3080.0,3082.52240159,6.15084952855,66.6666666667,548.0,0,19.9702906771,-198.0,49.7536945813,287.333333333,-286.0
10:47:09,3080.0,3082.52100064,6.15130919895,66.6666666667,22.0,0,19.9717831135,-16.0,46.5729349737,235.619047619,-274.0
10:47:10,3079.0,3082.51904507,6.15199633864,63.1578947368,334.0,0,19.9805012622,-318.0,57.5842696629,276.857142857,-618.0
10:47:10,3079.0,3082.51709059,6.15268308806,63.1578947368,142.0,0,19.9827316923,28.0,55.912596401,249.619047619,-600.0
10:47:11,3079.0,3082.5151372,6.15337124677,63.1578947368,352.0,0,19.9849666995,-180.0,48.933901919,276.095238095,-802.0
10:47:11,3079.0,3082.51318488,6.15405715317,63.1578947368,24.0,0,19.9871943916,-2.0,56.3994374121,193.619047619,-686.0
10:47:12,3080.0,3082.51178906,6.15451533028,66.6666666667,46.0,0,19.9821926308,-14.0,57.3913043478,139.047619048,-502.0
10:47:12,3079.0,3082.50983861,6.15520054507,63.1578947368,10.0,0,19.9909079086,2.0,55.7268722467,98.0952380952,-484.0
10:47:13,3080.0,3082.50844464,6.15565974641,66.6666666667,22.0,0,19.9859082676,-10.0,32.2147651007,61.1428571429,-176.0
10:47:13,3079.0,3082.50649604,6.15634569237,63.1578947368,18.0,0,19.9946271269,-4.0,28.3898305085,37.9047619048,-208.0
10:47:14,3079.0,3082.50454853,6.15703111075,63.1578947368,250.0,0,19.996853234,112.0,30.2702702703,86.8571428571,84.0
10:47:14,3080.0,3082.5031575,6.15748911043,66.6666666667,32.0,0,19.9918477611,22.0,32.2751322751,78.380952381,108.0
10:47:15,3079.0,3082.50121184,6.15817357458,63.1578947368,76.0,0,20.0005637369,14.0,31.862745098,82.0952380952,136.0
10:47:15,3079.0,3082.49926727,6.15885631519,63.1578947368,12.0,0,20.0027811471,-8.0,32.1951219512,66.0952380952,126.0
10:47:16,3080.0,3082.49787917,6.15931317695,66.6666666667,6.0,0,19.997770055,4.0,29.9492385787,48.2857142857,140.0
10:47:16,3080.0,3082.49649184,6.15976860812,66.6666666667,476.0,0,19.9992487277,28.0,22.0657276995,165.523809524,172.0
10:47:17,3079.0,3082.49454989,6.16045131599,63.1578947368,26.0,0,20.007961403,26.0,26.4331210191,132.380952381,86.0
10:47:17,3079.0,3082.49260901,6.16113349735,63.1578947368,6.0,0,20.0101769969,4.0,23.2558139535,104.19047619,68.0
10:47:18,3079.0,3082.49066921,6.16181515239,63.1578947368,52.0,0,20.0123908814,44.0,17.6470588235,90.380952381,98.0
10:47:18,3079.0,3082.48873049,6.16249628127,63.1578947368,18.0,0,20.0146030571,14.0,17.4657534247,68.0,120.0
10:47:19,3079.0,3082.48679284,6.16317616429,63.1578947368,6.0,0,20.0168111864,2.0,17.4657534247,41.9047619048,118.0
10:47:19,3080.0,3082.48541168,6.16363032731,66.6666666667,16.0,0,20.011786777,0.0,37.0967741936,18.6666666667,90.0
10:47:20,3080.0,3082.48403128,6.16408414392,66.6666666667,36.0,0,20.0132602075,32.0,25.3731343284,23.0476190476,96.0
10:47:20,3079.0,3082.48209624,6.16476344504,63.1578947368,24.0,0,20.0219663691,22.0,22.3684210526,23.5238095238,114.0
10:47:21,3080.0,3082.48071768,6.1652164899,66.6666666667,36.0,0,20.0169366555,4.0,48.5294117647,26.5714285714,74.0
10:47:21,3079.0,3082.47878449,6.16589484034,63.1578947368,12.0,0,20.0256409235,8.0,53.8461538461,23.5238095238,68.0
10:47:22,3079.0,3082.47685236,6.16652792637,63.1578947368,60.0,0,20.0276970652,0.0,36.9565217391,34.4761904762,66.0
10:47:22,3080.0,3082.47547672,6.16697971553,66.6666666667,54.0,0,20.0226614141,26.0,38.7387387387,41.1428571429,92.0
10:47:23,3079.0,3082.47354643,6.16765652091,63.1578947368,10.0,0,20.0313625232,0.0,42.8571428571,33.4285714286,60.0
10:47:23,3080.0,3082.47217262,6.16810753937,66.6666666667,32.0,0,20.0263231798,-10.0,45.0980392157,33.2380952381,28.0
10:47:24,3079.0,3082.47024417,6.16878339547,63.1578947368,32.0,0,20.0350223952,20.0,42.0,32.6666666667,44.0
10:47:24,3079.0,3082.4683168,6.16945872728,63.1578947368,146.0,0,20.037215743,-4.0,65.2694610778,64.8571428571,32.0
10:47:25,3079.0,3082.46639049,6.17008838377,63.1578947368,44.0,0,20.0392607463,0.0,68.5534591195,61.5238095238,32.0
10:47:25,3080.0,3082.46502065,6.17053772393,66.6666666667,102.0,0,20.0342133894,100.0,77.5956284153,75.5238095238,106.0
10:47:26,3080.0,3082.46365158,6.17098671878,66.6666666667,16.0,0,20.0356711649,2.0,76.3440860215,62.6666666667,108.0
10:47:26,3079.0,3082.46172786,6.17161473158,63.1578947368,160.0,0,20.0442180305,-78.0,55.2,90.6666666667,40.0
10:47:27,3079.0,3082.45980521,6.17224206792,63.1578947368,26.0,0,20.0462554983,22.0,51.4170040486,74.2857142857,42.0
10:47:27,3080.0,3082.45843903,6.17268975127,66.6666666667,10.0,0,20.0412004911,4.0,34.0782122905,53.619047619,50.0
10:47:28,3079.0,3082.45651821,6.17336150602,63.1578947368,20.0,0,20.049891218,8.0,38.9221556886,42.2857142857,58.0
10:47:28,3080.0,3082.45515386,6.17376278404,66.6666666667,10.0,0,20.0446843638,10.0,14.0495867768,29.2380952381,-32.0
10:47:29,3079.0,3082.45323486,6.17438780266,63.1578947368,574.0,0,20.0532244322,384.0,3.99999999998,181.714285714,350.0
10:47:29,3079.0,3082.45131693,6.17501214574,63.1578947368,164.0,0,20.0552521784,-32.0,3.73134328357,190.476190476,396.0
10:47:30,3080.0,3082.44995546,6.17545769159,66.6666666667,180.0,0,20.0501873104,14.0,21.7118997912,203.619047619,388.0
10:47:30,3079.0,3082.44803936,6.17608087706,63.1578947368,28.0,0,20.0587232123,26.0,20.4918032787,166.0,410.0
10:47:31,3079.0,3082.44612431,6.17674941481,63.1578947368,80.0,0,20.0608944943,80.0,25.2895752896,142.380952381,482.0
10:47:31,3079.0,3082.44421033,6.1773713333,63.1578947368,8.0,35.1351351351,20.062914366,8.0,25.3384912959,95.3333333333,480.0
10:47:32,3079.0,3082.44229741,6.17803875723,66.6666666667,22.0,0,20.0650820306,16.0,54.7717842324,52.380952381,112.0
10:47:32,3080.0,3082.44094095,6.17848214909,68.4210526316,328.0,0,20.0600069776,302.0,91.6408668731,123.142857143,446.0
10:47:33,3080.0,3082.43958525,6.17887889867,68.4210526316,64.0,0,20.0612951256,42.0,87.5471698113,110.666666667,474.0
10:47:33,3080.0,3082.4382303,6.17927517324,68.4210526316,612.0,0,20.0625817313,-258.0,96.0502692998,260.285714286,190.0
10:47:34,3079.0,3082.43632071,6.17989421555,66.6666666667,482.0,0,20.0711082025,348.0,97.4934036939,344.952380952,458.0
10:47:34,3081.0,3082.43552297,6.18015775873,70.0,10.0,0,20.0589346275,6.0,97.3649538867,275.619047619,456.0
10:47:35,3081.0,3082.43472568,6.18037452918,70.0,146.0,0,20.0596381992,-12.0,97.4421437272,245.047619048,428.0
10:47:35,3081.0,3082.43392883,6.18063760245,70.0,562.0,0,20.060492056,52.0,97.5479744137,327.428571429,178.0
10:47:36,3081.0,3082.43313243,6.1808537943,70.0,272.0,0,20.0611937498,-8.0,97.8886756238,315.80952381,128.0
10:47:36,3080.0,3082.43178106,6.18124762043,68.4210526316,318.0,0,20.0689857806,120.0,91.2849162011,307.428571429,506.0
10:47:37,3081.0,3082.43098585,6.1814631044,70.0,26.0,0,20.0631713872,-18.0,88.6056971514,229.619047619,140.0
10:47:37,3082.0,3082.43074648,6.1815453889,71.4285714286,116.0,0,20.0569285818,-78.0,85.0,199.238095238,56.0
10:47:38,3082.0,3082.43050724,6.18162747259,71.4285714286,184.0,0,20.0571949143,2.0,82.6792963464,183.238095238,70.0
10:47:38,3081.0,3082.42971274,6.18184213201,70.0,348.0,0,20.0644015969,-106.0,78.3227848101,212.285714286,-88.0
10:47:39,3082.0,3082.42947407,6.1819707743,71.4285714286,710.0,0,20.0583088069,-86.0,83.0787309048,354.952380952,-166.0
10:47:39,3082.0,3082.42923554,6.18209930159,71.4285714286,44.0,0,20.0587258325,-22.0,88.0952380952,286.476190476,-308.0
10:47:40,3081.0,3082.42844174,6.18231325818,70.0,282.0,0,20.0659307309,-24.0,88.3610451307,299.047619048,-314.0
10:47:40,3082.0,3082.42820379,6.18239433321,71.4285714286,206.0,0,20.0596831058,-160.0,92.5591882751,277.714285714,-396.0
10:47:41,3082.0,3082.42796596,6.1824752075,71.4285714286,490.0,0,20.0599455143,338.0,94.5192307692,333.238095238,-60.0
10:47:41,3082.0,3082.42772827,6.18260312525,71.4285714286,80.0,0,20.0603605621,0.0,93.4878587197,257.047619048,46.0
10:47:42,3082.0,3082.42749071,6.18268364736,71.4285714286,108.0,0,20.0606218279,38.0,89.9173553719,201.619047619,170.0
10:47:42,3082.0,3082.42725328,6.18276396874,71.4285714286,222.0,0,20.0608824424,30.0,91.0662824208,207.428571429,222.0
10:47:43,3081.0,3082.42646058,6.18297640479,70.0,46.0,0,20.0680831055,-6.0,90.7986111111,154.476190476,240.0
10:47:43,3081.0,3082.42566832,6.18318852156,70.0,58.0,0,20.0687715728,-6.0,87.2509960159,116.19047619,394.0
10:47:44,3082.0,3082.4254319,6.18326813757,71.4285714286,262.0,0,20.0625182919,-24.0,88.6597938144,143.238095238,32.0
10:47:44,3081.0,3082.42464022,6.1834796828,70.0,80.0,0,20.0697165946,6.0,90.7216494845,129.142857143,38.0
10:47:45,3082.0,3082.42440437,6.18360645673,71.4285714286,30.0,0,20.0636160179,-24.0,93.4097421203,100.761904762,-24.0
10:47:45,3082.0,3082.42416866,6.18373311576,71.4285714286,162.0,0,20.0640269817,48.0,75.8620689655,113.80952381,-6.0
10:47:46,3082.0,3082.42393307,6.18385965989,71.4285714286,42.0,0,20.0644375726,-4.0,73.5015772871,95.4285714286,-4.0
10:47:46,3081.0,3082.42314222,6.18407031148,70.0,162.0,0,20.0716335978,-66.0,80.4878048781,111.523809524,-64.0
10:47:47,3081.0,3082.4223518,6.18432843645,70.0,606.0,0,20.0724713939,-122.0,35.4898336414,249.523809524,-162.0
10:47:47,3081.0,3082.42156183,6.18458635103,70.0,156.0,0,20.0733085071,6.0,35.2331606218,242.571428571,-162.0
10:47:48,3081.0,3082.42077229,6.18479616694,70.0,142.0,0,20.0739895064,122.0,40.7874015748,228.0,-16.0
10:47:48,3081.0,3082.41998319,6.1850536129,70.0,150.0,0,20.0748250987,-40.0,48.9666136725,210.380952381,-104.0
10:47:49,3081.0,3082.41919453,6.18531084855,70.0,12.0,0,20.0756600083,-4.0,49.1856677524,153.904761905,-104.0
10:47:49,3080.0,3082.41785091,6.18569630775,68.4210526316,76.0,0,20.0834295706,-10.0,44.8336252189,117.142857143,-48.0
10:47:50,3080.0,3082.41650803,6.18612942172,68.4210526316,124.0,0,20.0848357848,66.0,86.9696969697,98.1904761905,140.0
10:47:50,3081.0,3082.4157213,6.18638586428,70.0,28.0,0,20.0791491862,-8.0,95.1127819549,74.7619047619,126.0
10:47:51,3081.0,3082.41493501,6.18664209665,70.0,74.0,0,20.0799808395,-52.0,93.1034482759,70.5714285714,-48.0
10:47:51,3081.0,3082.41414915,6.18689811887,70.0,64.0,0,20.0808118107,-40.0,91.0052910053,66.7619047619,-48.0
10:47:52,3081.0,3082.41336373,6.18715393096,70.0,16.0,0,20.0816420998,2.0,91.6230366492,53.3333333333,-42.0
10:47:52,3081.0,3082.41257875,6.18736116567,70.0,72.0,0,20.0823147214,-28.0,91.0052910053,55.7142857143,-60.0
10:47:53,3080.0,3082.4112388,6.18774410293,68.4210526316,16.0,0,20.0900782563,-8.0,90.3703703704,42.2857142857,-134.0
10:47:53,3081.0,3082.41045499,6.18795063205,70.0,64.0,0,20.0842279521,-6.0,91.5032679739,47.7142857143,-132.0
10:47:54,3081.0,3082.40967162,6.18815684255,70.0,474.0,0,20.0848972494,332.0,36.2606232294,168.571428571,252.0
10:47:54,3081.0,3082.40888869,6.18836273447,70.0,164.0,0,20.0855655127,-10.0,36.9727047146,181.80952381,282.0
10:47:55,3080.0,3082.40755079,6.1887440388,68.4210526316,26.0,0,20.0933248013,0.0,37.0098039216,150.857142857,280.0
10:47:55,3080.0,3082.40621363,6.18912487083,68.4210526316,24.0,0,20.0945612689,22.0,32.03125,118.857142857,330.0
10:47:56,3080.0,3082.40487722,6.18955406734,68.4210526316,64.0,0,20.0959547641,-24.0,35.5392156863,100.571428571,314.0
10:47:56,3080.0,3082.40354155,6.18998292245,68.4210526316,40.0,0,20.0973471508,-32.0,32.8282828283,73.1428571429,288.0
10:47:57,3080.0,3082.40220662,6.19036248166,68.4210526316,6.0,0,20.0985794859,0.0,67.9012345679,37.1428571429,-44.0
10:47:57,3081.0,3082.40142783,6.19061525892,70.0,28.0,0,20.0928765301,2.0,63.8297872341,29.7142857143,-32.0
10:47:58,3080.0,3082.40009407,6.19099403156,68.4210526316,404.0,0,20.1006299726,178.0,15.9010600707,136.19047619,146.0
10:47:58,3080.0,3082.39876106,6.19142147837,68.4210526316,20.0,0,20.1020177869,4.0,18.8612099644,114.952380952,128.0
10:47:59,3080.0,3082.39742878,6.19179937922,68.4210526316,70.0,0,20.1032447377,48.0,17.2535211268,108.19047619,200.0
10:47:59,3080.0,3082.39609725,6.19222608509,68.4210526316,16.0,0,20.1046301464,0.0,14.7058823529,85.7142857143,232.0
10:48:00,3080.0,3082.39476645,6.19260311447,68.4210526316,56.0,0,20.1058542678,-38.0,22.5589225589,75.8095238095,194.0
10:48:00,3079.0,3082.392881,6.19319937039,66.6666666667,448.0,0,20.1143207872,172.0,-9.27021696253,175.523809524,364.0
10:48:01,3081.0,3082.39210739,6.19340060961,70.0,34.0,0,20.1019169413,6.0,-6.83229813665,136.952380952,192.0
10:48:01,3081.0,3082.39133421,6.19360153084,70.0,28.0,0,20.1025690712,-8.0,-6.44171779141,114.285714286,180.0
10:48:02,3080.0,3082.39000606,6.19397675738,68.4210526316,20.0,0,20.1103141473,4.0,-13.9534883721,88.9523809524,136.0
10:48:02,3080.0,3082.38867865,6.19425697275,68.4210526316,22.0,0,20.1112239375,16.0,-15.1315789474,66.5714285714,152.0
10:48:03,3081.0,3082.38790737,6.19445674513,70.0,106.0,0,20.1053448398,-60.0,-6.99088145896,67.9047619048,130.0
10:48:03,3081.0,3082.38713653,6.19465619967,70.0,120.0,0,20.1059922092,80.0,86.0606060606,70.8571428571,38.0
10:48:04,3080.0,3082.38581071,6.19502964351,68.4210526316,44.0,0,20.1137326088,20.0,72.3529411765,67.7142857143,52.0
10:48:04,3080.0,3082.38448563,6.19540261648,68.4210526316,104.0,0,20.11494356,102.0,54.3269230769,81.2380952381,162.0
10:48:05,3080.0,3082.38316128,6.19577511866,68.4210526316,8.0,0,20.1161529827,8.0,54.9504950495,63.7142857143,166.0
10:48:05,3081.0,3082.38239307,6.19597309863,70.0,18.0,0,20.1102664675,18.0,58.5,49.619047619,168.0
10:48:06,3080.0,3082.38106989,6.19634474464,68.4210526316,16.0,0,20.1180024177,4.0,45.8064516129,35.1428571429,232.0
10:48:06,3080.0,3082.37974744,6.1967159201,68.4210526316,16.0,0,20.1192075328,14.0,18.4466019418,24.9523809524,166.0
10:48:07,3080.0,3082.37842572,6.19708662509,68.4210526316,52.0,0,20.1204111204,0.0,29.9065420561,30.0,146.0
10:48:07,3081.0,3082.37766014,6.19728313133,70.0,572.0,0,20.1145184399,124.0,92.6686217009,183.238095238,168.0
10:48:08,3080.0,3082.37633959,6.1976529807,68.4210526316,124.0,0,20.1222499373,-42.0,93.7343358396,186.19047619,118.0
10:48:08,3081.0,3082.37557517,6.19784878425,70.0,104.0,0,20.1163543793,-16.0,93.2126696833,177.904761905,84.0
10:48:09,3081.0,3082.37481117,6.1980442704,70.0,44.0,0,20.1169888685,-34.0,89.2543859649,148.380952381,46.0
10:48:09,3081.0,3082.3740476,6.19823943915,70.0,206.0,0,20.1176223277,-206.0,92.0145190563,163.80952381,-174.0
10:48:10,3081.0,3082.37328445,6.19843429055,70.0,130.0,0,20.1182547567,-112.0,92.0338983051,148.476190476,-286.0
10:48:10,3082.0,3082.37307713,6.19850031643,71.4285714286,70.0,0,20.1119413252,18.0,83.7758112094,112.285714286,-392.0
10:48:11,3082.0,3082.37286992,6.19856614244,71.4285714286,1068.0,0,20.1121549073,768.0,92.7250308261,385.142857143,418.0
10:48:11,3082.0,3082.37266283,6.19863176858,71.4285714286,462.0,0,20.112367841,-138.0,94.5454545455,439.904761905,296.0
10:48:12,3081.0,3082.37190045,6.19882554961,70.0,88.0,0,20.119524666,-56.0,92.9841897233,370.761904762,274.0
10:48:12,3081.0,3082.3711385,6.19901901339,70.0,60.0,0,20.1201525913,-14.0,93.3972310969,291.523809524,466.0
10:48:13,3082.0,3082.37093236,6.1990839377,71.4285714286,26.0,0,20.1138349698,14.0,93.2356257046,209.523809524,592.0
10:48:13,3081.0,3082.37017095,6.19927683332,70.0,26.0,0,20.1209893973,-4.0,93.7572254335,132.476190476,570.0
10:48:14,3081.0,3082.36940995,6.19946941178,70.0,132.0,0,20.1216144492,10.0,87.6574307305,87.8095238095,-188.0
10:48:14,3082.0,3082.36920478,6.19953363439,71.4285714286,244.0,0,20.1152940765,46.0,42.3611111111,119.714285714,-4.0
10:48:15,3082.0,3082.36899972,6.1995976572,71.4285714286,38.0,0,20.1155018079,-8.0,51.711026616,103.142857143,44.0
10:48:15,3082.0,3082.36879478,6.1996614802,71.4285714286,78.0,0,20.115708891,-28.0,46.3235294118,100.380952381,30.0
10:48:16,3082.0,3082.36858995,6.19972510342,71.4285714286,18.0,0,20.1159153258,-16.0,50.3731343284,79.619047619,0.0
10:48:16,3082.0,3082.36838524,6.19978852686,71.4285714286,24.0,0,20.1161211125,-10.0,51.3108614232,60.9523809524,-6.0
10:48:17,3082.0,3082.36818064,6.19985175052,71.4285714286,10.0,0,20.1163262509,2.0,35.9223300971,38.380952381,-14.0
10:48:17,3082.0,3082.36797615,6.19996624219,71.4285714286,16.0,0,20.1166977359,-2.0,80.4347826087,23.3333333333,-62.0
10:48:18,3081.0,3082.36721637,6.20015680805,70.0,200.0,0,20.1238455308,-114.0,85.549132948,71.7142857143,-168.0
10:48:18,3081.0,3082.36645702,6.20034705694,70.0,36.0,0,20.1244630216,-4.0,87.5,65.5238095238,-144.0
10:48:19,3082.0,3082.36625349,6.20040942869,71.4285714286,438.0,0,20.1181357193,166.0,38.9502762431,176.19047619,38.0
10:48:19,3082.0,3082.36605007,6.20047160069,71.4285714286,30.0,0,20.1183374455,-16.0,38.0821917808,150.285714286,32.0
10:48:20,3081.0,3082.36529136,6.20066103107,70.0,34.0,0,20.1254820872,24.0,40.5835543766,125.238095238,54.0
10:48:20,3082.0,3082.36508848,6.20072275258,71.4285714286,208.0,0,20.1191523445,122.0,50.7399577167,148.761904762,178.0
10:48:21,3082.0,3082.36488571,6.20078427437,71.4285714286,100.0,0,20.119351961,-22.0,44.9172576832,132.285714286,270.0
10:48:21,3081.0,3082.36412765,6.2010247809,70.0,28.0,39.4736842105,20.1266627098,-24.0,45.3460620525,100.0,250.0
10:48:22,3082.0,3082.36392541,6.20108590152,64.7058823529,118.0,0,20.1203306344,-66.0,86.4864864865,93.8095238095,18.0
10:48:22,3082.0,3082.36372329,6.20119880261,64.7058823529,34.0,0,20.1206969585,-6.0,85.8237547893,78.8571428571,28.0
10:48:23,3082.0,3082.36352128,6.20131158966,64.7058823529,18.0,0,20.1210629126,-16.0,83.3992094861,59.1428571429,-12.0
10:48:23,3082.0,3082.36331938,6.20142426268,64.7058823529,20.0,0,20.1214284967,-10.0,80.5031446541,40.7619047619,-144.0
10:48:24,3082.0,3082.36311759,6.20148473237,64.7058823529,22.0,0,20.1216246994,-20.0,79.1666666667,31.9047619048,-142.0
10:48:24,3082.0,3082.36291591,6.20154500239,64.7058823529,386.0,0,20.1218202543,86.0,78.9297658863,130.761904762,-32.0
10:48:25,3082.0,3082.36271435,6.20160507275,64.7058823529,50.0,0,20.1220151614,-34.0,78.8679245283,116.571428571,0.0
10:48:25,3082.0,3082.3625129,6.20166494346,64.7058823529,208.0,0,20.1222094207,-150.0,86.0795454546,150.761904762,-144.0
10:48:26,3082.0,3082.36231156,6.20172461453,64.7058823529,50.0,0,20.1224030322,24.0,87.7717391304,131.523809524,-104.0
10:48:26,3082.0,3082.36211033,6.20183642158,64.7058823529,262.0,0,20.1227658065,130.0,89.9795501023,171.333333333,36.0
10:48:27,3082.0,3082.36190921,6.20189574263,64.7058823529,32.0,0,20.1229582824,-12.0,90.2834008097,133.904761905,44.0
10:48:27,3081.0,3082.36115281,6.20213401645,62.5,88.0,0,20.1302629551,-6.0,96.8115942029,112.0,-48.0
10:48:28,3082.0,3082.36095222,6.20219293655,64.7058823529,18.0,0,20.1239225716,-12.0,96.6565349544,84.2857142857,-26.0
10:48:28,3082.0,3082.36075175,6.20225165704,64.7058823529,122.0,0,20.1241130988,-56.0,96.1538461539,87.8095238095,68.0
10:48:29,3082.0,3082.36055139,6.20236274548,64.7058823529,36.0,0,20.1244735415,-12.0,96.7741935484,70.8571428571,32.0
10:48:29,3082.0,3082.36035113,6.20242111603,64.7058823529,28.0,0,20.1246629333,6.0,94.4444444444,52.2857142857,-92.0
10:48:30,3082.0,3082.360151,6.20253194019,64.7058823529,18.0,0,20.1250225185,6.0,94.1935483871,42.0,-74.0
10:48:30,3082.0,3082.35995097,6.20264265042,64.7058823529,68.0,0,20.125381734,50.0,91.724137931,46.6666666667,-18.0
10:48:31,3082.0,3082.35975105,6.20270052074,64.7058823529,12.0,0,20.1255695027,0.0,92.2535211268,36.2857142857,-6.0
10:48:31,3082.0,3082.35955124,6.20281096672,64.7058823529,8.0,0,20.1259278609,4.0,83.5294117647,25.0476190476,54.0
10:48:32,3082.0,3082.35935155,6.20292129878,64.7058823529,312.0,0,20.1262858494,-78.0,93.7219730942,106.095238095,-12.0
10:48:32,3082.0,3082.35915196,6.20303151693,64.7058823529,110.0,0,20.1266434683,12.0,75.7575757576,116.285714286,-6.0
10:48:33,3082.0,3082.35895249,6.20308873679,64.7058823529,96.0,0,20.1268291265,-62.0,76.2376237624,118.571428571,-74.0
10:48:33,3082.0,3082.35875313,6.20319869075,64.7058823529,72.0,0,20.1271858882,-38.0,75.737704918,110.285714286,-162.0
10:48:34,3083.0,3082.35910928,6.20317419244,66.6666666667,1928.0,0,20.1205779839,48.0,93.982581156,632.095238095,-114.0
10:48:34,3084.0,3082.36002063,6.20311301776,68.4210526316,468.0,0,20.1138554402,-130.0,85.3315472204,645.523809524,-248.0
10:48:35,3084.0,3082.36093148,6.2031048018,68.4210526316,1152.0,0,20.1138287996,22.0,75.5880815473,832.476190476,-148.0
10:48:35,3084.0,3082.36184182,6.20309657339,68.4210526316,988.0,0,20.1138021186,36.0,82.2278911565,932.571428571,-124.0
10:48:36,3083.0,3082.36219625,6.20312485967,66.6666666667,620.0,0,20.1204179684,-26.0,82.8232593726,885.714285714,-88.0
10:48:36,3084.0,3082.36310589,6.20311659397,68.4210526316,66.0,0,20.1138670362,30.0,82.9950210647,655.619047619,-20.0
10:48:37,3083.0,3082.36345962,6.20309172216,66.6666666667,50.0,0,20.1203104838,16.0,73.4449760766,421.238095238,-52.0
10:48:37,3083.0,3082.36381316,6.20306673831,66.6666666667,538.0,0,20.1202294463,-426.0,65.0849443468,415.714285714,-348.0
10:48:38,3083.0,3082.3641665,6.20304164239,66.6666666667,44.0,0,20.1201480454,-26.0,70.3382480486,265.714285714,-396.0
10:48:38,3084.0,3082.36507504,6.20298006835,68.4210526316,322.0,0,20.1134243462,-268.0,62.0731707317,247.904761905,-700.0
10:48:39,3084.0,3082.36598308,6.20291844394,68.4210526316,52.0,0,20.1132245264,-26.0,48.3208955224,184.666666667,-700.0
10:48:39,3084.0,3082.36689061,6.20285676916,68.4210526316,34.0,0,20.1130245433,-20.0,45.7692307692,143.333333333,-750.0
10:48:40,3083.0,3082.36724224,6.20283133654,66.6666666667,114.0,0,20.1194658986,-74.0,44.2028985507,126.380952381,-840.0
10:48:40,3084.0,3082.36814908,6.20282283409,68.4210526316,272.0,0,20.1129145074,-28.0,71.8377088306,151.523809524,-442.0
10:48:41,3084.0,3082.36905541,6.20276100908,68.4210526316,34.0,0,20.1127140372,22.0,69.3236714976,121.333333333,-394.0
10:48:41,3084.0,3082.36996124,6.20275246922,68.4210526316,354.0,0,20.1126863464,46.0,63.9534883721,183.047619048,-80.0
10:48:42,3084.0,3082.37086657,6.20269056887,68.4210526316,434.0,0,20.1124856319,366.0,43.4782608696,266.095238095,312.0
10:48:42,3084.0,3082.37177139,6.20262861815,68.4210526316,62.0,0,20.1122847541,34.0,42.2047244095,224.666666667,366.0
10:48:43,3084.0,3082.37267571,6.20262001591,68.4210526316,178.0,0,20.1122568609,16.0,48.8755622189,215.047619048,456.0
10:48:43,3084.0,3082.37357953,6.20255798984,68.4210526316,168.0,0,20.1120557388,66.0,61.1382113821,199.523809524,550.0
10:48:44,3083.0,3082.37392744,6.2025320335,66.6666666667,114.0,0,20.1184950811,2.0,63.6641221374,173.523809524,530.0
10:48:44,3084.0,3082.37483056,6.20252335648,68.4210526316,140.0,0,20.1119434386,6.0,56.0218978102,151.142857143,490.0
10:48:45,3084.0,3082.37573319,6.20246118016,68.4210526316,150.0,0,20.1117418293,38.0,89.6551724138,141.80952381,162.0
10:48:45,3084.0,3082.37663531,6.20239895345,68.4210526316,426.0,0,20.1115400566,-126.0,94.2176870748,224.857142857,2.0
10:48:46,3083.0,3082.37698152,6.20237269787,66.6666666667,74.0,0,20.117978261,0.0,93.6567164179,190.0,-14.0
10:48:46,3084.0,3082.37788295,6.20231034587,68.4210526316,82.0,0,20.1112527428,-16.0,94.1176470588,162.380952381,-96.0
10:48:47,3084.0,3082.37878388,6.20224794349,68.4210526316,742.0,0,20.1110504004,-466.0,96.7781908302,327.428571429,-564.0
10:48:47,3083.0,3082.3791289,6.20222142601,66.6666666667,136.0,0,20.1174875965,-20.0,89.3167701863,289.428571429,-590.0
10:48:48,3084.0,3082.38002913,6.20215889832,68.4210526316,52.0,0,20.1107616677,16.0,87.1031746032,227.619047619,-612.0
10:48:48,3084.0,3082.38092887,6.20209632023,68.4210526316,122.0,0,20.1105587556,-30.0,75.5794701987,190.476190476,-516.0
10:48:49,3084.0,3082.3818281,6.20208740622,68.4210526316,128.0,0,20.1105298516,90.0,76.6244057052,169.523809524,-426.0
10:48:49,3084.0,3082.38272684,6.20207847976,68.4210526316,106.0,0,20.1105009071,-14.0,76.9051321928,139.714285714,-424.0
10:48:50,3084.0,3082.38362507,6.20201580133,68.4210526316,56.0,0,20.1102976697,28.0,47.1666666667,94.4761904762,70.0
10:48:50,3083.0,3082.38396741,6.20198887231,66.6666666667,458.0,0,20.1167332868,174.0,78.6334056399,196.761904762,264.0
10:48:51,3084.0,3082.38486495,6.20192606856,68.4210526316,702.0,0,20.1100067074,-308.0,88.9312977099,353.428571429,-60.0
10:48:51,3084.0,3082.385762,6.20186321441,68.4210526316,144.0,0,20.1098029002,54.0,96.8632371393,319.714285714,24.0
10:48:52,3084.0,3082.38665855,6.20180030986,68.4210526316,178.0,0,20.1095989295,150.0,94.403892944,294.666666667,84.0
10:48:52,3084.0,3082.3875546,6.2017373549,68.4210526316,44.0,0,20.1093947954,20.0,94.1845764855,228.952380952,118.0
10:48:53,3084.0,3082.38845016,6.20167434953,68.4210526316,16.0,0,20.1091904978,-2.0,95.2010376135,158.19047619,88.0
10:48:53,3084.0,3082.38934522,6.20166522341,68.4210526316,8.0,0,20.109160906,-4.0,94.1391941392,87.0476190476,-90.0
10:48:54,3084.0,3082.39023977,6.20165608482,68.4210526316,136.0,0,20.1091312738,62.0,88.2129277567,73.9047619048,280.0
10:48:54,3084.0,3082.39113384,6.2015929791,68.4210526316,18.0,0,20.1089266508,10.0,85.0,54.0,236.0
10:48:55,3083.0,3082.391472,6.20156541369,66.6666666667,52.0,0,20.115359759,10.0,91.9708029197,49.8095238095,96.0
10:48:55,3084.0,3082.39236538,6.20150218262,68.4210526316,414.0,0,20.1086322394,-36.0,96.8944099379,155.047619048,40.0
10:48:56,3084.0,3082.39325826,6.20143890113,68.4210526316,50.0,0,20.1084270465,8.0,96.1651917404,138.666666667,50.0
10:48:56,3084.0,3082.39415065,6.20137556923,68.4210526316,82.0,0,20.1082216901,0.0,96.0106382979,129.80952381,54.0
10:48:57,3084.0,3082.39504254,6.20131218691,68.4210526316,62.0,0,20.1080161703,-16.0,94.1002949853,111.714285714,-24.0
10:48:57,3083.0,3082.39537853,6.20128420964,66.6666666667,106.0,0,20.1144476472,-74.0,95.0391644909,109.714285714,-108.0
10:48:58,3084.0,3082.39626974,6.20122070196,68.4210526316,1408.0,0,20.1077195265,110.0,34.8727615457,475.523809524,-8.0
10:48:58,3083.0,3082.39660506,6.20119253764,66.6666666667,54.0,0,20.1141503005,-24.0,18.6152099887,389.904761905,4.0
10:48:59,3083.0,3082.39694018,6.2011642612,66.6666666667,2236.0,0,20.1140585832,-74.0,9.21985815602,944.857142857,-78.0
10:48:59,3082.0,3082.39671972,6.2012159737,64.7058823529,476.0,0,20.1207526726,-76.0,6.63288807001,892.857142857,-154.0
10:49:00,3081.0,3082.39594398,6.20139231678,62.5,1014.0,0,20.1278556208,108.0,4.34454098979,975.80952381,-30.0
10:49:00,3080.0,3082.39461327,6.20173788367,58.8235294118,2420.0,0,20.1355126093,1082.0,1.47213459516,1415.14285714,1126.0
10:49:01,3080.0,3082.3932833,6.20198369674,58.8235294118,772.0,0,20.1363107037,124.0,2.03671830177,1273.42857143,1140.0
10:49:01,3080.0,3082.39195407,6.20222889048,58.8235294118,716.0,0,20.1371067873,6.0,4.71574534974,1146.0,1170.0
10:49:02,3079.0,3082.39007017,6.20268749001,55.5555555556,478.0,0,20.1451363755,-192.0,12.6616746086,919.047619048,1052.0
10:49:02,3079.0,3082.38818732,6.2030009103,55.5555555556,278.0,0,20.1461543043,-92.0,17.8936245157,718.666666667,1036.0
10:49:03,3080.0,3082.38686092,6.20324397412,58.8235294118,132.0,0,20.1404025134,20.0,24.3536280234,486.0,948.0
10:49:03,3080.0,3082.38553525,6.20348641894,58.8235294118,10.0,0,20.1411896719,6.0,49.9580888516,260.476190476,-128.0
10:49:04,3080.0,3082.38421033,6.20358363552,58.8235294118,20.0,0,20.1415053101,-6.0,68.0538555692,152.571428571,-258.0
10:49:04,3081.0,3082.38344153,6.20351132648,62.5,220.0,0,20.1347332895,-174.0,95.6063268893,137.619047619,-438.0
10:49:05,3081.0,3082.38267317,6.20358319396,62.5,668.0,0,20.1349665497,-128.0,96.8373493976,274.285714286,-374.0
10:49:05,3081.0,3082.38190523,6.20350975305,62.5,112.0,0,20.1347281826,-80.0,96.9018932874,243.047619048,-362.0
10:49:06,3082.0,3082.38169312,6.20331198252,64.7058823529,2.0,0,20.1275534799,0.0,95.3488372093,188.285714286,-382.0
10:49:06,3081.0,3082.38092572,6.20323740647,62.5,20.0,0,20.1338442274,6.0,93.6660268714,144.857142857,-382.0
10:49:07,3081.0,3082.38015876,6.20316222001,62.5,110.0,0,20.1336001948,10.0,85.8657243816,126.666666667,-366.0
10:49:07,3081.0,3082.37939221,6.20308642313,62.5,22.0,0,20.1333541809,22.0,83.2976445396,79.0476190476,-170.0
10:49:08,3081.0,3082.3786261,6.2030100158,62.5,10.0,0,20.1331061857,-2.0,44.2028985507,37.4285714286,-44.0
10:49:08,3082.0,3082.37841581,6.20280969166,64.7058823529,136.0,0,20.1259237238,10.0,4.66666666666,63.1428571429,46.0
10:49:09,3081.0,3082.37765024,6.20273214891,62.5,730.0,0,20.1322043132,428.0,3.11284046693,257.428571429,474.0
10:49:09,3081.0,3082.37688509,6.20265399563,62.5,12.0,0,20.1319506512,12.0,4.3137254902,211.904761905,480.0
10:49:10,3081.0,3082.37612036,6.2025752318,62.5,16.0,0,20.1316950075,6.0,6.04751619871,167.904761905,476.0
10:49:10,3081.0,3082.37535606,6.2024958574,62.5,20.0,0,20.131437382,0.0,8.22510822511,129.523809524,454.0
10:49:11,3080.0,3082.37403679,6.20258353555,58.8235294118,16.0,0,20.1382582323,10.0,8.3870967742,90.0952380952,466.0
10:49:11,3080.0,3082.37271824,6.2026704163,58.8235294118,26.0,41.6666666667,20.1385403127,10.0,10.9756097561,53.2380952381,466.0
10:49:12,3080.0,3082.37140043,6.20275649969,58.8235294118,130.0,0,20.1388198042,-4.0,66.3636363636,51.3333333333,34.0
10:49:12,3080.0,3082.37008336,6.20298790508,58.8235294118,56.0,0,20.1395711204,20.0,62.1212121212,56.8571428571,42.0
10:49:13,3081.0,3082.36932241,6.20290522708,61.1111111111,364.0,0,20.132766073,250.0,82.0261437908,148.285714286,286.0
10:49:13,3080.0,3082.36800648,6.20279802952,58.8235294118,84.0,0,20.1389546413,28.0,82.5443786982,143.142857143,314.0
10:49:14,3081.0,3082.36724669,6.20252275935,61.1111111111,14.0,0,20.1315246977,8.0,82.1958456973,114.952380952,312.0
10:49:14,3081.0,3082.36648732,6.20224668075,61.1111111111,8.0,0,20.1306286295,2.0,82.6219512195,85.1428571429,304.0
10:49:15,3081.0,3082.36572837,6.20196979362,61.1111111111,14.0,0,20.1297299371,2.0,87.037037037,57.9047619048,310.0
10:49:15,3081.0,3082.36496985,6.20169209785,61.1111111111,402.0,0,20.1288286201,-400.0,95.0338600451,147.047619048,-110.0
10:49:16,3080.0,3082.36365634,6.2015802882,58.8235294118,48.0,0,20.1350009357,-26.0,92.2807017544,118.571428571,-386.0
10:49:16,3081.0,3082.36289896,6.20130088279,61.1111111111,40.0,0,20.1275588536,2.0,92.0152091255,102.857142857,-412.0
10:49:17,3080.0,3082.3615866,6.20118716233,58.8235294118,4.0,0,20.133724553,2.0,93.4108527132,78.9523809524,-418.0
10:49:17,3081.0,3082.36083038,6.2009060469,61.1111111111,956.0,0,20.126277335,404.0,98.087431694,327.523809524,-16.0
10:49:18,3081.0,3082.36007457,6.20062412231,61.1111111111,24.0,0,20.1253622925,10.0,97.2862957938,264.666666667,-8.0
10:49:18,3081.0,3082.35931918,6.20034138845,61.1111111111,58.0,0,20.1244446233,40.0,91.5044247788,211.047619048,432.0
10:49:19,3081.0,3082.35856422,6.20005784521,61.1111111111,14.0,0,20.1235243272,-10.0,91.0583941606,161.238095238,448.0
10:49:19,3081.0,3082.35780967,6.19977349248,61.1111111111,58.0,0,20.1226014037,-54.0,86.5350089767,125.619047619,392.0
10:49:20,3081.0,3082.35705554,6.1996808398,61.1111111111,24.0,0,20.122300681,14.0,84.8324514991,79.4285714286,404.0
10:49:20,3082.0,3082.35685723,6.19903650792,63.1578947368,16.0,0,20.113681077,12.0,8.2474226804,30.0,12.0
10:49:21,3081.0,3082.35610363,6.19851226674,61.1111111111,1232.0,0,20.118507844,608.0,77.3181169757,372.761904762,610.0
10:49:21,3082.0,3082.35590585,6.19810379581,63.1578947368,94.0,0,20.110654756,-36.0,81.9193324061,332.857142857,534.0
10:49:22,3082.0,3082.35570818,6.19788762676,63.1578947368,0.0,0,20.1099533639,0.0,0,264.380952381,544.0
10:49:22,3082.0,3082.35551062,6.19747798167,63.1578947368,4.0,0,20.1086242105,-2.0,85.9854014598,197.714285714,596.0
10:49:23,3082.0,3082.35531317,6.1970676994,63.1578947368,6.0,0,20.1072929896,-6.0,87.1301775148,134.19047619,576.0
10:49:23,3082.0,3082.35511582,6.19665677982,63.1578947368,10.0,0,20.1059597009,-6.0,86.7756315007,72.6666666667,558.0
10:49:24,3082.0,3082.35491859,6.1962452228,63.1578947368,10.0,0,20.1046243439,-6.0,82.2580645161,11.4285714286,-56.0
10:49:24,3082.0,3082.35472147,6.19602644846,63.1578947368,98.0,0,20.1039144986,-96.0,6.24999999998,33.5238095238,-116.0
10:49:25,3082.0,3082.35452446,6.19580721806,63.1578947368,26.0,0,20.1032031735,18.0,5.19480519479,34.8571428571,-98.0
10:49:25,3083.0,3082.35488296,6.19531851706,65.0,34.0,0,20.0950973631,26.0,7.60869565216,37.2380952381,-70.0
10:49:26,3082.0,3082.35468585,6.19490469142,63.1578947368,830.0,0,20.1002747937,-374.0,2.77777777776,265.619047619,-438.0
10:49:26,3082.0,3082.35448886,6.19449022778,63.1578947368,508.0,0,20.0989300058,130.0,1.593625498,362.761904762,-302.0
10:49:27,3082.0,3082.35429198,6.19407512601,63.1578947368,258.0,0,20.0975831473,258.0,12.5427594071,364.761904762,-38.0
10:49:27,3082.0,3082.3540952,6.19365938598,63.1578947368,50.0,0,20.096234218,30.0,15.7092614302,295.523809524,88.0
10:49:28,3082.0,3082.35389854,6.19324300755,63.1578947368,1000.0,0,20.0948832172,742.0,47.3134328358,500.0,812.0
10:49:28,3082.0,3082.35370198,6.19282599061,63.1578947368,36.0,0,20.0935301448,-8.0,48.0984340045,382.666666667,778.0
10:49:29,3082.0,3082.35350554,6.19240833502,63.1578947368,14.0,0,20.0921750001,-12.0,69.1318327974,258.952380952,1140.0
10:49:29,3082.0,3082.3533092,6.19199004066,63.1578947368,322.0,0,20.0908177828,84.0,95.9523809524,262.095238095,1094.0
10:49:30,3082.0,3082.35311297,6.19157110738,63.1578947368,18.0,0,20.0894584925,8.0,99.0277777778,187.238095238,844.0
10:49:30,3082.0,3082.35291685,6.19134611104,63.1578947368,4.0,0,20.0887284589,2.0,98.9956958393,119.80952381,816.0
10:49:31,3081.0,3082.35216544,6.19104540525,61.1111111111,10.0,0,20.0942726558,8.0,94.5544554455,56.2857142857,82.0
10:49:31,3081.0,3082.35141444,6.1909386629,61.1111111111,4.0,0,20.0939262022,4.0,95.6989247312,38.1904761905,94.0
10:49:32,3082.0,3082.35121927,6.19071207312,63.1578947368,20.0,0,20.0866712301,12.0,95.7671957672,26.1904761905,118.0
10:49:32,3081.0,3082.3504688,6.19040924249,61.1111111111,14.0,0,20.0922078627,6.0,60.0,12.1904761905,40.0
10:49:33,3081.0,3082.34971875,6.19010559928,61.1111111111,10.0,0,20.0912223281,8.0,45.1612903226,11.7142857143,40.0
10:49:33,3081.0,3082.34896911,6.18999631026,61.1111111111,50.0,0,20.0908676088,8.0,59.2592592593,23.0476190476,46.0
10:49:34,3082.0,3082.34877529,6.18957226803,63.1578947368,302.0,0,20.0829729657,296.0,91.0,104.19047619,334.0
10:49:34,3082.0,3082.34858158,6.18914758586,63.1578947368,152.0,0,20.0815950222,0.0,67.8832116788,128.571428571,330.0
10:49:35,3081.0,3082.34783258,6.18884098824,61.1111111111,288.0,0,20.0871177807,146.0,77.6960784314,184.761904762,464.0
10:49:35,3082.0,3082.34763939,6.18841494669,63.1578947368,194.0,0,20.0792178673,-36.0,83.1325301205,201.333333333,422.0
10:49:36,3082.0,3082.34744631,6.18798826481,63.1578947368,12.0,0,20.0778334355,-2.0,82.9659318637,157.333333333,412.0
10:49:36,3082.0,3082.34725334,6.18756094246,63.1578947368,336.0,0,20.0764469256,-268.0,61.3707165109,205.80952381,136.0
10:49:37,3082.0,3082.34706048,6.18713297951,63.1578947368,66.0,0,20.0750583372,-2.0,52.4809160305,163.523809524,-162.0
10:49:37,3082.0,3082.34686772,6.18670437583,63.1578947368,0.0,0,20.0736676698,0.0,0,113.619047619,-162.0
10:49:38,3082.0,3082.34667507,6.18627513129,63.1578947368,26.0,0,20.0722749231,-2.0,43.2176656151,78.380952381,-310.0
10:49:38,3082.0,3082.34648252,6.18604141057,63.1578947368,0.0,0,20.071516582,0.0,0,48.1904761905,-274.0
10:49:39,3082.0,3082.34629009,6.18580723197,63.1578947368,22.0,0,20.0707567553,-2.0,22.6666666667,33.5238095238,-274.0
10:49:39,3082.0,3082.34609776,6.18537626604,63.1578947368,6.0,0,20.0693584232,-2.0,90.0,13.8095238095,-8.0
10:49:40,3082.0,3082.34590553,6.18494465877,63.1578947368,30.0,0,20.0679580103,-4.0,88.0952380952,16.6666666667,-10.0
10:49:40,3081.0,3082.34515802,6.1846302673,61.1111111111,6.0,0,20.0734510461,-6.0,86.6666666667,14.380952381,-16.0
10:49:41,3082.0,3082.34496632,6.18419729788,63.1578947368,2.0,0,20.0655330885,0.0,96.9696969697,10.6666666667,-14.0
10:49:41,3082.0,3082.34477472,6.18376368673,63.1578947368,28.0,0,20.0641261737,0.0,91.4893617021,15.5238095238,-14.0
10:49:42,3082.0,3082.34458323,6.18332943371,63.1578947368,18.0,0,20.0627171762,-14.0,73.3333333333,16.1904761905,-26.0
10:49:42,3081.0,3082.34383645,6.18320901842,61.1111111111,12.0,0,20.0688380994,-8.0,70.8333333333,15.3333333333,-32.0
10:49:43,3081.0,3082.34309008,6.18308798929,61.1111111111,0.0,0,20.0684452752,0.0,0,10.7619047619,-28.0
10:49:43,3081.0,3082.34234413,6.18276921032,61.1111111111,22.0,0,20.0674106145,-16.0,53.6585365854,13.9047619048,-38.0
10:49:44,3082.0,3082.34215399,6.18233235384,63.1578947368,200.0,0,20.0594820047,-160.0,86.4285714286,67.1428571429,-198.0
10:49:44,3082.0,3082.34196396,6.18189485489,63.1578947368,12.0,0,20.0580624753,-8.0,84.0909090909,57.2380952381,-206.0
10:49:45,3082.0,3082.34177403,6.18145671333,63.1578947368,12.0,0,20.0566408609,-4.0,88.3720930233,48.0952380952,-196.0
10:49:45,3082.0,3082.34158421,6.18101792902,63.1578947368,54.0,0,20.055217161,-6.0,74.6666666667,51.2380952381,-194.0
10:49:46,3082.0,3082.34139449,6.18057850183,63.1578947368,14.0,0,20.0537913752,-2.0,75.1592356688,40.9523809524,-196.0
10:49:46,3082.0,3082.34120488,6.18013843162,63.1578947368,58.0,0,20.052363503,-2.0,68.5714285714,42.5714285714,-182.0
10:49:47,3082.0,3082.34101537,6.17989556401,63.1578947368,32.0,0,20.0515754835,0.0,25.2747252747,35.0476190476,-22.0
10:49:47,3081.0,3082.34027057,6.17957102645,61.1111111111,66.0,0,20.0570302709,-2.0,44.0677966102,45.2380952381,-16.0
10:49:48,3082.0,3082.34008159,6.17932708765,63.1578947368,38.0,0,20.0497309787,-24.0,48.0916030534,44.8571428571,-36.0
10:49:48,3082.0,3082.3398927,6.17908268967,63.1578947368,2.0,0,20.0489379937,0.0,59.0476190476,32.9523809524,-30.0
10:49:49,3081.0,3082.33914853,6.17875611133,61.1111111111,4.0,0,20.0543853013,-4.0,56.0,24.0952380952,-32.0
10:49:49,3082.0,3082.33896016,6.17831232699,63.1578947368,2.0,0,20.0464384393,-2.0,69.4444444445,15.1428571429,-32.0
10:49:50,3081.0,3082.3382165,6.17798420918,61.1111111111,4.0,0,20.0518799389,0.0,81.0344827586,9.42857142857,-32.0
10:49:50,3081.0,3082.33747325,6.17765527456,61.1111111111,12.0,0,20.050812316,-12.0,58.0645161291,7.33333333333,-42.0
10:49:51,3081.0,3082.33673042,6.1775241692,61.1111111111,30.0,0,20.0503867874,-2.0,51.8518518518,12.9523809524,-20.0
10:49:51,3081.0,3082.335988,6.17719371115,61.1111111111,12.0,0,20.0493142199,-10.0,40.625,13.8095238095,-30.0
10:49:52,3081.0,3082.33524599,6.17706128439,61.1111111111,546.0,0,20.0488844024,-16.0,4.6204620462,166.761904762,-42.0
10:49:52,3081.0,3082.33450439,6.17672930251,61.1111111111,60.0,0,20.047806889,-18.0,4.81927710843,155.047619048,-58.0
10:49:53,3081.0,3082.33376321,6.1765955541,61.1111111111,32.0,0,20.0473727819,-14.0,5.7803468208,132.571428571,-72.0
10:49:53,3081.0,3082.33302243,6.17626204802,61.1111111111,122.0,0,20.0462903214,-84.0,5.98503740648,134.476190476,-144.0
10:49:54,3081.0,3082.33228207,6.17612697768,61.1111111111,58.0,0,20.0458519237,0.0,6.50602409638,112.857142857,-142.0
10:49:54,3081.0,3082.33154212,6.17579194702,61.1111111111,514.0,0,20.0447645148,-358.0,4.2042042042,220.19047619,-490.0
10:49:55,3081.0,3082.33080258,6.1756555545,61.1111111111,16.0,0,20.0443218257,-12.0,6.73316708229,161.333333333,-486.0
10:49:55,3080.0,3082.32950805,6.17547928864,58.8235294118,118.0,0,20.0502574307,4.0,4.88372093023,156.857142857,-464.0
10:49:56,3080.0,3082.32821424,6.17530200566,58.8235294118,2.0,0,20.0496818366,0.0,4.09638554216,116.476190476,-450.0
10:49:56,3081.0,3082.32747654,6.17516341564,61.1111111111,246.0,0,20.0427244909,26.0,25.786163522,147.238095238,-340.0
10:49:57,3080.0,3082.32618386,6.17498432422,58.8235294118,120.0,0,20.0486504033,54.0,27.9527559055,136.095238095,-286.0
10:49:57,3080.0,3082.3248919,6.17480421542,58.8235294118,2.0,0,20.0480656345,2.0,55.9523809524,88.2857142857,74.0
10:49:58,3081.0,3082.32415605,6.17446331451,61.1111111111,12.0,0,20.040452173,8.0,58.0,67.7142857143,94.0
10:49:58,3080.0,3082.32286521,6.17428127846,58.8235294118,16.0,0,20.0463677872,14.0,74.8743718593,48.4761904762,104.0
10:49:59,3080.0,3082.32157509,6.17409822475,58.8235294118,150.0,0,20.045773457,140.0,54.5787545788,72.380952381,244.0
10:49:59,3081.0,3082.32084108,6.17350921051,61.1111111111,12.0,0,20.0373554382,4.0,28.2051282051,49.8095238095,222.0
10:50:00,3081.0,3082.32010749,6.17291912757,61.1111111111,4.0,0,20.0354402063,2.0,12.2448979592,36.0952380952,170.0
10:50:00,3081.0,3082.3193743,6.17203720095,61.1111111111,438.0,0,20.0325777376,240.0,76.2658227848,151.904761905,408.0
10:50:01,3080.0,3082.31808611,6.1713130581,58.8235294118,140.0,0,20.0367307081,2.0,57.1052631579,161.80952381,402.0
10:50:01,3080.0,3082.31679865,6.17058731723,58.8235294118,146.0,40.0,20.0343744066,68.0,48.8764044944,167.333333333,456.0
10:50:02,3081.0,3082.31606729,6.16970105525,64.7058823529,110.0,0,20.0249953108,-18.0,53.7647058824,156.380952381,298.0
10:50:02,3081.0,3082.31533635,6.16881341512,64.7058823529,14.0,0,20.0221142977,12.0,52.4647887324,119.904761905,306.0
10:50:03,3080.0,3082.31405041,6.16808311435,62.5,310.0,0,20.0262438778,176.0,38.9464594128,167.904761905,480.0
10:50:03,3080.0,3082.31276518,6.16735121326,62.5,4.0,0,20.0238675755,0.0,-0.966850828728,113.904761905,240.0
10:50:04,3081.0,3082.31203607,6.16645923075,64.7058823529,46.0,0,20.0144733228,-40.0,11.9047619048,92.5714285714,198.0
10:50:04,3081.0,3082.31130736,6.16556586772,64.7058823529,2.0,0,20.0115737349,-2.0,15.2263374486,63.1428571429,128.0
10:50:05,3080.0,3082.31002366,6.16512170336,62.5,32.0,0,20.016628907,0.0,18.6274509804,49.1428571429,146.0
10:50:05,3080.0,3082.30874067,6.16438380543,62.5,26.0,0,20.0142331345,-12.0,18.0952380952,37.1428571429,122.0
10:50:06,3080.0,3082.30745839,6.1636443044,62.5,178.0,0,20.0118321571,-10.0,84.7222222222,68.0,-64.0
10:50:06,3080.0,3082.30617683,6.16290319969,62.5,160.0,0,20.009425973,20.0,57.6576576576,100.0,-44.0
10:50:07,3080.0,3082.30489597,6.16245345937,62.5,106.0,0,20.0079657772,42.0,43.253968254,109.142857143,38.0
10:50:07,3081.0,3082.30417123,6.16155162612,64.7058823529,446.0,0,19.9985447131,-294.0,22.9957805907,212.571428571,-254.0
10:50:08,3080.0,3082.30289149,6.16109928238,62.5,6.0,0,20.0035690986,0.0,21.4750542299,169.142857143,-254.0
10:50:08,3080.0,3082.30161246,6.16064565294,62.5,14.0,0,20.0020962758,8.0,21.5384615385,129.238095238,-234.0
10:50:09,3080.0,3082.30033415,6.15989716024,62.5,30.0,0,19.9996661047,-16.0,6.29921259842,94.4761904762,-240.0
10:50:09,3080.0,3082.29905654,6.15914706071,62.5,28.0,0,19.9972307166,20.0,5.71428571428,66.1904761905,-240.0
10:50:10,3081.0,3082.29833504,6.15823822785,64.7058823529,14.0,0,19.9877904182,10.0,6.69144981412,40.1904761905,-272.0
10:50:10,3081.0,3082.29761394,6.1573280077,64.7058823529,966.0,0,19.9848361172,556.0,94.3289224953,290.571428571,578.0
10:50:11,3080.0,3082.29633784,6.15686758355,62.5,20.0,0,19.9898298167,-2.0,92.5373134328,245.904761905,576.0
10:50:11,3081.0,3082.29561786,6.15595465388,64.7058823529,28.0,0,19.9803786234,-6.0,93.9226519337,202.857142857,562.0
10:50:12,3082.0,3082.29545367,6.15492874366,66.6666666667,34.0,0,19.9705669814,-26.0,91.376146789,160.857142857,552.0
10:50:12,3081.0,3082.29473417,6.1540131441,64.7058823529,142.0,0,19.9740770662,32.0,82.7242524917,149.523809524,564.0
10:50:13,3081.0,3082.29401508,6.15309615429,64.7058823529,14.0,0,19.9711007929,12.0,83.2225913621,96.1904761905,566.0
10:50:13,3081.0,3082.29329638,6.15247284797,64.7058823529,16.0,0,19.9690777279,2.0,18.8976377953,43.4285714286,12.0
10:50:14,3081.0,3082.29257808,6.15184846255,64.7058823529,48.0,0,19.9670511605,40.0,17.7304964539,45.0476190476,54.0
10:50:14,3080.0,3082.29130478,6.15108385887,62.5,612.0,0,19.9710514898,156.0,-27.0207852194,206.476190476,216.0
10:50:15,3081.0,3082.29058759,6.15016153933,64.7058823529,12.0,0,19.9615759147,-4.0,-26.5402843602,168.666666667,238.0
10:50:15,3081.0,3082.28987079,6.14923782666,64.7058823529,0.0,0,19.958577821,0.0,0,128.476190476,206.0
10:50:16,3081.0,3082.2891544,6.14831272021,64.7058823529,86.0,0,19.9555752036,32.0,-29.9741602067,119.619047619,226.0
10:50:16,3080.0,3082.287883,6.14754201608,62.5,10.0,0,19.9595520003,0.0,-31.5104166667,85.619047619,224.0
10:50:17,3081.0,3082.28716771,6.14661401821,64.7058823529,62.0,0,19.9500617274,-10.0,-28.1329923274,66.7619047619,174.0
10:50:17,3081.0,3082.28645281,6.14568462469,64.7058823529,112.0,0,19.9470451954,6.0,23.4042553191,61.5238095238,24.0
10:50:18,3081.0,3082.28573831,6.14475383489,64.7058823529,30.0,0,19.9440241314,2.0,27.3333333333,56.6666666667,30.0
10:50:18,3080.0,3082.28446881,6.14397702035,62.5,12.0,0,19.9479773388,-6.0,26.9230769231,45.8095238095,24.0
10:50:19,3081.0,3082.28375542,6.14334024135,64.7058823529,20.0,0,19.9394360316,10.0,41.4634146341,36.6666666667,2.0
10:50:19,3081.0,3082.28304242,6.14240532771,64.7058823529,24.0,0,19.936401583,0.0,41.5384615385,31.8095238095,2.0
10:50:20,3080.0,3082.28177441,6.14162407016,62.5,4.0,0,19.9403378901,2.0,43.5643564357,20.5714285714,14.0
10:50:20,3080.0,3082.28050711,6.14049852578,62.5,24.0,0,19.9366835252,0.0,50.8771929825,17.8095238095,8.0
10:50:21,3080.0,3082.27924052,6.13971384603,62.5,104.0,0,19.9341358637,24.0,37.2340425532,42.0952380952,30.0
10:50:21,3080.0,3082.27797462,6.13858448215,62.5,28.0,0,19.9304690979,14.0,34.3137254902,41.1428571429,50.0
10:50:22,3080.0,3082.27670943,6.13745310007,62.5,0.0,0,19.9267957794,0.0,0,31.4285714286,40.0
10:50:22,3081.0,3082.27600035,6.13616525176,64.7058823529,950.0,0,19.9161481719,738.0,89.5495495495,294.095238095,778.0
10:50:23,3081.0,3082.27529165,6.13487561124,64.7058823529,14.0,0,19.9119623864,2.0,88.5714285714,245.238095238,778.0
10:50:23,3081.0,3082.27458336,6.1331949461,64.7058823529,82.0,0,19.9065074525,22.0,83.8709677419,215.333333333,800.0
10:50:24,3081.0,3082.27387545,6.13190149727,64.7058823529,28.0,0,19.9023093063,4.0,88.2032667877,167.238095238,780.0
10:50:24,3081.0,3082.27316794,6.13021654276,64.7058823529,62.0,0,19.8968404504,0.0,90.8450704225,132.476190476,766.0
10:50:25,3081.0,3082.27246082,6.12852931198,64.7058823529,8.0,0,19.8913642064,2.0,90.9090909091,80.6666666667,768.0
10:50:25,3081.0,3082.27175409,6.12683980305,64.7058823529,2.0,0,19.8858805682,2.0,46.9387755102,26.7619047619,32.0
10:50:26,3081.0,3082.27104776,6.12514801408,64.7058823529,20.0,0,19.8803895296,0.0,55.4455445545,23.1428571429,30.0
10:50:26,3081.0,3082.27034182,6.1234539432,64.7058823529,10.0,0,19.8748910847,6.0,96.9230769231,16.380952381,14.0
10:50:27,3081.0,3082.26963627,6.12175758849,64.7058823529,36.0,0,19.8693852272,4.0,100.0,20.4761904762,14.0
10:50:27,3081.0,3082.26893111,6.12005894806,64.7058823529,20.0,0,19.8638719509,-8.0,91.6666666667,19.619047619,6.0
10:50:28,3080.0,3082.26767094,6.11807430947,62.5,26.0,0,19.8638776281,-4.0,91.2280701754,22.4761904762,0.0
10:50:28,3080.0,3082.26641148,6.1156038031,62.5,4.0,0,19.8558565036,0.0,89.6551724138,18.1904761905,-2.0
10:50:29,3081.0,3082.26570811,6.11345959293,64.7058823529,22.0,0,19.8424524276,2.0,89.8305084746,18.9523809524,0.0
10:50:29,3081.0,3082.26500513,6.11082902758,64.7058823529,20.0,0,19.8339144031,20.0,90.625,19.0476190476,14.0
10:50:30,3081.0,3082.26430255,6.10766546801,64.7058823529,12.0,0,19.8236464395,2.0,80.7692307692,16.380952381,12.0
10:50:30,3081.0,3082.26360035,6.10449742499,64.7058823529,218.0,0,19.813363924,180.0,92.0529801324,73.7142857143,200.0
10:50:31,3080.0,3082.26234315,6.10147745086,62.5,20.0,0,19.8099917236,-6.0,86.4864864865,65.0476190476,198.0
10:50:31,3080.0,3082.26108664,6.09845274219,62.5,26.0,0,19.8001712409,2.0,86.1635220126,58.380952381,200.0
10:50:32,3081.0,3082.26038623,6.09527098619,64.7058823529,12.0,0,19.7834176767,8.0,83.1168831169,46.6666666667,206.0
10:50:32,3080.0,3082.25913081,6.09276862785,62.5,28.0,0,19.7817163242,-2.0,81.0126582278,40.0,184.0
10:50:33,3080.0,3082.25787608,6.08973026805,62.5,54.0,0,19.7718515197,-38.0,82.1229050279,40.380952381,144.0
10:50:33,3081.0,3082.25717746,6.08706779717,64.7058823529,36.0,0,19.7567925906,-24.0,67.0454545455,33.619047619,-60.0
10:50:34,3081.0,3082.25647922,6.0844016756,64.7058823529,6.0,0,19.7481391613,-2.0,74.0740740741,26.9523809524,-56.0
10:50:34,3081.0,3082.25578137,6.08173189855,64.7058823529,22.0,0,19.7394738674,-20.0,77.2151898734,25.5238095238,-78.0
10:50:35,3080.0,3082.25452851,6.07921006889,62.5,110.0,0,19.7376950289,-16.0,53.90625,49.4285714286,-102.0
10:50:35,3080.0,3082.25327634,6.07668433567,62.5,30.0,0,19.7294945963,6.0,53.488372093,45.8095238095,-94.0
10:50:36,3081.0,3082.25258027,6.07400334125,64.7058823529,208.0,0,19.7143892932,166.0,53.3980582524,92.9523809524,110.0
10:50:36,3081.0,3082.25188458,6.07180793036,64.7058823529,6.0,0,19.7072636493,6.0,50.2617801047,75.0476190476,140.0
10:50:37,3082.0,3082.25174468,6.06901459831,66.6666666667,402.0,0,19.6918059647,170.0,60.1542416452,171.714285714,312.0
10:50:37,3082.0,3082.25160486,6.06670781808,66.6666666667,130.0,0,19.6843212787,-52.0,59.1422121896,171.80952381,280.0
10:50:38,3081.0,3082.25090972,6.06401314959,64.7058823529,68.0,0,19.6819641337,-28.0,67.0616113744,149.047619048,268.0
10:50:38,3082.0,3082.25077037,6.06170049456,66.6666666667,12.0,0,19.6680742848,-4.0,67.5544794189,112.285714286,258.0
10:50:39,3081.0,3082.25007569,6.05949003171,64.7058823529,6.0,0,19.6672834525,4.0,69.5512820513,74.6666666667,96.0
10:50:39,3082.0,3082.24993679,6.05717182814,66.6666666667,24.0,0,19.6533803638,2.0,67.6012461059,51.8095238095,92.0
10:50:40,3082.0,3082.24979798,6.05435915169,66.6666666667,0.0,0,19.6442542235,0.0,0,21.2380952381,-78.0
10:50:40,3082.0,3082.24965924,6.0520351579,66.6666666667,24.0,0,19.6367136856,0.0,74.6268656716,16.6666666667,-26.0
10:50:41,3081.0,3082.24896518,6.04981287334,64.7058823529,4.0,0,19.6358743049,4.0,54.2857142857,11.4285714286,6.0
10:50:41,3081.0,3082.2482715,6.04758761592,64.7058823529,2.0,0,19.6286517881,2.0,43.3333333333,8.66666666667,12.0
10:50:42,3082.0,3082.24813361,6.04570238136,66.6666666667,6.0,0,19.6161660654,4.0,53.3333333333,7.52380952381,12.0
10:50:42,3081.0,3082.2474404,6.04432056016,64.7058823529,12.0,0,19.618047907,12.0,66.6666666667,8.09523809524,22.0
10:50:43,3082.0,3082.24730297,6.04318859503,66.6666666667,290.0,0,19.6080097178,104.0,94.674556213,88.6666666667,126.0
10:50:43,3082.0,3082.24716562,6.04205538341,66.6666666667,84.0,0,19.6043328469,6.0,94.472361809,96.5714285714,132.0
10:50:44,3082.0,3082.24702834,6.04056487399,66.6666666667,112.0,0,19.599496671,2.0,73.9130434782,109.619047619,130.0
10:50:44,3082.0,3082.24689114,6.03907271902,66.6666666667,124.0,0,19.5946551558,124.0,79.2993630573,120.952380952,252.0
10:50:45,3082.0,3082.24675402,6.03793539953,66.6666666667,30.0,0,19.5909649563,6.0,75.4601226994,99.619047619,254.0
10:50:45,3082.0,3082.24661697,6.0364401659,66.6666666667,100.0,0,19.586113452,8.0,68.9189189189,97.1428571429,250.0
10:50:46,3082.0,3082.24648,6.03530016412,66.6666666667,136.0,0,19.5824145494,-10.0,61.0921501706,100.761904762,136.0
10:50:46,3083.0,3082.2468985,6.03410164307,68.4210526316,16.0,0,19.5721752938,16.0,56.7567567567,77.4285714286,146.0
10:50:47,3082.0,3082.24676138,6.03295924255,66.6666666667,498.0,0,19.5748190868,-38.0,68.8053097345,195.047619048,106.0
10:50:47,3082.0,3082.24662432,6.03145816982,66.6666666667,32.0,0,19.5699486367,12.0,61.5763546798,161.142857143,-6.0
10:50:48,3082.0,3082.24648735,6.02995544381,66.6666666667,910.0,0,19.5650728222,-732.0,77.1867612293,382.476190476,-744.0
10:50:48,3082.0,3082.24635045,6.02845106327,66.6666666667,880.0,0,19.5601916394,-550.0,87.3786407767,553.333333333,-1302.0
10:50:49,3083.0,3082.24676903,6.02688830483,68.4210526316,214.0,0,19.5487781538,-40.0,88.6274509804,496.761904762,-1332.0
10:50:49,3084.0,3082.24774277,6.02531357081,70.0,24.0,0,19.5373332387,4.0,88.0375293198,382.19047619,-1344.0
10:50:50,3084.0,3082.24871598,6.02373760531,70.0,146.0,0,19.5322231041,-4.0,91.4777878513,302.095238095,-1310.0
10:50:50,3084.0,3082.24968864,6.02251905788,70.0,30.0,0,19.5282719127,2.0,92.0145190563,205.619047619,-1320.0
10:50:51,3083.0,3082.25010537,6.02095106895,68.4210526316,1080.0,0,19.5295201717,354.0,55.7708508846,409.238095238,-234.0
10:50:51,3083.0,3082.25052186,6.01974066722,68.4210526316,40.0,44.7368421053,19.5255941201,-32.0,29.7262059974,307.619047619,284.0
10:50:52,3084.0,3082.25149352,6.01815996012,66.6666666667,70.0,0,19.5141373545,-30.0,19.4244604317,254.571428571,294.0
10:50:52,3084.0,3082.25246465,6.01657801694,66.6666666667,478.0,0,19.509007837,-352.0,22.7765726681,324.952380952,-62.0
10:50:53,3084.0,3082.25343523,6.01535442754,66.6666666667,38.0,0,19.5050402968,-38.0,21.0829493088,248.0,-96.0
10:50:53,3084.0,3082.25440527,6.01412996053,66.6666666667,20.0,0,19.5010699109,0.0,21.4368482039,171.047619048,-98.0
10:50:54,3083.0,3082.25481938,6.01291428464,64.7058823529,380.0,0,19.5034521072,62.0,54.77582846,197.428571429,-390.0
10:50:54,3083.0,3082.25523325,6.01169754148,64.7058823529,98.0,0,19.4995054865,-16.0,57.1955719557,176.571428571,-374.0
10:50:55,3084.0,3082.2562023,6.01047026261,66.6666666667,122.0,0,19.4892031862,94.0,60.9154929577,159.80952381,-250.0
10:50:55,3083.0,3082.2566154,6.00925148376,64.7058823529,18.0,0,19.4915714686,8.0,81.3609467456,110.857142857,110.0
10:50:56,3083.0,3082.25702828,6.00803163572,64.7058823529,90.0,0,19.4876147769,-10.0,81.3186813187,104.380952381,138.0
10:50:56,3083.0,3082.25744093,6.00681071784,64.7058823529,232.0,0,19.4836546151,-12.0,64.6808510638,136.0,126.0
10:50:57,3084.0,3082.25840875,6.00589432696,66.6666666667,44.0,0,19.4743655219,2.0,58.940397351,103.80952381,66.0
10:50:57,3084.0,3082.25937603,6.00430144167,66.6666666667,26.0,0,19.4692005242,-14.0,59.3984962406,82.4761904762,68.0
10:50:58,3083.0,3082.25978737,6.00307750293,64.7058823529,308.0,0,19.471545582,-198.0,69.0807799443,145.142857143,-224.0
10:50:58,3083.0,3082.26019849,6.0018524918,64.7058823529,192.0,0,19.4675721434,150.0,73.7668161435,165.80952381,-82.0
10:50:59,3083.0,3082.26060938,6.00062640763,64.7058823529,346.0,0,19.4635952242,104.0,76.4808362369,222.19047619,32.0
10:50:59,3084.0,3082.26157544,5.99939065193,66.6666666667,30.0,0,19.4532770815,16.0,92.177589852,176.095238095,60.0
10:51:00,3083.0,3082.26198556,5.99816252085,64.7058823529,222.0,0,19.4556033761,166.0,74.0213523132,194.476190476,224.0
10:51:00,3084.0,3082.26295085,5.99724071712,66.6666666667,1102.0,0,19.4463058273,-604.0,42.3636363636,455.80952381,-366.0
10:51:01,3083.0,3082.26336021,5.9960107044,64.7058823529,66.0,0,19.4486237574,-54.0,33.6567926456,369.904761905,-222.0
10:51:01,3083.0,3082.26376934,5.99477961554,64.7058823529,16.0,0,19.4446306051,-14.0,27.7777777778,281.238095238,-386.0
10:51:02,3082.0,3082.26362284,5.99323924014,61.1111111111,988.0,0,19.4459417266,638.0,10.4372937294,478.666666667,148.0
10:51:02,3082.0,3082.26347643,5.99206007568,61.1111111111,356.0,0,19.442115755,8.0,3.89090909091,464.952380952,140.0
10:51:03,3081.0,3082.26277469,5.99098023163,57.8947368421,94.0,0,19.4449212322,40.0,4.84363081617,360.857142857,14.0
10:51:03,3082.0,3082.26262875,5.98979841965,61.1111111111,142.0,0,19.434777481,-14.0,0.541516245491,276.571428571,604.0
10:51:04,3082.0,3082.26248288,5.9886153308,61.1111111111,316.0,0,19.4309387761,-72.0,5.0209205021,287.714285714,586.0
10:51:04,3082.0,3082.2623371,5.98743096432,61.1111111111,32.0,0,19.4270959258,-32.0,5.91286307055,205.80952381,568.0
10:51:05,3081.0,3082.26163599,5.98634551616,57.8947368421,104.0,0,19.4298783387,62.0,15.1340996169,143.714285714,-8.0
10:51:05,3082.0,3082.26149068,5.98547608774,61.1111111111,20.0,0,19.4207530426,16.0,41.8079096045,99.7142857143,0.0
10:51:06,3082.0,3082.26134545,5.98428796676,61.1111111111,76.0,0,19.4168980103,70.0,50.4347826087,87.7142857143,30.0
10:51:06,3081.0,3082.2606449,5.98319846645,57.8947368421,16.0,0,19.4196639612,-12.0,60.9929078014,59.4285714286,32.0
10:51:07,3081.0,3082.25994473,5.98174289576,57.8947368421,4.0,0,19.4149396162,0.0,90.4761904762,33.7142857143,104.0
10:51:07,3081.0,3082.25924496,5.98065022245,57.8947368421,14.0,0,19.4113931271,10.0,88.0341880342,25.7142857143,146.0
10:51:08,3082.0,3082.25910097,5.97945649704,61.1111111111,24.0,0,19.4012215997,4.0,76.6233766234,21.4285714286,88.0
10:51:08,3081.0,3082.25840167,5.97836095359,57.8947368421,22.0,0,19.4039628484,0.0,76.9230769231,20.380952381,72.0
10:51:09,3081.0,3082.25770275,5.97726391843,57.8947368421,12.0,0,19.400402202,-10.0,50.0,16.380952381,-8.0
10:51:09,3082.0,3082.25755962,5.9757005633,61.1111111111,46.0,0,19.3890349231,0.0,40.9836065574,25.1428571429,4.0
10:51:10,3081.0,3082.25686117,5.97423464156,57.8947368421,28.0,0,19.3905700797,6.0,49.3150684932,27.3333333333,10.0
10:51:10,3081.0,3082.25616311,5.97313284401,57.8947368421,16.0,0,19.386993976,-14.0,41.8918918919,24.9523809524,-14.0
10:51:11,3081.0,3082.25546543,5.97202955116,57.8947368421,18.0,0,19.383413019,4.0,39.4366197183,23.0476190476,-14.0
10:51:11,3082.0,3082.25532355,5.97082596081,61.1111111111,152.0,0,19.373218562,-102.0,22.7941176471,59.7142857143,-116.0
10:51:12,3081.0,3082.25462634,5.9697197858,57.8947368421,20.0,0,19.3759162149,4.0,28.5714285714,52.4761904762,-102.0
10:51:12,3081.0,3082.25392952,5.96893236907,57.8947368421,126.0,0,19.3733604968,2.0,43.3333333333,75.1428571429,-100.0
10:51:13,3081.0,3082.25323308,5.96782338648,57.8947368421,6.0,0,19.3697610726,-2.0,39.6449704142,59.7142857143,-108.0
10:51:13,3082.0,3082.25309244,5.96661452491,61.1111111111,128.0,0,19.359553942,0.0,30.2222222222,80.1904761905,-94.0
10:51:14,3081.0,3082.25239647,5.96582343902,57.8947368421,120.0,0,19.3632698443,-2.0,23.1884057971,93.0476190476,-100.0
10:51:14,3082.0,3082.25225629,5.96461207642,61.1111111111,56.0,0,19.3530567048,16.0,30.701754386,82.7619047619,18.0
10:51:15,3082.0,3082.25211618,5.9633994197,61.1111111111,10.0,0,19.3491220626,10.0,28.6995515695,63.9047619048,24.0
10:51:15,3082.0,3082.25197616,5.96218546806,61.1111111111,214.0,0,19.3451832189,144.0,47.5655430712,103.80952381,166.0
10:51:16,3082.0,3082.25183621,5.96097022071,61.1111111111,60.0,0,19.341240171,-22.0,53.0612244898,95.5238095238,146.0
10:51:16,3081.0,3082.25114094,5.96017314253,57.8947368421,18.0,0,19.3449306801,18.0,68.2008368201,72.6666666667,164.0
10:51:17,3081.0,3082.25044605,5.95905307748,57.8947368421,182.0,0,19.3412952856,-36.0,60.7407407407,101.904761905,130.0
10:51:17,3081.0,3082.24975155,5.95793150678,57.8947368421,12.0,0,19.3376550042,10.0,59.2741935484,79.619047619,124.0
10:51:18,3081.0,3082.24905744,5.95680842958,57.8947368421,28.0,0,19.3340098331,22.0,56.0311284047,64.0,136.0
10:51:18,3082.0,3082.24891911,5.95558648805,61.1111111111,168.0,0,19.3237718626,20.0,26.4957264957,87.5238095238,12.0
10:51:19,3081.0,3082.24822546,5.95478309149,57.8947368421,202.0,0,19.3274361944,14.0,11.1475409836,122.952380952,48.0
10:51:19,3081.0,3082.2475322,5.9539785368,57.8947368421,66.0,0,19.3248248517,18.0,11.8541033435,112.761904762,48.0
10:51:20,3081.0,3082.24683931,5.9528499179,57.8947368421,2.0,0,19.3211616939,-2.0,15.89958159,82.0,82.0
10:51:20,3082.0,3082.24670222,5.95162284643,61.1111111111,26.0,0,19.3109112473,-4.0,19.5121951219,66.6666666667,68.0
10:51:21,3081.0,3082.2460098,5.95049131699,57.8947368421,46.0,0,19.3135063843,-4.0,18.8235294118,56.380952381,42.0
10:51:21,3081.0,3082.24531776,5.94935827538,57.8947368421,8.0,0,19.3098288717,-6.0,15.4285714286,34.380952381,16.0
10:51:22,3082.0,3082.24518151,5.94845075276,61.1111111111,76.0,0,19.3006189252,-76.0,54.4642857143,39.4285714286,-74.0
10:51:22,3081.0,3082.24448994,5.94763880294,57.8947368421,16.0,0,19.304247981,-2.0,58.6206896552,33.3333333333,-94.0
10:51:23,3081.0,3082.24379875,5.94650171436,57.8947368421,214.0,0,19.3005573332,-96.0,74.0932642487,86.1904761905,-188.0
10:51:23,3081.0,3082.24310794,5.94536311048,57.8947368421,2.0,0,19.2968617672,0.0,72.3756906077,68.380952381,-184.0
10:51:24,3082.0,3082.24297292,5.94412678279,61.1111111111,2.0,0,19.2865891719,2.0,83.0188679245,51.7142857143,-178.0
10:51:24,3082.0,3082.24283797,5.9432136836,61.1111111111,210.0,0,19.283626488,-42.0,88.8461538461,96.5714285714,-214.0
10:51:25,3082.0,3082.2427031,5.94229961306,61.1111111111,14.0,0,19.2806606524,0.0,86.0262008733,75.8095238095,-138.0
10:51:25,3081.0,3082.2420129,5.94148051108,57.8947368421,4.0,0,19.2842600165,0.0,86.995515695,55.1428571429,-136.0
10:51:26,3082.0,3082.24187849,5.94023940055,61.1111111111,4.0,0,19.2739759914,-2.0,88.1355932203,35.0476190476,-42.0
10:51:26,3082.0,3082.24174415,5.93932217004,61.1111111111,0.0,0,19.2709999028,0.0,0,23.8095238095,-42.0
10:51:27,3082.0,3082.24160988,5.93840396627,61.1111111111,152.0,0,19.2680206563,-2.0,67.1875,56.0952380952,-46.0
10:51:27,3082.0,3082.24147569,5.9374847888,61.1111111111,6.0,0,19.2650382505,-2.0,35.5555555556,39.5238095238,-6.0
10:51:28,3082.0,3082.24134157,5.93656463718,61.1111111111,0.0,0,19.2620526839,0.0,0,30.9523809524,-6.0
10:51:28,3081.0,3082.24065213,5.93573889412,57.8947368421,6.0,0,19.2656244535,0.0,36.9047619048,24.7619047619,-6.0
10:51:29,3082.0,3082.24051847,5.93449073189,61.1111111111,130.0,0,19.2553235947,12.0,63.9455782313,53.9047619048,8.0
10:51:29,3081.0,3082.23982949,5.93333642842,57.8947368421,34.0,0,19.2578267719,-2.0,57.3170731707,49.619047619,6.0
10:51:30,3082.0,3082.23969629,5.93241188746,61.1111111111,226.0,0,19.2485784798,-60.0,84.5771144278,98.5714285714,-52.0
10:51:30,3082.0,3082.23956316,5.93115986382,61.1111111111,2.0,0,19.2445161059,-2.0,84.4221105527,80.0,-52.0
10:51:31,3082.0,3082.2394301,5.93023321398,61.1111111111,0.0,0,19.2415094548,0.0,0,61.0476190476,-52.0
10:51:31,3081.0,3082.23874172,5.92907352677,57.8947368421,788.0,0,19.2439906743,-12.0,79.4915254237,267.238095238,-64.0
10:51:32,3081.0,3082.23805372,5.92823936035,57.8947368421,0.0,0,19.2412832209,0.0,0,211.047619048,-76.0
10:51:32,3081.0,3082.23736611,5.92707680954,57.8947368421,6.0,0,19.2375099303,-4.0,79.060665362,162.761904762,-78.0
10:51:33,3081.0,3082.23667887,5.92591272857,57.8947368421,12.0,0,19.2337316734,-8.0,75.0,117.523809524,-26.0
10:51:33,3082.0,3082.23654742,5.92498036148,61.1111111111,4.0,0,19.2244658062,4.0,75.0617283951,80.1904761905,-20.0
10:51:34,3082.0,3082.23641604,5.92404701405,61.1111111111,8.0,0,19.2214374239,0.0,74.8166259169,43.9047619048,-20.0
10:51:34,3082.0,3082.23628474,5.92311268582,61.1111111111,48.0,0,19.2184058592,-6.0,43.5897435897,18.6666666667,-14.0
10:51:35,3082.0,3082.2361535,5.92184931466,61.1111111111,238.0,0,19.2143066666,28.0,11.3924050633,82.9523809524,14.0
10:51:35,3081.0,3082.23546694,5.92067860199,57.8947368421,280.0,0,19.2167432716,-74.0,6.10169491527,147.904761905,-56.0
10:51:36,3081.0,3082.23478076,5.91983480646,57.8947368421,42.0,0,19.214004565,-6.0,12.2580645161,131.80952381,-54.0
10:51:36,3082.0,3082.23465037,5.91889605886,61.1111111111,712.0,0,19.204724396,128.0,107.379518072,305.714285714,70.0
10:51:37,3082.0,3082.23452004,5.91762756282,61.1111111111,94.0,0,19.200608575,74.0,100.848656294,269.333333333,144.0
10:51:37,3082.0,3082.23438979,5.91668669141,61.1111111111,6.0,0,19.19755578,0.0,102.186588921,203.714285714,150.0
10:51:38,3082.0,3082.23425961,5.91541572587,61.1111111111,540.0,0,19.1934319464,396.0,83.6320191159,292.666666667,518.0
10:51:38,3081.0,3082.2335741,5.914236825,57.8947368421,1172.0,0,19.1958351996,870.0,132.579890881,547.80952381,1462.0
10:51:39,3081.0,3082.23288897,5.91338588618,57.8947368421,28.0,0,19.193073308,-10.0,131.661442006,433.619047619,1458.0
10:51:39,3081.0,3082.23220422,5.91253376782,57.8947368421,22.0,0,19.1903075878,2.0,108.485499463,318.380952381,1332.0
10:51:40,3081.0,3082.23151985,5.91168046939,57.8947368421,16.0,0,19.1875380376,2.0,113.004484305,234.285714286,1260.0
10:51:40,3081.0,3082.23083587,5.91049599321,57.8947368421,564.0,0,19.1836935839,528.0,107.429547395,310.476190476,1788.0
10:51:41,3082.0,3082.23070766,5.90954730124,61.1111111111,94.0,0,19.1743909839,48.0,137.76371308,225.80952381,1440.0
10:51:41,3081.0,3082.23002412,5.90869039824,57.8947368421,2.0,42.5,19.1778331653,0.0,84.0220385675,136.095238095,570.0
10:51:42,3081.0,3082.22934097,5.90750179595,68.75,12.0,0,19.1739753195,2.0,86.4788732394,104.952380952,582.0
10:51:42,3082.0,3082.22921359,5.90654980133,70.5882352941,2.0,0,19.1646651568,2.0,87.2463768116,71.7142857143,582.0
10:51:43,3081.0,3082.22853088,5.90568928849,68.75,4.0,0,19.1680924651,0.0,88.790560472,40.0,580.0
10:51:43,3081.0,3082.22784855,5.9048275918,68.75,2.0,0,19.1652956566,2.0,87.9310344828,8.28571428571,54.0
10:51:44,3081.0,3082.22716661,5.90396471073,68.75,10.0,0,19.162495004,10.0,18.75,5.61904761905,16.0
10:51:44,3081.0,3082.22648504,5.90310064476,68.75,4.0,0,19.1596905056,2.0,23.5294117647,5.2380952381,18.0
10:51:45,3081.0,3082.22580385,5.90223539338,68.75,28.0,0,19.1568821596,8.0,8.0,11.619047619,24.0
10:51:45,3081.0,3082.22512303,5.90136895606,68.75,12.0,0,19.1540699645,10.0,3.33333333333,12.6666666667,32.0
10:51:46,3081.0,3082.2244426,5.90050133228,68.75,10.0,0,19.1512539185,10.0,6.0606060606,12.6666666667,42.0
10:51:46,3081.0,3082.22376254,5.89963252151,68.75,0.0,0,19.1484340198,0.0,0,9.52380952381,40.0
10:51:47,3081.0,3082.22308286,5.89876252324,68.75,4.0,0,19.1456102669,2.0,6.89655172413,7.61904761905,32.0
10:51:47,3081.0,3082.22240356,5.89789133693,68.75,10.0,0,19.142782658,8.0,15.625,7.71428571429,38.0
10:51:48,3081.0,3082.22172463,5.89701896206,68.75,50.0,0,19.1399511914,26.0,11.6279069767,18.9523809524,56.0
10:51:48,3081.0,3082.22104609,5.89581269464,68.75,0.0,0,19.1360360099,0.0,0,14.8571428571,46.0
10:51:49,3081.0,3082.22036792,5.89493777389,68.75,40.0,0,19.1331962801,18.0,7.69230769231,22.7619047619,54.0
10:51:49,3081.0,3082.21969012,5.89406166288,68.75,4.0,0,19.130352687,2.0,9.25925925926,18.9523809524,56.0
10:51:50,3081.0,3082.21901271,5.89318436107,68.75,2.0,0,19.1275052291,-2.0,9.43396226415,14.380952381,52.0
10:51:50,3081.0,3082.21833566,5.89230586794,68.75,24.0,0,19.1246539044,2.0,1.66666666667,16.1904761905,46.0
10:51:51,3081.0,3082.217659,5.89109261046,68.75,32.0,0,19.1207160353,-12.0,1.96078431373,19.619047619,8.0
10:51:51,3082.0,3082.21753811,5.89012088135,70.5882352941,4.0,0,19.1113591218,0.0,3.77358490566,15.9047619048,8.0
10:51:52,3081.0,3082.21686189,5.88890481523,68.75,246.0,0,19.1136151095,-96.0,1.28205128205,81.1428571429,-106.0
10:51:52,3082.0,3082.21674144,5.88793083795,70.5882352941,2.0,0,19.1042532055,0.0,1.29032258065,66.8571428571,-108.0
10:51:53,3081.0,3082.21606566,5.8870462526,68.75,38.0,0,19.1075827738,-22.0,1.15606936416,62.9523809524,-128.0
10:51:53,3082.0,3082.21594566,5.88607018496,70.5882352941,108.0,0,19.0982160446,36.0,2.32558139535,77.3333333333,-94.0
10:51:54,3082.0,3082.21582572,5.88475850302,70.5882352941,34.0,0,19.0939601007,0.0,10.6481481482,66.5714285714,-82.0
10:51:54,3082.0,3082.21570585,5.88344546635,70.5882352941,2.0,0,19.089699761,0.0,10.6976744186,46.5714285714,-82.0
10:51:55,3081.0,3082.21503065,5.88255607472,68.75,10.0,0,19.0930090059,-6.0,23.7113402062,28.9523809524,8.0
10:51:55,3081.0,3082.21435582,5.88133031032,68.75,8.0,0,19.0890305431,0.0,22.0,22.0,8.0
10:51:56,3081.0,3082.21368136,5.880438355,68.75,128.0,0,19.0861355242,-104.0,15.1724137931,49.0476190476,-74.0
10:51:56,3080.0,3082.21245188,5.87934655997,64.7058823529,34.0,0,19.0887875324,-10.0,27.7777777778,44.9523809524,-120.0
10:51:57,3081.0,3082.21177849,5.87845194096,68.75,48.0,0,19.0796882212,-48.0,30.4347826087,48.380952381,-168.0
10:51:57,3080.0,3082.21055006,5.87769281602,64.7058823529,70.0,0,19.0834182338,-22.0,44.966442953,57.4285714286,-190.0
10:51:58,3081.0,3082.20987772,5.87679570009,68.75,22.0,0,19.0743125612,-20.0,50.3225806452,49.5238095238,-204.0
10:51:58,3080.0,3082.20865035,5.87603386622,64.7058823529,8.0,0,19.0780320332,-2.0,52.2580645161,37.0476190476,-206.0
10:51:59,3081.0,3082.20797907,5.87513425116,68.75,22.0,0,19.0689199973,-18.0,90.1960784314,28.5714285714,-120.0
10:51:59,3081.0,3082.20730815,5.87423343436,68.75,40.0,0,19.0659962167,-4.0,84.7619047619,30.2857142857,-114.0
10:52:00,3080.0,3082.20608221,5.87346758974,64.7058823529,86.0,0,19.0696999667,-22.0,70.9677419355,44.8571428571,-88.0
10:52:00,3081.0,3082.20541235,5.8725642705,68.75,300.0,0,19.0605786125,2.0,83.6820083682,118.761904762,-64.0
10:52:01,3081.0,3082.20474286,5.87165974784,68.75,2.0,0,19.0576428038,0.0,82.5327510917,96.5714285714,-44.0
10:52:01,3081.0,3082.20407375,5.87041672417,68.75,96.0,0,19.0536083225,-90.0,68.1318681319,102.19047619,-132.0
10:52:02,3082.0,3082.20396041,5.86942116917,70.5882352941,4.0,0,19.0441958766,2.0,67.0454545455,77.3333333333,-112.0
10:52:02,3081.0,3082.20329172,5.86851296705,68.75,84.0,0,19.0474292991,-2.0,59.0909090909,76.1904761905,-110.0
10:52:03,3081.0,3082.20262341,5.86760355919,68.75,6.0,0,19.0444776345,0.0,59.756097561,50.6666666667,-88.0
10:52:03,3081.0,3082.20195548,5.86635494095,68.75,0.0,0,19.040424995,0.0,0,27.2380952381,-90.0
10:52:04,3081.0,3082.20128791,5.86544294897,68.75,52.0,0,19.0374649431,40.0,19.0082644628,32.9523809524,-50.0
10:52:04,3081.0,3082.20062071,5.86452974944,68.75,306.0,0,19.0345009719,-160.0,10.1769911504,108.857142857,-120.0
10:52:05,3081.0,3082.19995388,5.8636153418,68.75,10.0,0,19.0315330795,-4.0,9.17030567686,90.1904761905,-126.0
10:52:05,3082.0,3082.19984283,5.86227328525,70.5882352941,94.0,0,19.0210035213,12.0,9.82905982906,95.2380952381,-112.0
10:52:06,3081.0,3082.19917644,5.86101747556,68.75,8.0,0,19.0231011865,4.0,9.78723404255,75.2380952381,-108.0
10:52:06,3081.0,3082.19851041,5.86009920175,68.75,48.0,0,19.0201207457,28.0,8.88030888031,66.5714285714,-80.0
10:52:07,3081.0,3082.19784476,5.85884042376,68.75,0.0,0,19.0160351307,0.0,0,41.9047619048,-120.0
10:52:07,3082.0,3082.19773487,5.85749276805,70.5882352941,78.0,0,19.0054924337,0.0,34.4537815126,42.0,40.0
10:52:08,3082.0,3082.19762505,5.8564834219,70.5882352941,2.0,0,19.0022174624,0.0,36.5217391304,31.2380952381,44.0
10:52:08,3082.0,3082.19751529,5.85513320741,70.5882352941,6.0,0,18.9978364939,4.0,57.7464788732,22.0,36.0
10:52:09,3082.0,3082.19740559,5.8537816138,70.5882352941,2.0,0,18.9934510506,0.0,61.7647058824,15.8095238095,32.0
10:52:09,3081.0,3082.19674055,5.85251554414,68.75,2.0,0,18.9955064724,0.0,93.3333333333,9.90476190476,4.0
10:52:10,3081.0,3082.19607588,5.85158834088,68.75,0.0,0,18.9924970493,0.0,0,5.61904761905,4.0
10:52:10,3082.0,3082.19596698,5.85023260459,70.5882352941,4.0,0,18.9819357709,2.0,50.0,2.47619047619,6.0
10:52:11,3081.0,3082.19530274,5.84930290244,68.75,2.0,0,18.985079203,2.0,37.5,2.28571428571,8.0
10:52:11,3082.0,3082.19519427,5.84794449881,70.5882352941,4.0,0,18.9745116769,0.0,42.8571428571,2.66666666667,4.0
10:52:12,3082.0,3082.19508585,5.84692590302,70.5882352941,84.0,0,18.9712066938,4.0,87.5,26.0,8.0
10:52:12,3082.0,3082.1949775,5.84556492745,70.5882352941,12.0,0,18.9667908094,8.0,83.0188679245,24.8571428571,16.0
10:52:13,3082.0,3082.19486921,5.8442025655,70.5882352941,8.0,0,18.9623704267,2.0,84.2105263158,22.0952380952,18.0
10:52:13,3082.0,3082.19476098,5.8428388162,70.5882352941,2.0,0,18.9579455425,0.0,85.7142857143,17.2380952381,16.0
10:52:14,3082.0,3082.19465281,5.84181563185,70.5882352941,0.0,0,18.9546256712,0.0,0,11.9047619048,14.0
10:52:14,3082.0,3082.1945447,5.84044930386,70.5882352941,6.0,0,18.9501924201,0.0,89.2857142857,8.38095238095,14.0
10:52:15,3081.0,3082.19388125,5.83916739345,68.75,16.0,0,18.9521823871,16.0,45.4545454545,7.61904761905,26.0
10:52:15,3081.0,3082.19321817,5.83788387984,68.75,2.0,0,18.9480164876,2.0,47.0588235294,6.09523809524,20.0
10:52:16,3081.0,3082.19255545,5.83694150314,68.75,0.0,0,18.9449578161,0.0,0,4.47619047619,18.0
10:52:16,3081.0,3082.1918931,5.83599790334,68.75,10.0,0,18.9418951747,10.0,17.6470588235,6.09523809524,28.0
10:52:17,3081.0,3082.19123113,5.83505307983,68.75,10.0,0,18.9388285616,2.0,31.8181818182,7.33333333333,30.0
10:52:17,3082.0,3082.19112492,5.83367850169,70.5882352941,6.0,0,18.9282235616,0.0,31.8181818182,6.95238095238,30.0
10:52:18,3081.0,3082.19046336,5.83238769452,68.75,44.0,0,18.930177522,26.0,41.6666666667,17.4285714286,40.0
10:52:18,3081.0,3082.18980218,5.83109527834,68.75,0.0,0,18.9259827275,0.0,0,14.0,38.0
10:52:19,3082.0,3082.18969676,5.8300601862,70.5882352941,18.0,0,18.9164834075,16.0,52.2727272727,15.8095238095,54.0
10:52:19,3082.0,3082.1895914,5.82902406306,70.5882352941,0.0,0,18.9131215544,0.0,0,11.619047619,44.0
10:52:20,3081.0,3082.1889307,5.82772745847,68.75,26.0,0,18.9150517964,26.0,40.4255319149,15.3333333333,68.0
10:52:20,3081.0,3082.18827037,5.82642924102,68.75,0.0,0,18.9108381727,0.0,0,10.8571428571,68.0
10:52:21,3082.0,3082.1881658,5.82504487875,70.5882352941,8.0,0,18.9002105086,0.0,46.1538461539,8.95238095238,42.0
10:52:21,3081.0,3082.1875059,5.82374354594,68.75,32.0,0,18.9021212137,32.0,30.9523809524,15.619047619,74.0
10:52:22,3082.0,3082.18740175,5.82235627894,70.5882352941,30.0,0,18.8914869531,0.0,41.6666666667,20.1904761905,58.0
10:52:22,3081.0,3082.18674227,5.82105182654,68.75,4.0,0,18.8933847015,0.0,42.0,16.7619047619,58.0
10:52:23,3081.0,3082.18608315,5.82009121306,68.75,20.0,0,18.8902668389,0.0,44.6808510638,17.7142857143,32.0
10:52:23,3081.0,3082.1854244,5.81878373338,68.75,56.0,0,18.8860231528,44.0,37.3333333333,29.2380952381,76.0
10:52:24,3081.0,3082.18476601,5.81747463347,68.75,36.0,0,18.881774208,16.0,35.9550561798,32.380952381,92.0
10:52:24,3082.0,3082.18466339,5.81642618626,70.5882352941,600.0,0,18.8722458996,358.0,9.11528150132,195.333333333,418.0
10:52:25,3081.0,3082.18400543,5.81511416722,68.75,478.0,0,18.8741128439,212.0,3.18257956448,296.380952381,630.0
10:52:25,3081.0,3082.18334783,5.81380052489,68.75,4.0,0,18.8698491558,2.0,3.35008375208,240.666666667,632.0
10:52:26,3081.0,3082.1826906,5.81248525818,68.75,2.0,0,18.8655801953,0.0,3.57142857142,184.380952381,632.0
10:52:26,3081.0,3082.18203373,5.81116836598,68.75,504.0,0,18.861305959,308.0,32.7586206896,272.380952381,896.0
10:52:27,3081.0,3082.18137723,5.81019691529,68.75,102.0,0,18.8581529221,-32.0,36.5680473373,224.19047619,848.0
10:52:27,3081.0,3082.18072109,5.80922422627,68.75,14.0,0,18.8549958659,12.0,56.5217391304,147.714285714,502.0
10:52:28,3082.0,3082.18062072,5.80816727538,70.5882352941,20.0,0,18.8454486547,20.0,99.6904024768,100.857142857,310.0
10:52:28,3081.0,3082.179965,5.80684462031,68.75,22.0,0,18.8472723801,-22.0,96.3855421687,76.380952381,286.0
10:52:29,3081.0,3082.17930965,5.80586814018,68.75,0.0,0,18.8441030191,0.0,0,44.7619047619,286.0
10:52:29,3081.0,3082.17865466,5.8048904191,68.75,0.0,0,18.8409296303,0.0,0,13.2380952381,-22.0
10:52:30,3081.0,3082.17800003,5.80356329453,68.75,12.0,0,18.8366221828,-10.0,47.0588235294,9.14285714286,0.0
10:52:30,3081.0,3082.17734577,5.80223453656,68.75,12.0,0,18.8323094338,0.0,30.303030303,9.33333333333,-12.0
10:52:31,3081.0,3082.17669187,5.80125273162,68.75,10.0,0,18.8291227901,-4.0,0,9.04761904762,-36.0
10:52:31,3081.0,3082.17603833,5.80026968296,68.75,6.0,45.9459459459,18.8259321096,0.0,0,8.09523809524,-14.0
10:52:32,3081.0,3082.17538516,5.79928538994,73.3333333333,108.0,0,18.8227373903,-8.0,0,37.0476190476,-22.0
10:52:32,3081.0,3082.17473235,5.79829985193,73.3333333333,16.0,0,18.8195386301,-12.0,1.21951219512,34.5714285714,-34.0
10:52:33,3081.0,3082.1740799,5.79731306829,73.3333333333,0.0,0,18.816335827,0.0,0,26.7619047619,-24.0
10:52:33,3081.0,3082.17342781,5.79662656659,73.3333333333,18.0,0,18.8141076488,0.0,1.26582278481,24.6666666667,-24.0
10:52:34,3081.0,3082.17277609,5.79563746108,73.3333333333,6.0,0,18.8108973096,0.0,1.2987012987,18.8571428571,-20.0
10:52:34,3081.0,3082.17212473,5.79464710815,73.3333333333,8.0,0,18.8076829216,-6.0,1.28205128205,13.8095238095,-26.0
10:52:35,3081.0,3082.17147373,5.79395752056,73.3333333333,2.0,0,18.8054447275,0.0,4.0,6.95238095238,-18.0
10:52:35,3082.0,3082.17137849,5.79318554557,75.0,342.0,0,18.79683824,10.0,0.531914893609,102.285714286,4.0
10:52:36,3082.0,3082.17128331,5.79211053455,75.0,2.0,0,18.7933502094,0.0,1.05820105819,84.9523809524,4.0
10:52:36,3082.0,3082.17118818,5.79133691441,75.0,156.0,0,18.7908400857,-38.0,1.93798449613,111.523809524,-34.0
10:52:37,3082.0,3082.1710931,5.79025996106,75.0,244.0,0,18.787345753,212.0,33.4217506631,156.666666667,178.0
10:52:37,3081.0,3082.17044267,5.78926305039,73.3333333333,22.0,0,18.7902078883,22.0,32.8125,127.047619048,206.0
10:52:38,3081.0,3082.16979261,5.78826488826,73.3333333333,4.0,0,18.786968154,4.0,32.7272727273,91.619047619,210.0
10:52:38,3082.0,3082.1696983,5.78748767431,75.0,16.0,0,18.7783506629,10.0,57.6576576577,59.5238095238,210.0
10:52:39,3081.0,3082.16904865,5.78679051327,73.3333333333,2.0,0,18.7821827759,2.0,57.2072072072,38.9523809524,212.0
10:52:39,3081.0,3082.16839936,5.78609241476,73.3333333333,0.0,0,18.779916958,0.0,0,17.8095238095,250.0
10:52:40,3081.0,3082.16775043,5.78539337843,73.3333333333,0.0,0,18.7776480962,0.0,0,4.09523809524,38.0
10:52:40,3082.0,3082.16765726,5.78461288412,75.0,12.0,0,18.7690229855,0.0,52.9411764706,5.42857142857,16.0
10:52:41,3081.0,3082.16700874,5.78391206812,73.3333333333,2.0,0,18.7728402081,0.0,56.25,4.38095238095,12.0
10:52:41,3081.0,3082.16636059,5.78290637767,73.3333333333,6.0,0,18.7695760392,4.0,63.6363636364,4.57142857143,6.0
10:52:42,3081.0,3082.16571279,5.78189943132,73.3333333333,100.0,0,18.766307794,0.0,11.6666666667,32.0952380952,4.0
10:52:42,3081.0,3082.16506535,5.78119551025,73.3333333333,0.0,0,18.7640230777,0.0,0,26.380952381,4.0
10:52:43,3081.0,3082.16441827,5.78049064916,73.3333333333,0.0,0,18.7617353105,0.0,0,20.6666666667,4.0
10:52:43,3081.0,3082.16377155,5.77978484771,73.3333333333,20.0,0,18.7594444911,20.0,9.375,20.6666666667,24.0
10:52:44,3081.0,3082.16312519,5.77907810555,73.3333333333,0.0,0,18.7571506185,0.0,0,14.5714285714,24.0
10:52:44,3081.0,3082.16247919,5.77837042233,73.3333333333,0.0,0,18.7548536914,0.0,0,8.57142857143,20.0
10:52:45,3081.0,3082.16183355,5.77766179771,73.3333333333,0.0,0,18.7525537089,0.0,0,2.85714285714,20.0
10:52:45,3081.0,3082.16118826,5.77695223135,73.3333333333,314.0,0,18.7502506698,84.0,2.99401197605,91.619047619,104.0
10:52:46,3081.0,3082.16054334,5.7762417229,73.3333333333,94.0,0,18.7479445729,74.0,2.33644859813,102.571428571,178.0
10:52:46,3081.0,3082.15989877,5.775530272,73.3333333333,8.0,0,18.7456354171,2.0,0.961538461538,84.4761904762,160.0
10:52:47,3081.0,3082.15925456,5.77481787832,73.3333333333,20.0,0,18.7433232013,8.0,0.917431192661,70.380952381,168.0
10:52:47,3081.0,3082.15861071,5.7741045415,73.3333333333,64.0,0,18.7410079244,-6.0,10.8,67.9047619048,162.0
10:52:48,3081.0,3082.15796722,5.77308439182,73.3333333333,42.0,0,18.7376968251,40.0,9.963099631,56.0952380952,202.0
10:52:48,3081.0,3082.15732408,5.77236902284,73.3333333333,14.0,0,18.7353749524,10.0,22.3140495868,34.2857142857,128.0
10:52:49,3081.0,3082.1566813,5.77134652084,73.3333333333,54.0,0,18.7320562182,32.0,29.702970297,38.1904761905,86.0
10:52:49,3081.0,3082.15603888,5.77062911793,73.3333333333,92.0,0,18.729727744,68.0,26.5734265734,54.8571428571,152.0
10:52:50,3081.0,3082.15539681,5.76960426141,73.3333333333,10.0,0,18.7264013678,4.0,27.5362318841,44.0952380952,148.0
10:52:50,3081.0,3082.1547551,5.76857813937,73.3333333333,0.0,0,18.723070884,0.0,0,30.9523809524,154.0
10:52:51,3080.0,3082.15355835,5.76798419438,68.75,8.0,0,18.7272214103,4.0,15.7303370787,23.1428571429,118.0
10:52:51,3081.0,3082.15291766,5.76695561656,73.3333333333,6.0,0,18.7178046626,-6.0,20.0,16.380952381,102.0
10:52:52,3080.0,3082.15172193,5.76605214425,68.75,52.0,0,18.7209485203,-2.0,41.6666666667,23.1428571429,68.0
10:52:52,3081.0,3082.15108226,5.76502093301,73.3333333333,2.0,0,18.7115252613,0.0,66.6666666667,15.7142857143,0.0
10:52:53,3080.0,3082.14988755,5.76411461405,68.75,4.0,0,18.7146578378,2.0,72.2222222222,13.1428571429,-2.0
10:52:53,3081.0,3082.1492489,5.76308076664,73.3333333333,38.0,0,18.7052280644,38.0,80.0,20.5714285714,36.0
10:52:54,3081.0,3082.1486106,5.76168950675,73.3333333333,4.0,0,18.7007124529,0.0,83.0188679245,16.4761904762,32.0
10:52:54,3080.0,3082.14741726,5.76077877939,68.75,16.0,0,18.7038272058,6.0,74.1379310345,16.0,44.0
10:52:55,3082.0,3082.14733539,5.75930677306,75.0,68.0,0,18.686913605,62.0,86.3636363636,29.9047619048,108.0
10:52:55,3081.0,3082.14669816,5.75826747966,73.3333333333,26.0,0,18.6896055815,2.0,71.7948717949,31.0476190476,110.0
10:52:56,3081.0,3082.14606128,5.75722691305,73.3333333333,6.0,0,18.686228215,2.0,72.1518987342,25.3333333333,110.0
10:52:56,3082.0,3082.14598016,5.75575074074,75.0,4.0,0,18.6753755378,2.0,64.5161290323,18.9523809524,74.0
10:52:57,3081.0,3082.14534368,5.75435019956,73.3333333333,6.0,0,18.6768912676,4.0,61.9047619048,14.7619047619,78.0
10:52:57,3082.0,3082.14526295,5.75287099554,75.0,28.0,0,18.6660317831,22.0,55.0724637681,16.7619047619,94.0
10:52:58,3081.0,3082.14462687,5.75182498548,73.3333333333,2.0,0,18.6686951817,2.0,8.33333333333,10.7619047619,34.0
10:52:58,3081.0,3082.14399114,5.75041973106,73.3333333333,274.0,0,18.6641341482,-30.0,1.875,85.619047619,2.0
10:52:59,3081.0,3082.14335577,5.74937098009,73.3333333333,6.0,0,18.6607302177,0.0,2.5,72.0952380952,0.0
10:52:59,3081.0,3082.14272075,5.7483209505,73.3333333333,4.0,0,18.6573221373,-4.0,2.5,58.0,-6.0
10:53:00,3081.0,3082.14208608,5.74691107987,73.3333333333,42.0,0,18.652746121,2.0,14.0449438202,54.7619047619,-8.0
10:53:00,3081.0,3082.14145176,5.74549952029,73.3333333333,12.0,0,18.6481646228,0.0,17.6470588235,41.2380952381,-30.0
10:53:01,3081.0,3082.1408178,5.74444527724,73.3333333333,120.0,0,18.6447428667,-72.0,39.3013100437,59.3333333333,-104.0
10:53:01,3081.0,3082.14018419,5.74303055886,73.3333333333,6.0,0,18.6401511161,2.0,96.8421052632,39.2380952381,-72.0
10:53:02,3081.0,3082.13955093,5.74197356461,73.3333333333,0.0,0,18.6367204304,0.0,0,30.1904761905,-72.0
10:53:02,3081.0,3082.13891802,5.74055568325,73.3333333333,22.0,0,18.6321184137,2.0,89.1089108911,27.7142857143,-66.0
10:53:03,3081.0,3082.13828547,5.73949593433,73.3333333333,38.0,0,18.6286787872,2.0,85.8585858586,28.9523809524,-66.0
10:53:03,3081.0,3082.13765326,5.7380748858,73.3333333333,42.0,0,18.6240664908,6.0,58.7719298246,31.5238095238,-60.0
10:53:04,3081.0,3082.13702141,5.73665214021,73.3333333333,26.0,0,18.6194486862,26.0,14.9253731343,28.0952380952,38.0
10:53:04,3081.0,3082.1363899,5.73558815884,73.3333333333,0.0,0,18.6159953224,0.0,0,21.7142857143,36.0
10:53:05,3080.0,3082.13520335,5.73464664518,68.75,10.0,0,18.6189826142,0.0,11.5942028986,18.4761904762,36.0
10:53:05,3081.0,3082.13457286,5.73357999039,73.3333333333,22.0,0,18.6094774112,22.0,18.8405797101,18.1904761905,56.0
10:53:06,3081.0,3082.13394271,5.73215101397,73.3333333333,2.0,0,18.6048393832,0.0,-3.92156862745,12.1904761905,54.0
10:53:06,3081.0,3082.13331292,5.73108159243,73.3333333333,16.0,0,18.6013683623,2.0,44.7368421053,11.9047619048,50.0
10:53:07,3080.0,3082.13212807,5.73013422133,68.75,20.0,0,18.6043318874,14.0,40.0,14.0,38.0
10:53:07,3080.0,3082.13094389,5.72918534677,68.75,230.0,0,18.6012511259,-78.0,81.3333333333,76.380952381,-40.0
10:53:08,3080.0,3082.12976036,5.72823496801,68.75,0.0,0,18.5981654806,0.0,0,62.0952380952,-40.0
10:53:08,3080.0,3082.12857749,5.72728308431,68.75,10.0,0,18.595074949,2.0,84.8920863309,51.1428571429,-60.0
10:53:09,3081.0,3082.12795067,5.72620681118,73.3333333333,16.0,0,18.5855462875,-4.0,84.2465753425,42.4761904762,-64.0
10:53:09,3081.0,3082.12732421,5.72512924405,73.3333333333,4.0,0,18.5820488285,-2.0,83.5714285714,29.7142857143,-68.0
10:53:10,3081.0,3082.12669809,5.72405038218,73.3333333333,4.0,0,18.5785471671,0.0,90.1515151515,17.5238095238,-82.0
10:53:10,3081.0,3082.12607232,5.72297022484,73.3333333333,0.0,0,18.575041301,0.0,0,4.95238095238,-4.0
10:53:11,3081.0,3082.1254469,5.7218887713,73.3333333333,2.0,0,18.5715312278,-2.0,66.6666666667,3.90476190476,-6.0
10:53:11,3081.0,3082.12482183,5.72080602081,73.3333333333,4.0,0,18.5680169452,-2.0,80.0,3.33333333333,-10.0
10:53:12,3081.0,3082.1241971,5.71972197265,73.3333333333,8.0,0,18.5644984507,-2.0,81.8181818182,4.19047619048,-8.0
10:53:12,3080.0,3082.12301732,5.71875882243,68.75,16.0,0,18.5673987741,16.0,47.0588235294,7.71428571429,10.0
10:53:13,3080.0,3082.12183819,5.71779416049,68.75,26.0,0,18.5642667548,18.0,25.0,13.5238095238,28.0
10:53:13,3081.0,3082.12121512,5.71670601838,73.3333333333,4.0,0,18.5547095696,0.0,30.0,12.0,28.0
10:53:14,3081.0,3082.12059239,5.71561657562,73.3333333333,32.0,0,18.5511735658,-10.0,31.1111111111,18.2857142857,20.0
10:53:14,3081.0,3082.11997002,5.71484151838,73.3333333333,8.0,0,18.5486579629,0.0,34.0425531915,16.2857142857,22.0
10:53:15,3080.0,3082.11879258,5.71418717825,68.75,198.0,0,18.5525557735,24.0,9.15492957746,68.380952381,48.0
10:53:15,3080.0,3082.1176158,5.71353166927,68.75,2.0,0,18.5504274976,0.0,9.62962962963,55.4285714286,32.0
10:53:16,3081.0,3082.11699508,5.71243736627,73.3333333333,2.0,0,18.5408548078,0.0,10.5691056911,43.1428571429,14.0
10:53:16,3080.0,3082.11581929,5.7114631255,68.75,12.0,0,18.5437114464,8.0,8.66141732283,34.8571428571,22.0
10:53:17,3080.0,3082.11464417,5.710803899,68.75,2.0,0,18.5415711007,0.0,4.46428571429,23.3333333333,32.0
10:53:17,3080.0,3082.11346969,5.71014350185,68.75,6.0,0,18.5394269541,6.0,0.900900900901,14.380952381,38.0
10:53:18,3080.0,3082.11229587,5.70948193364,68.75,38.0,0,18.5372790053,32.0,3.22580645161,14.6666666667,46.0
10:53:18,3080.0,3082.11112269,5.70908751439,68.75,8.0,0,18.5359984233,-8.0,5.88235294118,14.0,38.0
10:53:19,3080.0,3082.10995017,5.7084237557,68.75,6.0,0,18.5338433627,-4.0,8.33333333334,12.4761904762,34.0
10:53:19,3080.0,3082.10877831,5.70802742489,68.75,18.0,0,18.5325565743,10.0,7.69230769231,14.1904761905,36.0
10:53:20,3080.0,3082.10760709,5.70763020136,68.75,0.0,0,18.5312668875,0.0,0,10.4761904762,36.0
10:53:20,3080.0,3082.10643652,5.70696323109,68.75,8.0,0,18.5291013996,6.0,7.69230769231,9.14285714286,36.0
10:53:21,3080.0,3082.1052666,5.70656409457,68.75,16.0,0,18.5278055018,2.0,10.7142857143,10.0,6.0
10:53:21,3080.0,3082.10409733,5.70589493067,68.75,0.0,44.7368421053,18.5256328918,0.0,0,7.33333333333,14.0
10:53:22,3080.0,3082.10292872,5.70549388017,64.2857142857,2.0,0,18.5243307798,2.0,0,5.61904761905,20.0
10:53:22,3080.0,3082.10176075,5.70509193589,64.2857142857,0.0,0,18.5230257659,0.0,0,3.52380952381,10.0
10:53:23,3080.0,3082.10059343,5.70468909763,64.2857142857,32.0,0,18.5217178494,24.0,10.3448275862,11.4285714286,34.0
10:53:23,3080.0,3082.09942675,5.70428536521,64.2857142857,2.0,0,18.5204070299,2.0,11.5384615385,9.2380952381,30.0
10:53:24,3081.0,3082.09881613,5.70376091542,66.6666666667,44.0,0,18.512693656,24.0,10.0,19.3333333333,52.0
10:53:24,3080.0,3082.09765045,5.70335549382,64.2857142857,50.0,0,18.5173879669,6.0,6.15384615384,29.8095238095,58.0
10:53:25,3080.0,3082.09648541,5.70294917749,64.2857142857,2.0,0,18.5160687581,2.0,6.15384615384,24.1904761905,58.0
10:53:25,3080.0,3082.09532102,5.70254196622,64.2857142857,12.0,0,18.5147466436,12.0,5.6338028169,21.4285714286,70.0
10:53:26,3080.0,3082.09415727,5.7023554195,64.2857142857,6.0,0,18.5141409724,4.0,1.72413793103,16.380952381,50.0
10:53:26,3080.0,3082.09299418,5.70216820361,64.2857142857,6.0,0,18.5135331286,-2.0,3.33333333333,12.5714285714,46.0
10:53:27,3080.0,3082.09183172,5.7017585548,64.2857142857,0.0,0,18.5122031,0.0,0,6.85714285714,22.0
10:53:27,3080.0,3082.09066992,5.70134801041,64.2857142857,18.0,0,18.5108701637,14.0,9.09090909089,8.38095238095,30.0
10:53:28,3081.0,3082.09006416,5.70081751095,66.6666666667,40.0,0,18.5031402498,-32.0,48.7804878049,17.7142857143,-4.0
10:53:28,3081.0,3082.08945874,5.70001542531,66.6666666667,0.0,0,18.5005369208,0.0,0,13.8095238095,-16.0
10:53:29,3080.0,3082.08829825,5.69960226439,64.2857142857,14.0,0,18.5052021571,10.0,51.282051282,14.4761904762,-10.0
10:53:29,3080.0,3082.0871384,5.69918820703,64.2857142857,106.0,0,18.503857815,48.0,21.3483146067,41.0476190476,40.0
10:53:30,3081.0,3082.08653461,5.69865456831,66.6666666667,22.0,0,18.496119988,0.0,29.0,38.8571428571,40.0
10:53:30,3080.0,3082.08537574,5.69796741294,64.2857142857,6.0,0,18.4998941978,0.0,30.8510638298,31.0476190476,26.0
10:53:31,3080.0,3082.08421752,5.69755063656,64.2857142857,12.0,0,18.4985410278,4.0,13.75,25.5238095238,62.0
10:53:31,3080.0,3082.08305994,5.6971329629,64.2857142857,56.0,0,18.4971849445,16.0,10.1851851852,33.9047619048,78.0
10:53:32,3080.0,3082.08190301,5.69671439174,64.2857142857,12.0,0,18.4958259472,6.0,11.214953271,27.0476190476,74.0
10:53:32,3080.0,3082.08074672,5.69602297904,64.2857142857,14.0,0,18.4935811008,4.0,19.6721311475,20.8571428571,30.0
10:53:33,3080.0,3082.07959107,5.69533038501,64.2857142857,46.0,0,18.4913324189,-10.0,4.1095890411,28.1904761905,20.0
10:53:33,3080.0,3082.07843606,5.69490886318,64.2857142857,406.0,0,18.4899638415,-88.0,0.732600732601,137.238095238,-68.0
10:53:34,3080.0,3082.0772817,5.69448644293,64.2857142857,402.0,0,18.4885923472,252.0,0.427350427351,226.095238095,180.0
10:53:34,3080.0,3082.07612797,5.69406312409,64.2857142857,6.0,0,18.4872179354,2.0,0.902934537246,183.238095238,166.0
10:53:35,3080.0,3082.07497489,5.69363890644,64.2857142857,6.0,0,18.4858406053,0.0,0.909090909091,142.761904762,160.0
10:53:35,3080.0,3082.07382244,5.69343774299,64.2857142857,6.0,0,18.4851874772,0.0,1.14678899083,102.571428571,156.0
10:53:36,3080.0,3082.07267064,5.69301185232,64.2857142857,974.0,0,18.4838047153,-370.0,54.4444444445,339.333333333,-204.0
10:53:36,3080.0,3082.07151948,5.69280924354,64.2857142857,126.0,0,18.4831468946,-60.0,72.7631578947,289.619047619,-176.0
10:53:37,3080.0,3082.07036895,5.69238167924,64.2857142857,0.0,0,18.4817586988,0.0,0,217.238095238,-428.0
10:53:37,3079.0,3082.06866366,5.69211920006,60.0,728.0,0,18.4869087368,264.0,54.0217391304,372.0,-166.0
10:53:38,3080.0,3082.06751473,5.69168974021,64.2857142857,246.0,0,18.4795121435,62.0,48.0769230769,354.666666667,-104.0
10:53:38,3080.0,3082.06636643,5.69148404756,64.2857142857,408.0,0,18.4788443102,200.0,40.3706688155,372.19047619,96.0
10:53:39,3079.0,3082.06466336,5.69121859849,60.0,284.0,0,18.4839837561,-64.0,1.67410714285,335.142857143,402.0
10:53:39,3078.0,3082.06240584,5.69116640066,56.25,330.0,0,18.4898193654,-298.0,-3.80761523047,344.095238095,164.0
10:53:40,3079.0,3082.06070498,5.69089861826,60.0,392.0,0,18.4829445218,-158.0,-2.51256281408,361.047619048,6.0
10:53:40,3078.0,3082.05844966,5.6910690267,56.25,352.0,0,18.4895030107,-302.0,2.88270377733,347.904761905,-560.0
10:53:41,3078.0,3082.05619559,5.69123833186,56.25,348.0,0,18.49005306,156.0,2.55439924314,351.523809524,-466.0
10:53:41,3078.0,3082.05394277,5.69140653383,56.25,118.0,0,18.4905995251,-92.0,3.07017543859,284.571428571,-758.0
10:53:42,3078.0,3082.05169121,5.69157363272,56.25,26.0,0,18.4911424065,-8.0,3.57598978288,205.142857143,-702.0
10:53:42,3078.0,3082.04944089,5.69173962862,56.25,346.0,0,18.4916817044,104.0,3.53982300885,229.428571429,-300.0
10:53:43,3078.0,3082.04719183,5.69167875927,56.25,260.0,0,18.4914839483,26.0,17.9310344828,228.380952381,-116.0
10:53:43,3079.0,3082.04549941,5.69140319194,60.0,422.0,0,18.4845832801,-94.0,43.4210526316,279.904761905,92.0
10:53:44,3080.0,3082.04436334,5.69096207205,64.2857142857,48.0,0,18.4771495846,-16.0,53.9344262295,221.238095238,-80.0
10:53:44,3079.0,3082.0426725,5.69068439547,60.0,380.0,0,18.4822487674,-44.0,43.9946018893,271.714285714,-32.0
10:53:45,3079.0,3082.04098259,5.69063189444,60.0,30.0,0,18.4820782541,-2.0,43.8761776581,209.714285714,-26.0
10:53:45,3079.0,3082.03929363,5.69035212709,60.0,6.0,0,18.4811696235,0.0,55.1483420593,140.666666667,-130.0
10:53:46,3079.0,3082.0376056,5.69007124757,60.0,292.0,0,18.4802573809,-138.0,41.0865874363,169.523809524,-294.0
10:53:46,3080.0,3082.03647391,5.68962535923,64.2857142857,254.0,0,18.4728096079,-142.0,20.9900990099,186.0,-342.0
10:53:47,3079.0,3082.03478745,5.68956915963,60.0,122.0,0,18.4786266958,-10.0,25.0922509225,172.761904762,-336.0
10:53:47,3079.0,3082.03310193,5.68928518992,60.0,2.0,0,18.4777044168,0.0,38.5269121813,121.714285714,-292.0
10:53:48,3079.0,3082.03141734,5.68922714245,60.0,0.0,0,18.4775158897,0.0,0,88.0952380952,-290.0
10:53:48,3079.0,3082.02973368,5.68894108049,60.0,12.0,0,18.4765868155,0.0,39.8826979472,59.3333333333,-290.0
10:53:49,3079.0,3082.02805097,5.68888118489,60.0,4.0,0,18.4763922861,-2.0,50.7614213198,28.0,-154.0
10:53:49,3080.0,3082.02692458,5.68865716081,64.2857142857,4.0,0,18.4696661065,0.0,44.4444444444,10.380952381,-12.0
10:53:50,3079.0,3082.02524343,5.68836814023,60.0,28.0,0,18.4747260157,-2.0,52.0,11.5238095238,-4.0
10:53:50,3080.0,3082.0241186,5.68791495569,64.2857142857,108.0,0,18.4672563497,-50.0,83.3333333333,40.0,-54.0
10:53:51,3080.0,3082.02299441,5.68768861443,64.2857142857,190.0,0,18.4665214754,-2.0,39.3063583815,86.8571428571,-56.0
10:53:51,3079.0,3082.02131543,5.68762447293,60.0,14.0,0,18.4723107273,-10.0,40.8045977012,74.380952381,-66.0
10:53:52,3079.0,3082.01963739,5.68755946245,60.0,144.0,0,18.4720995857,-32.0,29.9180327869,98.9523809524,-96.0
10:53:52,3079.0,3082.01796028,5.68749358296,60.0,8.0,0,18.4718856218,-2.0,29.2682926829,78.0,-98.0
10:53:53,3079.0,3082.0162841,5.68719864213,60.0,2.0,0,18.4709277107,-2.0,25.7510729614,55.1428571429,-98.0
10:53:53,3080.0,3082.01516425,5.6867401541,64.2857142857,22.0,0,18.4634420588,-2.0,7.89473684211,39.2380952381,-50.0
10:53:54,3079.0,3082.01348963,5.68644309811,60.0,10.0,0,18.468473849,-6.0,12.0,24.0,-54.0
10:53:54,3080.0,3082.01237133,5.68598270359,64.2857142857,12.0,0,18.4609828039,8.0,13.1313131313,17.9047619048,-36.0
10:53:55,3079.0,3082.01069826,5.68568353166,60.0,20.0,0,18.4660069232,0.0,29.7297297297,14.1904761905,-4.0
10:53:55,3079.0,3082.00902611,5.68538324468,60.0,8.0,0,18.4650316488,0.0,35.1351351351,12.9523809524,-2.0
10:53:56,3079.0,3082.00735489,5.68508184247,60.0,26.0,0,18.4640527524,0.0,26.5306122449,16.8571428571,0.0
10:53:56,3080.0,3082.00624001,5.68461753711,64.2857142857,66.0,0,18.4565504452,24.0,53.5211267606,31.0476190476,26.0
10:53:57,3080.0,3082.00512574,5.68387419361,64.2857142857,184.0,0,18.4541369922,-58.0,74.0506329114,76.8571428571,-26.0
10:53:57,3080.0,3082.00401209,5.68312965313,64.2857142857,24.0,0,18.451719653,-10.0,70.7317073171,68.6666666667,-44.0
10:53:58,3080.0,3082.00289906,5.682662364,64.2857142857,1046.0,0,18.4502024805,526.0,17.1344165436,351.904761905,482.0
10:53:58,3080.0,3082.00178664,5.68219416736,64.2857142857,18.0,0,18.4486823616,-4.0,17.4486803519,292.571428571,478.0
10:53:59,3080.0,3082.00067485,5.68144635096,64.2857142857,18.0,0,18.4462543862,8.0,18.2890855457,232.761904762,486.0
10:53:59,3080.0,3081.99956367,5.68097620692,64.2857142857,12.0,0,18.4447279445,12.0,14.1321044547,171.619047619,474.0
10:54:00,3080.0,3081.99845311,5.68050515463,64.2857142857,64.0,0,18.443198554,64.0,2.19966159052,127.904761905,596.0
10:54:00,3080.0,3081.99734317,5.67975405919,64.2857142857,152.0,0,18.4407599324,108.0,2.13740458015,115.047619048,714.0
10:54:01,3080.0,3081.99623384,5.67928105779,64.2857142857,14.0,0,18.4392242136,6.0,10.7913669065,56.6666666667,194.0
10:54:01,3080.0,3081.99512513,5.67852772146,64.2857142857,52.0,0,18.4367783164,-2.0,7.0512820513,58.2857142857,196.0
10:54:02,3080.0,3081.99401704,5.67805276976,64.2857142857,70.0,0,18.4352362655,-2.0,5.49450549452,63.4285714286,186.0
10:54:02,3080.0,3081.99290956,5.67757690855,64.2857142857,2.0,0,18.4336912615,0.0,5.64971751414,46.6666666667,174.0
10:54:03,3080.0,3081.99180269,5.67682028782,64.2857142857,40.0,0,18.4312347007,-4.0,8.48484848486,41.2380952381,106.0
10:54:03,3080.0,3081.99069644,5.67606246513,64.2857142857,12.0,0,18.4287742374,-8.0,10.5263157895,28.9523809524,-10.0
10:54:04,3080.0,3081.98959081,5.67558360925,64.2857142857,148.0,0,18.4272195105,-2.0,7.40740740743,62.1904761905,-18.0
10:54:04,3080.0,3081.98848579,5.6751038428,64.2857142857,10.0,0,18.4256618273,0.0,7.80141843973,49.619047619,-16.0
10:54:05,3080.0,3081.98738138,5.67462316555,64.2857142857,2.0,0,18.4241011868,0.0,6.54205607479,36.7619047619,-14.0
10:54:05,3080.0,3081.98627758,5.67414157727,64.2857142857,10.0,0,18.4225375885,0.0,6.30630630632,29.4285714286,-14.0
10:54:06,3080.0,3081.9851744,5.67365907772,64.2857142857,40.0,0,18.4209710316,4.0,7.20720720723,30.2857142857,-6.0
10:54:06,3080.0,3081.98407183,5.67289483443,64.2857142857,2.0,0,18.4184897222,0.0,7.54716981134,20.2857142857,2.0
10:54:07,3080.0,3081.98296988,5.67212938628,64.2857142857,16.0,0,18.4160045009,8.0,17.5,14.7619047619,12.0
10:54:07,3081.0,3081.98242394,5.67153320442,66.6666666667,18.0,0,18.4080921922,6.0,34.0909090909,16.0952380952,18.0
10:54:08,3080.0,3081.98132289,5.67076561311,64.2857142857,8.0,0,18.411576666,2.0,36.170212766,14.1904761905,20.0
10:54:08,3080.0,3081.98022247,5.6699968156,64.2857142857,4.0,0,18.4090805701,4.0,40.9090909091,10.8571428571,24.0
10:54:09,3080.0,3081.97912265,5.66950841055,64.2857142857,30.0,0,18.4074948394,4.0,41.0256410256,15.2380952381,24.0
10:54:09,3080.0,3081.97802344,5.66901909232,64.2857142857,0.0,0,18.4059061439,0.0,0,11.5238095238,24.0
10:54:10,3080.0,3081.97692484,5.66852886069,64.2857142857,18.0,0,18.4043144828,18.0,35.8974358974,13.0476190476,34.0
10:54:10,3080.0,3081.97582686,5.66827068121,64.2857142857,4.0,0,18.4034762377,0.0,21.875,10.4761904762,28.0
10:54:11,3080.0,3081.97472948,5.66777875117,64.2857142857,2.0,0,18.4018790622,0.0,17.2413793103,8.0,26.0
10:54:11,3081.0,3081.97418811,5.66717601197,66.6666666667,46.0,51.4285714286,18.3939500551,-4.0,18.0,18.380952381,18.0
10:54:12,3080.0,3081.97309165,5.66668235292,50.0,52.0,0,18.3983193277,0.0,9.83606557378,28.4761904762,14.0
10:54:12,3080.0,3081.97199579,5.66618777933,50.0,18.0,0,18.3967135692,4.0,11.4285714286,27.8095238095,18.0
10:54:13,3080.0,3081.97090054,5.66569229096,50.0,4.0,0,18.3951048408,0.0,14.2857142857,22.2857142857,0.0
10:54:13,3081.0,3081.9703613,5.66508637415,54.5454545455,40.0,0,18.3871677187,8.0,14.8148148148,27.7142857143,8.0
10:54:14,3081.0,3081.96982236,5.66447972505,54.5454545455,0.0,0,18.3851987181,0.0,0,20.0,8.0
10:54:14,3080.0,3081.96872832,5.66398168961,50.0,10.0,0,18.3895509403,4.0,14.5161290323,15.2380952381,16.0
10:54:15,3081.0,3081.96819029,5.66337349162,54.5454545455,32.0,0,18.3816082169,2.0,46.1538461538,18.4761904762,18.0
10:54:15,3081.0,3081.96765255,5.66276456063,54.5454545455,1130.0,0,18.3796318099,-104.0,96.3815789474,336.380952381,-90.0
10:54:16,3082.0,3081.96767052,5.66209486055,58.3333333333,2.0,0,18.3714953295,2.0,96.5403624382,279.047619048,-88.0
10:54:16,3081.0,3081.96713307,5.6614845518,54.5454545455,350.0,0,18.3754772859,212.0,98.5564304462,321.238095238,116.0
10:54:17,3082.0,3081.96715133,5.66053001052,58.3333333333,1394.0,0,18.3664179446,6.0,99.2460589445,646.952380952,122.0
10:54:17,3082.0,3081.96716957,5.65985841009,58.3333333333,78.0,0,18.3642388387,0.0,99.3971868721,530.285714286,118.0
10:54:18,3082.0,3081.96718781,5.65918623911,58.3333333333,42.0,0,18.3620578816,24.0,99.132176235,400.095238095,140.0
10:54:18,3083.0,3081.96776143,5.65850293615,61.5384615385,24.0,0,18.3538856184,0.0,97.5661375661,264.285714286,244.0
10:54:19,3083.0,3081.96833474,5.65781920972,61.5384615385,234.0,0,18.3516678875,-28.0,87.5589066918,241.142857143,214.0
10:54:19,3083.0,3081.96890773,5.65685086673,61.5384615385,100.0,0,18.3485269761,-38.0,85.8974358974,168.666666667,-36.0
10:54:20,3083.0,3081.9694804,5.65616619029,61.5384615385,258.0,0,18.3463061638,140.0,59.5108695652,153.238095238,98.0
10:54:20,3082.0,3081.96949735,5.65549137024,58.3333333333,12.0,0,18.3500693389,10.0,55.5223880597,121.619047619,108.0
10:54:21,3082.0,3081.96951429,5.65481597844,58.3333333333,32.0,0,18.3478779313,30.0,55.1515151515,98.8571428571,114.0
10:54:21,3083.0,3081.97008662,5.65384523773,61.5384615385,226.0,0,18.3387779362,198.0,66.8213457077,132.0,312.0
10:54:22,3083.0,3081.97065864,5.65315862763,61.5384615385,16.0,0,18.3365508519,-10.0,89.1304347826,95.5238095238,330.0
10:54:22,3083.0,3081.97123033,5.65218670128,61.5384615385,2.0,0,18.3333983175,-2.0,89.3772893773,65.4285714286,366.0
10:54:23,3083.0,3081.97180171,5.65121411625,61.5384615385,18.0,0,18.3302436466,2.0,88.8888888889,44.5714285714,228.0
10:54:23,3082.0,3081.97181737,5.65025067045,58.3333333333,152.0,0,18.3330651215,84.0,91.9282511211,73.4285714286,302.0
10:54:24,3083.0,3081.97238843,5.64927668674,61.5384615385,154.0,0,18.3239594121,-4.0,94.7183098592,96.1904761905,268.0
10:54:24,3083.0,3081.97295917,5.64830204329,61.5384615385,52.0,0,18.3207980645,14.0,93.4010152284,84.0,84.0
10:54:25,3082.0,3081.97297418,5.64762185693,58.3333333333,116.0,0,18.3245355514,-4.0,74.4939271255,98.380952381,90.0
10:54:25,3082.0,3081.97298919,5.64665540687,58.3333333333,2.0,0,18.3213997627,-2.0,74.0890688259,75.4285714286,90.0
10:54:26,3083.0,3081.9735596,5.64567875284,61.5384615385,12.0,0,18.3122891756,0.0,72.5409836066,55.3333333333,88.0
10:54:26,3083.0,3081.97412968,5.64470143772,61.5384615385,100.0,0,18.3091191622,70.0,70.1834862385,60.6666666667,74.0
10:54:27,3084.0,3081.97525485,5.64376345821,64.2857142857,24.0,0,18.3001409151,-2.0,55.5555555556,46.7619047619,76.0
10:54:27,3083.0,3081.975824,5.64278490887,61.5384615385,202.0,0,18.302902721,-58.0,51.3157894737,89.9047619048,4.0
10:54:28,3082.0,3081.97583743,5.64181475816,58.3333333333,30.0,0,18.3056935696,-4.0,63.2432432432,76.7619047619,4.0
10:54:28,3083.0,3081.97640625,5.64112128088,61.5384615385,18.0,0,18.2975065873,4.0,62.9533678756,64.2857142857,10.0
10:54:29,3083.0,3081.97697475,5.64014079562,61.5384615385,36.0,0,18.2943262913,32.0,70.0,56.1904761905,42.0
10:54:29,3084.0,3081.97809834,5.63948677044,64.2857142857,20.0,0,18.2862735747,-8.0,65.7575757576,42.380952381,-36.0
10:54:30,3084.0,3081.97922131,5.63854566553,64.2857142857,10.0,0,18.2832220024,-8.0,65.8227848101,29.5238095238,-42.0
10:54:30,3082.0,3081.97923285,5.63785912874,58.3333333333,24.0,0,18.2928589511,-10.0,72.4637681159,21.3333333333,6.0
10:54:31,3083.0,3081.97979979,5.63687635131,61.5384615385,14.0,0,18.2837377597,-6.0,81.9672131147,18.7619047619,4.0
10:54:31,3083.0,3081.98036641,5.63589290964,61.5384615385,30.0,0,18.2805478743,-18.0,88.8059701492,21.5238095238,-18.0
10:54:32,3083.0,3081.98093271,5.63490880336,61.5384615385,80.0,0,18.2773558332,-78.0,89.3258426966,38.0,-128.0
10:54:32,3083.0,3081.9814987,5.63392403215,61.5384615385,6.0,0,18.2741616352,-4.0,82.3170731707,31.2380952381,-124.0
10:54:33,3083.0,3081.98206438,5.63293859564,61.5384615385,56.0,0,18.2709652794,-28.0,87.619047619,39.4285714286,-144.0
10:54:33,3083.0,3081.98262974,5.63195249349,61.5384615385,16.0,0,18.2677667645,-4.0,99.0099009901,34.0,-138.0
10:54:34,3083.0,3081.98319479,5.63096572534,61.5384615385,28.0,0,18.2645660893,-26.0,99.0740740741,32.380952381,-158.0
10:54:34,3083.0,3081.98375953,5.62997829086,61.5384615385,14.0,0,18.2613632529,2.0,99.0,26.0952380952,-138.0
10:54:35,3083.0,3081.98432395,5.62899018968,61.5384615385,208.0,0,18.2581582539,-2.0,62.8048780488,76.0,-62.0
10:54:35,3083.0,3081.98488806,5.62800142146,61.5384615385,2.0,0,18.2549510914,0.0,62.3456790124,60.9523809524,-58.0
10:54:36,3082.0,3081.98489645,5.62730816841,58.3333333333,314.0,0,18.2586248164,-172.0,25.0859106529,135.238095238,-202.0
10:54:36,3083.0,3081.98546024,5.62660659498,61.5384615385,4.0,0,18.2504268407,-2.0,23.5087719298,108.666666667,-200.0
10:54:37,3083.0,3081.98602372,5.62561600879,61.5384615385,46.0,0,18.2472137814,28.0,25.8503401361,94.6666666667,-146.0
10:54:37,3082.0,3081.98603148,5.62492106255,58.3333333333,20.0,0,18.2508795021,-10.0,24.5791245791,72.380952381,-158.0
10:54:38,3083.0,3081.98659464,5.62421802521,61.5384615385,2.0,0,18.2426792903,2.0,15.4639175258,44.6666666667,-154.0
10:54:38,3082.0,3081.98660208,5.62352200061,58.3333333333,26.0,0,18.2463400409,-12.0,16.9902912621,33.619047619,-166.0
10:54:39,3083.0,3081.98716493,5.62281803359,61.5384615385,24.0,0,18.2381382861,4.0,77.0491803279,20.8571428571,10.0
10:54:39,3083.0,3081.98772746,5.62211363531,61.5384615385,134.0,0,18.2358535041,0.0,88.8888888889,53.3333333333,12.0
10:54:40,3083.0,3081.98828967,5.62140880562,61.5384615385,8.0,0,18.2335673228,0.0,85.9813084112,43.619047619,-16.0
10:54:40,3083.0,3081.98885158,5.62070354434,61.5384615385,40.0,0,18.2312797416,40.0,93.1623931624,44.8571428571,34.0
10:54:41,3083.0,3081.98941317,5.61999785131,61.5384615385,534.0,0,18.22899076,-38.0,97.911227154,186.285714286,-6.0
10:54:41,3083.0,3081.98997445,5.61900214522,61.5384615385,6.0,0,18.2257610938,0.0,98.927613941,151.523809524,6.0
10:54:42,3083.0,3081.99053542,5.61800576822,61.5384615385,16.0,0,18.2225292514,0.0,96.7479674797,120.571428571,2.0
10:54:42,3083.0,3081.99109608,5.6172985687,61.5384615385,10.0,0,18.2202353834,-4.0,94.7882736156,88.2857142857,-2.0
10:54:43,3084.0,3081.99221183,5.61634364798,64.2857142857,10.0,0,18.2112310246,-8.0,95.1298701299,61.9047619048,-10.0
10:54:43,3083.0,3081.99277155,5.61534548012,61.5384615385,182.0,0,18.2139003572,-122.0,72.5593667546,84.5714285714,-172.0
10:54:44,3083.0,3081.99333097,5.61434664003,61.5384615385,140.0,0,18.2106605256,-100.0,4.39560439561,88.4761904762,-234.0
10:54:44,3083.0,3081.99389008,5.61334712736,61.5384615385,190.0,0,18.2074185124,76.0,3.28467153285,125.428571429,-158.0
10:54:45,3083.0,3081.99444887,5.61234694174,61.5384615385,86.0,0,18.2041743164,36.0,2.91262135922,123.904761905,-122.0
10:54:45,3083.0,3081.99500736,5.61134608281,61.5384615385,22.0,0,18.2009279365,0.0,5.71428571429,100.761904762,-118.0
10:54:46,3082.0,3081.99501013,5.61001055626,58.3333333333,48.0,0,18.2025001825,-18.0,8.38323353293,84.4761904762,-128.0
10:54:46,3083.0,3081.9955683,5.60866764729,61.5384615385,16.0,0,18.1922401793,-14.0,13.5458167331,57.2380952381,-20.0
10:54:47,3083.0,3081.99612616,5.60732374243,61.5384615385,24.0,0,18.1878810977,-4.0,18.6528497409,40.1904761905,76.0
10:54:47,3083.0,3081.99668372,5.60631967455,61.5384615385,6.0,0,18.1846243093,-2.0,37.6237623762,23.5238095238,-2.0
10:54:48,3083.0,3081.99724096,5.60497395397,61.5384615385,6.0,0,18.1802593382,0.0,67.2131147541,15.619047619,-38.0
10:54:48,3083.0,3081.99779789,5.6036272355,61.5384615385,12.0,0,18.1758911304,-6.0,66.0714285714,13.2380952381,-44.0
10:54:49,3083.0,3081.99835452,5.60227951842,61.5384615385,62.0,0,18.1715196835,46.0,84.126984127,25.619047619,20.0
10:54:49,3083.0,3081.99891083,5.600930802,61.5384615385,12.0,0,18.1671449951,12.0,83.6065573771,23.0476190476,46.0
10:54:50,3082.0,3081.99891144,5.59992832295,58.3333333333,24.0,0,18.1697869012,20.0,98.3606557377,24.0952380952,70.0
10:54:50,3082.0,3081.99891204,5.59858312653,58.3333333333,12.0,0,18.1654222146,0.0,90.625,21.7142857143,72.0
10:54:51,3082.0,3081.99891265,5.59757877966,58.3333333333,0.0,0,18.1621634642,0.0,0,15.619047619,72.0
10:54:51,3083.0,3081.99946865,5.59656833098,61.5384615385,6.0,0,18.1529949107,2.0,89.6551724138,11.5238095238,80.0
10:54:52,3083.0,3082.00002435,5.59521485923,61.5384615385,0.0,0,18.148604798,0.0,0,6.0,34.0
10:54:52,3083.0,3082.00057974,5.59386038411,61.5384615385,24.0,0,18.1442114308,8.0,72.7272727273,10.2857142857,30.0
10:54:53,3082.0,3082.00057941,5.59250986494,58.3333333333,28.0,0,18.1457166286,22.0,68.5714285714,15.1428571429,32.0
10:54:53,3082.0,3082.00057909,5.59150104629,58.3333333333,4.0,0,18.1424433689,2.0,77.4193548387,12.9523809524,34.0
10:54:54,3082.0,3082.00057877,5.59049136928,58.3333333333,88.0,0,18.1391673241,46.0,88.0,35.1428571429,80.0
10:54:54,3083.0,3082.00113385,5.58913294696,61.5384615385,30.0,0,18.1288775445,16.0,86.2068965517,36.5714285714,94.0
10:54:55,3083.0,3082.00168862,5.58811691156,61.5384615385,24.0,0,18.1255819382,12.0,87.8787878788,35.1428571429,106.0
10:54:55,3083.0,3082.00224309,5.58710019422,61.5384615385,0.0,0,18.1222841201,0.0,0,25.7142857143,98.0
10:54:56,3082.0,3082.00224184,5.58608720781,58.3333333333,2.0,0,18.1248773777,0.0,90.5405405405,18.0,76.0
10:54:56,3082.0,3082.00224059,5.5850733607,58.3333333333,38.0,0,18.1215878024,2.0,78.021978022,21.8095238095,76.0
10:54:57,3082.0,3082.00223935,5.58371463596,58.3333333333,2.0,0,18.1171792211,0.0,60.4166666667,13.7142857143,30.0
10:54:57,3083.0,3082.00279351,5.58269479489,61.5384615385,2.0,0,18.1079947937,2.0,52.9411764706,9.71428571429,16.0
10:54:58,3082.0,3082.00279196,5.58167829948,58.3333333333,50.0,0,18.1105720295,-38.0,12.7659574468,20.7619047619,-34.0
10:54:58,3083.0,3082.00334581,5.58065700782,61.5384615385,2.0,0,18.1013850399,2.0,14.5833333333,16.8571428571,-32.0
10:54:59,3083.0,3082.00389935,5.57929038255,61.5384615385,56.0,0,18.0969522626,-4.0,12.0,28.2857142857,-36.0
10:54:59,3083.0,3082.00445258,5.57826757478,61.5384615385,142.0,0,18.0936346895,-98.0,49.6062992126,61.7142857143,-136.0
10:55:00,3083.0,3082.00500551,5.57724408137,61.5384615385,16.0,0,18.0903148925,-2.0,51.4925373134,54.1904761905,-138.0
10:55:00,3083.0,3082.00555813,5.57621990196,61.5384615385,110.0,0,18.0869928705,-76.0,65.4255319149,72.8571428571,-216.0
10:55:01,3083.0,3082.00611045,5.57519503617,61.5384615385,4.0,0,18.083668622,-4.0,75.7575757576,56.0952380952,-182.0
10:55:01,3082.0,3082.00610705,5.57382748009,58.3333333333,4.0,57.5757575758,18.0850988971,0.0,74.6987951807,41.5238095238,-184.0
10:55:02,3083.0,3082.00665906,5.57280101126,66.6666666667,12.0,0,18.0759033774,-2.0,86.8055555556,29.1428571429,-182.0
10:55:02,3083.0,3082.00721077,5.57177385479,66.6666666667,100.0,0,18.072571699,-100.0,94.3089430894,44.0,-184.0
10:55:03,3082.0,3082.00720676,5.57040324249,63.6363636364,8.0,0,18.0739884571,-2.0,92.4369747899,34.5714285714,-184.0
10:55:03,3082.0,3082.00720276,5.56903140613,63.6363636364,6.0,0,18.0695373333,0.0,82.0895522388,24.9523809524,-108.0
10:55:04,3082.0,3082.00719876,5.5676583448,63.6363636364,26.0,0,18.0650822349,-2.0,80.7692307692,26.0,-106.0
10:55:04,3083.0,3082.00775016,5.56628125052,66.6666666667,6.0,0,18.0547559212,-4.0,82.2784810127,20.2857142857,-110.0
10:55:05,3083.0,3082.00830126,5.56524981276,66.6666666667,8.0,0,18.051410356,-2.0,85.7142857143,15.0476190476,-110.0
10:55:05,3083.0,3082.00885205,5.56387086035,66.6666666667,34.0,0,18.0469375944,-8.0,45.4545454546,17.4285714286,-18.0
10:55:06,3082.0,3082.00884713,5.56284043902,63.6363636364,8.0,0,18.0494498346,-6.0,45.4545454546,15.5238095238,-22.0
10:55:06,3082.0,3082.00884222,5.561809147,63.6363636364,22.0,0,18.0461036567,-2.0,48.0769230769,17.619047619,-24.0
10:55:07,3083.0,3082.00939271,5.56042730145,66.6666666667,8.0,0,18.0357680877,0.0,44.1860465116,14.9523809524,-22.0
10:55:07,3083.0,3082.00994289,5.55939194622,66.6666666667,6.0,0,18.0324098158,-2.0,44.1860465116,12.5714285714,-20.0
10:55:08,3082.0,3082.00993737,5.55801039514,63.6363636364,4.0,0,18.0337780504,-4.0,36.5853658537,9.61904761905,-22.0
10:55:08,3083.0,3082.01048725,5.55662556362,66.6666666667,10.0,0,18.0234367941,0.0,55.1724137931,8.57142857143,-14.0
10:55:09,3083.0,3082.01103683,5.5552397063,66.6666666667,66.0,0,18.0189416357,-14.0,72.4137931035,24.6666666667,-22.0
10:55:09,3083.0,3082.0115861,5.5538528224,66.6666666667,2.0,0,18.0144431476,-2.0,79.1666666667,19.7142857143,-22.0
10:55:10,3082.0,3082.01157967,5.55246666907,63.6363636364,2.0,0,18.0157906199,0.0,75.5555555556,15.7142857143,-22.0
10:55:10,3083.0,3082.01212864,5.55107763284,66.6666666667,34.0,0,18.0054415596,-30.0,83.0508474576,21.1428571429,-50.0
10:55:11,3082.0,3082.0121219,5.54968911792,63.6363636364,80.0,0,18.0067784488,-6.0,50.5154639175,38.380952381,-52.0
10:55:11,3082.0,3082.01211517,5.54864837284,63.6363636364,2.0,0,18.0034015991,0.0,47.311827957,29.7142857143,-52.0
10:55:12,3082.0,3082.01210844,5.5472575807,63.6363636364,106.0,0,17.9988889705,0.0,16.814159292,51.1428571429,-38.0
10:55:12,3083.0,3082.01265712,5.54621367341,66.6666666667,2.0,0,17.9896648505,0.0,16.814159292,40.9523809524,-36.0
10:55:13,3083.0,3082.01320549,5.54481956396,66.6666666667,106.0,0,17.9851429256,-100.0,43.6363636364,60.4761904762,-136.0
10:55:13,3082.0,3082.01319815,5.54342547278,63.6363636364,228.0,0,17.9864551355,-204.0,21.3740458015,109.904761905,-310.0
10:55:14,3083.0,3082.01374622,5.54202920006,66.6666666667,4.0,0,17.9760921183,-4.0,25.8928571429,86.0952380952,-308.0
10:55:14,3082.0,3082.01373859,5.54063273563,63.6363636364,22.0,0,17.9773936912,-12.0,26.0683760684,71.0476190476,-320.0
10:55:15,3082.0,3082.01373096,5.53923502763,63.6363636364,588.0,0,17.9728586231,180.0,13.6842105263,216.761904762,-140.0
10:55:15,3081.0,3082.01316793,5.53788684099,58.3333333333,60.0,0,17.9743162642,-4.0,12.6984126984,188.666666667,-144.0
10:55:16,3082.0,3082.01316062,5.53648654439,63.6363636364,2.0,0,17.963940767,2.0,2.65486725663,141.238095238,-42.0
10:55:16,3082.0,3082.01315331,5.53508500135,63.6363636364,12.0,0,17.9593932555,0.0,4.94186046511,101.619047619,162.0
10:55:17,3081.0,3082.0125906,5.53408377748,58.3333333333,8.0,0,17.961972663,2.0,4.62427745664,71.1428571429,168.0
10:55:17,3081.0,3082.01202821,5.53273019359,58.3333333333,72.0,0,17.9575793365,32.0,3.50404312668,58.7619047619,212.0
10:55:18,3081.0,3082.01146613,5.53137514855,58.3333333333,4.0,0,17.9531812676,0.0,11.3924050633,24.5714285714,32.0
10:55:18,3082.0,3082.01145976,5.5299685148,63.6363636364,2.0,0,17.9427920662,0.0,20.0,17.619047619,36.0
10:55:19,3081.0,3082.01089799,5.52861065752,58.3333333333,22.0,0,17.9442085606,20.0,15.0,19.1428571429,54.0
10:55:19,3081.0,3082.01033654,5.527603459,58.3333333333,204.0,0,17.9409394969,182.0,65.3846153846,71.7142857143,236.0
10:55:20,3082.0,3082.0103308,5.52619307268,63.6363636364,16.0,0,17.9305420918,8.0,68.125,61.4285714286,242.0
10:55:20,3082.0,3082.01032506,5.52478143247,63.6363636364,24.0,0,17.9259618185,2.0,80.8823529412,53.0476190476,212.0
10:55:21,3082.0,3082.01031932,5.52336853741,63.6363636364,2.0,0,17.9213774737,2.0,80.7407407407,40.6666666667,214.0
10:55:21,3082.0,3082.01031359,5.52195438653,63.6363636364,6.0,0,17.9167890543,4.0,78.8321167883,29.5238095238,218.0
10:55:22,3082.0,3082.01030787,5.52053897888,63.6363636364,0.0,0,17.912196557,0.0,0,16.4761904762,198.0
10:55:22,3082.0,3082.01030214,5.51912231348,63.6363636364,6.0,0,17.9075999788,2.0,33.3333333333,6.19047619048,18.0
10:55:23,3083.0,3082.01085182,5.51805898845,66.6666666667,12.0,0,17.898342486,10.0,24.0,7.04761904762,20.0
10:55:23,3082.0,3082.01084579,5.51699377317,63.6363636364,72.0,0,17.9006936183,-68.0,38.7755102041,25.2380952381,-50.0
10:55:24,3082.0,3082.01083977,5.51592766674,63.6363636364,164.0,0,17.89723448,-116.0,53.0769230769,67.4285714286,-168.0
10:55:24,3083.0,3082.01138915,5.51450807467,66.6666666667,2.0,0,17.8868247638,0.0,54.6875,55.619047619,-172.0
10:55:25,3082.0,3082.01138282,5.5130859407,63.6363636364,78.0,0,17.888014084,-6.0,55.6886227545,65.7142857143,-178.0
10:55:25,3082.0,3082.0113765,5.51166254382,63.6363636364,8.0,0,17.8833956646,6.0,57.1428571429,52.0952380952,-174.0
10:55:26,3082.0,3082.01137018,5.51059246551,63.6363636364,46.0,0,17.8799236389,-40.0,50.2702702703,49.2380952381,-224.0
10:55:26,3082.0,3082.01136387,5.50952149314,63.6363636364,32.0,0,17.8764487123,-2.0,48.4848484848,40.7619047619,-158.0
10:55:27,3083.0,3082.01191296,5.5084515242,66.6666666667,2.0,0,17.8671797736,-2.0,36.9047619048,25.619047619,-44.0
10:55:27,3083.0,3082.01246174,5.50738084301,66.6666666667,2.0,0,17.8637069186,-2.0,36.9047619048,18.1904761905,-46.0
10:55:28,3082.0,3082.01245482,5.50630738223,63.6363636364,2.0,0,17.8660200592,-2.0,17.3913043478,10.7619047619,-42.0
10:55:28,3082.0,3082.0124479,5.50553792463,63.6363636364,2.0,0,17.8635234414,-2.0,11.6279069767,6.95238095238,-50.0
10:55:29,3083.0,3082.01299639,5.50446507869,66.6666666667,42.0,0,17.8542493632,-6.0,56.0975609756,14.8571428571,-16.0
10:55:29,3083.0,3082.01354458,5.50339151886,66.6666666667,0.0,0,17.8507671711,0.0,0,10.9523809524,-14.0
10:55:30,3083.0,3082.01409245,5.50231724474,66.6666666667,212.0,0,17.8472826621,-102.0,97.6923076923,69.1428571429,-114.0
10:55:30,3082.0,3082.01408463,5.50123975225,63.6363636364,602.0,0,17.8495773921,-438.0,99.0697674418,228.761904762,-550.0
10:55:31,3083.0,3082.01463221,5.50016396361,66.6666666667,62.0,0,17.8402982926,0.0,99.3478260869,205.523809524,-548.0
10:55:31,3083.0,3082.01517948,5.49908745937,66.6666666667,30.0,0,17.83680655,-10.0,97.0464135021,170.285714286,-556.0
10:55:32,3083.0,3082.01572645,5.49801023912,66.6666666667,2.0,0,17.833312485,-2.0,96.9162995595,125.714285714,-552.0
10:55:32,3083.0,3082.01627312,5.49693230244,66.6666666667,12.0,0,17.8298160962,-4.0,95.652173913,85.9047619048,-556.0
10:55:33,3083.0,3082.01681948,5.49549689392,66.6666666667,22.0,0,17.8251602138,-22.0,91.506849315,48.380952381,-476.0
10:55:33,3083.0,3082.01736554,5.49441736877,66.6666666667,116.0,0,17.8216586726,-38.0,27.868852459,46.7619047619,-76.0
10:55:34,3083.0,3082.0179113,5.49298002477,66.6666666667,222.0,0,17.8169965124,0.0,1.48514851485,98.5714285714,-76.0
10:55:34,3083.0,3082.01845675,5.49189890899,66.6666666667,244.0,0,17.8134898118,-82.0,0,149.047619048,-148.0
10:55:35,3082.0,3082.0184465,5.49081376505,63.6363636364,42.0,0,17.815748751,-2.0,0,131.619047619,-148.0
10:55:35,3083.0,3082.01899166,5.48937350959,66.6666666667,2.0,0,17.8052984417,0.0,0.308641975309,100.857142857,-144.0
10:55:36,3083.0,3082.01953651,5.4879321872,66.6666666667,6.0,0,17.8006233772,0.0,1.26582278481,71.7142857143,-122.0
10:55:36,3083.0,3082.02008106,5.48715513976,66.6666666667,0.0,0,17.7981029509,0.0,0,41.619047619,-84.0
10:55:37,3083.0,3082.02062531,5.485712053,66.6666666667,18.0,0,17.7934221635,2.0,8.33333333333,22.1904761905,-82.0
10:55:37,3083.0,3082.02116925,5.48462621255,66.6666666667,180.0,0,17.789900138,-72.0,82.2580645161,58.7619047619,-72.0
10:55:38,3083.0,3082.0217129,5.48353965051,66.6666666667,60.0,0,17.786375772,-60.0,76.6917293233,64.0952380952,-130.0
10:55:38,3084.0,3082.02281164,5.48214835783,69.2307692308,2.0,0,17.7760971395,-2.0,76.6917293233,52.0,-132.0
10:55:39,3083.0,3082.02335437,5.48070148902,66.6666666667,44.0,0,17.7771699287,-22.0,73.0263157895,51.9047619048,-154.0
10:55:39,3083.0,3082.0238968,5.47925354811,66.6666666667,24.0,0,17.7724733964,-2.0,72.5609756098,44.2857142857,-156.0
10:55:40,3084.0,3082.02499433,5.47821864774,69.2307692308,4.0,0,17.7633548889,-2.0,70.7006369427,29.8095238095,-160.0
10:55:40,3083.0,3082.02553585,5.47712819424,66.6666666667,10.0,0,17.7655796116,-4.0,30.5555555556,17.7142857143,-92.0
10:55:41,3083.0,3082.02607707,5.47603701634,66.6666666667,54.0,0,17.7620402736,-20.0,46.3768115942,26.2857142857,-52.0
10:55:41,3084.0,3082.02717339,5.47500031005,69.2307692308,50.0,0,17.7529192933,-10.0,49.4623655914,34.0,-60.0
10:55:42,3084.0,3082.0282691,5.47396305502,69.2307692308,40.0,0,17.7495559501,-20.0,45.0549450549,36.5714285714,-58.0
10:55:42,3083.0,3082.0288088,5.47286989258,66.6666666667,2.0,0,17.7517674103,0.0,41.25,28.4761904762,-56.0
10:55:43,3083.0,3082.0293482,5.47141593045,66.6666666667,112.0,0,17.7470513475,26.0,23.8805970149,52.8571428571,-28.0
10:55:43,3083.0,3082.0298873,5.46996089063,66.6666666667,22.0,0,17.7423317893,0.0,22.8571428571,46.380952381,-24.0
10:55:44,3083.0,3082.0304261,5.46850477228,66.6666666667,4.0,0,17.7376087327,-2.0,19.1304347826,34.1904761905,-6.0
10:55:44,3083.0,3082.03096461,5.46704757452,66.6666666667,8.0,0,17.7328821749,0.0,7.44680851064,25.5238095238,4.0
10:55:45,3084.0,3082.03205821,5.46564522272,69.2307692308,48.0,0,17.7225850283,-28.0,20.4081632653,30.2857142857,-4.0
10:55:45,3084.0,3082.03315121,5.46424200266,69.2307692308,24.0,0,17.7180350281,24.0,29.3577981651,27.8095238095,20.0
10:55:46,3083.0,3082.0336882,5.46278178921,66.6666666667,22.0,0,17.7190456997,0.0,65.625,23.7142857143,-6.0
10:55:46,3084.0,3082.03478029,5.46137673142,69.2307692308,1082.0,0,17.7087442653,-560.0,93.0976430977,326.761904762,-566.0
10:55:47,3084.0,3082.03587178,5.4595583231,69.2307692308,332.0,0,17.7028479997,-50.0,94.4591029024,365.047619048,-614.0
10:55:47,3084.0,3082.03696266,5.45815133284,69.2307692308,268.0,0,17.6982857745,-4.0,95.3828828829,369.428571429,-618.0
10:55:48,3084.0,3082.03805293,5.45674347075,69.2307692308,114.0,0,17.6937207223,28.0,95.8740499457,317.428571429,-562.0
10:55:48,3084.0,3082.0391426,5.45533473614,69.2307692308,340.0,0,17.6891528409,108.0,96.3855421687,326.857142857,-478.0
10:55:49,3084.0,3082.04023166,5.45392512834,69.2307692308,166.0,0,17.6845821282,-12.0,95.6559513467,271.523809524,-490.0
10:55:49,3085.0,3082.04187552,5.45262242944,71.4285714286,34.0,0,17.6746269998,-2.0,96.331738437,171.619047619,68.0
10:55:50,3085.0,3082.04351846,5.45131906537,71.4285714286,1332.0,0,17.6704021568,-512.0,84.1171251109,492.476190476,-394.0
10:55:50,3084.0,3082.0446051,5.44990705975,69.2307692308,1452.0,0,17.6715533714,518.0,89.1215823153,800.0,128.0
10:55:51,3085.0,3082.04624653,5.44818827487,71.4285714286,1550.0,0,17.6602537273,918.0,92.3676651621,1079.14285714,1018.0
10:55:51,3086.0,3082.04844245,5.44704183366,73.3333333333,272.0,67.6470588235,17.650816052,-28.0,92.8422804827,924.761904762,882.0
10:55:52,3087.0,3082.05119255,5.44610518888,71.4285714286,3446.0,0,17.6420641039,-664.0,96.8340341331,1680.47619048,230.0
10:55:52,3088.0,3082.05449652,5.44501521243,73.3333333333,1580.0,0,17.6328212838,-290.0,100.456810631,1746.85714286,-58.0
10:55:53,3088.0,3082.05779866,5.44433939099,73.3333333333,2302.0,0,17.6306327429,-714.0,101.7355216,1945.9047619,-260.0
10:55:53,3088.0,3082.06109897,5.44324884832,73.3333333333,600.0,0,17.6271011927,-162.0,104.328205128,1612.47619048,-940.0
10:55:54,3088.0,3082.06439744,5.4421579595,73.3333333333,420.0,0,17.6235685217,-138.0,102.296983759,1268.19047619,-1996.0
10:55:54,3089.0,3082.06824949,5.44137945899,75.0,1208.0,0,17.6153430203,-734.0,90.9376308079,1202.85714286,-2702.0
10:55:55,3087.0,3082.07098859,5.44002620472,71.4285714286,1342.0,0,17.6223718974,-466.0,74.3424584004,1131.23809524,-2504.0
10:55:55,3088.0,3082.07428157,5.4389342865,73.3333333333,914.0,0,17.6131291661,-462.0,74.2410845859,1037.52380952,-2676.0
10:55:56,3088.0,3082.07757272,5.43784202131,73.3333333333,378.0,0,17.6095920379,-28.0,70.4648292884,822.380952381,-1990.0
10:55:56,3088.0,3082.08086204,5.43716474062,73.3333333333,726.0,0,17.6073987714,200.0,59.9438652767,798.285714286,-1628.0
10:55:57,3088.0,3082.08414954,5.43607190697,73.3333333333,614.0,0,17.6038598024,-4.0,57.1593979159,736.19047619,-1494.0
10:55:57,3088.0,3082.08743521,5.43497872581,73.3333333333,230.0,0,17.6003197079,-78.0,69.6955280685,555.142857143,-838.0
10:55:58,3089.0,3082.09127446,5.43419862884,75.0,174.0,0,17.5920965647,-2.0,88.8010540184,404.666666667,-374.0
10:55:58,3089.0,3082.09511157,5.43341836306,75.0,386.0,0,17.5895706153,-104.0,64.1945773525,370.380952381,-16.0
10:55:59,3088.0,3082.09839115,5.43232434962,73.3333333333,570.0,0,17.5917239301,-270.0,54.7407407408,413.80952381,-258.0
10:55:59,3088.0,3082.10166892,5.43122998796,73.3333333333,494.0,0,17.5881800128,-292.0,64.0194489465,426.380952381,-750.0
10:56:00,3087.0,3082.10438945,5.42987261264,71.4285714286,304.0,0,17.5894804426,-106.0,79.3327154773,395.714285714,-852.0
10:56:00,3088.0,3082.10766388,5.42919371245,73.3333333333,1604.0,0,17.5815858564,-606.0,91.8459796149,751.238095238,-1380.0
10:56:01,3088.0,3082.1109365,5.42809833581,73.3333333333,130.0,0,17.5780386522,-34.0,93.4633027523,620.19047619,-1412.0
10:56:01,3089.0,3082.11476269,5.42731670963,75.0,58.0,0,17.5698177716,-6.0,94.5569620253,470.666666667,-1314.0
10:56:02,3088.0,3082.11803136,5.42663729062,73.3333333333,184.0,0,17.5733072883,-36.0,93.9437635184,372.761904762,-1080.0
10:56:02,3088.0,3082.12129821,5.4255410992,73.3333333333,166.0,0,17.5697574456,-16.0,86.1815208504,288.095238095,-804.0
10:56:03,3087.0,3082.12400785,5.42418138985,71.4285714286,60.0,0,17.5710443468,-4.0,83.9237057221,188.761904762,-702.0
10:56:03,3087.0,3082.12671598,5.42235288435,71.4285714286,488.0,0,17.5651211025,-282.0,26.5193370166,223.333333333,-378.0
10:56:04,3087.0,3082.12942261,5.42052340618,71.4285714286,182.0,0,17.5591947074,-96.0,12.6537785589,223.619047619,-440.0
10:56:04,3086.0,3082.13157233,5.41848054387,69.2307692308,120.0,0,17.5582648862,18.0,21.3333333333,203.714285714,-416.0
10:56:05,3088.0,3082.13483166,5.4169128078,73.3333333333,128.0,0,17.5418160874,56.0,37.2377622378,183.142857143,-324.0
10:56:05,3087.0,3082.13753379,5.41508042301,71.4285714286,126.0,0,17.5415627568,20.0,48.731884058,164.666666667,-288.0
10:56:06,3087.0,3082.14023441,5.41324706161,71.4285714286,86.0,0,17.5356237823,20.0,46.9026548673,136.666666667,-264.0
10:56:06,3088.0,3082.14348893,5.41214657558,73.3333333333,848.0,0,17.5263813976,728.0,84.2953020134,325.142857143,746.0
10:56:07,3088.0,3082.14674164,5.41057603446,73.3333333333,78.0,0,17.5212954484,60.0,92.9292929293,276.476190476,902.0
10:56:07,3089.0,3082.15054795,5.40932065262,75.0,868.0,0,17.5115592509,-36.0,92.7835051546,458.476190476,848.0
10:56:08,3089.0,3082.15435214,5.40806485095,75.0,1456.0,0,17.5074938522,-280.0,94.3963027152,772.857142857,512.0
10:56:08,3089.0,3082.15815423,5.40680862917,75.0,130.0,0,17.5034270935,8.0,93.3641084824,645.142857143,500.0
10:56:09,3090.0,3082.1625096,5.40591953068,76.4705882353,440.0,0,17.4948852126,154.0,91.4659685864,605.80952381,634.0
10:56:09,3090.0,3082.16686255,5.40503022884,76.4705882353,2846.0,0,17.4920072131,-334.0,90.8903403231,1237.04761905,-428.0
10:56:10,3089.0,3082.17065768,5.40377300174,75.0,2370.0,0,17.4935998761,794.0,85.0061652281,1637.14285714,306.0
10:56:10,3091.0,3082.17556151,5.40377300174,77.7777777778,1006.0,0,17.4822808209,570.0,85.0145489816,1538.38095238,912.0
10:56:11,3090.0,3082.17990721,5.40288320377,76.4705882353,1434.0,0,17.4850589119,-988.0,77.8750303914,1555.33333333,204.0
10:56:11,3090.0,3082.1842505,5.4019932021,76.4705882353,562.0,0,17.4821786476,132.0,72.7881727882,1324.19047619,328.0
10:56:12,3090.0,3082.18859138,5.40110299663,76.4705882353,2748.0,0,17.4792977237,32.0,78.8254605143,1697.04761905,206.0
10:56:12,3091.0,3082.19348525,5.40063210035,77.7777777778,1314.0,0,17.47211938,-626.0,74.4541021836,1550.28571429,-86.0
10:56:13,3090.0,3082.197821,5.39974158475,76.4705882353,238.0,0,17.47489186,36.0,75.4587784169,1169.04761905,-844.0
10:56:13,3091.0,3082.20270974,5.39927052686,77.7777777778,764.0,0,17.4677144188,438.0,75.0991501417,1039.61904762,-976.0
10:56:14,3091.0,3082.20759576,5.39879941358,77.7777777778,466.0,0,17.4661902736,-2.0,76.7235718976,836.571428571,10.0
10:56:14,3090.0,3082.21192367,5.39790848128,76.4705882353,460.0,0,17.4689594863,-10.0,80.2671118531,677.904761905,-132.0
10:56:15,3090.0,3082.21624918,5.39701734471,76.4705882353,210.0,0,17.4660755492,162.0,69.5828505214,452.666666667,-2.0
10:56:15,3091.0,3082.22112769,5.39654596324,77.7777777778,268.0,0,17.4588999134,154.0,64.9210307564,364.857142857,778.0
10:56:16,3090.0,3082.22544808,5.39565451584,76.4705882353,610.0,0,17.4616650998,318.0,64.4348452124,424.571428571,1060.0
10:56:16,3091.0,3082.23032148,5.39518297239,77.7777777778,964.0,0,17.4544903668,-372.0,98.9254533244,567.714285714,250.0
10:56:17,3090.0,3082.23463677,5.39429121392,76.4705882353,958.0,0,17.4572531195,-92.0,65.9365994236,699.619047619,160.0
10:56:17,3090.0,3082.23894966,5.39339925079,76.4705882353,204.0,0,17.4543665074,-32.0,74.4243932794,592.666666667,138.0
10:56:18,3090.0,3082.24326016,5.39297894615,76.4705882353,252.0,0,17.4530062982,-112.0,72.7272727273,511.619047619,-136.0
10:56:18,3090.0,3082.24756826,5.39208668007,76.4705882353,142.0,0,17.4501187057,80.0,71.5654952077,397.142857143,-210.0
10:56:19,3089.0,3082.25131857,5.39082518907,75.0,204.0,0,17.4516840048,-104.0,75.9911894273,306.380952381,-632.0
10:56:19,3089.0,3082.2550668,5.38956327395,75.0,84.0,0,17.447598815,6.0,13.4490238612,200.666666667,-254.0
10:56:20,3090.0,3082.25936835,5.3886702132,76.4705882353,328.0,0,17.4390621787,-160.0,80.8896210873,206.571428571,-322.0
10:56:20,3091.0,3082.2642229,5.3881978294,77.7777777778,38.0,0,17.4318920395,-6.0,75.1908396947,159.619047619,-296.0
10:56:21,3090.0,3082.26851936,5.38730445636,76.4705882353,114.0,0,17.4346422536,-78.0,66.1538461538,142.285714286,-262.0
10:56:21,3091.0,3082.27336884,5.38683190982,77.7777777778,2000.0,0,17.4274730179,924.0,86.0549132948,670.380952381,582.0
10:56:22,3091.0,3082.27821562,5.3863593075,77.7777777778,146.0,0,17.4259440553,102.0,81.3284132841,580.285714286,788.0
10:56:22,3091.0,3082.28305971,5.38588664938,77.7777777778,352.0,0,17.4244149123,74.0,78.9791806582,551.80952381,856.0
10:56:23,3092.0,3082.28845651,5.38588664938,78.9473684211,172.0,0,17.4187795905,-50.0,73.8483345145,459.142857143,966.0
10:56:23,3092.0,3082.29385032,5.38588664938,78.9473684211,866.0,0,17.4187795905,-192.0,76.6575342466,572.19047619,780.0
10:56:24,3091.0,3082.29868572,5.38541393545,77.7777777778,502.0,0,17.4228855887,-350.0,78.4546805349,541.80952381,508.0
10:56:24,3091.0,3082.30351844,5.3849411657,77.7777777778,760.0,0,17.4213560844,-418.0,49.8927805576,566.666666667,-834.0
10:56:25,3091.0,3082.30834848,5.3849411657,77.7777777778,132.0,0,17.4213560844,-70.0,54.4540229885,471.142857143,-1006.0
10:56:25,3091.0,3082.31317584,5.3849411657,77.7777777778,614.0,0,17.4213560844,-414.0,63.1648063034,514.0,-1494.0
10:56:26,3091.0,3082.31800051,5.3844683401,77.7777777778,188.0,0,17.4198263996,32.0,60.5486610059,422.666666667,-1412.0
10:56:26,3091.0,3082.3228225,5.38399545865,77.7777777778,690.0,0,17.418296534,366.0,62.8551628552,474.0,-854.0
10:56:27,3091.0,3082.32764182,5.38352252133,77.7777777778,262.0,0,17.4167664876,-74.0,61.9803476946,411.428571429,-578.0
10:56:27,3091.0,3082.33245846,5.38352252133,77.7777777778,138.0,0,17.4167664876,-36.0,80.7312252964,324.857142857,-196.0
10:56:28,3092.0,3082.33782782,5.38399545865,78.9473684211,124.0,0,17.412663191,-48.0,75.9920634921,263.904761905,-174.0
10:56:28,3091.0,3082.3426388,5.38352252133,77.7777777778,114.0,0,17.4167664876,-48.0,62.401055409,200.476190476,192.0
10:56:29,3091.0,3082.34744711,5.38304952812,77.7777777778,94.0,0,17.4152362605,-80.0,70.0421940928,155.142857143,80.0
10:56:29,3091.0,3082.35225275,5.38304952812,77.7777777778,162.0,0,17.4152362605,-72.0,42.7293064877,133.714285714,-358.0
10:56:30,3091.0,3082.35705572,5.38304952812,77.7777777778,520.0,0,17.4152362605,-284.0,26.3888888889,239.714285714,-568.0
10:56:30,3091.0,3082.36185602,5.38257647902,77.7777777778,512.0,0,17.4137058525,-10.0,25.0327653997,331.142857143,-542.0
10:56:31,3090.0,3082.36609826,5.38215498513,76.4705882353,28.0,0,17.4179772982,2.0,26.7132867133,266.476190476,-492.0
10:56:31,3091.0,3082.37089354,5.38215498513,77.7777777778,100.0,0,17.4123422359,54.0,31.4971751412,226.952380952,-390.0
10:56:32,3090.0,3082.37513075,5.38126023608,76.4705882353,294.0,0,17.4150816702,-240.0,30.198019802,243.523809524,-550.0
10:56:32,3091.0,3082.37992102,5.38078697231,77.7777777778,340.0,0,17.4079164423,-288.0,24.97212932,263.714285714,-766.0
10:56:33,3090.0,3082.38415322,5.37989190968,76.4705882353,392.0,0,17.4106534294,-92.0,20.1680672269,290.285714286,-574.0
10:56:33,3090.0,3082.38838307,5.37899664074,76.4705882353,842.0,0,17.4077561189,452.0,24.8496993988,451.523809524,-112.0
10:56:34,3090.0,3082.39261057,5.37857475155,76.4705882353,44.0,0,17.4063907817,0.0,27.1371769384,369.047619048,-114.0
10:56:34,3090.0,3082.39683573,5.37815281492,76.4705882353,414.0,0,17.405025291,-222.0,39.4668959587,391.523809524,-390.0
10:56:35,3090.0,3082.40105853,5.37773083083,76.4705882353,98.0,0,17.4036596467,-68.0,45.9154929578,308.761904762,-218.0
10:56:35,3091.0,3082.4058344,5.37725714164,77.7777777778,474.0,0,17.3964967377,384.0,52.4734982332,342.761904762,454.0
10:56:36,3090.0,3082.4100522,5.37636126173,76.4705882353,238.0,0,17.3992273843,-94.0,56.5876777251,302.952380952,452.0
10:56:36,3090.0,3082.41426767,5.37593907961,76.4705882353,236.0,0,17.3978610991,10.0,62.3670212766,269.904761905,10.0
10:56:37,3090.0,3082.4184808,5.37551684997,76.4705882353,44.0,0,17.3964946601,28.0,60.2393617021,210.857142857,38.0
10:56:37,3090.0,3082.42269158,5.37509457281,76.4705882353,44.0,0,17.3951280674,36.0,41.6225749559,151.80952381,296.0
10:56:38,3090.0,3082.42690003,5.37467224812,76.4705882353,90.0,0,17.3937613208,0.0,37.6554174067,123.523809524,364.0
10:56:38,3089.0,3082.43055074,5.3738791467,75.0,36.0,0,17.3968246899,22.0,31.976744186,80.1904761905,2.0
10:56:39,3089.0,3082.43419942,5.37261161406,75.0,30.0,0,17.3927213145,-12.0,41.6666666667,56.0,84.0
10:56:39,3089.0,3082.43784607,5.37134365302,75.0,256.0,0,17.3886165524,96.0,42.4,106.285714286,170.0
10:56:40,3090.0,3082.4420461,5.37044638436,76.4705882353,218.0,0,17.3800853863,44.0,50.1483679525,144.761904762,186.0
10:56:40,3089.0,3082.4456884,5.36917769643,75.0,290.0,0,17.3816047149,18.0,37.8260869565,195.523809524,168.0
10:56:41,3089.0,3082.44932867,5.36838340957,75.0,286.0,0,17.3790333751,232.0,31.7204301075,233.428571429,400.0
10:56:41,3090.0,3082.45352232,5.36796032688,76.4705882353,648.0,72.972972973,17.3720398928,268.0,56.25,365.428571429,646.0
10:56:42,3090.0,3082.45771365,5.36753719648,81.25,352.0,0,17.3706705388,104.0,64.1951219512,383.714285714,762.0
10:56:42,3090.0,3082.46190264,5.36711401833,81.25,358.0,0,17.3693010302,-102.0,60.1301115242,388.380952381,564.0
10:56:43,3091.0,3082.46664471,5.36711401833,82.3529411765,276.0,0,17.3636817157,32.0,52.036199095,364.761904762,552.0
10:56:43,3090.0,3082.47082875,5.36621575487,81.25,78.0,0,17.3663940287,-48.0,55.4554554555,281.80952381,486.0
10:56:44,3090.0,3082.47501046,5.36579242937,81.25,24.0,0,17.3650240433,-12.0,60.0230414747,193.523809524,242.0
10:56:44,3090.0,3082.47918985,5.36536905609,81.25,122.0,0,17.3636539032,-34.0,34.5454545455,145.714285714,-60.0
10:56:45,3090.0,3082.48336692,5.36494563502,81.25,404.0,0,17.3622836085,-102.0,34.0729001585,203.523809524,-266.0
10:56:45,3090.0,3082.48754166,5.36404686458,81.25,62.0,0,17.3593749663,14.0,42.8571428571,161.142857143,-150.0
10:56:46,3090.0,3082.49171409,5.36314788598,81.25,58.0,0,17.3564656504,8.0,54.0106951872,131.714285714,-174.0
10:56:46,3090.0,3082.4958842,5.36224869911,81.25,82.0,0,17.3535556606,-6.0,61.170212766,119.523809524,-132.0
10:56:47,3090.0,3082.500052,5.36134930386,81.25,578.0,0,17.3506449963,-172.0,35.0689127106,248.857142857,-292.0
10:56:47,3090.0,3082.50421748,5.36044970013,81.25,1112.0,0,17.3477336574,-636.0,89.4599303136,504.380952381,-894.0
10:56:48,3090.0,3082.50838065,5.35954988782,81.25,58.0,0,17.3448216434,30.0,86.8717948718,411.619047619,-762.0
10:56:48,3090.0,3082.5125415,5.35864986681,81.25,282.0,0,17.3419089541,174.0,87.6497695853,399.333333333,-602.0
10:56:49,3091.0,3082.51725545,5.35817385714,82.3529411765,44.0,0,17.3347585155,-10.0,89.7959183674,308.571428571,-620.0
10:56:49,3091.0,3082.52196677,5.35769779078,82.3529411765,84.0,0,17.3332183461,-38.0,90.6394810009,229.904761905,-652.0
10:56:50,3091.0,3082.52667548,5.35769779078,82.3529411765,150.0,0,17.3332183461,-34.0,121.61849711,170.0,-514.0
10:56:50,3091.0,3082.53138158,5.35769779078,82.3529411765,96.0,0,17.3332183461,-44.0,63.5854341737,115.047619048,78.0
10:56:51,3090.0,3082.53552966,5.35727351854,81.25,214.0,0,17.3374547526,-34.0,57.9310344828,142.19047619,14.0
10:56:51,3091.0,3082.54023084,5.35727351854,82.3529411765,174.0,0,17.331845741,68.0,61.4173228346,150.476190476,-92.0
10:56:52,3091.0,3082.5449294,5.35727351854,82.3529411765,64.0,0,17.331845741,26.0,60.6138107417,132.476190476,-56.0
10:56:52,3091.0,3082.54962536,5.35727351854,82.3529411765,30.0,0,17.331845741,2.0,55.2197802198,103.80952381,-16.0
10:56:53,3091.0,3082.55431871,5.35727351854,82.3529411765,132.0,0,17.331845741,-54.0,51.5492957746,106.857142857,-36.0
10:56:53,3091.0,3082.55900945,5.35727351854,82.3529411765,478.0,0,17.331845741,310.0,73.0769230769,209.619047619,318.0
10:56:54,3091.0,3082.56369759,5.35679734336,82.3529411765,34.0,0,17.3303052195,-4.0,82.8947368421,167.333333333,348.0
10:56:54,3092.0,3082.56893852,5.35679734336,83.3333333333,106.0,0,17.3247003343,-36.0,72.5118483412,154.19047619,244.0
10:56:55,3092.0,3082.57417655,5.35679734336,83.3333333333,342.0,0,17.3247003343,-106.0,71.1229946524,211.714285714,112.0
10:56:55,3091.0,3082.57885626,5.35632111143,82.3529411765,72.0,0,17.3287645145,10.0,69.0721649485,178.857142857,120.0
10:56:56,3091.0,3082.58353337,5.35584482276,82.3529411765,76.0,0,17.3272236259,-16.0,62.6353790614,145.142857143,158.0
10:56:56,3092.0,3082.58876329,5.35531660803,83.3333333333,48.0,0,17.3199114102,32.0,44.8377581121,106.095238095,-120.0
10:56:57,3092.0,3082.5939903,5.35531660803,83.3333333333,146.0,0,17.3199114102,54.0,43.2911392405,115.523809524,-62.0
10:56:57,3091.0,3082.59865901,5.35431185853,82.3529411765,134.0,0,17.3222641816,48.0,55.7457212714,116.19047619,22.0
10:56:58,3091.0,3082.60332513,5.3533068628,82.3529411765,222.0,0,17.3190128204,42.0,63.323782235,140.666666667,170.0
10:56:58,3091.0,3082.60798865,5.35230162069,82.3529411765,1456.0,0,17.3157606622,-104.0,70.5091258405,523.428571429,56.0
10:56:59,3091.0,3082.61264959,5.35182485896,82.3529411765,196.0,0,17.3142182432,58.0,75.4768392371,480.285714286,130.0
10:56:59,3091.0,3082.61730793,5.35134804033,82.3529411765,126.0,0,17.31267564,58.0,77.8070175439,411.428571429,156.0
10:57:00,3091.0,3082.62196369,5.35034231482,82.3529411765,390.0,0,17.3094219179,-74.0,69.3343898574,414.285714286,28.0
10:57:00,3090.0,3082.62606146,5.34944019657,81.25,810.0,0,17.312104196,-340.0,50.1875,525.523809524,-360.0
10:57:01,3090.0,3082.63015696,5.34800871561,81.25,140.0,0,17.3074715715,-6.0,48.749198204,413.142857143,-408.0
10:57:01,3090.0,3082.63425018,5.34710605934,81.25,18.0,0,17.3045503539,8.0,29.5238095238,269.80952381,-296.0
10:57:02,3090.0,3082.63834112,5.34620319294,81.25,394.0,0,17.3016284561,268.0,36.7412140575,302.380952381,-86.0
10:57:02,3089.0,3082.6418744,5.34540404875,76.4705882353,254.0,0,17.3046424369,228.0,40.4785643071,285.523809524,84.0
10:57:03,3090.0,3082.64596111,5.34450077933,81.25,302.0,0,17.296119027,224.0,55.787278415,276.285714286,382.0
10:57:03,3090.0,3082.65004555,5.34359729946,81.25,1046.0,0,17.2931951439,-654.0,98.2358402971,483.80952381,68.0
10:57:04,3090.0,3082.65412772,5.34269360903,81.25,184.0,0,17.2902705794,-164.0,90.1728844404,433.80952381,-90.0
10:57:04,3089.0,3082.65765223,5.34141568573,76.4705882353,218.0,0,17.2917309347,22.0,81.1509591326,391.428571429,-76.0
10:57:05,3089.0,3082.66117478,5.34061550731,76.4705882353,10.0,0,17.2891405222,4.0,77.3088381331,280.095238095,-340.0
10:57:05,3090.0,3082.66525077,5.33971110994,81.25,194.0,0,17.2806184788,166.0,67.7072671443,239.619047619,-402.0
10:57:06,3090.0,3082.6693245,5.33880650156,81.25,86.0,0,17.2776909436,28.0,63.003452244,171.142857143,-598.0
10:57:06,3089.0,3082.67284057,5.33752725728,76.4705882353,238.0,0,17.2791429501,0.0,30.8602150538,156.380952381,56.0
10:57:07,3090.0,3082.67691008,5.33662213413,81.25,66.0,0,17.2706217933,20.0,39.5320197044,130.952380952,240.0
10:57:07,3089.0,3082.68042193,5.33534214918,76.4705882353,38.0,0,17.2720691135,16.0,55.8544303797,103.142857143,234.0
10:57:08,3089.0,3082.68393183,5.33406172688,76.4705882353,56.0,0,17.2679240106,18.0,55.4572271386,89.0476190476,248.0
10:57:08,3089.0,3082.68743979,5.33278086693,76.4705882353,108.0,0,17.2637774909,6.0,62.8378378378,87.619047619,88.0
10:57:09,3089.0,3082.69094579,5.33149956901,76.4705882353,254.0,0,17.2596295533,16.0,42.3684210526,132.0,76.0
10:57:09,3089.0,3082.69444985,5.3302178328,76.4705882353,196.0,0,17.2554801968,-16.0,12.5348189415,151.80952381,60.0
10:57:10,3089.0,3082.69795196,5.32893565798,76.4705882353,64.0,0,17.2513294205,-6.0,8.6592178771,135.904761905,34.0
10:57:10,3089.0,3082.70145212,5.32765304425,76.4705882353,26.0,0,17.2471772232,0.0,7.95454545455,109.238095238,18.0
10:57:11,3090.0,3082.70550575,5.32674557693,81.25,24.0,0,17.238658825,4.0,6.25,82.5714285714,4.0
10:57:11,3089.0,3082.70900172,5.32546221839,76.4705882353,20.0,0,17.2400848766,-8.0,6.50684931507,56.2857142857,-10.0
10:57:12,3090.0,3082.71305115,5.32455423278,81.25,112.0,0,17.2315670964,-82.0,8.14479638008,60.4761904762,-108.0
10:57:12,3089.0,3082.71654292,5.32375038952,76.4705882353,82.0,0,17.2345431839,-8.0,18.2926829268,62.8571428571,-100.0
10:57:13,3089.0,3082.72003277,5.32246600433,76.4705882353,10.0,0,17.230385252,-2.0,18.9781021898,50.0952380952,-96.0
10:57:13,3089.0,3082.72352067,5.32118117863,76.4705882353,180.0,0,17.2262258939,-66.0,11.214953271,88.4761904762,-162.0
10:57:14,3089.0,3082.72700663,5.31989591209,76.4705882353,252.0,0,17.2220651087,140.0,36.2804878049,140.095238095,-26.0
10:57:14,3089.0,3082.73049066,5.31861020438,76.4705882353,400.0,0,17.2179028954,-194.0,22.5868725869,223.142857143,-212.0
10:57:15,3089.0,3082.73397275,5.3173240552,76.4705882353,68.0,0,17.2137392528,-48.0,23.3870967742,193.238095238,-178.0
10:57:15,3089.0,3082.73745291,5.31603746422,76.4705882353,70.0,0,17.2095741801,-44.0,20.8163265306,166.0,-214.0
10:57:16,3089.0,3082.74093114,5.31475043112,76.4705882353,16.0,0,17.205407676,-4.0,20.6896551724,123.904761905,-216.0
10:57:16,3089.0,3082.74440743,5.31394443689,76.4705882353,32.0,0,17.202798436,-6.0,24.3436754177,86.0952380952,-156.0
10:57:17,3090.0,3082.7484372,5.31303369868,81.25,690.0,0,17.1942838145,24.0,48.9028213166,243.333333333,-272.0
10:57:17,3089.0,3082.75190933,5.31174563271,76.4705882353,740.0,0,17.1956802613,-330.0,80.9405940594,394.0,-408.0
10:57:18,3090.0,3082.75593492,5.31131617892,81.25,398.0,0,17.1887254981,22.0,87.5642343268,430.761904762,-338.0
10:57:18,3090.0,3082.75995829,5.3104048156,81.25,472.0,0,17.1857761023,-74.0,89.6081771721,472.952380952,-368.0
10:57:19,3091.0,3082.76453482,5.30992289707,82.3529411765,676.0,0,17.1786570594,244.0,89.6941489362,554.285714286,-120.0
10:57:19,3090.0,3082.7685534,5.30901120737,81.25,172.0,0,17.1812660433,-48.0,89.0088945362,460.19047619,-162.0
10:57:20,3090.0,3082.77256976,5.30809930294,81.25,450.0,0,17.1783148962,-254.0,89.4085281981,438.857142857,-440.0
10:57:20,3091.0,3082.77713928,5.30761710239,82.3529411765,86.0,0,17.1711973549,-4.0,88.1100266193,324.952380952,-114.0
10:57:21,3091.0,3082.78170627,5.30761710239,82.3529411765,132.0,0,17.1711973549,110.0,79.8792756539,255.333333333,-26.0
10:57:21,3091.0,3082.78627072,5.30761710239,82.3529411765,902.0,0,17.1711973549,334.0,47.9735318445,418.380952381,382.0
10:57:22,3091.0,3082.79083264,5.30713484348,82.3529411765,6.0,0,17.1696371514,-2.0,32.6086956522,304.952380952,136.0
10:57:22,3090.0,3082.79483662,5.30670487115,81.25,34.0,0,17.173802172,-6.0,29.1925465839,231.428571429,178.0
10:57:23,3091.0,3082.79939378,5.30670487115,82.3529411765,40.0,0,17.1682461053,30.0,7.16666666667,166.19047619,462.0
10:57:23,3091.0,3082.8039484,5.30622250026,82.3529411765,64.0,0,17.1666855395,0.0,1.8675721562,127.333333333,466.0
10:57:24,3090.0,3082.8079451,5.3057924249,81.25,34.0,0,17.1708492715,-2.0,4.81481481482,80.9523809524,354.0
10:57:24,3091.0,3082.81249498,5.30530994196,82.3529411765,36.0,0,17.1637332318,-8.0,44.8598130841,39.8095238095,12.0
10:57:25,3091.0,3082.81704233,5.30482740059,82.3529411765,30.0,0,17.1621721145,-30.0,48.7394957983,38.1904761905,-16.0
10:57:25,3090.0,3082.82103175,5.30439716848,81.25,1094.0,0,17.1663338786,122.0,91.5254237288,339.428571429,112.0
10:57:26,3091.0,3082.82557436,5.30439716848,82.3529411765,16.0,0,17.160780228,-8.0,91.3657770801,282.19047619,74.0
10:57:26,3091.0,3082.83011445,5.30391451497,82.3529411765,442.0,0,17.1592187479,-384.0,96.7312348668,347.80952381,-310.0
10:57:27,3091.0,3082.83465201,5.30391451497,82.3529411765,62.0,0,17.1592187479,10.0,97.0238095238,286.857142857,-298.0
10:57:27,3091.0,3082.83918706,5.30391451497,82.3529411765,80.0,0,17.1592187479,60.0,93.5034802784,229.714285714,-230.0
10:57:28,3091.0,3082.84371958,5.30391451497,82.3529411765,24.0,0,17.1592187479,12.0,92.4330616997,154.476190476,-188.0
10:57:28,3091.0,3082.84824959,5.30391451497,82.3529411765,104.0,0,17.1592187479,-20.0,71.7032967033,102.380952381,-330.0
10:57:29,3091.0,3082.85277709,5.30391451497,82.3529411765,28.0,0,17.1592187479,-8.0,70.8108108108,75.7142857143,-330.0
10:57:29,3092.0,3082.85785746,5.30391451497,83.3333333333,28.0,0,17.1536691946,14.0,26.3803680982,48.4761904762,68.0
10:57:30,3091.0,3082.86237962,5.30391451497,82.3529411765,526.0,0,17.1592187479,16.0,5.82278481012,183.238095238,74.0
10:57:30,3091.0,3082.86689927,5.30391451497,82.3529411765,124.0,0,17.1592187479,-36.0,5.75539568345,181.047619048,-22.0
10:57:31,3090.0,3082.870861,5.303001414,81.25,220.0,0,17.1618168738,148.0,5.82524271844,204.19047619,114.0
10:57:31,3091.0,3082.87537593,5.303001414,82.3529411765,896.0,70.5882352941,17.1562646846,-634.0,51.9209659715,411.142857143,-500.0
10:57:32,3091.0,3082.87988836,5.303001414,82.3529411765,74.0,0,17.1562646846,-68.0,50.2141327623,345.523809524,-560.0
10:57:32,3092.0,3082.88495368,5.30348417971,83.3333333333,144.0,0,17.1522774247,-80.0,50.1008064516,297.714285714,-654.0
10:57:33,3091.0,3082.88946079,5.30348417971,82.3529411765,706.0,0,17.1578265277,-456.0,76.1552680222,404.952380952,-1126.0
10:57:33,3091.0,3082.89396539,5.30348417971,82.3529411765,78.0,0,17.1578265277,48.0,77.8092540132,324.19047619,-1042.0
10:57:34,3092.0,3082.8990229,5.30348417971,83.3333333333,56.0,0,17.1522774247,-2.0,85.8751279427,239.333333333,-1192.0
10:57:34,3092.0,3082.90407759,5.30348417971,83.3333333333,28.0,0,17.1522774247,12.0,74.4014732965,154.285714286,-546.0
10:57:35,3092.0,3082.90912948,5.30396688693,83.3333333333,158.0,0,17.1538385735,-106.0,72.3076923077,147.714285714,-584.0
10:57:35,3092.0,3082.91417856,5.30396688693,83.3333333333,1742.0,0,17.1538385735,782.0,89.8843930636,589.714285714,278.0
10:57:36,3092.0,3082.91922483,5.30444953568,83.3333333333,202.0,0,17.1553995332,54.0,83.3922261484,515.619047619,788.0
10:57:36,3093.0,3082.92482371,5.30498448788,84.2105263158,276.0,0,17.1515825667,88.0,78.716490658,486.666666667,828.0
10:57:37,3093.0,3082.93041948,5.3055193716,84.2105263158,1614.0,0,17.153311903,-704.0,84.4278606965,830.571428571,126.0
10:57:37,3093.0,3082.93601213,5.3065365876,84.2105263158,1000.0,0,17.1566006712,-104.0,86.7387820513,924.857142857,10.0
10:57:38,3092.0,3082.94104628,5.30701892995,83.3333333333,1470.0,0,17.1637093465,1378.0,88.2614213198,1107.14285714,1494.0
10:57:38,3093.0,3082.94663304,5.30755355049,84.2105263158,376.0,0,17.1598886211,154.0,85.9052247874,914.380952381,866.0
10:57:39,3094.0,3082.95277209,5.30867491197,85.0,888.0,0,17.1579667485,-340.0,84.9217638691,932.952380952,472.0
10:57:39,3094.0,3082.95890774,5.31027793761,85.0,1030.0,0,17.1631478268,-338.0,89.7773596739,959.428571429,46.0
10:57:40,3094.0,3082.96503998,5.31139857863,85.0,466.0,0,17.1667698081,-6.0,89.2543021033,788.857142857,744.0
10:57:40,3094.0,3082.97116881,5.31251892517,85.0,390.0,0,17.1703908376,-86.0,87.7056277056,651.238095238,762.0
10:57:41,3094.0,3082.97729423,5.3136389774,85.0,888.0,0,17.174010916,22.0,73.8979692917,684.952380952,-594.0
10:57:41,3093.0,3082.98286086,5.31465420376,84.2105263158,1674.0,0,17.182845793,932.0,48.7631184408,970.952380952,184.0
10:57:42,3092.0,3082.98786899,5.31465420376,83.3333333333,388.0,0,17.1884029876,-32.0,41.0669975186,827.714285714,492.0
10:57:42,3093.0,3082.99342974,5.31518785308,84.2105263158,508.0,0,17.1845711383,-264.0,39.3138618452,742.571428571,566.0
10:57:43,3093.0,3082.9989874,5.31620269658,84.2105263158,150.0,0,17.1878522359,-32.0,33.0665332666,580.0,540.0
10:57:43,3093.0,3083.00454197,5.31673614694,84.2105263158,54.0,0,17.1895769381,0.0,28.0174767886,405.047619048,626.0
10:57:44,3093.0,3083.01009346,5.31726952927,84.2105263158,24.0,0,17.1913014202,-8.0,29.9499642602,237.523809524,596.0
10:57:44,3093.0,3083.01564187,5.31780284359,84.2105263158,212.0,0,17.1930256825,-40.0,70.3592814371,164.857142857,-376.0
10:57:45,3092.0,3083.0206318,5.31780284359,83.3333333333,84.0,0,17.1985861694,-70.0,96.8992248062,125.238095238,-414.0
10:57:45,3091.0,3083.02506355,5.31780284359,82.3529411765,696.0,0,17.2041502543,-462.0,19.6721311475,274.952380952,-612.0
10:57:46,3092.0,3083.03004824,5.31828385947,83.3333333333,1174.0,0,17.2001418482,-78.0,79.1443850267,552.285714286,-658.0
10:57:46,3092.0,3083.03503016,5.31876481733,83.3333333333,176.0,0,17.2016973394,-86.0,81.1496196112,495.714285714,-744.0
10:57:47,3092.0,3083.04000932,5.31876481733,83.3333333333,56.0,0,17.2016973394,-36.0,81.4845704754,399.047619048,-772.0
10:57:47,3092.0,3083.04498571,5.3192457172,83.3333333333,144.0,0,17.203252643,-126.0,85.7510729614,326.0,-858.0
10:57:48,3092.0,3083.04995933,5.3197265591,83.3333333333,292.0,0,17.2048077591,-172.0,89.6769109535,298.476190476,-960.0
10:57:48,3092.0,3083.0549302,5.3197265591,83.3333333333,62.0,0,17.2048077591,-26.0,125.210084034,195.333333333,-524.0
10:57:49,3092.0,3083.0598983,5.3197265591,83.3333333333,16.0,0,17.2048077591,-6.0,106.702412869,109.238095238,-452.0
10:57:49,3092.0,3083.06486364,5.3197265591,83.3333333333,134.0,0,17.2048077591,-24.0,89.4886363636,112.0,-390.0
10:57:50,3091.0,3083.06927083,5.3192457172,82.3529411765,24.0,0,17.2088182375,-2.0,87.7976190476,85.3333333333,-356.0
10:57:50,3092.0,3083.07423097,5.3192457172,83.3333333333,332.0,0,17.203252643,-104.0,65.3488372093,148.19047619,-334.0
10:57:51,3092.0,3083.07918835,5.3192457172,83.3333333333,128.0,0,17.203252643,92.0,36.4942528736,143.80952381,-70.0
10:57:51,3091.0,3083.08358758,5.31823162849,82.3529411765,58.0,0,17.2055374587,6.0,34.9710982659,127.238095238,-38.0
10:57:52,3092.0,3083.08853977,5.31769837168,83.3333333333,128.0,0,17.1982482913,66.0,42.7860696517,130.857142857,34.0
10:57:52,3091.0,3083.0929338,5.31668390076,82.3529411765,20.0,0,17.2005302516,2.0,46.9565217391,98.2857142857,60.0
10:57:53,3091.0,3083.0973254,5.31620269658,82.3529411765,204.0,0,17.1989734603,-34.0,46.2068965517,123.714285714,28.0
10:57:53,3091.0,3083.10171455,5.31572143432,82.3529411765,18.0,0,17.1974164811,-2.0,53.5971223022,87.4285714286,130.0
10:57:54,3091.0,3083.10610127,5.31524011397,82.3529411765,42.0,0,17.195859314,-8.0,61.7021276596,72.9523809524,30.0
10:57:54,3092.0,3083.11104095,5.31524011397,83.3333333333,58.0,0,17.1902979106,2.0,57.8723404255,67.1428571429,26.0
10:57:55,3092.0,3083.11597789,5.31470646989,83.3333333333,76.0,0,17.1885720242,-2.0,50.2392344498,66.4761904762,-42.0
10:57:55,3091.0,3083.12035669,5.31422502857,82.3529411765,70.0,0,17.1925753108,-4.0,50.0,66.5714285714,-48.0
10:57:56,3092.0,3083.12528845,5.31422502857,83.3333333333,114.0,0,17.1870149695,30.0,65.6084656084,76.8571428571,16.0
10:57:56,3092.0,3083.13021748,5.31369125351,83.3333333333,164.0,0,17.1852886595,-24.0,55.7251908397,105.714285714,-6.0
10:57:57,3091.0,3083.13458837,5.31267578504,82.3529411765,30.0,0,17.1875631997,4.0,55.078125,89.3333333333,6.0
10:57:57,3092.0,3083.13951223,5.31267578504,83.3333333333,22.0,0,17.1820044794,-10.0,56.3025210084,71.2380952381,-6.0
10:57:58,3091.0,3083.14387795,5.31219410158,82.3529411765,180.0,0,17.1860048579,2.0,43.1034482759,100.0,-2.0
10:57:58,3092.0,3083.14879665,5.31219410158,83.3333333333,122.0,0,17.1804466416,4.0,37.3417721519,107.238095238,6.0
10:57:59,3092.0,3083.15371262,5.31219410158,83.3333333333,296.0,0,17.1804466416,24.0,38.3292383292,161.714285714,0.0
10:57:59,3091.0,3083.15807046,5.31117825969,82.3529411765,340.0,0,17.1827184073,272.0,27.8787878788,220.095238095,296.0
10:58:00,3091.0,3083.16242588,5.31016216534,82.3529411765,68.0,0,17.1794311399,4.0,26.4591439689,192.380952381,296.0
10:58:00,3091.0,3083.16677888,5.30968018119,82.3529411765,56.0,0,17.1778718253,2.0,27.8719397363,159.428571429,308.0
10:58:01,3092.0,3083.17168486,5.3091458184,83.3333333333,54.0,0,17.1705880284,-12.0,28.8461538462,124.285714286,294.0
10:58:01,3092.0,3083.17658812,5.3091458184,83.3333333333,38.0,0,17.1705880284,16.0,30.2816901408,90.5714285714,306.0
10:58:02,3091.0,3083.18093325,5.3081292187,82.3529411765,62.0,0,17.172854153,36.0,14.2394822006,67.7142857143,318.0
10:58:02,3091.0,3083.18527597,5.30711236612,82.3529411765,160.0,0,17.1695644326,44.0,17.8082191781,84.0,90.0
10:58:03,3092.0,3083.19017168,5.30711236612,83.3333333333,104.0,0,17.1640115334,24.0,18.5654008439,92.8571428571,110.0
10:58:03,3091.0,3083.19450927,5.30609526051,82.3529411765,392.0,0,17.1662738936,-272.0,6.17283950618,182.285714286,-164.0
10:58:04,3091.0,3083.19884445,5.30507790171,82.3529411765,20.0,0,17.1629825355,0.0,7.47422680413,149.428571429,-152.0
10:58:04,3090.0,3083.20262182,5.30362995161,77.7777777778,156.0,0,17.1638509761,-12.0,17.4496644295,157.047619048,-180.0
10:58:05,3091.0,3083.20695249,5.30314718462,82.3529411765,850.0,0,17.1567362815,448.0,50.8917954816,357.333333333,232.0
10:58:05,3091.0,3083.21128076,5.30266435913,82.3529411765,458.0,0,17.155174245,-66.0,63.7373737374,408.095238095,122.0
10:58:06,3091.0,3083.21560662,5.3016461382,82.3529411765,374.0,0,17.1518800977,92.0,72.3555555556,420.666666667,190.0
10:58:06,3091.0,3083.21993009,5.30062766345,82.3529411765,62.0,0,17.1485851292,54.0,85.0,331.238095238,516.0
10:58:07,3091.0,3083.22425115,5.29960893473,82.3529411765,68.0,0,17.1452893392,10.0,83.2317073171,259.238095238,526.0
10:58:07,3091.0,3083.22856981,5.29912568493,82.3529411765,52.0,0,17.1437259299,20.0,82.8326180258,180.380952381,558.0
10:58:08,3092.0,3083.23344147,5.2985899519,83.3333333333,32.0,0,17.1364487448,-10.0,81.4531548757,100.761904762,100.0
10:58:08,3092.0,3083.23831043,5.2985899519,83.3333333333,26.0,0,17.1364487448,16.0,72.9641693811,58.380952381,182.0
10:58:09,3092.0,3083.24317668,5.2985899519,83.3333333333,24.0,0,17.1364487448,10.0,31.0606060606,36.0,100.0
10:58:09,3091.0,3083.24748483,5.29757071481,82.3529411765,138.0,0,17.1386952922,42.0,23.5294117647,62.8571428571,88.0
10:58:10,3091.0,3083.25179059,5.29655122331,82.3529411765,244.0,0,17.1353970343,-168.0,17.8294573643,116.380952381,-90.0
10:58:10,3092.0,3083.25664936,5.29655122331,83.3333333333,352.0,0,17.1298551853,62.0,10.7843137255,192.380952381,-48.0
10:58:11,3091.0,3083.26095002,5.29553147725,82.3529411765,16.0,0,17.1320979529,2.0,8.5,158.095238095,-36.0
10:58:11,3091.0,3083.2652483,5.29504773874,82.3529411765,22.0,0,17.1305329626,8.0,8.29145728643,126.285714286,-44.0
10:58:12,3092.0,3083.27009959,5.29451147649,83.3333333333,18.0,0,17.1232583328,14.0,7.08860759494,93.5238095238,-40.0
10:58:12,3092.0,3083.27494819,5.29451147649,83.3333333333,42.0,0,17.1232583328,8.0,8.06916426514,67.9047619048,-74.0
10:58:13,3091.0,3083.2792387,5.29349122088,82.3529411765,48.0,0,17.1254973176,-8.0,4.01606425703,48.5714285714,86.0
10:58:13,3091.0,3083.28352682,5.29247071028,82.3529411765,96.0,0,17.1221957628,0.0,39.6694214876,52.2857142857,24.0
10:58:14,3092.0,3083.28836796,5.29247071028,83.3333333333,116.0,0,17.1166581833,32.0,30.9941520468,73.9047619048,54.0
10:58:14,3092.0,3083.29320641,5.29247071028,83.3333333333,22.0,0,17.1166581833,0.0,31.5789473684,63.9047619048,46.0
10:58:15,3091.0,3083.29748677,5.29144994453,82.3529411765,36.0,0,17.1188933825,10.0,35.0,57.9047619048,42.0
10:58:15,3091.0,3083.30176476,5.29096571619,82.3529411765,104.0,0,17.1173268075,-40.0,29.8578199052,70.4761904762,-6.0
10:58:16,3092.0,3083.30659577,5.29096571619,83.3333333333,82.0,0,17.1117908027,-68.0,28.9473684211,73.8095238095,-66.0
10:58:16,3091.0,3083.31086869,5.28994457251,82.3529411765,30.0,0,17.1140232045,-12.0,13.3333333333,60.6666666667,-78.0
10:58:17,3092.0,3083.31569465,5.289407647,83.3333333333,76.0,0,17.1067517691,54.0,31.4285714286,63.8095238095,-56.0
10:58:17,3091.0,3083.31996252,5.28892317332,82.3529411765,30.0,0,17.1107187749,6.0,30.1675977654,55.7142857143,-50.0
10:58:18,3091.0,3083.32422802,5.28843864067,82.3529411765,80.0,0,17.1091512154,28.0,33.3333333333,61.5238095238,-32.0
10:58:18,3091.0,3083.32849116,5.28795404903,82.3529411765,28.0,0,17.107583465,-2.0,41.1042944785,50.380952381,6.0
10:58:19,3091.0,3083.33275192,5.28746939839,82.3529411765,18.0,0,17.1060155237,16.0,54.9618320611,40.0,90.0
10:58:19,3091.0,3083.33701032,5.28746939839,82.3529411765,10.0,0,17.1060155237,0.0,59.5041322314,30.380952381,102.0
10:58:20,3091.0,3083.34126636,5.28698468872,82.3529411765,114.0,0,17.1044473915,-32.0,26.4285714286,51.4285714286,16.0
10:58:20,3091.0,3083.34552003,5.28649992002,82.3529411765,44.0,0,17.1028790683,-22.0,23.1292517007,50.6666666667,-12.0
10:58:21,3092.0,3083.35032674,5.28649992002,83.3333333333,60.0,0,17.0973477361,22.0,9.48905109489,53.8095238095,-18.0
10:58:21,3092.0,3083.35513078,5.28649992002,83.3333333333,308.0,71.4285714286,17.0973477361,-36.0,8.30324909747,128.761904762,-52.0
10:58:22,3091.0,3083.35937675,5.28649992002,75.0,142.0,0,17.1028790683,-4.0,4.42477876105,142.952380952,-72.0
10:58:22,3091.0,3083.36362036,5.28649992002,75.0,2.0,0,17.1028790683,0.0,4.47761194029,111.238095238,-72.0
10:58:23,3091.0,3083.36786161,5.28649992002,75.0,540.0,0,17.1028790683,-538.0,52.0072992701,233.619047619,-578.0
10:58:23,3091.0,3083.37210051,5.28601509226,75.0,410.0,0,17.101310554,-316.0,66.8946648427,298.571428571,-872.0
10:58:24,3092.0,3083.37689246,5.28649992002,80.0,40.0,0,17.0973477361,-16.0,70.4576976422,240.380952381,-910.0
10:58:24,3091.0,3083.38112634,5.28649992002,75.0,6.0,0,17.1028790683,-6.0,87.1929824561,173.428571429,-880.0
10:58:25,3091.0,3083.38535788,5.28649992002,75.0,30.0,0,17.1028790683,8.0,98.0544747082,127.714285714,-868.0
10:58:25,3091.0,3083.38958706,5.28601509226,75.0,30.0,0,17.101310554,0.0,95.4545454545,87.3333333333,-868.0
10:58:26,3091.0,3083.39381389,5.28601509226,75.0,32.0,0,17.101310554,0.0,89.0510948905,46.1904761905,-330.0
10:58:26,3092.0,3083.39859378,5.28601509226,80.0,6.0,0,17.0957797292,-2.0,55.5555555556,21.8095238095,-16.0
10:58:27,3091.0,3083.40281561,5.28601509226,75.0,106.0,0,17.101310554,12.0,46.6666666667,45.2380952381,12.0
10:58:27,3091.0,3083.40703509,5.28553020543,75.0,90.0,0,17.0997418487,-32.0,34.0136054422,60.9523809524,-14.0
10:58:28,3091.0,3083.41125224,5.28553020543,75.0,14.0,0,17.0997418487,-4.0,35.2517985612,50.9523809524,-26.0
10:58:28,3091.0,3083.41546704,5.28553020543,75.0,24.0,0,17.0997418487,4.0,44.1176470588,44.5714285714,-22.0
10:58:29,3091.0,3083.4196795,5.28553020543,75.0,28.0,0,17.0997418487,2.0,47.7611940299,39.619047619,-20.0
10:58:29,3091.0,3083.42388962,5.28553020543,75.0,16.0,0,17.0997418487,-10.0,51.0791366906,31.4285714286,-28.0
10:58:30,3090.0,3083.427542,5.28461281826,70.5882352941,16.0,0,17.1023068552,-6.0,50.0,22.7619047619,-46.0
10:58:30,3091.0,3083.43174775,5.28461281826,75.0,24.0,0,17.0967739187,-20.0,93.4426229508,20.6666666667,-34.0
10:58:31,3091.0,3083.43595117,5.28461281826,75.0,16.0,0,17.0967739187,-2.0,93.5483870968,19.4285714286,-32.0
10:58:31,3091.0,3083.44015225,5.28504525951,75.0,72.0,0,17.0981729521,-30.0,93.023255814,34.0952380952,-66.0
10:58:32,3091.0,3083.444351,5.28504525951,75.0,18.0,0,17.0981729521,-2.0,90.1234567901,31.0476190476,-70.0
10:58:32,3091.0,3083.44854741,5.28547765078,75.0,340.0,0,17.0995718239,-110.0,95.4732510288,120.476190476,-170.0
10:58:33,3091.0,3083.4527415,5.28547765078,75.0,144.0,0,17.0995718239,0.0,75.2442996743,138.476190476,-164.0
10:58:33,3091.0,3083.45693326,5.28590999209,75.0,44.0,0,17.1009705341,6.0,69.7160883281,121.80952381,-138.0
10:58:34,3092.0,3083.46167809,5.2868270666,80.0,52.0,0,17.0984057781,-14.0,66.5671641791,106.476190476,-150.0
10:58:34,3090.0,3083.46530948,5.2868270666,70.5882352941,672.0,0,17.1094727074,466.0,27.7165354331,266.571428571,346.0
10:58:35,3091.0,3083.46949426,5.28725925378,75.0,8.0,0,17.1053356641,6.0,27.3015873016,208.380952381,354.0
10:58:35,3090.0,3083.47312131,5.28725925378,70.5882352941,22.0,0,17.1108713715,14.0,2.7600849257,154.666666667,478.0
10:58:36,3091.0,3083.47730175,5.28725925378,75.0,4.0,0,17.1053356641,4.0,2.49376558604,110.952380952,482.0
10:58:36,3090.0,3083.48092446,5.28725925378,70.5882352941,6.0,0,17.1108713715,4.0,2.61780104713,74.4761904762,480.0
10:58:37,3091.0,3083.48510056,5.28769139104,75.0,10.0,0,17.1067337141,4.0,0.831024930759,40.9523809524,498.0
10:58:37,3090.0,3083.48871895,5.28725925378,70.5882352941,24.0,0,17.1108713715,4.0,43.2432432432,13.4285714286,36.0
10:58:38,3091.0,3083.49289072,5.28769139104,75.0,10.0,0,17.1067337141,0.0,47.3684210526,12.7619047619,30.0
10:58:38,3090.0,3083.49650478,5.28769139104,70.5882352941,234.0,0,17.1122698739,30.0,76.3888888889,76.0,46.0
10:58:39,3090.0,3083.50011683,5.28769139104,70.5882352941,126.0,0,17.1122698739,104.0,52.6829268293,98.2857142857,146.0
10:58:39,3090.0,3083.50372687,5.28769139104,70.5882352941,6.0,0,17.1122698739,2.0,52.1951219512,80.4761904762,144.0
10:58:40,3090.0,3083.50733491,5.28807094953,70.5882352941,20.0,0,17.1134982186,8.0,52.8571428571,66.6666666667,148.0
10:58:40,3090.0,3083.51094095,5.28807094953,70.5882352941,92.0,0,17.1134982186,12.0,48.7704918033,72.9523809524,156.0
10:58:41,3091.0,3083.51510038,5.28850299129,75.0,4.0,0,17.1093594024,4.0,47.7178423236,50.8571428571,160.0
10:58:41,3091.0,3083.5192575,5.28931440865,75.0,68.0,0,17.111984499,48.0,24.6835443038,47.3333333333,178.0
10:58:42,3090.0,3083.52285691,5.28931440865,70.5882352941,6.0,0,17.1175223581,6.0,39.7959183674,34.0,80.0
10:58:42,3090.0,3083.52645433,5.28969379233,70.5882352941,22.0,0,17.118750137,22.0,36.7924528302,30.9523809524,100.0
10:58:43,3091.0,3083.53060514,5.29050493955,75.0,6.0,0,17.1158361034,2.0,34.3434343435,22.5714285714,94.0
10:58:43,3091.0,3083.53475366,5.29131590409,75.0,50.0,0,17.118459735,42.0,48.717948718,27.4285714286,124.0
10:58:44,3090.0,3083.53834446,5.29169507137,70.5882352941,20.0,0,17.1252267682,18.0,43.023255814,25.7142857143,138.0
10:58:44,3090.0,3083.54193327,5.29207419691,70.5882352941,120.0,0,17.1264537117,36.0,50.0,51.8095238095,126.0
10:58:45,3091.0,3083.54607549,5.29250576608,75.0,14.0,0,17.1223091753,12.0,50.8620689655,45.1428571429,132.0
10:58:45,3090.0,3083.54966001,5.29250576608,70.5882352941,130.0,0,17.1278503757,102.0,41.7647058824,71.2380952381,212.0
10:58:46,3090.0,3083.55324254,5.29288480438,70.5882352941,10.0,0,17.1290770368,8.0,40.6976744186,57.9047619048,218.0
10:58:46,3090.0,3083.55682308,5.29326380097,70.5882352941,18.0,0,17.130303563,12.0,37.1794871795,46.6666666667,188.0
10:58:47,3090.0,3083.56040163,5.29364275585,70.5882352941,8.0,0,17.1315299542,2.0,38.6666666667,34.0952380952,172.0
10:58:47,3091.0,3083.56453359,5.29445300658,75.0,20.0,0,17.1286088857,-4.0,18.0,25.5238095238,132.0
10:58:48,3090.0,3083.56810785,5.29445300658,70.5882352941,20.0,0,17.1341521249,-20.0,14.5631067961,21.7142857143,100.0
10:58:48,3091.0,3083.57223554,5.29488429443,75.0,24.0,0,17.1300041877,4.0,30.0,18.7619047619,2.0
10:58:49,3091.0,3083.57636093,5.29569426778,75.0,4.0,0,17.1326246127,2.0,34.0425531915,15.1428571429,-4.0
10:58:49,3091.0,3083.58048402,5.29612541083,75.0,26.0,0,17.1340194462,20.0,54.9019607843,18.0952380952,4.0
10:58:50,3091.0,3083.58460483,5.296935107,75.0,28.0,0,17.1366389744,2.0,60.6557377049,21.2380952381,4.0
10:58:50,3090.0,3083.58816795,5.29731366815,70.5882352941,12.0,0,17.1434099293,0.0,68.4210526316,18.8571428571,8.0
10:58:51,3090.0,3083.59172909,5.29769218768,70.5882352941,166.0,0,17.1446349116,148.0,37.6923076923,60.8571428571,176.0
10:58:51,3090.0,3083.59528825,5.29807066561,70.5882352941,6.0,0,17.1458597592,0.0,30.5785123967,50.1904761905,172.0
10:58:52,3090.0,3083.59884544,5.29844910194,70.5882352941,10.0,0,17.1470844723,8.0,30.6451612903,41.5238095238,178.0
10:58:52,3091.0,3083.60295605,5.29925826833,75.0,26.0,0,17.1441548636,24.0,22.5806451613,37.1428571429,182.0
10:58:53,3091.0,3083.60706438,5.30006725295,75.0,6.0,0,17.1467720898,0.0,18.5840707965,27.0476190476,180.0
10:58:53,3090.0,3083.61061502,5.30006725295,70.5882352941,2.0,0,17.152321207,2.0,14.8148148148,16.8571428571,182.0
10:58:54,3090.0,3083.61416369,5.30006725295,70.5882352941,52.0,0,17.152321207,0.0,13.7254901961,21.4285714286,34.0
10:58:54,3091.0,3083.6182658,5.30087605589,75.0,6.0,0,17.1493887282,6.0,19.6078431373,18.2857142857,40.0
10:58:55,3090.0,3083.62181022,5.30125419006,70.5882352941,6.0,0,17.1561624274,0.0,16.3265306123,15.1428571429,32.0
10:58:55,3090.0,3083.62535268,5.30163228271,70.5882352941,6.0,0,17.1573860282,2.0,17.9487179487,12.1904761905,10.0
10:58:56,3091.0,3083.62944856,5.30244073051,75.0,10.0,0,17.1544507619,0.0,14.6341463415,11.3333333333,10.0
10:58:56,3091.0,3083.63354218,5.30324899687,75.0,412.0,0,17.1570656644,12.0,83.7398373984,125.142857143,20.0
10:58:57,3090.0,3083.63707812,5.30362687457,70.5882352941,24.0,0,17.163841018,20.0,88.7931034483,108.571428571,40.0
10:58:57,3091.0,3083.64116749,5.30443487291,75.0,674.0,0,17.1609022094,518.0,93.4628975265,279.047619048,552.0
10:58:58,3091.0,3083.6452546,5.30524269002,75.0,258.0,0,17.1635156584,-60.0,92.3410404624,298.857142857,492.0
10:58:58,3091.0,3083.64933943,5.30567270813,75.0,576.0,0,17.1649068526,-312.0,89.9692937564,397.523809524,178.0
10:58:59,3091.0,3083.653422,5.30610267685,75.0,358.0,0,17.1662978869,-94.0,91.4856646395,406.761904762,84.0
10:58:59,3091.0,3083.6575023,5.30691012377,75.0,18.0,0,17.1689101384,8.0,90.2515723271,302.285714286,80.0
10:59:00,3091.0,3083.66158033,5.3077173897,75.0,208.0,0,17.1715218043,-64.0,88.3365200765,270.857142857,-4.0
10:59:00,3091.0,3083.6656561,5.30852447473,75.0,590.0,0,17.1741328849,-66.0,62.2509960159,339.80952381,-588.0
10:59:01,3092.0,3083.670285,5.3098132349,80.0,114.0,0,17.1727465553,-8.0,61.0515021459,276.761904762,-536.0
10:59:01,3091.0,3083.67435594,5.31024272306,75.0,468.0,0,17.1796917601,-192.0,40.2050113895,321.714285714,-416.0
10:59:02,3091.0,3083.67842461,5.31104924999,75.0,116.0,0,17.1823010352,-48.0,24.3064729194,271.238095238,-370.0
10:59:02,3091.0,3083.68249102,5.31185559636,75.0,34.0,0,17.1849097262,-28.0,23.0065359477,208.857142857,-406.0
10:59:03,3091.0,3083.68655517,5.31266176224,75.0,28.0,0,17.1875178332,-16.0,17.037037037,144.0,-358.0
10:59:03,3091.0,3083.69061707,5.31346774773,75.0,72.0,0,17.1901253566,34.0,21.3942307692,100.285714286,-258.0
10:59:04,3091.0,3083.69467671,5.3142735529,75.0,358.0,0,17.1927322967,-230.0,7.80669144981,162.952380952,-480.0
10:59:04,3091.0,3083.6987341,5.31507917784,75.0,66.0,0,17.1953386536,-26.0,5.3412462908,130.571428571,-314.0
10:59:05,3091.0,3083.70278923,5.3162089014,75.0,14.0,0,17.1989935341,-4.0,4.89510489511,102.476190476,-270.0
10:59:05,3092.0,3083.70739751,5.31749497205,80.0,26.0,0,17.1975904659,-12.0,7.44680851065,82.6666666667,-254.0
10:59:06,3092.0,3083.71200323,5.31910460185,80.0,30.0,0,17.2027962544,-8.0,9.89399293287,64.380952381,-246.0
10:59:06,3091.0,3083.716051,5.31990914709,75.0,6.0,0,17.2109645652,-2.0,10.8,39.1428571429,-282.0
10:59:07,3091.0,3083.72009651,5.32071351267,75.0,26.0,0,17.2135668479,-4.0,23.8095238095,22.7619047619,-56.0
10:59:07,3091.0,3083.72413978,5.32184143123,75.0,38.0,0,17.2172158888,-4.0,47.1428571429,25.619047619,-34.0
10:59:08,3091.0,3083.7281808,5.32264535983,75.0,56.0,0,17.2198167578,-6.0,42.8571428571,34.9523809524,-36.0
10:59:08,3092.0,3083.73277498,5.32392917999,80.0,70.0,0,17.2183996766,-6.0,55.7522123894,46.2857142857,-30.0
10:59:09,3091.0,3083.73681121,5.32505606966,75.0,28.0,0,17.2276158837,-4.0,47.3214285714,43.5238095238,-26.0
10:59:09,3091.0,3083.74084519,5.32618259053,75.0,66.0,0,17.2312604029,46.0,37.323943662,51.7142857143,22.0
10:59:10,3091.0,3083.74487693,5.32698554532,75.0,12.0,0,17.2338581214,10.0,39.2592592593,41.619047619,36.0
10:59:10,3091.0,3083.74890644,5.32811144101,75.0,30.0,0,17.2375006179,4.0,38.1679389313,37.3333333333,44.0
10:59:11,3092.0,3083.75348911,5.32939333633,80.0,56.0,0,17.2360715923,44.0,34.3511450382,40.8571428571,94.0
10:59:11,3091.0,3083.75751383,5.3305184629,75.0,506.0,71.4285714286,17.2452878127,-58.0,32.9512893983,172.952380952,42.0
10:59:12,3091.0,3083.76153631,5.33164322179,85.7142857143,4.0,0,17.2489266315,0.0,34.1246290801,140.857142857,46.0
10:59:12,3091.0,3083.76555657,5.33276761323,85.7142857143,276.0,0,17.2525642615,-24.0,32.8054298643,187.619047619,-24.0
10:59:13,3092.0,3083.77012999,5.3340478688,86.6666666667,124.0,0,17.2511250608,-66.0,35.3413654618,180.952380952,-100.0
10:59:13,3091.0,3083.77414546,5.33517149313,85.7142857143,26.0,0,17.2603412913,-6.0,33.2661290323,140.952380952,-110.0
10:59:14,3091.0,3083.77815871,5.33629475073,85.7142857143,60.0,0,17.2639752531,-8.0,32.5301204819,110.857142857,-162.0
10:59:14,3092.0,3083.78272513,5.33789593611,86.6666666667,110.0,0,17.2635702979,22.0,21.3333333333,94.8571428571,-82.0
10:59:15,3091.0,3083.78673362,5.33928831319,85.7142857143,58.0,0,17.2736600233,-34.0,24.7706422018,82.8571428571,-116.0
10:59:15,3091.0,3083.79073988,5.3406800961,85.7142857143,132.0,0,17.2781627179,-12.0,21.568627451,89.4285714286,-104.0
10:59:16,3091.0,3083.79474391,5.34180154536,85.7142857143,24.0,0,17.2817908294,-20.0,11.7073170732,72.0,-58.0
10:59:16,3092.0,3083.79930112,5.34340021417,86.6666666667,62.0,0,17.2813719734,-2.0,11.2107623318,70.1904761905,-54.0
10:59:17,3091.0,3083.8033004,5.34452078948,85.7142857143,18.0,0,17.2905881251,0.0,12.8712871287,54.0952380952,-46.0
10:59:17,3092.0,3083.80785285,5.34638760442,86.6666666667,2.0,0,17.2910336495,-2.0,16.2162162162,35.4285714286,-70.0
10:59:18,3091.0,3083.81184738,5.34777644314,85.7142857143,52.0,0,17.3011208125,2.0,5.51724137931,36.1904761905,-34.0
10:59:18,3092.0,3083.81639509,5.34937240319,86.6666666667,28.0,0,17.3006869443,-2.0,5.37634408603,30.380952381,-24.0
10:59:19,3092.0,3083.82094028,5.35096765652,86.6666666667,12.0,0,17.3058462371,4.0,9.19540229886,24.9523809524,0.0
10:59:19,3091.0,3083.82492753,5.3520857824,85.7142857143,50.0,0,17.3150623824,-4.0,20.987654321,30.9523809524,-2.0
10:59:20,3091.0,3083.82891258,5.35320354502,85.7142857143,28.0,0,17.3186785669,-22.0,33.7209302326,31.2380952381,-24.0
10:59:20,3092.0,3083.83345081,5.35479708063,86.6666666667,16.0,0,17.3182311793,-12.0,37.6344086022,27.619047619,-34.0
10:59:21,3092.0,3083.83798652,5.35638991167,86.6666666667,10.0,0,17.323382638,-4.0,54.1666666667,21.619047619,-40.0
10:59:21,3092.0,3083.84251972,5.35766184376,86.6666666667,14.0,0,17.3274962605,4.0,63.0769230769,18.7619047619,-34.0
10:59:22,3091.0,3083.84649499,5.35845771989,85.7142857143,32.0,0,17.335676868,2.0,58.6666666667,21.7142857143,-36.0
10:59:22,3091.0,3083.85046806,5.35925342023,85.7142857143,858.0,0,17.3382511169,204.0,96.0334029228,259.714285714,172.0
10:59:23,3092.0,3083.85499432,5.3605243706,86.6666666667,2122.0,0,17.3367541093,850.0,98.4272608126,820.380952381,1044.0
10:59:23,3093.0,3083.86007346,5.36195030853,87.5,318.0,0,17.3357591611,-182.0,98.2707215265,765.904761905,874.0
10:59:24,3092.0,3083.86459439,5.36322036084,86.6666666667,58.0,0,17.3454733533,-32.0,97.8835978836,622.761904762,846.0
10:59:24,3093.0,3083.86966821,5.36464532327,87.5,394.0,0,17.3444724322,230.0,95.9280803807,573.333333333,1072.0
10:59:25,3093.0,3083.8747392,5.36606977788,87.5,98.0,0,17.3490778464,4.0,95.2702702703,421.238095238,1074.0
10:59:25,3093.0,3083.87980738,5.36786476591,87.5,30.0,0,17.3548812347,6.0,93.7748344371,246.571428571,876.0
10:59:26,3092.0,3083.88431735,5.3691328587,86.6666666667,20.0,0,17.3645952739,-8.0,79.0849673203,108.476190476,18.0
10:59:26,3092.0,3083.88882481,5.37040052274,86.6666666667,276.0,0,17.368695093,-30.0,49.0867579909,143.619047619,170.0
10:59:27,3093.0,3083.89388517,5.37219348924,87.5,26.0,0,17.3688764605,18.0,47.3933649289,109.333333333,220.0
10:59:27,3093.0,3083.89894272,5.3739856278,87.5,254.0,0,17.3746706363,54.0,15.9090909091,141.714285714,44.0
10:59:28,3092.0,3083.90344205,5.37488138686,86.6666666667,564.0,0,17.3831868915,-330.0,11.1111111111,269.333333333,-290.0
10:59:28,3092.0,3083.90793889,5.3761471357,86.6666666667,854.0,0,17.3872805165,-408.0,68.8064192578,457.619047619,-704.0
10:59:29,3093.0,3083.91298864,5.3771457101,87.5,208.0,0,17.3848875205,-104.0,72.5939505041,422.095238095,-800.0
10:59:29,3093.0,3083.91803557,5.37814404171,87.5,88.0,0,17.3881152334,46.0,79.6389167502,343.333333333,-724.0
10:59:30,3093.0,3083.92307971,5.37956363111,87.5,86.0,0,17.3927049179,-38.0,80.4284323272,272.952380952,-780.0
10:59:30,3093.0,3083.92812104,5.38135239754,87.5,26.0,0,17.3984881912,-4.0,90.7995618839,182.571428571,-838.0
10:59:31,3092.0,3083.93260417,5.38224647181,86.6666666667,390.0,0,17.4070067006,374.0,96.3680387409,207.047619048,-134.0
10:59:31,3092.0,3083.93708481,5.38350980103,86.6666666667,46.0,0,17.4110925001,26.0,44.7867298578,141.523809524,300.0
10:59:32,3092.0,3083.94156297,5.38440337376,86.6666666667,36.0,0,17.4139824507,-4.0,26.4880952381,111.619047619,400.0
10:59:32,3092.0,3083.94603863,5.38566598212,86.6666666667,74.0,0,17.4180659189,-28.0,36.170212766,100.761904762,326.0
10:59:33,3092.0,3083.95051181,5.38655905392,86.6666666667,50.0,0,17.4209542494,-22.0,33.7620578778,83.7142857143,342.0
10:59:33,3092.0,3083.95498251,5.38745192038,86.6666666667,180.0,0,17.4238419159,-78.0,44.3298969072,105.523809524,268.0
10:59:34,3091.0,3083.95889532,5.38787249865,85.7142857143,116.0,0,17.4308395298,-44.0,90.0398406375,101.714285714,-150.0
10:59:34,3092.0,3083.96336136,5.38913395061,86.6666666667,22.0,0,17.4292818584,-6.0,89.1213389121,84.0952380952,-182.0
10:59:35,3092.0,3083.96782492,5.39039497854,86.6666666667,64.0,0,17.4333602152,46.0,93.6758893281,79.619047619,-132.0
10:59:35,3092.0,3083.972286,5.39165558274,86.6666666667,56.0,0,17.4374372016,42.0,84.0163934426,71.5238095238,-62.0
10:59:36,3092.0,3083.9767446,5.39254726194,86.6666666667,44.0,0,17.4403210283,-2.0,74.6887966805,60.8571428571,-42.0
10:59:36,3092.0,3083.98120073,5.39380714853,86.6666666667,34.0,0,17.4443956938,-14.0,63.6904761905,47.619047619,22.0
10:59:37,3092.0,3083.98565438,5.39469832908,86.6666666667,54.0,0,17.4472779077,-22.0,41.6058394161,47.0476190476,44.0
10:59:37,3092.0,3083.99010556,5.39595749893,86.6666666667,12.0,0,17.4513502553,12.0,35.6060606061,37.4285714286,62.0
10:59:38,3092.0,3083.99455427,5.39684818141,86.6666666667,34.0,0,17.4542308584,2.0,16.2393162393,34.5714285714,18.0
10:59:38,3092.0,3083.9990005,5.39773865974,86.6666666667,332.0,0,17.4571108012,-258.0,65.8823529412,118.285714286,-282.0
10:59:39,3093.0,3084.00399967,5.39915116785,87.5,30.0,0,17.4560335204,12.0,69.3548387097,102.571428571,-268.0
10:59:39,3092.0,3084.00844066,5.40040887084,86.6666666667,42.0,0,17.4657466715,0.0,69.8412698413,90.9523809524,-254.0
10:59:40,3093.0,3084.01343458,5.40218799266,87.5,24.0,0,17.4658519,-4.0,75.5274261603,73.8095238095,-236.0
10:59:40,3093.0,3084.01842573,5.40396630029,87.5,454.0,0,17.4716013588,80.0,86.8995633188,180.952380952,-168.0
10:59:41,3092.0,3084.02285871,5.40485514904,86.6666666667,226.0,0,17.480126614,80.0,74.3682310469,201.904761905,-90.0
10:59:41,3092.0,3084.02728922,5.40611096838,86.6666666667,22.0,0,17.4841881254,18.0,65.4135338346,155.428571429,186.0
10:59:42,3093.0,3084.03227268,5.40752047621,87.5,248.0,0,17.4830923899,-168.0,74.8031496063,188.285714286,6.0
10:59:42,3093.0,3084.03725336,5.40892948834,87.5,430.0,0,17.487647877,-180.0,83.3333333333,262.761904762,-174.0
10:59:43,3092.0,3084.04167588,5.40981720784,86.6666666667,162.0,0,17.4961746696,104.0,77.8210116731,242.19047619,-66.0
10:59:43,3093.0,3084.04665135,5.41159203886,87.5,2.0,0,17.4962561877,2.0,70.0917431193,169.333333333,-144.0
10:59:44,3092.0,3084.05106865,5.41247915059,86.6666666667,8.0,0,17.5047837988,8.0,83.4862385321,119.714285714,-216.0
10:59:44,3093.0,3084.05603889,5.41388640186,87.5,180.0,0,17.5036741088,84.0,86.0194174757,129.619047619,-150.0
10:59:45,3092.0,3084.06045098,5.41513927183,86.6666666667,916.0,0,17.513387037,-296.0,37.8091872792,342.285714286,-278.0
10:59:45,3092.0,3084.06486062,5.41639172379,86.6666666667,108.0,0,17.5174376578,-66.0,20.9302325581,292.285714286,-164.0
10:59:46,3092.0,3084.0692678,5.41764375803,86.6666666667,16.0,0,17.5214869276,-8.0,20.9756097561,231.333333333,-276.0
10:59:46,3092.0,3084.07367254,5.41889537483,86.6666666667,58.0,0,17.5255348474,-26.0,24.4167962675,189.333333333,-304.0
10:59:47,3091.0,3084.07751943,5.41967830095,85.7142857143,20.0,0,17.5337376284,0.0,25.4237288136,133.80952381,-312.0
10:59:47,3093.0,3084.08247499,5.42144859434,87.5,1654.0,0,17.5281234864,866.0,106.060606061,544.571428571,470.0
10:59:48,3092.0,3084.08687239,5.42233343892,86.6666666667,30.0,0,17.5366540715,16.0,156.415694592,421.142857143,782.0
10:59:48,3092.0,3084.09126735,5.42321808222,86.6666666667,38.0,0,17.539515143,8.0,159.471365639,342.19047619,856.0
10:59:49,3093.0,3084.09621528,5.42498676536,87.5,306.0,0,17.5395627719,-150.0,136.847103514,343.142857143,714.0
10:59:49,3092.0,3084.10060505,5.42623596321,86.6666666667,138.0,0,17.5492754308,-44.0,129.185727356,282.285714286,696.0
10:59:50,3092.0,3084.10499238,5.42748474559,86.6666666667,12.0,0,17.5533141837,0.0,129.476584022,181.619047619,696.0
10:59:50,3092.0,3084.10937728,5.42873311279,86.6666666667,30.0,0,17.5573515938,-6.0,13.7184115524,86.4761904762,-176.0
10:59:51,3092.0,3084.11375974,5.42961628706,86.6666666667,242.0,0,17.5602079142,-194.0,39.9477806789,129.238095238,-386.0
10:59:51,3092.0,3084.11813977,5.43049926086,86.6666666667,52.0,0,17.5630635862,-46.0,37.1794871795,107.619047619,-440.0
10:59:52,3093.0,3084.12307277,5.43226460746,87.5,24.0,0,17.5630928143,-14.0,61.0441767068,77.3333333333,-304.0
10:59:52,3092.0,3084.12744762,5.43314698044,86.6666666667,46.0,0,17.5716267155,-46.0,74.8768472906,66.7619047619,-306.0
10:59:53,3093.0,3084.13237545,5.43454683534,87.5,32.0,0,17.5704715013,-4.0,71.3615023474,56.5714285714,-310.0
10:59:53,3092.0,3084.13674514,5.43542869588,86.6666666667,20.0,0,17.5790061316,-12.0,66.3461538462,42.0,-316.0
10:59:54,3092.0,3084.1411124,5.43631035659,86.6666666667,18.0,0,17.5818575569,-10.0,19.7916666667,27.3333333333,-132.0
10:59:54,3092.0,3084.14547724,5.43755584617,86.6666666667,20.0,0,17.5858856603,0.0,21.25,23.9047619048,-86.0
10:59:55,3092.0,3084.14983965,5.43843702016,86.6666666667,632.0,0,17.5887355115,-208.0,2.60416666667,196.857142857,-280.0
10:59:55,3092.0,3084.15419964,5.43931799465,86.6666666667,310.0,0,17.5915847175,-228.0,31.976744186,248.857142857,-462.0
10:59:56,3092.0,3084.1585572,5.44056249787,86.6666666667,58.0,0,17.5956096309,-28.0,34.9716446125,216.285714286,-486.0
10:59:56,3092.0,3084.16291235,5.44144298644,86.6666666667,188.0,0,17.5984572653,138.0,44.8613376835,219.619047619,-336.0
10:59:57,3092.0,3084.16726508,5.44268679111,86.6666666667,108.0,0,17.6024799195,-46.0,49.6960486322,192.095238095,-372.0
10:59:57,3092.0,3084.17161539,5.44356679434,86.6666666667,10.0,0,17.6053259843,-6.0,50.8422664625,132.285714286,-378.0
10:59:58,3093.0,3084.17651869,5.44496295008,87.5,248.0,0,17.6041479149,46.0,99.3492407809,140.952380952,-124.0
10:59:58,3092.0,3084.18086386,5.44584244381,86.6666666667,48.0,0,17.6126857821,36.0,92.4242424243,110.761904762,140.0
10:59:59,3093.0,3084.18576202,5.44723780382,87.5,380.0,0,17.6115027605,-12.0,76.1710794297,187.904761905,156.0
10:59:59,3093.0,3084.19065746,5.44899557513,87.5,156.0,0,17.6171858232,-62.0,70.9473684211,185.714285714,-44.0
11:00:00,3093.0,3084.19555018,5.45075255309,87.5,84.0,0,17.622866321,-56.0,69.3304535637,164.476190476,-54.0
11:00:00,3094.0,3084.20099558,5.45271251447,88.2352941176,1468.0,0,17.6235052181,-578.0,86.9127516779,539.80952381,-626.0
11:00:01,3093.0,3084.20588256,5.45410548023,87.5,346.0,0,17.6337066933,144.0,81.5471394037,525.142857143,-528.0
11:00:01,3094.0,3084.21132222,5.45642601678,88.2352941176,744.0,72.2222222222,17.635507488,536.0,85.7772183763,619.523809524,-28.0
11:00:02,3094.0,3084.21675887,5.45874521347,88.2352941176,512.0,0,17.6430032756,330.0,89.4259818731,614.476190476,314.0
11:00:02,3094.0,3084.22219249,5.46106307202,88.2352941176,140.0,0,17.6504947383,80.0,89.0103217972,496.857142857,456.0
11:00:03,3094.0,3084.2276231,5.46337959413,88.2352941176,142.0,0,17.6579818815,82.0,88.1861575179,380.571428571,594.0
11:00:03,3094.0,3084.23305069,5.46569478149,88.2352941176,146.0,0,17.6654647107,34.0,81.1822660098,262.666666667,1206.0
11:00:04,3094.0,3084.23847527,5.46831885602,88.2352941176,458.0,0,17.6739458824,-24.0,69.9346405229,296.857142857,1038.0
11:00:04,3093.0,3084.24334143,5.47037729052,83.3333333333,542.0,0,17.6863151973,34.0,61.2371134021,349.714285714,536.0
11:00:05,3093.0,3084.24820489,5.47212475238,83.3333333333,904.0,0,17.6919649285,-240.0,32.8473413379,515.619047619,-34.0
11:00:05,3093.0,3084.25306565,5.47387143084,83.3333333333,278.0,0,17.6976121269,-156.0,39.028340081,484.0,-270.0
11:00:06,3094.0,3084.25847911,5.47618049171,88.2352941176,316.0,0,17.6993551768,112.0,44.7049924357,456.666666667,-240.0
11:00:06,3093.0,3084.26333416,5.47792536988,83.3333333333,80.0,0,17.7107189456,66.0,43.0566330489,353.619047619,-208.0
11:00:07,3093.0,3084.26818651,5.47997864706,83.3333333333,506.0,0,17.7173574105,108.0,40.2894135567,375.428571429,-76.0
11:00:07,3093.0,3084.27303617,5.48203080331,83.3333333333,90.0,0,17.7239922512,24.0,34.5906163753,276.095238095,-86.0
11:00:08,3093.0,3084.27788314,5.48377303202,83.3333333333,428.0,0,17.7296250631,288.0,69.25795053,294.857142857,442.0
11:00:08,3093.0,3084.28272742,5.48551448233,83.3333333333,162.0,0,17.7352553583,86.0,60.1769911504,260.285714286,684.0
11:00:09,3093.0,3084.287569,5.4875636544,83.3333333333,44.0,0,17.7418805509,38.0,48.7022900763,197.523809524,610.0
11:00:09,3093.0,3084.29240789,5.48961171017,83.3333333333,24.0,0,17.7485021344,6.0,46.2519936204,142.0,550.0
11:00:10,3094.0,3084.2977995,5.4922196372,88.2352941176,88.0,0,17.7511946904,50.0,77.0334928229,107.428571429,492.0
11:00:10,3093.0,3084.30263272,5.49395728657,83.3333333333,62.0,0,17.762551848,-26.0,73.2673267326,85.3333333333,442.0
11:00:11,3093.0,3084.30746325,5.49600190683,83.3333333333,78.0,0,17.7691623241,-18.0,51.0917030568,69.1428571429,136.0
11:00:11,3093.0,3084.31229109,5.49804541588,83.3333333333,34.0,0,17.7757692075,-20.0,55.7575757576,57.0476190476,30.0
11:00:12,3094.0,3084.31767166,5.50064766108,88.2352941176,46.0,0,17.7784345866,-38.0,68.0722891566,54.4761904762,-46.0
11:00:12,3093.0,3084.32249383,5.50268867363,83.3333333333,66.0,0,17.7907813567,-50.0,67.3796791444,57.5238095238,-102.0
11:00:13,3093.0,3084.32731333,5.50472857899,83.3333333333,52.0,0,17.7973765891,-18.0,62.7218934911,54.5714285714,-170.0
11:00:13,3093.0,3084.33213015,5.50676737841,83.3333333333,6.0,0,17.8039682457,0.0,61.7021276596,40.1904761905,-144.0
11:00:14,3093.0,3084.3369443,5.50849847766,83.3333333333,422.0,0,17.8095650749,150.0,81.4696485623,147.333333333,24.0
11:00:14,3093.0,3084.34175577,5.51022880902,83.3333333333,732.0,0,17.8151594213,-434.0,38.3685800604,326.666666667,-390.0
11:00:15,3094.0,3084.34711997,5.51251662185,88.2352941176,96.0,0,17.8167958043,2.0,40.9024745269,291.047619048,-350.0
11:00:15,3093.0,3084.35192579,5.51455128263,83.3333333333,174.0,0,17.8291344411,136.0,46.8286099865,275.333333333,-164.0
11:00:16,3094.0,3084.35728435,5.51714246997,88.2352941176,150.0,0,17.8317468325,76.0,43.9240506329,247.619047619,-70.0
11:00:16,3093.0,3084.36208452,5.51917465649,83.3333333333,50.0,0,17.8440823036,-8.0,43.3497536946,186.666666667,-78.0
11:00:17,3093.0,3084.36688203,5.52120574565,83.3333333333,38.0,0,17.8506490322,2.0,24.1935483871,120.19047619,-226.0
11:00:17,3092.0,3084.37112147,5.52272923421,78.9473684211,68.0,0,17.8613493991,20.0,60.7638888889,80.5714285714,228.0
11:00:18,3093.0,3084.37591396,5.5247583881,83.3333333333,142.0,0,17.8621351054,-118.0,63.0225080386,93.7142857143,108.0
11:00:18,3093.0,3084.38070379,5.52648145045,83.3333333333,446.0,0,17.8677059504,180.0,78.5234899329,191.523809524,152.0
11:00:19,3093.0,3084.38549096,5.52850859909,83.3333333333,174.0,0,17.8742599389,34.0,89.1067538126,198.666666667,110.0
11:00:19,3094.0,3084.39083087,5.5310904019,88.2352941176,62.0,0,17.876827414,-8.0,91.3978494624,172.666666667,110.0
11:00:20,3094.0,3084.39616782,5.53367049815,88.2352941176,10.0,0,17.8851664452,0.0,94.4567627494,131.238095238,108.0
11:00:20,3093.0,3084.4009464,5.5356938294,83.3333333333,34.0,0,17.8974905574,-2.0,94.0092165899,98.0,86.0
11:00:21,3093.0,3084.40572232,5.53771607304,83.3333333333,176.0,0,17.9040286875,46.0,84.7006651885,106.952380952,250.0
11:00:21,3094.0,3084.411051,5.53998793844,88.2352941176,56.0,0,17.9055848043,-42.0,68.359375,80.0,28.0
11:00:22,3093.0,3084.41582131,5.54200791904,83.3333333333,340.0,0,17.9179046849,-72.0,36.8731563422,152.761904762,-78.0
11:00:22,3093.0,3084.42058897,5.54402681571,83.3333333333,132.0,0,17.9244319939,-18.0,37.9679144385,158.19047619,-88.0
11:00:23,3093.0,3084.42535399,5.54574133129,83.3333333333,558.0,0,17.9299752062,246.0,61.8827160494,282.0,158.0
11:00:23,3094.0,3084.43067176,5.54831169405,88.2352941176,60.0,0,17.9324876989,6.0,61.7246596067,237.428571429,166.0
11:00:24,3094.0,3084.43598658,5.55088036617,88.2352941176,250.0,0,17.9407898066,12.0,63.323782235,245.904761905,132.0
11:00:24,3094.0,3084.44129844,5.55314469217,88.2352941176,222.0,0,17.9481082488,10.0,59.0268886044,242.857142857,184.0
11:00:25,3094.0,3084.44660736,5.55571021313,88.2352941176,504.0,0,17.9564001717,62.0,55.2723059096,312.476190476,318.0
11:00:25,3094.0,3084.45191332,5.55827405016,88.2352941176,56.0,0,17.9646866521,14.0,56.4848484849,246.285714286,350.0
11:00:26,3094.0,3084.45721634,5.5608362056,88.2352941176,252.0,0,17.9729676975,36.0,49.4047619048,239.714285714,140.0
11:00:26,3094.0,3084.46251642,5.56339668178,88.2352941176,270.0,0,17.9812433154,102.0,51.4800514801,252.857142857,236.0
11:00:27,3094.0,3084.46781355,5.56595548102,88.2352941176,98.0,0,17.9895135133,58.0,52.2111269615,206.857142857,282.0
11:00:27,3094.0,3084.47310774,5.56821125167,88.2352941176,76.0,0,17.996804304,10.0,56.050955414,161.80952381,282.0
11:00:28,3094.0,3084.47839898,5.57046576255,88.2352941176,48.0,0,18.0040910231,-40.0,79.25,115.714285714,180.0
11:00:28,3094.0,3084.48368729,5.57271901519,88.2352941176,36.0,0,18.0113736755,28.0,78.717948718,87.9047619048,194.0
11:00:29,3093.0,3084.48841726,5.57472187619,83.3333333333,56.0,0,18.0236724093,-8.0,64.3835616438,66.7619047619,150.0
11:00:29,3094.0,3084.49370001,5.57727332131,88.2352941176,264.0,0,18.0260934755,32.0,78.5467128028,114.380952381,80.0
11:00:30,3094.0,3084.49897982,5.57952271843,88.2352941176,182.0,0,18.0333636665,166.0,80.664652568,138.857142857,188.0
11:00:30,3093.0,3084.5037013,5.58122179531,83.3333333333,34.0,0,18.0446873434,28.0,75.4838709677,117.047619048,206.0
11:00:31,3094.0,3084.50897555,5.58376902667,88.2352941176,24.0,0,18.0470879983,-8.0,80.2013422819,94.380952381,238.0
11:00:31,3093.0,3084.51369148,5.58576612974,83.3333333333,86.0,0,18.0593796629,18.0,80.4953560372,90.5714285714,228.0
11:00:32,3093.0,3084.51840479,5.58746247951,83.3333333333,56.0,0,18.0648641432,12.0,78.9473684211,75.8095238095,248.0
11:00:32,3094.0,3084.52367088,5.58970611984,88.2352941176,478.0,0,18.0662770518,102.0,39.3023255814,181.619047619,318.0
11:00:33,3094.0,3084.52893404,5.59159949179,88.2352941176,146.0,0,18.0723965475,124.0,37.8640776699,182.380952381,276.0
11:00:33,3094.0,3084.53419428,5.59349200212,88.2352941176,46.0,0,18.0785132583,-2.0,42.1052631579,156.285714286,246.0
11:00:34,3093.0,3084.5388962,5.5951850718,83.3333333333,262.0,0,18.0898321106,-180.0,32.9608938547,191.333333333,74.0
11:00:34,3094.0,3084.54415091,5.59742444493,88.2352941176,98.0,0,18.0912231575,82.0,30.7550644567,168.19047619,138.0
11:00:35,3094.0,3084.5494027,5.59966257802,88.2352941176,294.0,0,18.0984569425,212.0,43.8066465257,200.476190476,338.0
11:00:35,3093.0,3084.55409618,5.60100486327,83.3333333333,80.0,0,18.1086481192,26.0,58.5313174946,160.285714286,262.0
11:00:36,3093.0,3084.55878704,5.60269472615,83.3333333333,40.0,0,18.1141116267,2.0,49.5121951219,127.619047619,140.0
11:00:36,3093.0,3084.5634753,5.60438385921,83.3333333333,40.0,0,18.1195727747,2.0,48.1572481572,100.0,144.0
11:00:37,3094.0,3084.56871636,5.60661811315,88.2352941176,30.0,0,18.1209376637,8.0,65.2920962199,69.8095238095,332.0
11:00:37,3094.0,3084.57395451,5.60885113316,88.2352941176,64.0,0,18.1281549229,10.0,63.8686131387,60.380952381,260.0
11:00:38,3093.0,3084.57863434,5.61053764259,83.3333333333,178.0,0,18.1394686149,-130.0,61.1111111111,85.1428571429,-82.0
11:00:38,3094.0,3084.58386698,5.6127684846,88.2352941176,106.0,0,18.1408160459,-22.0,59.8253275109,94.8571428571,-130.0
11:00:39,3094.0,3084.58909671,5.61465122099,88.2352941176,588.0,0,18.1469011667,-402.0,85.0894632207,241.047619048,-534.0
11:00:39,3094.0,3084.59432354,5.61687981105,88.2352941176,38.0,0,18.1541041081,-10.0,83.4661354582,204.0,-546.0
11:00:40,3094.0,3084.59954747,5.61910717393,88.2352941176,396.0,0,18.1613030832,-302.0,60.7299270073,269.333333333,-856.0
11:00:40,3094.0,3084.60476849,5.6213333111,88.2352941176,746.0,0,18.1684980966,-688.0,76.1208576998,417.238095238,-1554.0
11:00:41,3095.0,3084.61054201,5.62415123226,88.8888888889,96.0,0,18.171732576,14.0,74.0101522843,346.952380952,-1410.0
11:00:41,3095.0,3084.61631233,5.62696724859,88.8888888889,1826.0,0,18.1808311748,-64.0,84.0108401084,774.857142857,-1452.0
11:00:42,3095.0,3084.62207945,5.6294358367,88.8888888889,558.0,0,18.1888072268,242.0,83.2786885246,758.571428571,-808.0
11:00:42,3095.0,3084.62784336,5.63190300026,88.8888888889,2238.0,0,18.1967786761,-124.0,89.8293515358,1223.71428571,-922.0
11:00:43,3096.0,3084.63415947,5.63500960569,89.4736842105,1276.0,0,18.2009354189,314.0,97.0919881306,1309.23809524,-306.0
11:00:43,3096.0,3084.64047207,5.63811400669,89.4736842105,3862.0,0,18.2109625539,296.0,89.8944805195,2091.71428571,678.0
11:00:44,3096.0,3084.64678117,5.64156069707,89.4736842105,704.0,0,18.2220952748,6.0,94.0366972477,1823.52380952,670.0
11:00:44,3097.0,3084.65364216,5.64534905672,90.0,1930.0,0,18.2284438383,80.0,77.8387585163,1876.66666667,814.0
11:00:45,3096.0,3084.65994394,5.64878999389,89.4736842105,5502.0,0,18.2454457167,-1228.0,70.3713254255,2945.42857143,-656.0
11:00:45,3096.0,3084.66624222,5.65188461412,89.4736842105,1912.0,0,18.2554412601,244.0,72.0927169762,2753.04761905,-288.0
11:00:46,3095.0,3084.6719816,5.65433898043,88.8888888889,1854.0,0,18.2692697267,-466.0,71.5173813753,2559.61904762,-1068.0
11:00:46,3096.0,3084.6782732,5.65777273173,89.4736842105,710.0,0,18.2744597278,-228.0,70.3774183318,2011.80952381,-1592.0
11:00:47,3096.0,3084.6845613,5.66120373248,89.4736842105,414.0,0,18.2855417716,-232.0,66.9371855218,1529.52380952,-1830.0
11:00:47,3096.0,3084.69084591,5.66463198765,89.4736842105,450.0,0,18.2966149472,292.0,79.7085408596,1071.33333333,-1618.0
11:00:48,3097.0,3084.69768243,5.66840054492,90.0,292.0,0,18.3028755083,44.0,97.0525568182,638.476190476,-346.0
11:00:48,3097.0,3084.70451515,5.67250771264,90.0,382.0,0,18.3161372704,-50.0,90.6874695271,479.428571429,-640.0
11:00:49,3098.0,3084.71189948,5.67734386252,90.4761904762,798.0,0,18.3258355795,-544.0,85.9487852922,512.095238095,-718.0
11:00:49,3098.0,3084.71927971,5.6818338415,90.4761904762,3114.0,0,18.3403287331,-602.0,89.3577981651,1256.76190476,-1092.0
11:00:50,3099.0,3084.72721124,5.68744010957,90.9090909091,1872.0,0,18.3525011603,168.0,103.532136653,1532.0952381,-692.0
11:00:50,3099.0,3084.73513837,5.69269945486,90.9090909091,3412.0,0,18.3694722648,-2528.0,101.519756839,2178.0,-3512.0
11:00:51,3100.0,3084.74361649,5.69877991463,91.3043478261,1114.0,0,18.3831610149,212.0,103.834642724,2026.28571429,-3344.0
11:00:51,3099.0,3084.7515345,5.70402649099,90.9090909091,4034.0,81.5789473684,18.4060228815,-1236.0,99.8326826548,2669.71428571,-4530.0
11:00:52,3101.0,3084.76055892,5.7113045525,95.652173913,3740.0,0,18.4176219042,-1430.0,104.466041884,3055.23809524,-5416.0
11:00:52,3103.0,3084.77068913,5.72046132561,96.0,5226.0,0,18.4352604757,-2172.0,132.261057841,3725.23809524,-6986.0
11:00:53,3103.0,3084.78081371,5.7296008253,96.0,4976.0,0,18.4647142291,440.0,121.873611235,4223.23809524,-6714.0
11:00:53,3103.0,3084.79093267,5.73838676275,96.0,1974.0,0,18.4930285619,98.0,119.473984049,3715.71428571,-4088.0
11:00:54,3101.0,3084.79993521,5.74527693839,95.652173913,1320.0,0,18.5271749061,-396.0,118.758815233,3089.80952381,-4696.0
11:00:54,3101.0,3084.80893275,5.75215723758,95.652173913,884.0,0,18.5493622624,190.0,122.836644592,2329.52380952,-3270.0
11:00:55,3102.0,3084.81848069,5.76027581537,95.8333333333,758.0,0,18.5695545305,24.0,121.654115471,1683.23809524,-1816.0
11:00:55,3102.0,3084.82802333,5.76838070625,95.8333333333,1798.0,0,18.5956824831,110.0,82.6473099914,1476.0952381,466.0
11:00:56,3102.0,3084.83756066,5.77613859627,95.8333333333,1370.0,0,18.6206917997,422.0,62.5616979269,1309.9047619,448.0
11:00:56,3101.0,3084.8465373,5.78330781695,95.652173913,1706.0,0,18.649815598,148.0,43.0066360388,1411.42857143,498.0
11:00:57,3101.0,3084.85550896,5.79013398318,95.652173913,556.0,0,18.6718283882,150.0,37.9242081448,1197.14285714,1044.0
11:00:57,3101.0,3084.86447563,5.79695050074,95.652173913,432.0,0,18.6938100637,252.0,39.7583081571,983.80952381,1106.0
11:00:58,3100.0,3084.87288192,5.80289965166,95.4545454545,1096.0,0,18.7190311344,-632.0,18.0511641276,981.714285714,450.0
11:00:58,3100.0,3084.88128354,5.80884138142,95.4545454545,1114.0,0,18.7381980046,-364.0,-6.72617150143,968.666666667,-24.0
11:00:59,3099.0,3084.88912509,5.81396761639,95.2380952381,616.0,0,18.7607861129,-76.0,-3.94927536232,845.904761905,-522.0
11:00:59,3099.0,3084.89696229,5.81908826144,95.2380952381,450.0,0,18.7773096529,-196.0,19.512195122,711.619047619,-866.0
11:01:00,3099.0,3084.90479513,5.82420333131,95.2380952381,1420.0,0,18.7938152027,232.0,4.5631825273,914.285714286,-784.0
11:01:00,3099.0,3084.91262363,5.82931284067,95.2380952381,1478.0,0,18.8103028095,282.0,-13.6054421769,1092.38095238,-754.0
11:01:01,3099.0,3084.92044778,5.83441680414,95.2380952381,652.0,0,18.8267725206,-24.0,6.91099476439,984.666666667,-146.0
11:01:01,3098.0,3084.92771218,5.83908710283,90.9090909091,142.0,0,18.8479247993,78.0,8.57503152584,752.380952381,296.0
11:01:02,3098.0,3084.93497254,5.84375259952,90.9090909091,482.0,0,18.8629845046,226.0,17.214532872,663.523809524,598.0
11:01:02,3097.0,3084.94167347,5.84770568073,86.9565217391,1184.0,0,18.8818394599,1004.0,20.3807390817,781.619047619,1798.0
11:01:03,3098.0,3084.94892608,5.85236228948,90.9090909091,114.0,0,18.8907756277,60.0,29.6150049358,559.047619048,1626.0
11:01:03,3098.0,3084.95617467,5.8570141289,90.9090909091,404.0,0,18.9057912489,-170.0,57.2196104768,481.523809524,1174.0
11:01:04,3098.0,3084.96341922,5.86166121036,90.9090909091,156.0,0,18.9207915118,84.0,65.3505237712,384.285714286,1282.0
11:01:04,3098.0,3084.97065976,5.86630354516,90.9090909091,174.0,0,18.9357764531,-78.0,57.5974542562,315.80952381,1126.0
11:01:05,3098.0,3084.97789627,5.87094114456,90.9090909091,232.0,0,18.950746109,-64.0,50.0883392226,262.380952381,836.0
11:01:05,3097.0,3084.98457336,5.87454489963,86.9565217391,610.0,0,18.9685014518,-450.0,49.4674556213,328.857142857,-618.0
11:01:06,3098.0,3084.99180215,5.87917410819,90.9090909091,158.0,0,18.9773212014,-8.0,43.8292964245,293.523809524,-686.0
11:01:06,3098.0,3084.99902692,5.88347386649,90.9090909091,136.0,0,18.9912003437,88.0,51.7053206003,249.80952381,-428.0
11:01:07,3097.0,3085.00569227,5.88706774776,86.9565217391,52.0,0,19.0089368671,-10.0,43.6123348018,194.857142857,-522.0
11:01:07,3098.0,3085.01290933,5.89136017328,90.9090909091,108.0,0,19.0166564664,26.0,53.2407407408,160.857142857,-418.0
11:01:08,3098.0,3085.02012237,5.89597241035,90.9090909091,128.0,0,19.0315442555,-24.0,54.0268456376,135.714285714,-378.0
11:01:08,3098.0,3085.02733141,5.90025657922,90.9090909091,328.0,0,19.0453730769,162.0,56.7032967033,172.666666667,234.0
11:01:09,3098.0,3085.03453645,5.90485986809,90.9090909091,438.0,0,19.0602319822,-48.0,72.4369747899,254.476190476,194.0
11:01:09,3098.0,3085.04173749,5.90913581762,90.9090909091,364.0,0,19.0740342725,-272.0,80.5359661495,301.80952381,-166.0
11:01:10,3098.0,3085.04893452,5.91373019854,90.9090909091,222.0,0,19.0888644239,-60.0,79.3450881612,297.714285714,-216.0
11:01:10,3099.0,3085.05668296,5.91906429641,95.2380952381,70.0,0,19.0999170584,-50.0,80.5161290323,242.095238095,-292.0
11:01:11,3099.0,3085.0644271,5.92439228925,95.2380952381,388.0,0,19.1171096781,-218.0,70.8287292818,279.142857143,-486.0
11:01:11,3098.0,3085.07161153,5.9289714512,90.9090909091,432.0,0,19.1380614952,-68.0,70.6374085684,316.380952381,-716.0
11:01:12,3098.0,3085.07879197,5.9332252383,90.9090909091,182.0,0,19.1517922476,-68.0,63.8118214717,277.238095238,-736.0
11:01:12,3098.0,3085.08596843,5.93779560018,90.9090909091,80.0,0,19.1665448682,-36.0,50.9461426492,221.142857143,-500.0
11:01:13,3098.0,3085.0931409,5.94204130422,90.9090909091,142.0,0,19.1802495295,-74.0,53.6321483771,196.285714286,-514.0
11:01:13,3098.0,3085.10030939,5.94660290511,90.9090909091,154.0,0,19.1949738706,-76.0,56.8940493469,178.666666667,-540.0
11:01:14,3099.0,3085.10802929,5.95189937523,95.2380952381,636.0,0,19.2058708462,-222.0,103.19803198,294.761904762,-544.0
11:01:14,3099.0,3085.11574491,5.95687090963,95.2380952381,66.0,0,19.2219132289,-8.0,106.349206349,236.19047619,-484.0
11:01:15,3099.0,3085.12345624,5.96215579926,95.2380952381,390.0,0,19.2389667611,-222.0,90.4632152589,287.619047619,-638.0
11:01:15,3099.0,3085.13116329,5.96743471546,95.2380952381,88.0,0,19.256001018,-60.0,89.972899729,242.857142857,-662.0
11:01:16,3099.0,3085.13886606,5.97270767407,95.2380952381,466.0,0,19.2730160506,-292.0,70.7777777778,305.714285714,-880.0
11:01:16,3100.0,3085.14711996,5.97875660615,95.4545454545,2544.0,0,19.2863116327,-1952.0,88.0190930788,946.857142857,-2756.0
11:01:17,3101.0,3085.15592467,5.9856251414,95.652173913,1330.0,0,19.3022416685,-386.0,77.886977887,1127.33333333,-2920.0
11:01:17,3101.0,3085.16472448,5.99248394982,95.652173913,326.0,0,19.3243597221,274.0,79.7433903577,987.904761905,-2638.0
11:01:18,3101.0,3085.17351942,5.99933306479,95.652173913,202.0,0,19.3464465166,134.0,85.3510895884,800.666666667,-2282.0
11:01:18,3101.0,3085.18230946,6.00617251944,95.652173913,52.0,0,19.3685021588,30.0,85.7317073171,579.523809524,-2192.0
11:01:19,3101.0,3085.19109463,6.01300234677,95.652173913,202.0,0,19.3905267551,18.0,92.7835051546,402.952380952,-1882.0
11:01:19,3102.0,3085.20043032,6.02069039943,95.8333333333,522.0,0,19.4090599595,-176.0,85.0417615793,330.380952381,-106.0
11:01:20,3101.0,3085.20920542,6.02749993599,95.652173913,294.0,0,19.4372780909,-90.0,84.4806007509,288.952380952,190.0
11:01:20,3101.0,3085.21797565,6.03429994687,95.652173913,174.0,0,19.4592065362,66.0,79.3914246196,262.571428571,-18.0
11:01:21,3101.0,3085.226741,6.04109046422,95.652173913,1614.0,0,19.481104367,-956.0,80.3358992303,654.857142857,-1108.0
11:01:21,3102.0,3085.23605689,6.04873469066,95.8333333333,576.0,0,19.4994670879,-72.0,68.775872265,683.333333333,-1210.0
11:01:22,3102.0,3085.24536761,6.0563671156,95.8333333333,406.0,0,19.5240719394,148.0,60.3457891802,638.285714286,-1080.0
11:01:22,3102.0,3085.25467315,6.06398778359,95.8333333333,266.0,0,19.5486388897,114.0,51.8318318319,543.523809524,-790.0
11:01:23,3101.0,3085.26341813,6.07073731463,95.652173913,438.0,0,19.5767085283,-218.0,55.843408175,510.095238095,-918.0
11:01:23,3102.0,3085.27271365,6.07833584047,95.8333333333,264.0,0,19.5948931027,-20.0,53.4792368126,420.095238095,-1004.0
11:01:24,3102.0,3085.282004,6.0856134172,95.8333333333,584.0,0,19.6183540206,116.0,37.1744277822,417.238095238,68.0
11:01:24,3101.0,3085.2907338,6.09233336652,95.652173913,376.0,0,19.6463507466,208.0,52.6992287918,404.0,348.0
11:01:25,3102.0,3085.30001414,6.09959059924,95.8333333333,722.0,0,19.6634126346,-378.0,80.4528301887,499.142857143,-178.0
11:01:25,3101.0,3085.30873394,6.10598368229,95.652173913,514.0,0,19.6903698236,-76.0,87.0945479641,519.80952381,-368.0
11:01:26,3102.0,3085.31800429,6.11352855594,95.8333333333,986.0,0,19.7083447967,98.0,81.7179338363,663.523809524,-52.0
11:01:26,3102.0,3085.32726949,6.12106199936,95.8333333333,604.0,0,19.7326305589,306.0,72.0549392499,672.0,274.0
11:01:27,3101.0,3085.33597414,6.127733857,95.652173913,352.0,0,19.7605090519,-74.0,64.3781654474,592.285714286,84.0
11:01:27,3102.0,3085.34522936,6.13524577043,95.8333333333,98.0,0,19.7783551593,-50.0,62.0268620269,451.047619048,-174.0
11:01:28,3101.0,3085.35392404,6.14189845158,95.652173913,644.0,0,19.8061865578,-76.0,47.9049405879,479.047619048,128.0
11:01:28,3102.0,3085.3631693,6.1490842375,95.8333333333,128.0,0,19.8229665941,-68.0,42.2475106686,363.333333333,136.0
11:01:29,3102.0,3085.37240941,6.15656407202,95.8333333333,674.0,0,19.8470795358,142.0,35.92,422.0,180.0
11:01:29,3101.0,3085.381089,6.16288441943,95.652173913,162.0,0,19.8738613977,46.0,48.5908649174,349.238095238,-80.0
11:01:30,3102.0,3085.39031916,6.17004036218,95.8333333333,162.0,0,19.8905234113,32.0,65.6316916488,297.523809524,26.0
11:01:30,3102.0,3085.3995442,6.17718621643,95.8333333333,460.0,0,19.9135596919,246.0,70.9417040359,340.0,322.0
11:01:31,3102.0,3085.40876411,6.18432201714,95.8333333333,388.0,0,19.9365635627,-86.0,74.569402229,344.666666667,312.0
11:01:31,3102.0,3085.41797891,6.19174956328,95.8333333333,142.0,0,19.9605079409,74.0,70.4225352113,291.238095238,454.0
11:01:32,3102.0,3085.42718858,6.19916610656,95.8333333333,286.0,0,19.984416849,164.0,74.125,278.285714286,476.0
11:01:32,3102.0,3085.43639314,6.20627096617,95.8333333333,260.0,0,20.0073209741,116.0,79.1519434629,276.380952381,546.0
11:01:33,3103.0,3085.44614799,6.21424727025,96.0,320.0,0,20.0265783766,178.0,75.0,286.952380952,692.0
11:01:33,3102.0,3085.45534202,6.22163086848,95.8333333333,734.0,0,20.0568371002,172.0,56.5258215962,408.285714286,618.0
11:01:34,3102.0,3085.46453095,6.22900362105,95.8333333333,200.0,0,20.080604839,26.0,52.4201853759,364.0,730.0
11:01:34,3103.0,3085.47427017,6.23694458053,96.0,388.0,0,20.0997247197,-30.0,60.0548446069,382.380952381,626.0
11:01:35,3103.0,3085.48400398,6.24487335419,96.0,1232.0,0,20.1252766812,-10.0,70.5169112955,630.19047619,452.0
11:01:35,3103.0,3085.49373239,6.25308750899,96.0,1024.0,0,20.1517483371,528.0,72.6013340175,773.523809524,864.0
11:01:36,3102.0,3085.50289999,6.26041472392,95.8333333333,424.0,0,20.1818656477,30.0,73.4132933533,709.047619048,716.0
11:01:36,3103.0,3085.5126179,6.26830740932,96.0,244.0,0,20.200797323,164.0,85.4214123007,588.19047619,708.0
11:01:37,3102.0,3085.52177502,6.27561269819,95.8333333333,124.0,0,20.230859762,26.0,87.0779976717,456.380952381,708.0
11:01:37,3103.0,3085.53148244,6.28377755945,96.0,136.0,0,20.2506527859,12.0,86.6834170854,331.619047619,750.0
11:01:38,3103.0,3085.54118448,6.29192942179,96.0,158.0,0,20.2769236925,90.0,83.6018957346,225.142857143,850.0
11:01:38,3102.0,3085.55032573,6.29920078705,95.8333333333,512.0,0,20.3069013122,352.0,81.6020025031,270.952380952,674.0
11:01:39,3103.0,3085.5600173,6.30732809154,96.0,620.0,0,20.3265487965,198.0,89.4091415831,372.0,842.0
11:01:39,3103.0,3085.56970349,6.31544254239,96.0,154.0,0,20.3526991376,-22.0,84.0375586854,330.571428571,656.0
11:01:40,3103.0,3085.5793843,6.32325147231,96.0,140.0,0,20.3778648802,-58.0,81.511627907,289.428571429,572.0
11:01:40,3102.0,3085.58850433,6.33047830385,95.8333333333,386.0,0,20.407731476,132.0,75.6345177665,317.80952381,692.0
11:01:41,3102.0,3085.59761929,6.33769483714,95.8333333333,114.0,0,20.4309956065,52.0,73.9356178609,256.571428571,654.0
11:01:41,3102.0,3085.6067292,6.34490110732,95.8333333333,222.0,85.0,20.4542266516,-88.0,64.3031784841,228.285714286,214.0
11:01:42,3102.0,3085.61583404,6.35209714932,95.652173913,430.0,0,20.4774247238,-8.0,46.3347164592,273.238095238,8.0
11:01:42,3103.0,3085.62548923,6.36014106505,95.8333333333,86.0,0,20.4967485177,60.0,43.8316400581,228.952380952,90.0
11:01:43,3102.0,3085.63458365,6.3673156301,95.652173913,54.0,0,20.5264849455,30.0,41.7956656347,178.761904762,178.0
11:01:43,3102.0,3085.64367303,6.37448007442,95.652173913,194.0,0,20.5495811554,12.0,42.7272727273,172.666666667,58.0
11:01:44,3102.0,3085.65275735,6.38134563749,95.652173913,1188.0,0,20.5717138539,-414.0,19.1352345906,459.714285714,-408.0
11:01:44,3102.0,3085.66183663,6.38849042236,95.652173913,104.0,0,20.5947466872,2.0,22.1789883269,385.904761905,-318.0
11:01:45,3102.0,3085.67091087,6.39562518662,95.652173913,36.0,0,20.6177472167,-18.0,18.1708784597,298.285714286,-328.0
11:01:45,3101.0,3085.67942466,6.40194192544,91.6666666667,30.0,0,20.644765964,-2.0,15.3175591532,227.714285714,-390.0
11:01:46,3102.0,3085.68848913,6.40905780233,95.652173913,650.0,0,20.6610502976,20.0,20.5267938238,336.952380952,-400.0
11:01:46,3101.0,3085.69699316,6.4153577068,91.6666666667,78.0,0,20.6880287223,-2.0,19.07957814,254.380952381,-414.0
11:01:47,3102.0,3085.70604788,6.42245481485,95.652173913,698.0,0,20.7042386036,68.0,25.313283208,354.476190476,68.0
11:01:47,3101.0,3085.71454216,6.42873799008,91.6666666667,492.0,0,20.7311770077,140.0,15.8266129032,419.047619048,206.0
11:01:48,3101.0,3085.72303172,6.43501330373,91.6666666667,28.0,0,20.751413427,-12.0,15.3846153846,332.571428571,212.0
11:01:48,3100.0,3085.73096116,6.44076326256,88.0,58.0,0,20.7766556857,-42.0,16.5668662675,255.047619048,172.0
11:01:49,3101.0,3085.73944161,6.44702342434,91.6666666667,250.0,0,20.7901432581,-54.0,21.6957605985,231.047619048,98.0
11:01:49,3101.0,3085.74791734,6.45327579152,91.6666666667,512.0,0,20.8103056805,-24.0,37.3895976447,300.952380952,76.0
11:01:50,3102.0,3085.75694377,6.46031990952,95.652173913,166.0,0,20.8263053176,-78.0,53.1208499336,251.333333333,-70.0
11:01:50,3102.0,3085.76596518,6.46735433891,95.652173913,154.0,0,20.8489823949,-50.0,71.404109589,223.619047619,-260.0
11:01:51,3101.0,3085.77442619,6.47358163478,91.6666666667,230.0,0,20.8757872776,-216.0,59.5620437956,233.714285714,-464.0
11:01:51,3102.0,3085.78343789,6.48059779955,95.652173913,174.0,0,20.8916756916,10.0,52.8936742934,218.19047619,-412.0
11:01:52,3101.0,3085.79188919,6.4868088133,91.6666666667,112.0,0,20.9184418358,56.0,44.6587537092,179.428571429,-302.0
11:01:52,3102.0,3085.80089119,6.49380682522,95.652173913,44.0,0,20.9342579794,20.0,22.0454545455,127.80952381,-258.0
11:01:53,3102.0,3085.8098882,6.50079529797,95.652173913,314.0,0,20.9567869051,-44.0,39.1050583658,175.619047619,-224.0
11:01:53,3101.0,3085.81832481,6.50721934674,91.6666666667,120.0,0,20.9842610343,84.0,43.2595573441,160.952380952,-90.0
11:01:54,3101.0,3085.82675673,6.51363505784,91.6666666667,524.0,0,21.0049502026,274.0,71.5838509317,263.333333333,400.0
11:01:54,3101.0,3085.83518397,6.52004245589,91.6666666667,66.0,0,21.0256125633,-10.0,77.9661016949,220.857142857,380.0
11:01:55,3101.0,3085.84360653,6.52644156537,91.6666666667,184.0,0,21.0462481953,14.0,70.7667731629,217.238095238,338.0
11:01:55,3101.0,3085.85202441,6.53283241064,91.6666666667,230.0,0,21.0668571772,-10.0,74.1307371349,223.333333333,308.0
11:01:56,3101.0,3085.86043761,6.53921501594,91.6666666667,86.0,0,21.087439587,-10.0,69.2561983471,179.428571429,342.0
11:01:56,3102.0,3085.86940154,6.5463764362,95.652173913,208.0,0,21.1037280342,-160.0,75.8089368259,181.238095238,98.0
11:01:57,3102.0,3085.8783605,6.55329277685,95.652173913,406.0,0,21.1260244257,-150.0,42.2033898305,235.428571429,-326.0
11:01:57,3102.0,3085.88731448,6.56019983793,95.652173913,284.0,0,21.1482909024,-254.0,35.1931330472,260.380952381,-570.0
11:01:58,3101.0,3085.89570808,6.56654774639,91.6666666667,1028.0,0,21.1755812525,526.0,-8.38537020517,487.523809524,-58.0
11:01:58,3102.0,3085.90465243,6.57367068076,95.652173913,72.0,0,21.1917172172,6.0,-18.4261036468,401.333333333,-42.0
11:01:59,3102.0,3085.9135918,6.58078360728,95.652173913,10.0,0,21.2146473478,-6.0,-21.2151394422,304.952380952,-38.0
11:01:59,3101.0,3085.92197082,6.58710543598,91.6666666667,222.0,0,21.2418749951,80.0,-26.706231454,272.761904762,202.0
11:02:00,3102.0,3085.93090057,6.5939668869,95.652173913,70.0,0,21.2571466373,22.0,-29.8932384342,196.476190476,374.0
11:02:00,3102.0,3085.93982537,6.6010513975,95.652173913,134.0,0,21.2799851628,8.0,-19.921875,154.476190476,636.0
11:02:01,3102.0,3085.94874521,6.60812602426,95.652173913,130.0,0,21.3027918255,-32.0,58.934169279,118.476190476,78.0
11:02:01,3101.0,3085.9571047,6.61441353092,91.6666666667,80.0,0,21.3299372168,-40.0,59.7523219814,110.952380952,32.0
11:02:02,3101.0,3085.96545954,6.6206930969,91.6666666667,274.0,0,21.3501873489,22.0,43.7362637363,158.476190476,60.0
11:02:02,3101.0,3085.97380975,6.62696474477,91.6666666667,160.0,0,21.370411947,52.0,47.1698113208,160.857142857,32.0
11:02:03,3101.0,3085.98215531,6.63322849698,91.6666666667,116.0,0,21.3906110835,-4.0,48.0984340045,153.619047619,6.0
11:02:03,3100.0,3085.98994084,6.63852244456,88.0,140.0,0,21.4145885308,8.0,27.1111111111,151.047619048,6.0
11:02:04,3100.0,3085.99772204,6.6440404002,88.0,144.0,0,21.4323883877,88.0,36.9803063457,149.333333333,126.0
11:02:04,3100.0,3086.00549893,6.64932280387,88.0,118.0,0,21.4494283996,70.0,41.3865546219,139.523809524,236.0
11:02:05,3101.0,3086.01382689,6.65532947469,91.6666666667,182.0,0,21.4618815695,78.0,58.6046511628,146.19047619,292.0
11:02:05,3100.0,3086.02159483,6.66082864173,88.0,68.0,0,21.4865440056,-16.0,59.375,124.666666667,224.0
11:02:06,3100.0,3086.02935845,6.66632160565,88.0,258.0,0,21.504263244,-244.0,42.6373626374,161.80952381,-16.0
11:02:06,3100.0,3086.03711777,6.67158038822,88.0,258.0,0,21.5212270588,-114.0,50.1945525292,192.19047619,-138.0
11:02:07,3100.0,3086.04487277,6.67706131764,88.0,208.0,0,21.5389074763,-166.0,53.2967032967,202.666666667,-392.0
11:02:07,3101.0,3086.05317887,6.68303488296,91.6666666667,880.0,0,21.5512250337,-40.0,48.5436893204,402.095238095,-502.0
11:02:08,3100.0,3086.06092495,6.68850310349,88.0,68.0,0,21.5758164629,38.0,45.5172413793,333.238095238,-542.0
11:02:08,3100.0,3086.06866673,6.69396519723,88.0,688.0,0,21.5934361201,-174.0,31.8644067797,446.952380952,-700.0
11:02:09,3100.0,3086.07640421,6.69942117916,88.0,798.0,0,21.6110360618,176.0,25.3103448276,562.571428571,-280.0
11:02:09,3099.0,3086.08358199,6.7039631728,84.6153846154,1280.0,0,21.6326659335,-100.0,20.8567057624,790.19047619,-266.0
11:02:10,3100.0,3086.09131119,6.70940798846,88.0,168.0,0,21.6432515757,-72.0,17.2591447707,651.428571429,-172.0
11:02:10,3100.0,3086.09903609,6.71462127091,88.0,110.0,0,21.6600686158,-6.0,10.9254498714,498.0,-138.0
11:02:11,3099.0,3086.1062013,6.71937439677,84.6153846154,454.0,0,21.6823956011,-422.0,9.66266437963,479.523809524,-598.0
11:02:11,3099.0,3086.11336253,6.72412277426,84.6153846154,64.0,0,21.6977178905,-18.0,12.456506611,331.238095238,-442.0
11:02:12,3099.0,3086.12051979,6.72886641344,84.6153846154,64.0,0,21.7130248901,-6.0,18.5046728972,212.666666667,-624.0
11:02:12,3100.0,3086.12822847,6.73428339465,88.0,194.0,0,21.7234948215,-24.0,18.5958254269,166.19047619,-548.0
11:02:13,3100.0,3086.13593287,6.7394703823,88.0,70.0,0,21.7402270397,-44.0,17.9916317992,136.0,-520.0
11:02:13,3100.0,3086.14363299,6.74487568981,88.0,140.0,0,21.7576635155,86.0,22.3123732252,130.476190476,-428.0
11:02:14,3099.0,3086.15077343,6.74959895928,84.6153846154,34.0,0,21.7799256511,-20.0,36.0424028269,93.2380952381,-26.0
11:02:14,3099.0,3086.15790991,6.7543175435,84.6153846154,114.0,0,21.7951518022,-42.0,31.4935064935,98.8571428571,-50.0
11:02:15,3099.0,3086.16504242,6.75903145227,84.6153846154,106.0,0,21.8103628663,-92.0,25.8358662614,99.8095238095,-136.0
11:02:15,3099.0,3086.17217098,6.76374069539,84.6153846154,110.0,0,21.8255588751,38.0,37.9790940767,99.9047619048,-74.0
11:02:16,3100.0,3086.17985097,6.76911896245,88.0,136.0,0,21.8358676208,64.0,42.1875,111.428571429,34.0
11:02:16,3099.0,3086.1869713,6.77381831069,84.6153846154,106.0,0,21.8580778015,54.0,29.0429042904,111.238095238,2.0
11:02:17,3099.0,3086.19408767,6.77851302365,84.6153846154,60.0,0,21.8732269237,56.0,31.3291139241,99.5238095238,78.0
11:02:17,3099.0,3086.20120009,6.78320311095,84.6153846154,22.0,0,21.8883611196,2.0,34.4444444444,75.7142857143,122.0
11:02:18,3100.0,3086.20886396,6.78855982108,88.0,42.0,0,21.898580068,36.0,45.7983193277,62.0,250.0
11:02:18,3099.0,3086.21596817,6.79324009836,84.6153846154,360.0,0,21.920748946,-246.0,21.2121212121,142.19047619,-34.0
11:02:19,3099.0,3086.22306844,6.7979157799,84.6153846154,248.0,0,21.9358366567,178.0,12.4105011933,178.476190476,80.0
11:02:19,3099.0,3086.23016477,6.80258687519,84.6153846154,170.0,0,21.9509095682,94.0,10.199556541,187.142857143,120.0
11:02:20,3100.0,3086.23781255,6.80792221321,88.0,92.0,0,21.9610393974,14.0,8.13704496788,170.476190476,78.0
11:02:20,3099.0,3086.24490068,6.812583582,84.6153846154,42.0,0,21.9831674153,-2.0,7.96645702306,138.0,74.0
11:02:21,3099.0,3086.25198488,6.81702097694,84.6153846154,64.0,0,21.9974862115,20.0,5.12295081967,110.857142857,58.0
11:02:21,3099.0,3086.25906515,6.82167351553,84.6153846154,56.0,0,22.0124992434,-12.0,6.84523809524,80.380952381,292.0
11:02:22,3099.0,3086.26614148,6.82632151544,84.6153846154,254.0,0,22.0274976297,-110.0,5.30973451328,120.952380952,4.0
11:02:22,3099.0,3086.27321388,6.83096498592,84.6153846154,200.0,0,22.0424814002,114.0,22.0338983051,145.80952381,24.0
11:02:23,3100.0,3086.28083775,6.83605092754,88.0,166.0,0,22.0517771856,58.0,19.4373401535,159.523809524,68.0
11:02:23,3099.0,3086.28790199,6.8404670081,84.6153846154,104.0,0,22.0731429755,-2.0,18.7203791469,152.0,68.0
11:02:24,3099.0,3086.29496231,6.84509691492,84.6153846154,200.0,0,22.0880829781,24.0,26.1224489796,168.952380952,72.0
11:02:24,3099.0,3086.3020187,6.84950479759,84.6153846154,52.0,0,22.1023065427,14.0,26.0245901639,137.142857143,98.0
11:02:25,3100.0,3086.30962658,6.85457178247,88.0,68.0,0,22.1115218789,50.0,33.164556962,110.095238095,258.0
11:02:25,3099.0,3086.31667483,6.85897121375,84.6153846154,40.0,0,22.1328532228,2.0,22.8571428571,83.9047619048,146.0
11:02:26,3099.0,3086.32371916,6.86358344457,84.6153846154,114.0,0,22.1477361877,66.0,42.9065743945,86.4761904762,154.0
11:02:26,3099.0,3086.33075959,6.86797474394,84.6153846154,102.0,0,22.1619062405,-52.0,51.7361111111,88.0952380952,104.0
11:02:27,3099.0,3086.3377961,6.87236211458,84.6153846154,66.0,0,22.1760636159,-14.0,44.7963800905,79.5238095238,66.0
11:02:27,3099.0,3086.3448287,6.87696153835,84.6153846154,34.0,0,22.1909052544,-16.0,48.5849056604,68.1904761905,36.0
11:02:28,3099.0,3086.3518574,6.88155653128,84.6153846154,106.0,0,22.2057325953,-54.0,44.1558441558,78.2857142857,-68.0
11:02:28,3099.0,3086.3588822,6.88614710223,84.6153846154,26.0,0,22.2205456671,-4.0,45.5357142857,63.7142857143,-74.0
11:02:29,3099.0,3086.36590309,6.89073326005,84.6153846154,188.0,0,22.2353444984,-92.0,20.30651341,96.0952380952,-232.0
11:02:29,3099.0,3086.37292008,6.89548961883,84.6153846154,74.0,0,22.2506925422,2.0,9.31174089069,92.380952381,-178.0
11:02:30,3100.0,3086.38048858,6.90089846986,88.0,86.0,0,22.260962806,18.0,15.5642023346,93.4285714286,-146.0
11:02:30,3100.0,3086.38805287,6.90630119667,88.0,46.0,0,22.278390957,-14.0,16.7300380228,82.0952380952,-144.0
11:02:31,3100.0,3086.39561297,6.91169781361,88.0,222.0,0,22.2957993987,-38.0,14.953271028,120.476190476,-128.0
11:02:31,3100.0,3086.40316886,6.91722164217,88.0,76.0,80.0,22.3136182006,-58.0,22.8323699422,111.619047619,-182.0
11:02:32,3099.0,3086.41016516,6.92208417354,84.0,124.0,0,22.3365091111,-76.0,27.3885350318,114.095238095,-166.0
11:02:32,3099.0,3086.41715757,6.92694140902,84.0,26.0,0,22.3521826687,-18.0,30.6896551724,91.619047619,-186.0
11:02:33,3099.0,3086.42414609,6.93179335974,84.0,10.0,0,22.3678391731,-6.0,26.9841269841,66.8571428571,-210.0
11:02:33,3099.0,3086.43113074,6.93664003679,84.0,124.0,0,22.3834786602,94.0,20.2749140893,78.2857142857,-102.0
11:02:34,3099.0,3086.43811151,6.94134933248,84.0,42.0,0,22.3986748386,-26.0,25.3731343284,62.5714285714,-90.0
11:02:34,3099.0,3086.44508839,6.94605383573,84.0,140.0,0,22.4138555525,-8.0,29.1845493562,83.4285714286,-40.0
11:02:35,3100.0,3086.45261681,6.95153637872,87.5,26.0,0,22.4243108991,-10.0,31.5217391304,68.6666666667,26.0
11:02:35,3099.0,3086.45958564,6.95636194629,84.0,310.0,0,22.447118252,-264.0,16.5644171779,139.714285714,-220.0
11:02:36,3100.0,3086.46710601,6.96183218199,87.5,16.0,0,22.4575231677,-6.0,17.0212765957,113.238095238,-220.0
11:02:36,3099.0,3086.47406679,6.96651580888,84.0,72.0,0,22.4798832168,-40.0,23.7623762376,102.476190476,-354.0
11:02:37,3099.0,3086.48102371,6.9711946952,84.0,654.0,0,22.4949812688,-238.0,11.986863711,260.476190476,-566.0
11:02:37,3098.0,3086.48742136,6.97539099639,80.7692307692,34.0,0,22.5157875932,-6.0,6.47482014388,212.19047619,-564.0
11:02:38,3099.0,3086.49437087,6.98006074981,84.0,292.0,0,22.5235906738,-202.0,25.3991291727,242.666666667,-756.0
11:02:38,3099.0,3086.50131651,6.98472579041,84.0,104.0,0,22.5386440478,44.0,37.2013651877,206.761904762,-448.0
11:02:39,3099.0,3086.50825829,6.98938612765,84.0,594.0,0,22.5536822447,-352.0,58.6285714286,320.666666667,-794.0
11:02:39,3099.0,3086.51519622,6.99387242829,84.0,184.0,0,22.5681588522,-126.0,54.3501611171,289.904761905,-880.0
11:02:40,3099.0,3086.5221303,6.99852363179,84.0,110.0,0,22.583167576,-64.0,76.7830045523,232.666666667,-706.0
11:02:40,3099.0,3086.52906052,7.00329934921,84.0,50.0,0,22.5985780872,-6.0,73.6131934033,184.19047619,-706.0
11:02:41,3099.0,3086.5359869,7.00794099289,84.0,164.0,0,22.6135559629,-112.0,58.7064676617,167.523809524,-616.0
11:02:41,3099.0,3086.54290943,7.0125779798,84.0,42.0,0,22.6285188119,-14.0,54.5454545455,122.095238095,-674.0
11:02:42,3099.0,3086.54982811,7.01721031918,84.0,56.0,0,22.643466664,-26.0,6.60066006601,83.619047619,-348.0
11:02:42,3100.0,3086.55729835,7.02248056838,87.5,110.0,0,22.6531631238,-10.0,18.7969924812,86.1904761905,-232.0
11:02:43,3099.0,3086.56420905,7.02710308575,84.0,146.0,0,22.6753891118,64.0,21.1267605634,102.571428571,-104.0
11:02:43,3100.0,3086.5716713,7.03236235508,87.5,88.0,0,22.6850398551,-20.0,20.4620462046,100.666666667,-118.0
11:02:44,3099.0,3086.57857401,7.03697509171,84.0,114.0,0,22.7072445683,-4.0,21.582733813,104.380952381,-10.0
11:02:44,3099.0,3086.58547289,7.04158322874,84.0,348.0,0,22.7221143231,-298.0,14.849187935,177.333333333,-294.0
11:02:45,3099.0,3086.59236793,7.04602015325,84.0,56.0,0,22.7364316013,-8.0,16.4733178654,152.285714286,-276.0
11:02:45,3100.0,3086.59981455,7.05125848478,87.5,84.0,0,22.7459951122,-66.0,7.8947368421,135.238095238,-332.0
11:02:46,3099.0,3086.60670163,7.05585256921,84.0,150.0,0,22.7681593069,40.0,5.47619047619,138.285714286,-356.0
11:02:46,3099.0,3086.61358488,7.06044209065,84.0,182.0,0,22.7829689921,106.0,3.426124197,150.285714286,-230.0
11:02:47,3099.0,3086.62046431,7.065027058,84.0,620.0,0,22.7977639819,-62.0,44.3055555556,282.952380952,-288.0
11:02:47,3099.0,3086.62733992,7.06960748011,84.0,130.0,0,22.812544305,-22.0,53.5188216039,251.523809524,-12.0
11:02:48,3099.0,3086.63421171,7.07401818865,84.0,198.0,0,22.8267769882,-42.0,46.3343108504,249.904761905,-46.0
11:02:48,3099.0,3086.64107969,7.07858978422,84.0,218.0,0,22.8415288294,38.0,41.9225634179,247.238095238,58.0
11:02:49,3098.0,3086.64738845,7.08256073673,80.7692307692,28.0,0,22.861719615,-10.0,46.2209302326,183.904761905,8.0
11:02:49,3099.0,3086.6542491,7.08712381696,84.0,254.0,0,22.8690668505,-198.0,62.0165745856,190.952380952,-296.0
11:02:50,3099.0,3086.66110595,7.09180748,84.0,38.0,0,22.8841803162,0.0,37.4133949192,132.857142857,-234.0
11:02:50,3098.0,3086.66740358,7.09576672942,80.7692307692,232.0,0,22.904347093,-110.0,41.3223140496,157.904761905,-322.0
11:02:51,3098.0,3086.67369772,7.09984714994,80.7692307692,160.0,0,22.9175182374,-114.0,44.3010752688,157.523809524,-394.0
11:02:51,3099.0,3086.68054377,7.10451734227,84.0,196.0,0,22.9251931019,-136.0,50.4405286344,169.238095238,-568.0
11:02:52,3098.0,3086.68683061,7.10858948347,80.7692307692,160.0,0,22.9457375193,-108.0,44.4230769231,171.714285714,-666.0
11:02:52,3098.0,3086.69311396,7.11265773112,80.7692307692,474.0,0,22.9588693709,-6.0,33.9682539683,257.619047619,-474.0
11:02:53,3099.0,3086.69994922,7.11731430287,84.0,70.0,0,22.9664869405,-54.0,31.2693498452,217.619047619,-528.0
11:02:53,3098.0,3086.70622528,7.12137431575,80.7692307692,72.0,0,22.9870055383,-2.0,27.2084805654,176.666666667,-420.0
11:02:54,3099.0,3086.71305326,7.12602167247,84.0,18.0,0,22.9945842932,0.0,30.7070707071,127.904761905,-306.0
11:02:54,3099.0,3086.71987744,7.13066417157,84.0,50.0,0,23.0095649293,-18.0,35.0710900474,95.0476190476,-188.0
11:02:55,3098.0,3086.72614244,7.13471165617,80.7692307692,38.0,0,23.0300569922,-28.0,39.3351800554,65.7142857143,-108.0
11:02:55,3098.0,3086.73240395,7.13863248567,80.7692307692,40.0,0,23.0427129944,2.0,25.0,42.7619047619,-100.0
11:02:56,3098.0,3086.73866199,7.14267247336,80.7692307692,58.0,0,23.0557536261,-4.0,38.4057971014,45.619047619,-50.0
11:02:56,3099.0,3086.74547195,7.14729742047,84.0,32.0,0,23.0632378847,-6.0,53.3898305085,41.619047619,-54.0
11:02:57,3098.0,3086.75172273,7.1513292762,80.7692307692,76.0,0,23.0836968244,10.0,49.6598639456,52.0952380952,-44.0
11:02:57,3099.0,3086.75852544,7.15594512397,84.0,16.0,0,23.091142704,-2.0,43.0769230769,42.6666666667,-28.0
11:02:58,3098.0,3086.76476897,7.1599688771,80.7692307692,234.0,0,23.1115844968,104.0,24.5614035088,97.1428571429,104.0
11:02:58,3099.0,3086.77156443,7.16457565856,84.0,180.0,0,23.1189921219,-58.0,38.5906040268,126.857142857,44.0
11:02:59,3099.0,3086.77835612,7.16917766088,84.0,38.0,0,23.1338420809,-22.0,38.5416666667,109.333333333,26.0
11:02:59,3098.0,3086.78458864,7.17306793684,80.7692307692,26.0,0,23.1538668071,-4.0,34.7368421053,89.3333333333,28.0
11:03:00,3098.0,3086.79081769,7.17707576869,80.7692307692,158.0,0,23.1668036433,-118.0,35.5828220859,107.333333333,-100.0
11:03:00,3099.0,3086.79759869,7.18166473273,84.0,204.0,0,23.1741359559,-18.0,47.8571428571,134.571428571,-116.0
11:03:01,3098.0,3086.80382051,7.18566454825,80.7692307692,38.0,0,23.19452727,-4.0,62.7329192547,105.428571429,-224.0
11:03:01,3099.0,3086.81059429,7.19024454309,84.0,46.0,0,23.2018216944,-28.0,57.6470588235,87.9047619048,-194.0
11:03:02,3098.0,3086.8168089,7.19423637087,80.7692307692,12.0,0,23.2221961616,-10.0,54.958677686,67.0476190476,-182.0
11:03:02,3098.0,3086.82302006,7.19822444135,80.7692307692,406.0,0,23.2350692103,-380.0,30.787037037,160.0,-558.0
11:03:03,3099.0,3086.82978317,7.20279129707,84.0,32.0,0,23.2423081545,-12.0,29.810298103,128.0,-452.0
11:03:03,3098.0,3086.83598712,7.20665188588,80.7692307692,412.0,0,23.2622720655,-2.0,5.70824524311,210.571428571,-436.0
11:03:04,3098.0,3086.84218763,7.21062846677,80.7692307692,106.0,0,23.275108027,-88.0,4.93096646941,195.80952381,-520.0
11:03:04,3099.0,3086.84894009,7.21518246649,84.0,134.0,0,23.2822925669,-66.0,3.81125226859,185.80952381,-558.0
11:03:05,3099.0,3086.85568881,7.21973178749,84.0,332.0,0,23.2969725314,-304.0,4.36005625878,228.19047619,-852.0
11:03:05,3098.0,3086.86187837,7.22369629722,80.7692307692,258.0,0,23.3172895327,-168.0,4.86656200941,234.19047619,-640.0
11:03:06,3098.0,3086.8680645,7.22753855612,80.7692307692,466.0,0,23.3296919178,-166.0,2.92740046838,306.666666667,-794.0
11:03:06,3098.0,3086.87424719,7.23149584103,80.7692307692,294.0,0,23.342465594,64.0,3.01886792453,309.333333333,-728.0
11:03:07,3098.0,3086.88042645,7.23544942592,80.7692307692,76.0,0,23.3552273271,18.0,3.07692307692,255.333333333,-622.0
11:03:07,3098.0,3086.88660227,7.23939931687,80.7692307692,54.0,0,23.3679771365,-2.0,3.1081081081,196.476190476,-558.0
11:03:08,3098.0,3086.89277467,7.24322773845,80.7692307692,22.0,0,23.3803348562,4.0,1.53846153845,132.285714286,-250.0
11:03:08,3098.0,3086.89894363,7.24705284926,80.7692307692,52.0,0,23.3926818892,24.0,2.07468879668,91.4285714286,-58.0
11:03:09,3098.0,3086.90510917,7.25087465456,80.7692307692,150.0,0,23.4050182523,24.0,16.975308642,88.380952381,132.0
11:03:09,3099.0,3086.91182669,7.25526985464,84.0,44.0,0,23.4116484499,0.0,29.1457286432,70.0952380952,68.0
11:03:10,3098.0,3086.91798508,7.25908464454,80.7692307692,78.0,0,23.4315191883,68.0,29.0,73.4285714286,118.0
11:03:10,3099.0,3086.92469544,7.26347194469,84.0,458.0,0,23.4381153427,-100.0,14.4278606965,185.238095238,20.0
11:03:11,3099.0,3086.93140208,7.26785506762,84.0,150.0,0,23.4522590114,-58.0,16.5236051502,189.80952381,-42.0
11:03:11,3098.0,3086.9375496,7.27165916991,80.7692307692,222.0,0,23.4721083599,-120.0,13.611615245,208.857142857,-186.0
11:03:12,3098.0,3086.9436937,7.27545999988,80.7692307692,44.0,0,23.484377017,28.0,5.62248995984,168.952380952,-182.0
11:03:12,3098.0,3086.94983438,7.27925756266,80.7692307692,46.0,0,23.496635128,4.0,4.60921843687,134.666666667,-178.0
11:03:13,3099.0,3086.95652706,7.28362546558,84.0,88.0,0,23.5031476785,16.0,7.73809523809,112.285714286,-230.0
11:03:13,3098.0,3086.96266062,7.28741609443,80.7692307692,46.0,0,23.5229699626,0.0,14.7651006711,77.4285714286,-130.0
11:03:14,3098.0,3086.96879077,7.29120347206,80.7692307692,62.0,0,23.5351951971,-16.0,9.84251968504,66.7619047619,-88.0
11:03:14,3098.0,3086.97491752,7.29498760354,80.7692307692,178.0,0,23.5474099533,-102.0,11.2068965517,93.4285714286,-70.0
11:03:15,3098.0,3086.98104086,7.29876849392,80.7692307692,16.0,0,23.5596142476,-14.0,11.4678899083,75.9047619048,-112.0
11:03:15,3098.0,3086.98716081,7.30254614822,80.7692307692,20.0,0,23.5718080963,-8.0,12.1951219512,60.8571428571,-124.0
11:03:16,3098.0,3086.99327735,7.30632057148,80.7692307692,28.0,0,23.5839915154,16.0,5.71428571429,49.3333333333,-124.0
11:03:16,3099.0,3086.9999459,7.31066242608,84.0,42.0,0,23.5903918234,24.0,5.78034682081,44.6666666667,-100.0
11:03:17,3098.0,3087.00605535,7.31442999222,80.7692307692,82.0,0,23.6101678251,38.0,8.7431693989,51.619047619,-46.0
11:03:17,3098.0,3087.0121614,7.31819434296,80.7692307692,30.0,0,23.6223187313,28.0,13.7614678899,42.7619047619,84.0
11:03:18,3098.0,3087.01826406,7.32195548325,80.7692307692,24.0,0,23.6344592745,20.0,19.4690265487,39.2380952381,118.0
11:03:18,3098.0,3087.02436333,7.32571341805,80.7692307692,56.0,0,23.6465894708,56.0,32.0610687023,44.4761904762,182.0
11:03:19,3099.0,3087.03101461,7.3298850268,84.0,40.0,0,23.652420222,16.0,37.2262773723,43.4285714286,182.0
11:03:19,3098.0,3087.0371068,7.33363635211,80.7692307692,14.0,0,23.6721638222,12.0,35.7723577236,34.380952381,170.0
11:03:20,3098.0,3087.0431956,7.33738448707,80.7692307692,44.0,0,23.6842623856,32.0,40.3846153846,35.2380952381,164.0
11:03:20,3098.0,3087.04928103,7.34112943656,80.7692307692,218.0,0,23.6963506668,104.0,51.5151515152,87.619047619,240.0
11:03:21,3098.0,3087.05536307,7.34487120545,80.7692307692,812.0,0,23.7084286813,762.0,83.7837837838,300.761904762,982.0
11:03:21,3099.0,3087.06199714,7.34917629969,84.0,1184.0,75.6756756757,23.7146702152,478.0,90.3114186851,582.666666667,1404.0
11:03:22,3099.0,3087.06862752,7.35332686423,80.9523809524,70.0,0,23.7280634535,28.0,88.3859948762,492.571428571,1416.0
11:03:22,3099.0,3087.07525422,7.35762411644,80.9523809524,30.0,0,23.7419300305,10.0,87.8710771841,389.619047619,1414.0
11:03:23,3099.0,3087.08187724,7.36191735103,80.9523809524,18.0,0,23.7557836432,14.0,88.679245283,282.476190476,1396.0
11:03:23,3100.0,3087.08905198,7.3668089269,81.8181818182,8.0,0,23.7638997642,2.0,92.0829406221,173.714285714,1294.0
11:03:24,3099.0,3087.09566734,7.37109367147,80.9523809524,322.0,0,23.7853942287,-14.0,70.5882352941,164.666666667,518.0
11:03:24,3100.0,3087.10283442,7.37597576198,81.8181818182,20.0,0,23.7934701999,6.0,5.98290598291,92.6666666667,46.0
11:03:25,3099.0,3087.10944212,7.38025204808,80.9523809524,76.0,0,23.8149469122,42.0,5.48523206751,92.0952380952,60.0
11:03:25,3100.0,3087.11660155,7.38512468863,81.8181818182,498.0,0,23.8229828666,-274.0,54.7770700637,211.80952381,-224.0
11:03:26,3099.0,3087.12320161,7.38924380413,80.9523809524,52.0,0,23.8439619365,4.0,55.9426229508,181.80952381,-234.0
11:03:26,3099.0,3087.129798,7.39335936191,80.9523809524,48.0,0,23.8572422133,14.0,56.1023622047,149.047619048,-222.0
11:03:27,3099.0,3087.13639072,7.39761971644,80.9523809524,48.0,0,23.8709897272,16.0,77.628032345,114.380952381,-192.0
11:03:27,3100.0,3087.14353519,7.40232644028,81.8181818182,74.0,0,23.878472388,14.0,74.1206030151,100.19047619,-184.0
11:03:28,3100.0,3087.15067568,7.4071765699,81.8181818182,28.0,0,23.8941179674,8.0,80.7486631016,70.2857142857,-218.0
11:03:28,3100.0,3087.15781221,7.41202176647,81.8181818182,10.0,0,23.9097476338,4.0,44.6153846154,37.5238095238,60.0
11:03:29,3100.0,3087.16494478,7.41671460659,81.8181818182,36.0,0,23.9248858277,24.0,45.0819672131,35.4285714286,80.0
11:03:29,3100.0,3087.17207339,7.42140298207,81.8181818182,8.0,0,23.9400096196,2.0,41.1764705882,26.0952380952,68.0
11:03:30,3100.0,3087.17919803,7.42623389901,81.8181818182,60.0,0,23.9555932226,4.0,50.9259259259,33.5238095238,56.0
11:03:30,3099.0,3087.18576332,7.43046456331,80.9523809524,158.0,0,23.9769750349,72.0,36.0,68.380952381,114.0
11:03:31,3099.0,3087.19232497,7.43469132567,80.9523809524,156.0,0,23.9906141519,104.0,31.308411215,98.6666666667,210.0
11:03:31,3100.0,3087.19943836,7.43950862492,81.8181818182,226.0,0,23.9984149191,-134.0,55.2795031056,142.857142857,72.0
11:03:32,3099.0,3087.20599241,7.44358099781,80.9523809524,38.0,0,24.0192997671,16.0,51.3931888545,123.047619048,64.0
11:03:32,3100.0,3087.21309822,7.44838931549,81.8181818182,12.0,0,24.027062308,6.0,51.0769230769,95.7142857143,68.0
11:03:33,3100.0,3087.22020008,7.45319278155,81.8181818182,16.0,0,24.0425573598,-6.0,50.8250825083,69.3333333333,58.0
11:03:33,3100.0,3087.227298,7.45799140536,81.8181818182,64.0,0,24.0580367915,34.0,58.203125,58.7619047619,20.0
11:03:34,3100.0,3087.23439197,7.46263995257,81.8181818182,52.0,0,24.0730321051,-24.0,72.5490196078,49.2380952381,-108.0
11:03:34,3100.0,3087.24148201,7.46728411799,81.8181818182,40.0,0,24.0880132838,-30.0,47.7477477477,41.2380952381,-4.0
11:03:35,3099.0,3087.2480127,7.471477782,80.9523809524,40.0,0,24.1093184318,-10.0,56.25,42.0952380952,-30.0
11:03:35,3099.0,3087.25453977,7.47566760717,80.9523809524,128.0,0,24.1228383581,-112.0,67.0588235294,68.0,-148.0
11:03:36,3099.0,3087.26106322,7.47970917253,80.9523809524,12.0,0,24.1358798726,-2.0,68.4523809524,55.2380952381,-144.0
11:03:36,3100.0,3087.26813844,7.48448114599,81.8181818182,162.0,0,24.1434875677,-114.0,55.2995391705,85.5238095238,-292.0
11:03:37,3099.0,3087.27465433,7.48851523446,80.9523809524,1004.0,0,24.1642956904,-248.0,15.0072150072,351.714285714,-516.0
11:03:37,3098.0,3087.2806112,7.49199424056,77.2727272727,6.0,0,24.1833255021,-4.0,13.0177514793,287.428571429,-490.0
11:03:38,3099.0,3087.28712016,7.49602190795,80.9523809524,36.0,0,24.18851858,22.0,13.9465875371,233.333333333,-458.0
11:03:38,3099.0,3087.29362551,7.50018962723,80.9523809524,60.0,0,24.201967174,20.0,11.09375,186.285714286,-326.0
11:03:39,3098.0,3087.29957185,7.50380310469,77.2727272727,34.0,0,24.2214432043,-4.0,12.5960061444,135.047619048,-328.0
11:03:39,3099.0,3087.30607028,7.50796366809,80.9523809524,24.0,0,24.2270528173,-4.0,13.7457044673,79.9047619048,-218.0
11:03:40,3099.0,3087.3125651,7.51222633075,80.9523809524,206.0,0,24.2408077791,78.0,98.3606557377,83.3333333333,108.0
11:03:40,3099.0,3087.31905632,7.51637915193,80.9523809524,46.0,0,24.2542082992,0.0,97.0443349754,79.0476190476,112.0
11:03:41,3099.0,3087.32554393,7.52052820249,80.9523809524,108.0,0,24.2675966521,-4.0,76.5690376569,90.5714285714,86.0
11:03:41,3099.0,3087.33202794,7.52467348867,80.9523809524,50.0,0,24.2809728579,0.0,68.3760683761,82.0952380952,66.0
11:03:42,3099.0,3087.33850834,7.5289201624,80.9523809524,134.0,0,24.2946762259,-96.0,73.2394366197,98.0952380952,-26.0
11:03:42,3099.0,3087.34498515,7.53305775778,80.9523809524,20.0,0,24.3080276147,-10.0,73.4042553191,76.7619047619,-32.0
11:03:43,3098.0,3087.35090296,7.53650289251,77.2727272727,12.0,0,24.3269944884,-10.0,58.9189189189,53.3333333333,-120.0
11:03:43,3099.0,3087.35737288,7.54063362579,80.9523809524,4.0,0,24.3324737844,-2.0,56.0975609756,36.8571428571,-122.0
11:03:44,3099.0,3087.36383921,7.54486506764,80.9523809524,22.0,0,24.3461280014,10.0,76.8595041322,27.5238095238,-108.0
11:03:44,3099.0,3087.37030195,7.54898815883,80.9523809524,6.0,0,24.3594325874,0.0,89.898989899,17.7142857143,-108.0
11:03:45,3099.0,3087.3767611,7.55310752825,80.9523809524,108.0,0,24.3727251638,64.0,40.6976744186,39.1428571429,52.0
11:03:45,3099.0,3087.38321666,7.5573270748,80.9523809524,34.0,0,24.3863409964,18.0,35.4838709677,40.6666666667,80.0
11:03:46,3098.0,3087.38911324,7.56099799389,77.2727272727,136.0,0,24.4060619557,-44.0,19.3548387097,70.6666666667,46.0
11:03:46,3098.0,3087.39500654,7.56456211555,77.2727272727,156.0,0,24.4175665447,-32.0,14.2857142857,100.476190476,16.0
11:03:47,3098.0,3087.40089656,7.56812332508,77.2727272727,142.0,0,24.4290617336,36.0,11.3402061856,119.047619048,42.0
11:03:47,3098.0,3087.40678332,7.57178485225,77.2727272727,16.0,0,24.4408807368,-8.0,10.8108108108,95.9047619048,34.0
11:03:48,3098.0,3087.41266681,7.57544314293,77.2727272727,1028.0,0,24.4526892929,-488.0,2.91005291005,361.428571429,-518.0
11:03:48,3098.0,3087.41854702,7.5790982018,77.2727272727,94.0,0,24.464487417,-70.0,1.78117048346,316.285714286,-606.0
11:03:49,3097.0,3087.42386858,7.58214161882,73.9130434783,406.0,0,24.482213816,-312.0,1.62866449512,357.428571429,-874.0
11:03:49,3098.0,3087.42974257,7.58579076483,77.2727272727,90.0,0,24.4860902674,0.0,3.94144144144,295.428571429,-842.0
11:03:50,3097.0,3087.43505791,7.58882926099,73.9130434783,64.0,0,24.5038077526,36.0,6.24263839812,229.142857143,-842.0
11:03:50,3097.0,3087.44037029,7.5918655247,73.9130434783,46.0,0,24.5136116393,-28.0,6.59722222222,161.428571429,-862.0
11:03:51,3098.0,3087.44623512,7.59540398717,77.2727272727,44.0,0,24.5171206816,-26.0,17.4731182796,91.7142857143,-400.0
11:03:51,3098.0,3087.45209669,7.59904152501,77.2727272727,24.0,0,24.5288622499,8.0,21.3649851632,63.1428571429,-322.0
11:03:52,3098.0,3087.45795501,7.6025740798,77.2727272727,116.0,0,24.5402649445,2.0,36.9791666667,64.1904761905,-8.0
11:03:52,3098.0,3087.46381008,7.60610376646,77.2727272727,100.0,0,24.5516583811,-94.0,24.3654822335,74.4761904762,-102.0
11:03:53,3097.0,3087.46910649,7.60922904042,73.9130434783,40.0,0,24.5696772374,-12.0,14.054054054,67.1428571429,-150.0
11:03:53,3097.0,3087.47439996,7.61225047737,73.9130434783,20.0,0,24.5794332495,-4.0,12.2093023256,55.2380952381,-126.0
11:03:54,3097.0,3087.47969049,7.61537088824,73.9130434783,62.0,0,24.5895088416,0.0,10.497237569,56.5714285714,-100.0
11:03:54,3097.0,3087.48497808,7.61838776243,73.9130434783,38.0,0,24.5992501209,10.0,12.2340425532,50.1904761905,-98.0
11:03:55,3098.0,3087.49081814,7.62190422381,77.2727272727,8.0,0,24.6026605029,0.0,17.1641791045,34.5714285714,-100.0
11:03:55,3097.0,3087.49609955,7.62501712202,73.9130434783,112.0,0,24.620655867,-104.0,15.0,53.8095238095,-110.0
11:03:56,3097.0,3087.50137803,7.62812752597,73.9130434783,24.0,0,24.6306991475,-10.0,15.9090909091,47.3333333333,-108.0
11:03:56,3097.0,3087.50665358,7.63113500914,73.9130434783,26.0,0,24.6404101038,-10.0,17.037037037,42.1904761905,-114.0
11:03:57,3097.0,3087.51192619,7.63424058574,73.9130434783,838.0,0,24.650437797,-414.0,4.01529636713,268.761904762,-528.0
11:03:57,3097.0,3087.51719588,7.63734367705,73.9130434783,78.0,0,24.6604574654,-76.0,1.84162062617,241.238095238,-614.0
11:03:58,3097.0,3087.52246264,7.64044428609,73.9130434783,30.0,0,24.6704691188,-22.0,1.80505415164,198.095238095,-636.0
11:03:58,3097.0,3087.52772648,7.64344258212,73.9130434783,40.0,0,24.6801504105,-20.0,2.31660231662,156.761904762,-552.0
11:03:59,3097.0,3087.53298739,7.64653838711,73.9130434783,36.0,0,24.6901465519,-14.0,3.43511450383,117.714285714,-556.0
11:03:59,3097.0,3087.53824538,7.64963171872,73.9130434783,66.0,0,24.7001347069,-48.0,3.30882352943,86.6666666667,-594.0
11:04:00,3097.0,3087.54350045,7.6526231886,73.9130434783,434.0,0,24.7097939574,-268.0,4.6783625731,158.857142857,-448.0
11:04:00,3097.0,3087.54875261,7.65571173341,73.9130434783,52.0,0,24.7197666561,20.0,7.29483282675,141.142857143,-352.0
11:04:01,3097.0,3087.55400184,7.65879781367,73.9130434783,70.0,0,24.729731397,14.0,6.59025787966,129.80952381,-316.0
11:04:01,3097.0,3087.55924816,7.66188143235,73.9130434783,1272.0,0,24.7396881897,870.0,2.90155440415,460.0,574.0
11:04:02,3097.0,3087.56449157,7.66496259242,73.9130434783,134.0,0,24.7496370437,-88.0,2.95857988166,406.380952381,500.0
11:04:02,3097.0,3087.56973206,7.66804129685,73.9130434783,46.0,0,24.7595779685,-8.0,3.28685258964,322.952380952,540.0
11:04:03,3097.0,3087.57496964,7.6711175486,73.9130434783,1032.0,0,24.7695109738,-318.0,2.45587106677,522.19047619,490.0
11:04:03,3097.0,3087.58020432,7.67419135061,73.9130434783,372.0,0,24.7794360691,296.0,-1.09364319891,504.380952381,766.0
11:04:04,3097.0,3087.58543608,7.67716450658,73.9130434783,64.0,0,24.7890361853,36.0,0.821917808218,383.333333333,788.0
11:04:04,3096.0,3087.59010954,7.67967573824,70.8333333333,142.0,0,24.8051541933,4.0,6.03351955307,284.857142857,-78.0
11:04:05,3096.0,3087.59478041,7.6822832897,70.8333333333,868.0,0,24.8135765171,32.0,19.8890649762,447.619047619,42.0
11:04:05,3096.0,3087.59944868,7.68488895235,70.8333333333,234.0,0,24.8219927401,12.0,18.3628318584,394.285714286,62.0
11:04:06,3097.0,3087.60466975,7.68785405689,73.9130434783,40.0,0,24.823552008,-22.0,29.5348837209,276.571428571,358.0
11:04:06,3096.0,3087.60933253,7.69035827622,70.8333333333,56.0,0,24.8396585149,-24.0,43.8746438746,210.666666667,38.0
11:04:07,3096.0,3087.61399272,7.69295829511,70.8333333333,256.0,0,24.8480565087,-188.0,45.3634085213,216.952380952,-186.0
11:04:07,3096.0,3087.61865032,7.69555643289,70.8333333333,58.0,0,24.8564484266,-18.0,42.5925925926,157.523809524,-208.0
11:04:08,3096.0,3087.62330533,7.69815269147,70.8333333333,84.0,0,24.8648342748,-6.0,33.2417582418,109.523809524,-246.0
11:04:08,3096.0,3087.62795776,7.70074707275,70.8333333333,72.0,0,24.8732140593,-12.0,41.6961130742,95.4285714286,-270.0
11:04:09,3097.0,3087.633163,7.70379704359,73.9130434783,40.0,0,24.8750308156,-6.0,39.9293286219,79.9047619048,-254.0
11:04:09,3097.0,3087.63836535,7.70684459598,73.9130434783,68.0,0,24.8848711527,-22.0,34.9480968858,72.380952381,-252.0
11:04:10,3096.0,3087.64300942,7.70943284951,70.8333333333,60.0,0,24.9012688938,-8.0,10.4712041885,62.0,-72.0
11:04:10,3096.0,3087.6476509,7.71201923387,70.8333333333,20.0,0,24.9096228484,-6.0,7.55813953489,49.5238095238,-60.0
11:04:11,3096.0,3087.65228981,7.71450741729,70.8333333333,46.0,0,24.9176596166,32.0,9.15032679738,46.2857142857,-22.0
11:04:11,3096.0,3087.65692613,7.71699398854,70.8333333333,34.0,71.7948717949,24.9256911774,6.0,9.70149253731,41.4285714286,-4.0
11:04:12,3096.0,3087.66155989,7.71957504088,65.0,390.0,0,24.9340279098,-178.0,4.20711974109,140.095238095,-176.0
11:04:12,3096.0,3087.66619107,7.72205827164,65.0,132.0,0,24.942048681,-80.0,3.81231671553,148.380952381,-234.0
11:04:13,3096.0,3087.67081968,7.72463573395,65.0,100.0,0,24.9503738177,-48.0,3.32409972298,144.476190476,-274.0
11:04:13,3096.0,3087.67544571,7.72711563083,65.0,90.0,0,24.9583838205,10.0,3.0303030303,135.80952381,-258.0
11:04:14,3097.0,3087.68062458,7.73004886649,66.6666666667,130.0,0,24.9597961463,6.0,2.05479452055,135.238095238,-284.0
11:04:14,3096.0,3087.68524517,7.73252532097,65.0,90.0,0,24.9758569799,-70.0,2.57510729614,119.238095238,-360.0
11:04:15,3096.0,3087.6898632,7.73500017457,65.0,26.0,0,24.9838506931,-20.0,4.22535211268,82.2857142857,-202.0
11:04:15,3096.0,3087.69447866,7.73756863888,65.0,28.0,0,24.9921467664,-8.0,4.3103448276,63.2380952381,-130.0
11:04:16,3096.0,3087.69909156,7.74013525399,65.0,24.0,0,25.0004368669,4.0,8.24742268042,48.0,-78.0
11:04:16,3096.0,3087.70370189,7.74260507409,65.0,100.0,0,25.008414322,14.0,9.04522613065,58.0952380952,-74.0
11:04:17,3096.0,3087.70830967,7.74507329963,65.0,32.0,0,25.0163866267,24.0,18.6666666667,48.2857142857,-56.0
11:04:17,3096.0,3087.71291488,7.74753993213,65.0,20.0,0,25.024353786,18.0,21.7391304348,39.7142857143,32.0
11:04:18,3096.0,3087.71751754,7.75000497312,65.0,20.0,0,25.0323158046,16.0,23.2142857143,34.4761904762,68.0
11:04:18,3096.0,3087.72211764,7.7524684241,65.0,44.0,0,25.0402726877,4.0,22.5,36.380952381,80.0
11:04:19,3097.0,3087.72727059,7.75547715159,66.6666666667,36.0,0,25.04190233,0.0,17.4603174603,35.2380952381,76.0
11:04:19,3096.0,3087.73186527,7.75803127769,65.0,76.0,0,25.058240561,24.0,19.298245614,44.9523809524,86.0
11:04:20,3096.0,3087.73645741,7.7604894963,65.0,96.0,0,25.0661805436,-10.0,10.2739726027,61.5238095238,52.0
11:04:20,3096.0,3087.74104699,7.76304008479,65.0,8.0,0,25.0744188785,4.0,12.1428571428,49.9047619048,38.0
11:04:21,3096.0,3087.74563402,7.76558884192,65.0,250.0,0,25.0826512982,-68.0,40.3921568627,108.0,-46.0
11:04:21,3096.0,3087.75021851,7.7681357695,65.0,24.0,0,25.0908778085,4.0,45.7142857143,90.5714285714,-46.0
11:04:22,3097.0,3087.75535585,7.77103833013,66.6666666667,30.0,0,25.0921483052,-2.0,50.4132231405,75.8095238095,-48.0
11:04:22,3096.0,3087.75993493,7.77348805811,65.0,38.0,0,25.1081655624,-14.0,54.2600896861,63.619047619,-86.0
11:04:23,3096.0,3087.76451148,7.77602952078,65.0,70.0,0,25.1163744211,-20.0,56.1904761905,62.380952381,-96.0
11:04:23,3096.0,3087.76908548,7.77847598057,65.0,26.0,0,25.124276423,-4.0,54.3378995434,49.8095238095,-104.0
11:04:24,3096.0,3087.77365694,7.7809208679,65.0,26.0,0,25.1321733459,-2.0,38.3177570093,36.380952381,-38.0
11:04:24,3096.0,3087.77822586,7.78345712785,65.0,248.0,0,25.1403654,66.0,61.1872146119,97.0476190476,24.0
11:04:25,3097.0,3087.78334764,7.7864411275,66.6666666667,58.0,0,25.1418828786,8.0,54.0772532189,92.7619047619,34.0
11:04:25,3096.0,3087.78791118,7.78897350961,65.0,32.0,0,25.1581831706,20.0,54.7826086956,79.7142857143,68.0
11:04:26,3097.0,3087.79302759,7.79195310921,66.6666666667,102.0,0,25.1596806884,36.0,61.3821138211,86.9523809524,124.0
11:04:26,3096.0,3087.79758575,7.79448162163,65.0,152.0,0,25.1759742301,96.0,55.3398058252,106.952380952,224.0
11:04:27,3096.0,3087.80214138,7.79700832446,65.0,38.0,0,25.1841354149,-6.0,54.9206349206,88.380952381,220.0
11:04:27,3097.0,3087.80724989,7.79998148146,66.6666666667,36.0,0,25.1856037503,4.0,41.6267942584,68.6666666667,158.0
11:04:28,3096.0,3087.81180015,7.80250432652,65.0,10.0,0,25.2018873596,0.0,46.4864864865,51.619047619,150.0
11:04:28,3097.0,3087.81690329,7.80538125547,66.6666666667,50.0,0,25.2030392492,10.0,51.0309278351,48.2857142857,140.0
11:04:29,3097.0,3087.82200359,7.80825613622,66.6666666667,98.0,0,25.2123220414,20.0,60.9375,57.8095238095,124.0
11:04:29,3096.0,3087.82654566,7.810773345,65.0,12.0,0,25.2285960756,4.0,77.868852459,42.9523809524,32.0
11:04:30,3097.0,3087.83164061,7.81373572449,66.6666666667,12.0,0,25.2300152551,6.0,80.7339449541,34.7619047619,44.0
11:04:30,3096.0,3087.83617733,7.81615776595,65.0,140.0,0,25.2459876161,12.0,44.099378882,64.380952381,52.0
11:04:31,3097.0,3087.84126693,7.81911593448,66.6666666667,68.0,0,25.2473875831,34.0,51.5789473684,68.4761904762,86.0
11:04:31,3096.0,3087.8457983,7.82162560363,65.0,6.0,0,25.2636485905,-2.0,49.4047619048,52.0952380952,74.0
11:04:32,3096.0,3087.85032715,7.82413348158,65.0,12.0,0,25.2717489715,2.0,30.4,39.5238095238,56.0
11:04:32,3096.0,3087.85485349,7.82663957008,65.0,18.0,0,25.2798435726,16.0,30.46875,32.7619047619,68.0
11:04:33,3096.0,3087.85937731,7.82905318448,65.0,10.0,0,25.2876394848,-2.0,26.7716535433,23.4285714286,60.0
11:04:33,3096.0,3087.86389863,7.8315558267,65.0,28.0,0,25.2957229544,12.0,60.5633802817,19.3333333333,60.0
11:04:34,3097.0,3087.86897283,7.83450168099,66.6666666667,262.0,0,25.2970671004,86.0,14.2857142857,87.4285714286,112.0
11:04:34,3096.0,3087.87348881,7.83700051572,65.0,30.0,0,25.3133091593,2.0,15.5555555556,80.0,116.0
11:04:35,3097.0,3087.87855769,7.83994205068,66.6666666667,206.0,0,25.3146336799,-8.0,46.2093862816,121.714285714,106.0
11:04:35,3096.0,3087.88306835,7.84243708578,65.0,24.0,0,25.3308691401,20.0,46.0714285714,102.19047619,110.0
11:04:36,3096.0,3087.8875765,7.84493034378,65.0,38.0,0,25.338922299,38.0,47.619047619,86.380952381,150.0
11:04:36,3096.0,3087.89208215,7.84742182637,65.0,52.0,0,25.3469697234,10.0,45.7516339869,73.2380952381,148.0
11:04:37,3097.0,3087.8971407,7.8502653883,66.6666666667,12.0,0,25.3479670271,10.0,74.0331491713,47.5238095238,72.0
11:04:37,3096.0,3087.90164104,7.85266369351,65.0,14.0,0,25.3639008188,14.0,75.1445086705,34.2857142857,84.0
11:04:38,3096.0,3087.90613888,7.8550604708,65.0,14.0,0,25.3716423476,2.0,38.961038961,21.8095238095,94.0
11:04:38,3096.0,3087.91063422,7.85754500975,65.0,36.0,0,25.3796673442,8.0,45.7831325301,24.7619047619,82.0
11:04:39,3097.0,3087.91568246,7.8603811793,66.6666666667,704.0,0,25.3806302205,406.0,8.89423076922,218.0,450.0
11:04:39,3096.0,3087.9201725,7.86286207433,65.0,146.0,0,25.3968413254,116.0,6.47948164146,220.095238095,556.0
11:04:40,3096.0,3087.92466005,7.86534120582,65.0,88.0,0,25.404848856,-24.0,5.58882235529,201.142857143,522.0
11:04:40,3096.0,3087.92914511,7.86781857543,65.0,18.0,0,25.4128506958,-2.0,5.76540755467,158.571428571,506.0
11:04:41,3096.0,3087.93362767,7.87029418482,65.0,6.0,0,25.4208468502,0.0,5.61122244489,112.380952381,504.0
11:04:41,3096.0,3087.93810774,7.8726795082,65.0,26.0,0,25.4285513831,10.0,3.84615384615,72.2857142857,506.0
11:04:42,3097.0,3087.94314073,7.8755044469,66.6666666667,54.0,0,25.4294622115,-26.0,18.3431952663,40.6666666667,74.0
11:04:42,3096.0,3087.94761552,7.87788651782,65.0,24.0,0,25.4453698896,16.0,26.8518518519,31.4285714286,-26.0
11:04:43,3096.0,3087.95208782,7.88035524361,65.0,14.0,0,25.4533438101,-6.0,38.0281690141,25.1428571429,-8.0
11:04:43,3096.0,3087.95655764,7.88273417483,65.0,42.0,0,25.4610276965,18.0,33.734939759,30.380952381,12.0
11:04:44,3096.0,3087.96102498,7.88511159569,65.0,82.0,0,25.4687067044,62.0,23.9669421488,45.9047619048,74.0
11:04:44,3096.0,3087.96548984,7.88748750757,65.0,24.0,0,25.4763808384,18.0,22.5,41.2380952381,82.0
11:04:45,3096.0,3087.96995222,7.88986191182,65.0,164.0,0,25.4840501028,-10.0,25.7142857143,76.6666666667,98.0
11:04:45,3097.0,3087.97496752,7.89267434608,66.6666666667,84.0,0,25.4849026351,10.0,36.5853658537,84.0,92.0
11:04:46,3096.0,3087.97942463,7.89504551918,65.0,100.0,0,25.5007930206,-32.0,33.8709677419,93.0476190476,66.0
11:04:46,3096.0,3087.98387927,7.89729266295,65.0,26.0,0,25.5080512369,-2.0,33.75,76.8571428571,46.0
11:04:47,3096.0,3087.98833143,7.89966095537,65.0,182.0,0,25.5157007603,-52.0,27.5862068965,106.0,-68.0
11:04:47,3096.0,3087.99278112,7.90202774707,65.0,44.0,0,25.5233454363,4.0,26.6666666667,90.9523809524,-82.0
11:04:48,3096.0,3087.99722834,7.90427087536,65.0,92.0,0,25.5305906827,8.0,30.6818181818,88.6666666667,-64.0
11:04:48,3096.0,3088.00167309,7.90663479398,65.0,2.0,0,25.5382260788,2.0,22.8699551569,64.0952380952,-72.0
11:04:49,3097.0,3088.00667077,7.90943521575,66.6666666667,24.0,0,25.5390223305,0.0,27.027027027,49.7142857143,-40.0
11:04:49,3096.0,3088.01111028,7.91179592366,65.0,34.0,0,25.5548963943,32.0,26.455026455,41.8095238095,-6.0
11:04:50,3096.0,3088.01554732,7.91415513768,65.0,8.0,0,25.5625165946,-2.0,49.0196078431,26.0952380952,44.0
11:04:50,3097.0,3088.02053729,7.91695017036,66.6666666667,6.0,0,25.5632876021,-6.0,61.4457831325,18.0952380952,34.0
11:04:51,3096.0,3088.0249691,7.91930618278,65.0,38.0,0,25.5791543372,-8.0,44.6428571429,21.0476190476,18.0
11:04:51,3096.0,3088.02939844,7.92174690311,65.0,6.0,0,25.5870378007,0.0,43.1034482759,17.4285714286,16.0
11:04:52,3096.0,3088.03382532,7.92409982425,65.0,22.0,0,25.5946376752,-16.0,29.8245614035,18.1904761905,0.0
11:04:52,3096.0,3088.03824975,7.92645125844,65.0,22.0,0,25.6022327469,4.0,49.0196078432,19.0476190476,-28.0
11:04:53,3097.0,3088.04322711,7.92923738315,66.6666666667,12.0,0,25.6029621671,4.0,58.4905660377,17.619047619,-22.0
11:04:53,3096.0,3088.04764632,7.93158563071,65.0,58.0,0,25.6188166367,54.0,41.7721518987,29.1428571429,38.0
11:04:54,3097.0,3088.05261846,7.93436810478,66.6666666667,16.0,0,25.6195289144,-2.0,30.8823529412,26.1904761905,44.0
11:04:54,3097.0,3088.05758785,7.93714863128,66.6666666667,12.0,0,25.6285070432,0.0,35.2112676056,23.1428571429,44.0
11:04:55,3096.0,3088.06199908,7.9394920024,65.0,60.0,0,25.6443540129,6.0,26.6666666667,33.5238095238,66.0
11:04:55,3096.0,3088.06640785,7.9418338951,65.0,92.0,0,25.6519182658,86.0,24.8,51.2380952381,148.0
11:04:56,3096.0,3088.07081418,7.94417431068,65.0,30.0,0,25.6594777477,26.0,19.4029850746,47.9047619048,170.0
11:04:56,3096.0,3088.07521806,7.94651325045,65.0,108.0,0,25.6670324627,102.0,17.6100628931,66.0,218.0
11:04:57,3097.0,3088.0801749,7.94928506375,66.6666666667,128.0,0,25.6676947489,22.0,12.0930232558,87.4285714286,242.0
11:04:57,3096.0,3088.08457358,7.95162084087,65.0,96.0,0,25.6835298478,68.0,22.1789883269,94.380952381,310.0
11:04:58,3096.0,3088.08896981,7.95395514629,65.0,32.0,0,25.6910695939,-14.0,28.3950617284,79.0476190476,290.0
11:04:58,3096.0,3088.09336361,7.9562879813,65.0,38.0,0,25.6986045908,8.0,30.0925925926,66.7619047619,212.0
11:04:59,3096.0,3088.09775497,7.9586193472,65.0,46.0,0,25.7061348424,-2.0,34.8214285714,59.3333333333,184.0
11:04:59,3096.0,3088.10214388,7.96094924527,65.0,132.0,0,25.7136603529,-16.0,52.1186440678,75.7142857143,66.0
11:05:00,3096.0,3088.10653036,7.96327767681,65.0,18.0,0,25.7211811267,6.0,67.955801105,58.380952381,50.0
11:05:00,3097.0,3088.11146981,7.96603745772,66.6666666667,496.0,0,25.7217870769,144.0,74.0157480315,182.857142857,126.0
11:05:01,3098.0,3088.11696191,7.96914388884,68.1818181818,442.0,0,25.7235115844,-158.0,87.0307167236,272.857142857,-18.0
11:05:01,3097.0,3088.12189556,7.97189970312,66.6666666667,252.0,71.0526315789,25.7407158641,-86.0,74.1702741703,289.047619048,-112.0
11:05:02,3097.0,3088.12682647,7.97453504488,65.0,164.0,0,25.7492252014,-100.0,74.335106383,269.904761905,-210.0
11:05:02,3097.0,3088.13175464,7.97716873256,65.0,14.0,0,25.7577291978,-14.0,74.3145743146,202.285714286,-208.0
11:05:03,3097.0,3088.13668008,7.97991906809,65.0,32.0,0,25.7666098421,-10.0,73.7142857143,145.428571429,-224.0
11:05:03,3098.0,3088.14215818,7.98313360436,66.6666666667,16.0,0,25.7686688327,0.0,71.5217391304,83.3333333333,-368.0
11:05:04,3098.0,3088.14763324,7.98634567771,66.6666666667,14.0,0,25.7790370488,-4.0,38.6178861789,43.5238095238,-214.0
11:05:04,3098.0,3088.15310525,7.98955529113,66.6666666667,86.0,0,25.7893973245,-80.0,50.3067484662,44.6666666667,-208.0
11:05:05,3097.0,3088.15801883,7.9922972128,65.0,84.0,0,25.80657802,-54.0,22.7642276423,53.1428571429,-162.0
11:05:05,3098.0,3088.16348508,7.99550220784,66.6666666667,124.0,0,25.8085933113,-24.0,32.0224719101,76.8571428571,-172.0
11:05:06,3098.0,3088.16894829,7.9987874081,66.6666666667,40.0,0,25.819197573,-2.0,32.967032967,71.3333333333,-164.0
11:05:06,3098.0,3088.17440847,8.00198736407,66.6666666667,84.0,0,25.8295266755,-74.0,28.2407407407,78.0,-238.0
11:05:07,3098.0,3088.17986562,8.0051848746,66.6666666667,26.0,0,25.8398478844,-16.0,27.9279279279,64.8571428571,-250.0
11:05:07,3098.0,3088.18531973,8.00837994263,66.6666666667,204.0,0,25.8501612093,0.0,22.0640569395,102.0,-170.0
11:05:08,3098.0,3088.19077082,8.01157257108,66.6666666667,28.0,0,25.8604666594,-16.0,26.8774703557,83.2380952381,-132.0
11:05:08,3097.0,3088.19566347,8.01429954657,65.0,70.0,0,25.8776220425,-58.0,16.814159292,79.1428571429,-166.0
11:05:09,3098.0,3088.20110882,8.01748759464,66.6666666667,114.0,0,25.8795596987,-22.0,24.3346007605,90.1904761905,-186.0
11:05:09,3098.0,3088.20655113,8.02067321148,66.6666666667,72.0,0,25.8898425161,42.0,30.7392996109,85.7142857143,-70.0
11:05:10,3098.0,3088.21199043,8.0238564,66.6666666667,8.0,0,25.9001174951,4.0,30.2419354839,63.5238095238,-50.0
11:05:10,3098.0,3088.2174267,8.02711857636,66.6666666667,228.0,0,25.9106474382,110.0,71.9230769231,105.047619048,60.0
11:05:11,3098.0,3088.22285995,8.03029677895,66.6666666667,6.0,0,25.9209063233,2.0,71.4859437751,82.0,78.0
11:05:11,3098.0,3088.22829019,8.03347256199,66.6666666667,6.0,0,25.9311573983,0.0,81.1059907834,60.0,136.0
11:05:12,3098.0,3088.23371741,8.03672691787,66.6666666667,124.0,0,25.9416620977,22.0,93.2432432432,74.7619047619,180.0
11:05:12,3098.0,3088.23914162,8.0398977329,66.6666666667,166.0,0,25.9518971366,-40.0,99.2565055762,101.047619048,98.0
11:05:13,3097.0,3088.24400741,8.04260551035,65.0,240.0,0,25.9690200528,-190.0,99.2207792208,144.0,-96.0
11:05:13,3097.0,3088.2488705,8.04539201275,65.0,78.0,0,25.9780174774,-8.0,98.7096774193,129.619047619,-214.0
11:05:14,3097.0,3088.25373089,8.04817639033,65.0,32.0,0,25.9870080411,-14.0,98.1424148607,109.238095238,-230.0
11:05:14,3097.0,3088.25858857,8.05095864528,65.0,22.0,0,25.995991751,-6.0,97.583081571,84.7619047619,-236.0
11:05:15,3097.0,3088.26344357,8.0537387798,65.0,72.0,0,26.0049686142,44.0,86.2295081967,73.8095238095,-214.0
11:05:15,3098.0,3088.26885126,8.05689605226,66.6666666667,22.0,0,26.0067658239,-6.0,81.5450643777,51.0476190476,-180.0
11:05:16,3097.0,3088.27370055,8.05967182189,65.0,8.0,0,26.024125999,-4.0,62.3931623932,31.1428571429,6.0
11:05:16,3097.0,3088.27854715,8.06244547785,65.0,8.0,0,26.0330819433,0.0,45.1219512195,22.2857142857,14.0
11:05:17,3098.0,3088.28394646,8.0656755159,66.6666666667,26.0,0,26.0351049577,12.0,45.5696202532,21.9047619048,40.0
11:05:17,3098.0,3088.28934277,8.06890288391,66.6666666667,16.0,0,26.0455225433,6.0,43.4210526316,18.9523809524,52.0
11:05:18,3098.0,3088.29473608,8.07212758509,66.6666666667,10.0,0,26.0559315206,2.0,73.3333333333,14.5714285714,10.0
11:05:18,3098.0,3088.30012639,8.07534962263,66.6666666667,8.0,0,26.0663319,-4.0,63.1578947369,12.5714285714,12.0
11:05:19,3097.0,3088.30495831,8.0780326215,65.0,60.0,0,26.0834117581,-22.0,78.125,26.0952380952,-6.0
11:05:19,3097.0,3088.30978755,8.08079272789,65.0,10.0,0,26.0923239519,6.0,76.9230769231,22.8571428571,0.0
11:05:20,3098.0,3088.31516951,8.08400753202,66.6666666667,124.0,0,26.0942786702,-108.0,34.2105263158,52.0952380952,-120.0
11:05:20,3097.0,3088.31999307,8.08676318509,65.0,504.0,0,26.1116021475,304.0,69.2737430168,185.238095238,178.0
11:05:21,3098.0,3088.32536936,8.08997298424,66.6666666667,12.0,0,26.1135344876,2.0,68.8022284122,154.571428571,178.0
11:05:21,3098.0,3088.33074266,8.09318013748,66.6666666667,30.0,0,26.1238868221,4.0,66.7567567567,128.952380952,186.0
11:05:22,3098.0,3088.33611298,8.09638464793,66.6666666667,104.0,0,26.134230626,-20.0,60.4591836735,123.428571429,188.0
11:05:22,3098.0,3088.34148032,8.09958651875,66.6666666667,6.0,0,26.1445659095,-2.0,60.7692307692,87.8095238095,180.0
11:05:23,3097.0,3088.34628927,8.10233069273,65.0,54.0,0,26.161868559,-26.0,69.5774647887,66.0952380952,262.0
11:05:23,3098.0,3088.35165095,8.10552758734,66.6666666667,6.0,0,26.1637430192,-2.0,33.0188679245,34.0,-44.0
11:05:24,3098.0,3088.35700966,8.1087218513,66.6666666667,14.0,0,26.1740537485,-2.0,37.3831775701,27.9047619048,-48.0
11:05:24,3097.0,3088.36180999,8.1114592724,65.0,50.0,0,26.1913441149,0.0,50.4273504273,32.0,-52.0
11:05:25,3097.0,3088.36660765,8.11419461937,65.0,98.0,0,26.2001763622,2.0,40.350877193,48.8571428571,-30.0
11:05:25,3098.0,3088.37195805,8.11738159449,66.6666666667,56.0,0,26.202006438,36.0,33.0935251799,54.0,8.0
11:05:26,3097.0,3088.37675007,8.12011254236,65.0,48.0,0,26.2192849285,16.0,25.7352941176,54.4761904762,50.0
11:05:26,3097.0,3088.38153944,8.12284142267,65.0,26.0,0,26.2280962953,16.0,22.602739726,48.9523809524,68.0
11:05:27,3097.0,3088.38632614,8.12556823749,65.0,24.0,0,26.2369009929,10.0,19.2052980132,41.9047619048,80.0
11:05:27,3098.0,3088.39166559,8.12874562761,66.6666666667,38.0,0,26.238688275,12.0,11.0344827586,38.380952381,92.0
11:05:28,3097.0,3088.39644667,8.13146806176,65.0,8.0,0,26.2559511197,2.0,13.0,26.8571428571,92.0
11:05:28,3096.0,3088.40066969,8.13377046108,61.9047619048,788.0,0,26.2718684143,-124.0,3.43347639486,242.476190476,-68.0
11:05:29,3097.0,3088.40544577,8.13648902332,65.0,84.0,0,26.2721634592,-74.0,11.9834710744,222.095238095,-158.0
11:05:29,3096.0,3088.40966379,8.13878801132,61.9047619048,418.0,0,26.288074972,-140.0,8.9705882353,295.428571429,-314.0
11:05:30,3097.0,3088.41443488,8.14150270884,65.0,56.0,0,26.2883523049,-8.0,12.5,246.666666667,-332.0
11:05:30,3097.0,3088.41920331,8.14421535508,65.0,56.0,0,26.2971112531,-10.0,12.6241134752,196.380952381,-354.0
11:05:31,3096.0,3088.4234137,8.14650913177,61.9047619048,492.0,0,26.3130139915,210.0,9.29250263992,269.80952381,-146.0
11:05:31,3096.0,3088.42762174,8.14880131589,61.9047619048,122.0,0,26.320417687,90.0,13.5179153094,214.476190476,68.0
11:05:32,3096.0,3088.43182745,8.15109190879,61.9047619048,22.0,0,26.3278162429,14.0,8.57632933104,162.285714286,156.0
11:05:32,3095.0,3088.43547542,8.15299876664,59.0909090909,16.0,0,26.3424838987,12.0,13.612565445,111.333333333,308.0
11:05:33,3095.0,3088.43912137,8.15490441221,59.0909090909,1066.0,0,26.3486410734,-102.0,8.45546786922,379.523809524,214.0
11:05:33,3095.0,3088.44276529,8.15680884633,59.0909090909,548.0,0,26.3547943339,-124.0,6.97263901147,451.619047619,100.0
11:05:34,3095.0,3088.44640718,8.15871206986,59.0909090909,460.0,0,26.3609436829,-126.0,8.236347359,475.142857143,-236.0
11:05:34,3095.0,3088.45004706,8.16061408365,59.0909090909,404.0,0,26.3670891233,-72.0,7.94912559619,484.19047619,-398.0
11:05:35,3094.0,3088.45312951,8.16216761938,56.5217391304,82.0,0,26.380632254,32.0,6.13354037267,387.80952381,-380.0
11:05:35,3094.0,3088.45621025,8.16372025458,56.5217391304,870.0,0,26.3856504673,-168.0,15.860058309,513.714285714,-560.0
11:05:36,3094.0,3088.45928928,8.16527198975,56.5217391304,50.0,0,26.3906657717,-6.0,18.4755592378,364.666666667,-464.0
11:05:36,3094.0,3088.46236659,8.16682282542,56.5217391304,234.0,0,26.3956781688,-68.0,20.0,316.571428571,-408.0
11:05:37,3094.0,3088.4654422,8.16837276208,56.5217391304,362.0,0,26.4006876602,126.0,33.966033966,320.0,-156.0
11:05:37,3094.0,3088.4685161,8.16992180025,56.5217391304,206.0,0,26.4056942477,-88.0,38.0266075388,283.523809524,-172.0
11:05:38,3095.0,3088.4721437,8.17185683525,59.0909090909,364.0,0,26.4034146535,-4.0,45.2540747843,301.619047619,-208.0
11:05:38,3094.0,3088.47521388,8.17332947688,56.5217391304,642.0,0,26.4167080701,126.0,18.6221743811,385.714285714,86.0
11:05:39,3094.0,3088.47828235,8.17487568807,56.5217391304,222.0,0,26.4217055206,-42.0,17.1428571429,360.666666667,50.0
11:05:39,3094.0,3088.48134912,8.17646122781,56.5217391304,582.0,0,26.4268300834,126.0,14.9705634988,430.285714286,244.0
11:05:40,3095.0,3088.48496959,8.1783513867,59.0909090909,332.0,0,26.4243986646,112.0,9.88074957412,411.904761905,230.0
11:05:40,3095.0,3088.48858804,8.18028037172,59.0909090909,46.0,0,26.4306312495,-24.0,10.3290676417,313.238095238,294.0
11:05:41,3094.0,3088.49164909,8.18186248757,56.5217391304,122.0,0,26.4442872901,-72.0,1.95272353547,243.904761905,226.0
11:05:41,3094.0,3088.49470843,8.18340369209,56.5217391304,44.0,0,26.4492685588,-6.0,18.3976261128,163.80952381,94.0
11:05:42,3094.0,3088.49776608,8.18494400307,56.5217391304,116.0,0,26.4542469395,94.0,20.6119162641,132.761904762,230.0
11:05:42,3094.0,3088.50082203,8.18648342101,56.5217391304,448.0,0,26.4592224338,114.0,24.3682310469,201.619047619,218.0
11:05:43,3094.0,3088.50387628,8.18802194642,56.5217391304,74.0,0,26.4641950434,4.0,16.2352941177,170.0,110.0
11:05:43,3094.0,3088.50692883,8.1895595798,56.5217391304,36.0,0,26.4691647699,28.0,14.7619047619,139.80952381,162.0
11:05:44,3095.0,3088.51053509,8.19144095145,59.0909090909,86.0,0,26.4666912809,38.0,12.4378109453,124.380952381,272.0
11:05:44,3094.0,3088.51358395,8.19297666233,56.5217391304,36.0,0,26.4802089927,18.0,11.3065326633,96.380952381,296.0
11:05:45,3095.0,3088.51718651,8.19489504882,59.0909090909,164.0,0,26.4778515309,114.0,9.24170616115,105.333333333,316.0
11:05:45,3094.0,3088.52023167,8.1964679046,56.5217391304,130.0,0,26.4914929043,-38.0,14.8288973384,102.285714286,164.0
11:05:46,3094.0,3088.52327514,8.19800064078,56.5217391304,178.0,0,26.4964468028,-10.0,7.61904761906,128.095238095,150.0
11:05:46,3094.0,3088.52631692,8.19957146106,56.5217391304,30.0,0,26.5015237914,4.0,7.69230769231,106.666666667,126.0
11:05:47,3094.0,3088.52935701,8.20114121839,56.5217391304,16.0,0,26.5065973445,-12.0,5.05415162455,81.5238095238,76.0
11:05:47,3094.0,3088.53239541,8.20267112472,56.5217391304,294.0,0,26.5115420967,192.0,6.4039408867,139.142857143,250.0
11:05:48,3094.0,3088.53543213,8.20423885001,56.5217391304,24.0,0,26.5166090821,0.0,10.1190476191,107.333333333,136.0
11:05:48,3094.0,3088.53846716,8.20580551413,56.5217391304,1092.0,0,26.5216726378,986.0,7.71113831088,387.333333333,1160.0
11:05:49,3094.0,3088.5415005,8.2073711177,56.5217391304,196.0,0,26.5267327657,-60.0,13.8014527845,365.523809524,1110.0
11:05:49,3094.0,3088.54453216,8.2089356613,56.5217391304,70.0,0,26.5317894677,-12.0,13.829787234,306.857142857,1094.0
11:05:50,3094.0,3088.54756213,8.21050364239,56.5217391304,146.0,0,26.5368572799,68.0,12.8430296378,268.0,1174.0
11:05:50,3094.0,3088.55059042,8.21206598248,56.5217391304,48.0,0,26.54190686,4.0,13.578680203,194.952380952,986.0
11:05:51,3094.0,3088.55361703,8.2136315811,56.5217391304,108.0,0,26.5469669719,28.0,11.9277108434,150.761904762,1014.0
11:05:51,3094.0,3088.55664196,8.21519594211,56.5217391304,332.0,67.5,26.5520230837,180.0,13.3333333333,166.571428571,208.0
11:05:52,3095.0,3088.56022061,8.21710123935,56.5217391304,116.0,0,26.5496001272,-14.0,9.75609756099,156.857142857,254.0
11:05:52,3095.0,3088.56379727,8.21900094557,56.5217391304,28.0,0,26.5557381117,8.0,9.76863753215,125.80952381,274.0
11:05:53,3094.0,3088.56681654,8.22056137505,54.5454545455,60.0,0,26.569364496,48.0,10.6936416185,105.904761905,254.0
11:05:53,3094.0,3088.56983414,8.22212056994,54.5454545455,174.0,0,26.5744039106,86.0,8.55745721272,122.666666667,336.0
11:05:54,3094.0,3088.57285006,8.22367853094,54.5454545455,312.0,0,26.5794393372,-64.0,6.65362035226,172.857142857,244.0
11:05:54,3094.0,3088.57586431,8.22523525875,54.5454545455,92.0,0,26.5844707781,-24.0,9.20716112532,150.476190476,40.0
11:05:55,3094.0,3088.57887688,8.22679075406,54.5454545455,8.0,0,26.5894982355,-4.0,1.78041543027,115.523809524,50.0
11:05:55,3093.0,3088.58133238,8.22803772847,52.1739130435,290.0,0,26.6021265065,-162.0,1.06837606838,166.285714286,-120.0
11:05:56,3092.0,3088.58323111,8.22900694172,50.0,1970.0,0,26.6138646239,-30.0,-5.69219957834,684.571428571,-198.0
11:05:56,3093.0,3088.58568419,8.23024891618,52.1739130435,694.0,0,26.609275513,-296.0,-3.62448009505,747.333333333,-580.0
11:05:57,3093.0,3088.58813591,8.23149010332,52.1739130435,210.0,0,26.6132884039,98.0,-1.89950980391,647.047619048,-418.0
11:05:57,3092.0,3088.59003086,8.23242047721,50.0,84.0,0,26.6249045188,-26.0,-0.982800982785,515.619047619,-420.0
11:05:58,3093.0,3088.59248016,8.23366028741,52.1739130435,350.0,0,26.6203048413,20.0,5.28071150641,460.571428571,-396.0
11:05:58,3094.0,3088.5954835,8.23520592271,54.5454545455,336.0,0,26.6166965828,-126.0,14.489571899,385.238095238,-360.0
11:05:59,3092.0,3088.59737438,8.23617127578,50.0,60.0,0,26.6370351739,-4.0,37.8316032295,228.857142857,-334.0
11:05:59,3093.0,3088.5998196,8.23740872296,52.1739130435,64.0,0,26.6324239346,-6.0,60.3260869565,164.571428571,-44.0
11:06:00,3093.0,3088.60226347,8.23864538488,52.1739130435,436.0,0,26.6364221949,-160.0,27.5187969925,236.571428571,-302.0
11:06:00,3093.0,3088.60470598,8.23984481137,52.1739130435,298.0,0,26.6403000691,90.0,27.8497409326,258.380952381,-186.0
11:06:01,3093.0,3088.60714713,8.24104360451,52.1739130435,246.0,0,26.6441758956,228.0,14.7222222222,255.142857143,22.0
11:06:01,3093.0,3088.60958692,8.24227807342,52.1739130435,118.0,0,26.6481670657,96.0,-10.9656301146,220.285714286,244.0
11:06:02,3093.0,3088.61202536,8.24351175841,52.1739130435,26.0,0,26.6521557013,-10.0,-6.73400673401,169.523809524,238.0
11:06:02,3092.0,3088.61390705,8.24447266673,50.0,116.0,0,26.6638831395,-62.0,-2.41935483872,146.095238095,182.0
11:06:03,3093.0,3088.61634309,8.24570490047,52.1739130435,50.0,0,26.6592463643,-32.0,29.9765807963,101.333333333,310.0
11:06:03,3093.0,3088.61877778,8.24690035299,52.1739130435,810.0,0,26.6631113902,194.0,62.0790629575,292.095238095,414.0
11:06:04,3093.0,3088.62121112,8.24813110145,52.1739130435,144.0,0,26.6670905317,76.0,69.3037974683,268.19047619,262.0
11:06:04,3093.0,3088.6236431,8.24936106766,52.1739130435,32.0,0,26.6710671441,2.0,76.740237691,217.142857143,168.0
11:06:05,3092.0,3088.62551833,8.25031880697,50.0,84.0,0,26.6827904495,58.0,75.2427184466,185.047619048,236.0
11:06:05,3093.0,3088.62794793,8.25151162732,52.1739130435,78.0,0,26.6780201336,24.0,75.1252086811,148.476190476,322.0
11:06:06,3092.0,3088.62982077,8.25243256318,50.0,250.0,0,26.6896266597,24.0,76.1087267525,162.857142857,378.0
11:06:06,3092.0,3088.63169257,8.25335305972,50.0,118.0,0,26.692603686,96.0,66.0056657224,130.0,280.0
11:06:07,3093.0,3088.63411874,8.25454419837,52.1739130435,92.0,0,26.6878247603,-68.0,67.5840978593,122.666666667,136.0
11:06:07,3093.0,3088.63654355,8.25566561445,52.1739130435,62.0,0,26.6914504185,-8.0,66.9590643275,109.238095238,126.0
11:06:08,3093.0,3088.63896702,8.25685556909,52.1739130435,114.0,0,26.6952976692,-22.0,68.3473389356,109.238095238,46.0
11:06:08,3092.0,3088.64083374,8.25780943044,50.0,82.0,0,26.7070162692,64.0,64.6239554318,98.6666666667,86.0
11:06:09,3092.0,3088.64269943,8.25872747779,50.0,234.0,0,26.7099853745,44.0,38.7464387464,131.333333333,106.0
11:06:09,3092.0,3088.64456408,8.2596450868,50.0,56.0,0,26.7129530621,18.0,35.3125,113.904761905,28.0
11:06:10,3092.0,3088.64642769,8.26059738371,50.0,284.0,0,26.7160329357,-54.0,46.3942307692,164.571428571,42.0
11:06:10,3092.0,3088.64829027,8.26154911321,50.0,56.0,0,26.7191109742,10.0,47.4576271186,140.952380952,60.0
11:06:11,3093.0,3088.65070721,8.2627356058,52.1739130435,486.0,0,26.7143084572,-96.0,66.6110183639,240.476190476,-14.0
11:06:11,3093.0,3088.65312282,8.26392147052,52.1739130435,80.0,0,26.7181424847,18.0,66.2207357859,206.285714286,-60.0
11:06:12,3093.0,3088.65553708,8.26510670765,52.1739130435,158.0,0,26.7219744832,-94.0,75.3571428571,194.476190476,-198.0
11:06:12,3094.0,3088.6585054,8.26662966222,54.5454545455,732.0,0,26.7182600589,-388.0,46.6592427617,350.285714286,-604.0
11:06:13,3093.0,3088.66091667,8.26781346586,52.1739130435,18.0,0,26.7307257221,8.0,43.7908496732,269.904761905,-542.0
11:06:13,3093.0,3088.6633266,8.26899664279,52.1739130435,24.0,0,26.7345510598,12.0,42.0560747663,203.904761905,-540.0
11:06:14,3093.0,3088.6657352,8.27017919328,52.1739130435,64.0,0,26.7383743721,-4.0,17.843866171,150.857142857,-448.0
11:06:14,3093.0,3088.66814245,8.27136111759,52.1739130435,28.0,0,26.7421956599,14.0,14.84375,107.619047619,-452.0
11:06:15,3093.0,3088.67054837,8.27254241601,52.1739130435,22.0,0,26.7460149241,6.0,10.1351351351,65.1428571429,-352.0
11:06:15,3094.0,3088.67350836,8.274060309,54.5454545455,58.0,0,26.7422763704,8.0,37.3831775701,39.4285714286,44.0
11:06:16,3093.0,3088.6759113,8.27524017778,52.1739130435,16.0,0,26.7547370766,4.0,40.5660377359,33.8095238095,40.0
11:06:16,3094.0,3088.6788683,8.27672208033,54.5454545455,112.0,0,26.7508793805,-2.0,63.3333333333,55.7142857143,26.0
11:06:17,3093.0,3088.68126826,8.277900591,52.1739130435,16.0,0,26.7633384772,-8.0,66.6666666667,46.0,22.0
11:06:17,3094.0,3088.68422229,8.27938089902,54.5454545455,2.0,0,26.7594728475,0.0,75.2212389381,34.5714285714,8.0
11:06:18,3094.0,3088.68717468,8.28086034606,54.5454545455,22.0,0,26.7642545122,0.0,80.5309734513,30.0952380952,2.0
11:06:18,3093.0,3088.68957003,8.28203676789,52.1739130435,34.0,0,26.7767111797,-6.0,84.1584158416,29.0476190476,-12.0
11:06:19,3093.0,3088.69196405,8.28321256619,52.1739130435,0.0,0,26.7805126615,0.0,0,19.4285714286,-16.0
11:06:19,3093.0,3088.69435674,8.28438774122,52.1739130435,22.0,0,26.7843121281,2.0,68.75,16.8571428571,-12.0
11:06:20,3094.0,3088.6973035,8.28586413384,54.5454545455,32.0,0,26.7804270648,-2.0,76.7857142857,21.4285714286,-6.0
11:06:20,3094.0,3088.70024862,8.28733966756,54.5454545455,24.0,0,26.7851960813,-6.0,73.1343283582,22.9523809524,-12.0
11:06:21,3094.0,3088.70319211,8.28881434283,54.5454545455,32.0,0,26.7899623233,-4.0,73.6111111111,25.7142857143,-16.0
11:06:21,3094.0,3088.70613397,8.29032155012,54.5454545455,50.0,0,26.7948337108,40.0,56.25,33.1428571429,30.0
11:06:22,3094.0,3088.70907419,8.2917944295,54.5454545455,16.0,0,26.7995941484,-2.0,60.2272727273,30.0952380952,28.0
11:06:22,3094.0,3088.71201277,8.29326645185,54.5454545455,102.0,0,26.8043518159,-64.0,73.4375,50.8571428571,-38.0
11:06:23,3093.0,3088.71439433,8.29443655578,52.1739130435,36.0,0,26.8168010209,6.0,66.1538461538,48.9523809524,-30.0
11:06:23,3093.0,3088.71677456,8.29560603889,52.1739130435,116.0,0,26.820582085,98.0,47.1590909091,69.7142857143,74.0
11:06:24,3094.0,3088.71970887,8.29707574825,54.5454545455,28.0,0,26.8166636983,-4.0,47.1264367816,60.9523809524,74.0
11:06:24,3094.0,3088.72264155,8.29854460224,54.5454545455,128.0,0,26.8214111255,-80.0,67.6056338028,80.9523809524,-46.0
11:06:25,3093.0,3088.7250172,8.29971200973,52.1739130435,8.0,0,26.8338571281,-4.0,66.028708134,62.9523809524,-48.0
11:06:25,3093.0,3088.72739153,8.30087879756,52.1739130435,54.0,0,26.837629478,-16.0,59.4594594595,58.4761904762,0.0
11:06:26,3094.0,3088.73031994,8.30237804324,54.5454545455,62.0,0,26.8338010447,50.0,65.1515151515,58.5714285714,44.0
11:06:26,3093.0,3088.73269133,8.30357603687,52.1739130435,230.0,0,26.8463499414,-8.0,73.7254901961,105.428571429,-62.0
11:06:27,3094.0,3088.7356168,8.30504084247,54.5454545455,22.0,0,26.8424073771,-2.0,73.4126984127,87.4285714286,-60.0
11:06:27,3094.0,3088.73854064,8.30653724689,54.5454545455,10.0,0,26.847243849,-6.0,64.7668393782,66.2857142857,14.0
11:06:28,3093.0,3088.74090746,8.30773278319,52.1739130435,14.0,0,26.8597891471,-6.0,64.2857142857,51.9047619048,12.0
11:06:28,3094.0,3088.74382837,8.30922728205,54.5454545455,72.0,0,26.8559382096,12.0,67.8048780488,53.8095238095,40.0
11:06:29,3093.0,3088.74619225,8.31038896428,52.1739130435,16.0,0,26.8683768648,-4.0,64.8351648352,38.8571428571,-14.0
11:06:29,3093.0,3088.74855482,8.31158216412,52.1739130435,8.0,0,26.8722346076,0.0,78.8732394366,23.8095238095,-6.0
11:06:30,3093.0,3088.75091608,8.31277459864,52.1739130435,26.0,0,26.876089876,2.0,64.3835616438,24.4761904762,-2.0
11:06:30,3094.0,3088.75383143,8.31426551844,54.5454545455,208.0,0,26.8722221023,110.0,26.1627906977,76.9523809524,114.0
11:06:31,3094.0,3088.75674516,8.31575541935,54.5454545455,20.0,0,26.8770375545,-10.0,29.7142857143,66.2857142857,110.0
11:06:31,3094.0,3088.75965727,8.31724430192,54.5454545455,206.0,0,26.8818497153,166.0,9.09090909091,108.476190476,264.0
11:06:32,3094.0,3088.76256776,8.31873216669,54.5454545455,94.0,0,26.8866585866,-54.0,21.7081850534,112.285714286,214.0
11:06:32,3094.0,3088.76547664,8.32021722899,54.5454545455,102.0,0,26.8914584001,14.0,33.2317073171,114.666666667,228.0
11:06:33,3093.0,3088.7678285,8.3214044204,52.1739130435,8.0,0,26.9039910132,0.0,33.855799373,85.7142857143,226.0
11:06:33,3094.0,3088.77073445,8.32288928865,54.5454545455,416.0,0,26.9000946627,-172.0,26.0047281324,174.19047619,-56.0
11:06:34,3093.0,3088.77308339,8.32404348396,52.1739130435,90.0,0,26.9125233882,22.0,24.0174672489,159.619047619,-24.0
11:06:34,3094.0,3088.77598643,8.32552654695,54.5454545455,134.0,0,26.9086184452,80.0,28.9099526066,154.285714286,-110.0
11:06:35,3094.0,3088.77888785,8.32700859523,54.5454545455,24.0,0,26.9134085172,18.0,20.9302325581,120.952380952,-38.0
11:06:35,3094.0,3088.78178767,8.32848962935,54.5454545455,4.0,0,26.9181953114,-2.0,9.76331360947,85.2380952381,-54.0
11:06:36,3093.0,3088.78413047,8.32967186228,52.1739130435,2.0,0,26.9307205376,0.0,9.85074626866,53.619047619,-54.0
11:06:36,3093.0,3088.78647197,8.33085333468,52.1739130435,10.0,0,26.9345403643,4.0,24.2424242424,24.5714285714,122.0
11:06:37,3094.0,3088.78936757,8.33233160183,54.5454545455,84.0,0,26.9306128049,-30.0,43.4108527132,36.0,70.0
11:06:37,3094.0,3088.79226156,8.3338088568,54.5454545455,98.0,0,26.9353873846,-78.0,46.8468468468,51.7142857143,-88.0
11:06:38,3094.0,3088.79515394,8.33528510014,54.5454545455,8.0,0,26.9401586947,8.0,50.4854368932,43.4285714286,-98.0
11:06:38,3094.0,3088.79804472,8.33676033238,54.5454545455,18.0,0,26.9449267368,12.0,54.5454545455,38.7619047619,-84.0
11:06:39,3093.0,3088.80037849,8.33793754289,52.1739130435,10.0,0,26.9574443676,0.0,53.5087719298,31.1428571429,-84.0
11:06:39,3094.0,3088.80326637,8.33941089028,54.5454545455,30.0,0,26.9534935045,-24.0,50.8064516129,28.8571428571,-112.0
11:06:40,3093.0,3088.80559724,8.34058646852,52.1739130435,32.0,0,26.9660086276,-14.0,30.612244898,26.1904761905,-96.0
11:06:40,3094.0,3088.80848222,8.34205793288,54.5454545455,30.0,0,26.9620489104,-20.0,54.6875,25.4285714286,-38.0
11:06:41,3094.0,3088.81136559,8.34352838865,54.5454545455,38.0,0,26.9668015147,-22.0,49.3670886076,30.1904761905,-68.0
11:06:41,3094.0,3088.81424737,8.34499461402,54.5454545455,26.0,67.5,26.9715404461,0.0,45.7831325301,30.0952380952,-80.0
11:06:42,3093.0,3088.81657214,8.34616674322,54.5454545455,118.0,0,26.9840502529,-48.0,32.1167883212,55.9047619048,-128.0
11:06:42,3093.0,3088.81889562,8.34733473764,54.5454545455,20.0,0,26.9878265038,-2.0,31.0606060606,48.5714285714,-106.0
11:06:43,3094.0,3088.82177321,8.34880126958,57.1428571429,56.0,0,26.9838437931,-24.0,38.8888888889,52.0,-116.0
11:06:43,3094.0,3088.82464921,8.35026679547,57.1428571429,108.0,0,26.9885804637,-66.0,40.4371584699,69.1428571429,-162.0
11:06:44,3093.0,3088.8269682,8.35143559774,54.5454545455,12.0,0,27.0010850234,-6.0,40.0,55.1428571429,-146.0
11:06:44,3093.0,3088.82928591,8.35259994545,54.5454545455,24.0,0,27.0048494842,-4.0,38.4615384615,45.8095238095,-150.0
11:06:45,3094.0,3088.83215773,8.35405885217,57.1428571429,88.0,0,27.0008366263,48.0,62.3376623377,54.8571428571,-54.0
11:06:45,3094.0,3088.83502796,8.35552046387,57.1428571429,52.0,0,27.005560646,44.0,68.2352941176,55.0476190476,-8.0
11:06:46,3094.0,3088.83789659,8.35697710647,57.1428571429,34.0,0,27.0102686053,26.0,72.9559748428,48.5714285714,42.0
11:06:46,3093.0,3088.84020823,8.35814157307,54.5454545455,238.0,0,27.0227661593,-2.0,44.6428571429,101.428571429,106.0
11:06:47,3094.0,3088.84307398,8.35959609751,57.1428571429,36.0,0,27.0187333468,0.0,48.3050847458,90.380952381,112.0
11:06:47,3093.0,3088.84538274,8.36075465741,54.5454545455,20.0,0,27.0312145406,4.0,48.2905982906,73.619047619,120.0
11:06:48,3094.0,3088.84824562,8.36220697414,57.1428571429,10.0,0,27.0271718621,0.0,40.0,54.1904761905,72.0
11:06:48,3094.0,3088.85110691,8.36365811612,57.1428571429,8.0,0,27.0318620431,0.0,33.5260115607,37.9047619048,28.0
11:06:49,3094.0,3088.85396662,8.36510808395,57.1428571429,122.0,0,27.0365484291,-22.0,47.465437788,56.2857142857,-20.0
11:06:49,3093.0,3088.85626933,8.36626264334,54.5454545455,20.0,0,27.0490224485,6.0,85.1851851852,41.3333333333,-12.0
11:06:50,3093.0,3088.85857076,8.36737843733,54.5454545455,46.0,0,27.05262993,6.0,84.9557522124,44.1904761905,-6.0
11:06:50,3094.0,3088.86142632,8.36878713261,57.1428571429,2.0,0,27.0484393426,0.0,89.4230769231,34.0,-10.0
11:06:51,3093.0,3088.86372489,8.36990065412,54.5454545455,2.0,0,27.0607845267,0.0,90.0,24.6666666667,-10.0
11:06:51,3094.0,3088.86657758,8.37123546773,57.1428571429,2.0,0,27.0563525137,2.0,91.7525773196,15.7142857143,-8.0
11:06:52,3093.0,3088.86887329,8.37227521549,54.5454545455,406.0,0,27.0684617378,-282.0,96.2343096235,122.476190476,-268.0
11:06:52,3093.0,3088.87116772,8.37331371912,54.5454545455,78.0,0,27.0718193312,18.0,89.1791044776,122.0,-256.0
11:06:53,3094.0,3088.87401628,8.37464422959,57.1428571429,16.0,0,27.0673698435,2.0,89.7233201581,101.047619048,-260.0
11:06:53,3094.0,3088.87686326,8.37597320216,57.1428571429,68.0,0,27.0716651654,52.0,82.5174825175,96.380952381,-208.0
11:06:54,3094.0,3088.87970866,8.37730063757,57.1428571429,34.0,0,27.075955519,16.0,80.463576159,78.8571428571,-192.0
11:06:54,3094.0,3088.88255247,8.37862653654,57.1428571429,18.0,0,27.0802409067,18.0,80.9677419355,55.2380952381,-176.0
11:06:55,3094.0,3088.88539471,8.37995089982,57.1428571429,60.0,0,27.084521331,20.0,56.9343065693,42.8571428571,126.0
11:06:55,3093.0,3088.88767997,8.38098126198,54.5454545455,2.0,0,27.0966093177,2.0,63.6363636364,30.380952381,110.0
11:06:56,3093.0,3088.88996396,8.38201038361,54.5454545455,18.0,0,27.0999365781,14.0,60.0,26.0952380952,122.0
11:06:56,3093.0,3088.89224667,8.38293283319,54.5454545455,24.0,0,27.1029189563,2.0,78.2051282051,23.4285714286,72.0
11:06:57,3094.0,3088.89508353,8.38425143618,57.1428571429,4.0,0,27.0984209314,4.0,87.3015873016,17.1428571429,60.0
11:06:57,3093.0,3088.8973634,8.38527661374,54.5454545455,6.0,0,27.1104966497,0.0,80.701754386,12.8571428571,42.0
11:06:58,3094.0,3088.90019741,8.38659230889,57.1428571429,16.0,0,27.1059867773,2.0,71.4285714286,12.0,24.0
11:06:58,3094.0,3088.90302985,8.38790647301,57.1428571429,462.0,0,27.1102342373,-152.0,84.9056603774,140.666666667,-130.0
11:06:59,3093.0,3088.90530531,8.38892766271,54.5454545455,34.0,0,27.1223008817,-4.0,83.8827838828,125.142857143,-148.0
11:06:59,3094.0,3088.90813491,8.39023892283,57.1428571429,26.0,0,27.1177728598,2.0,83.5766423358,106.571428571,-148.0
11:07:00,3094.0,3088.91096294,8.39162162995,57.1428571429,6.0,0,27.122241855,-4.0,83.6363636364,82.1904761905,-156.0
11:07:00,3094.0,3088.9137894,8.39300299688,57.1428571429,22.0,0,27.1267065187,-14.0,84.8056537102,62.2857142857,-170.0
11:07:01,3094.0,3088.91661429,8.39430987005,57.1428571429,50.0,0,27.1309304139,-24.0,85.3333333333,49.619047619,-196.0
11:07:01,3093.0,3088.9188822,8.39532451817,54.5454545455,24.0,0,27.1429826,-2.0,77.7777777778,27.9047619048,-46.0
11:07:02,3094.0,3088.92170426,8.39662849373,57.1428571429,10.0,0,27.1384243495,4.0,81.1594202899,23.0476190476,-38.0
11:07:02,3093.0,3088.92396935,8.39764053705,54.5454545455,8.0,0,27.1504705369,2.0,80.0,18.7619047619,-38.0
11:07:03,3093.0,3088.92623319,8.39872487658,54.5454545455,6.0,0,27.1539763226,-2.0,80.0,14.7619047619,-36.0
11:07:03,3093.0,3088.92849576,8.39973454534,54.5454545455,8.0,0,27.1572406897,-6.0,71.6981132075,11.3333333333,-28.0
11:07:04,3093.0,3088.93075708,8.40063620092,54.5454545455,576.0,0,27.1601558387,-306.0,68.3544303798,170.857142857,-310.0
11:07:04,3094.0,3088.93357255,8.40182629599,57.1428571429,26.0,0,27.1552239689,2.0,66.2460567824,148.19047619,-306.0
11:07:05,3094.0,3088.93638645,8.40301467067,57.1428571429,18.0,0,27.1590648697,4.0,65.4205607477,123.142857143,-306.0
11:07:05,3093.0,3088.93864338,8.40377163544,54.5454545455,42.0,0,27.1702930341,2.0,62.1301775148,104.571428571,-306.0
11:07:06,3093.0,3088.94089906,8.40452698047,54.5454545455,6.0,0,27.1727351454,-4.0,61.8343195266,74.0952380952,-308.0
11:07:06,3094.0,3088.9437089,8.40556994932,57.1428571429,8.0,0,27.1673236888,0.0,62.7218934911,44.1904761905,-302.0
11:07:07,3094.0,3088.94651717,8.40643745374,57.1428571429,18.0,0,27.1701275169,0.0,32.2033898305,17.1428571429,4.0
11:07:07,3094.0,3088.94932388,8.40709609423,57.1428571429,160.0,0,27.1722562839,-98.0,77.7777777778,57.2380952381,-96.0
11:07:08,3093.0,3088.95157363,8.40746359705,54.5454545455,84.0,0,27.1822295411,-42.0,83.0188679245,69.2380952381,-142.0
11:07:08,3093.0,3088.95382213,8.40782901894,54.5454545455,40.0,0,27.1834109891,-14.0,87.9746835443,65.5238095238,-158.0
11:07:09,3094.0,3088.95662478,8.408687894,57.1428571429,150.0,0,27.1774010795,-26.0,87.3913043478,93.3333333333,-180.0
11:07:09,3093.0,3088.95887048,8.4094305115,54.5454545455,24.0,0,27.188588786,-4.0,87.3949579832,78.2857142857,-184.0
11:07:10,3094.0,3088.96167033,8.41028536971,57.1428571429,26.0,0,27.1825642201,-14.0,84.2975206612,63.0476190476,-198.0
11:07:10,3094.0,3088.96446862,8.41131247007,57.1428571429,26.0,0,27.1858838722,-8.0,77.1428571429,47.4285714286,-108.0
11:07:11,3094.0,3088.96726536,8.41233764725,57.1428571429,22.0,0,27.1891973085,-4.0,75.0,37.0476190476,-70.0
11:07:11,3094.0,3088.97006055,8.41318629453,57.1428571429,422.0,0,27.1919401892,-340.0,88.9552238806,143.904761905,-396.0
11:07:12,3093.0,3088.97229878,8.41374532635,54.5454545455,6.0,0,27.2025390441,2.0,89.7338403042,113.714285714,-368.0
11:07:12,3094.0,3088.97509118,8.414764687,57.1428571429,10.0,0,27.1970416516,4.0,89.453125,91.5238095238,-360.0
11:07:13,3094.0,3088.97788202,8.41578212715,57.1428571429,2.0,0,27.2003300813,0.0,92.2131147541,67.7142857143,-346.0
11:07:13,3093.0,3088.98011591,8.41651065129,54.5454545455,42.0,0,27.2114796356,-12.0,86.5079365079,56.4761904762,-350.0
11:07:14,3093.0,3088.98234855,8.41737970944,54.5454545455,40.0,0,27.2142893936,0.0,80.0766283525,43.9047619048,-346.0
11:07:14,3094.0,3088.98513536,8.41839182906,57.1428571429,18.0,0,27.2087647998,6.0,25.4237288136,24.1904761905,0.0
11:07:15,3093.0,3088.98736523,8.41911548076,54.5454545455,122.0,0,27.219901328,24.0,17.9487179487,53.4285714286,22.0
11:07:15,3093.0,3088.98959385,8.41997998132,54.5454545455,120.0,0,27.2226963509,88.0,10.4651162791,76.5714285714,106.0
11:07:16,3093.0,3088.99182123,8.4207005185,54.5454545455,68.0,0,27.2250259247,28.0,15.1219512195,79.619047619,134.0
11:07:16,3093.0,3088.99404738,8.42141944558,54.5454545455,2.0,0,27.2273502929,2.0,14.5945945946,60.6666666667,148.0
11:07:17,3093.0,3088.99627229,8.42196099987,54.5454545455,20.0,0,27.2291011958,8.0,15.4285714286,48.7619047619,156.0
11:07:17,3093.0,3088.99849597,8.42267660384,54.5454545455,34.0,0,27.23141482,26.0,19.1256830601,41.8095238095,176.0
11:07:18,3094.0,3089.00127381,8.42381928844,57.1428571429,28.0,0,27.2263066853,20.0,22.0588235294,32.380952381,172.0
11:07:18,3093.0,3089.00349471,8.42453163881,54.5454545455,64.0,0,27.2374123466,-2.0,56.4814814815,37.7142857143,82.0
11:07:19,3093.0,3089.00571437,8.42524238121,54.5454545455,1446.0,0,27.2397102529,-310.0,6.148055207,440.571428571,-256.0
11:07:19,3093.0,3089.0079328,8.42595151604,54.5454545455,2.0,0,27.2420029616,0.0,6.27352572143,365.238095238,-258.0
11:07:20,3092.0,3089.0095946,8.42623049867,52.1739130435,1126.0,0,27.2517157137,-294.0,19.2592592593,611.047619048,-560.0
11:07:20,3092.0,3089.01125547,8.42668442608,52.1739130435,818.0,0,27.2531837842,420.0,14.2365097589,716.19047619,-166.0
11:07:21,3091.0,3089.01236003,8.42691805107,50.0,96.0,0,27.2627565548,-52.0,16.0472972973,577.714285714,-238.0
11:07:21,3091.0,3089.01346396,8.42697386849,50.0,794.0,0,27.2629371352,-14.0,13.2181223727,635.428571429,-250.0
11:07:22,3091.0,3089.01456729,8.42734899664,50.0,352.0,0,27.2641507494,-214.0,17.6913425345,532.095238095,-154.0
11:07:22,3091.0,3089.01567,8.42757927969,50.0,306.0,0,27.2648957609,84.0,16.2084765178,467.714285714,-70.0
11:07:23,3092.0,3089.0173275,8.42802698214,52.1739130435,192.0,0,27.2575258155,14.0,5.94214229868,356.285714286,238.0
11:07:23,3091.0,3089.01842868,8.42839904232,50.0,152.0,0,27.2675478561,0.0,10.9936575053,277.904761905,-182.0
11:07:24,3091.0,3089.01952925,8.42862597358,50.0,98.0,0,27.2682820239,52.0,8.65892291448,215.80952381,-78.0
11:07:24,3091.0,3089.0206292,8.42885179105,50.0,90.0,0,27.2690125883,30.0,10.5882352941,151.333333333,-34.0
11:07:25,3091.0,3089.02172855,8.42922088557,50.0,960.0,0,27.2702066825,-684.0,6.56284760847,368.952380952,-504.0
11:07:25,3091.0,3089.02282728,8.4294445726,50.0,278.0,0,27.2709303546,14.0,19.6610169492,362.761904762,-574.0
11:07:26,3091.0,3089.02392541,8.42981171897,50.0,298.0,0,27.2721181461,-220.0,35.2878464819,363.619047619,-808.0
11:07:26,3091.0,3089.02502292,8.43017793407,50.0,388.0,0,27.2733029248,116.0,28.6931818182,385.142857143,-692.0
11:07:27,3091.0,3089.02611983,8.43039847465,50.0,272.0,0,27.2740164175,20.0,25.4593175853,362.285714286,-724.0
11:07:27,3090.0,3089.02666072,8.43043325465,48.0,232.0,0,27.2829555167,168.0,14.9093904448,319.714285714,-586.0
11:07:28,3090.0,3089.02720131,8.43061204447,48.0,1362.0,0,27.2835341245,72.0,18.0918727915,593.238095238,170.0
11:07:28,3090.0,3089.02774161,8.43064508464,48.0,658.0,0,27.2836410506,-380.0,9.15887850467,646.476190476,-224.0
11:07:29,3090.0,3089.0282816,8.43082230495,48.0,118.0,0,27.2842145791,-12.0,-0.330033003299,527.333333333,-16.0
11:07:29,3090.0,3089.0288213,8.43099878022,48.0,258.0,0,27.2847856965,-128.0,-0.137931034481,456.761904762,-260.0
11:07:30,3090.0,3089.02936069,8.4311745105,48.0,272.0,0,27.2853544029,72.0,0.0689655172423,396.380952381,-208.0
11:07:30,3090.0,3089.02989978,8.43120416231,48.0,418.0,0,27.2854503635,-172.0,6.93454309786,377.714285714,-548.0
11:07:31,3090.0,3089.03043858,8.43123289884,48.0,702.0,0,27.2855433619,-378.0,3.29760923332,431.333333333,-998.0
11:07:31,3090.0,3089.03097707,8.4312607201,48.0,450.0,58.5365853659,27.2856333984,130.0,4.68890892697,444.380952381,-488.0
11:07:32,3089.0,3089.03095987,8.43095815898,39.1304347826,330.0,0,27.2934870799,-106.0,16.6255144033,433.047619048,-582.0
11:07:32,3090.0,3089.03149808,8.43098415074,40.9090909091,1064.0,0,27.2847383519,-380.0,31.2731767614,621.333333333,-834.0
11:07:33,3090.0,3089.03203598,8.43083047328,40.9090909091,524.0,0,27.2842410138,-64.0,28.8417431193,616.952380952,-970.0
11:07:33,3090.0,3089.03257359,8.43085454348,40.9090909091,94.0,0,27.2843189109,-42.0,33.4386852086,477.714285714,-840.0
11:07:34,3091.0,3089.0336663,8.43106117375,43.4782608696,492.0,0,27.2761603809,-90.0,52.1327014218,467.619047619,-552.0
11:07:34,3092.0,3089.03531381,8.43130393896,45.8333333333,182.0,0,27.268123994,-154.0,58.5256887565,378.952380952,-836.0
11:07:35,3091.0,3089.036405,8.43165434904,43.4782608696,160.0,0,27.278079421,-24.0,50.079491256,296.761904762,-754.0
11:07:35,3092.0,3089.03805098,8.43207361401,45.8333333333,136.0,0,27.2706132407,-34.0,40.6801007557,215.80952381,-408.0
11:07:36,3092.0,3089.03969605,8.43231218657,45.8333333333,102.0,0,27.2713848207,34.0,55.4030874786,169.333333333,-310.0
11:07:36,3091.0,3089.04078481,8.43233337927,43.4782608696,448.0,0,27.2802762189,-336.0,65.9210526316,241.80952381,-604.0
11:07:37,3091.0,3089.04187296,8.43253282689,43.4782608696,14.0,0,27.2809214717,4.0,48.9443378119,173.428571429,-510.0
11:07:37,3092.0,3089.04351591,8.43276710422,45.8333333333,288.0,0,27.2728560938,14.0,60.9756097561,206.095238095,-342.0
11:07:38,3092.0,3089.04515794,8.43278708797,45.8333333333,266.0,0,27.2729207243,-228.0,76.7145135566,227.428571429,-546.0
11:07:38,3092.0,3089.04679906,8.43301814665,45.8333333333,62.0,0,27.2736680034,4.0,85.4237288136,185.428571429,-508.0
11:07:39,3092.0,3089.04843927,8.43324765273,45.8333333333,56.0,0,27.2744102611,-28.0,88.0070546737,145.238095238,-570.0
11:07:39,3092.0,3089.05007858,8.4332625116,45.8333333333,198.0,0,27.2744583169,4.0,65.3846153846,147.80952381,-230.0
11:07:40,3092.0,3089.05171697,8.43348879962,45.8333333333,14.0,0,27.275190167,-4.0,65.8371040724,109.714285714,-238.0
11:07:40,3092.0,3089.05335445,8.43350019964,45.8333333333,18.0,0,27.2752270363,6.0,54.0716612378,72.7619047619,-246.0
11:07:41,3093.0,3089.05554642,8.43351103238,48.0,34.0,0,27.266443687,-8.0,21.9895287958,53.2380952381,-26.0
11:07:41,3092.0,3089.05718177,8.43299250885,45.8333333333,22.0,0,27.2735850868,-8.0,12.2807017544,41.3333333333,-38.0
11:07:42,3093.0,3089.05937162,8.43240633172,48.0,86.0,0,27.2628720715,0.0,12.9032258064,49.619047619,-10.0
11:07:42,3092.0,3089.06100485,8.43156993257,45.8333333333,16.0,0,27.268984258,-4.0,25.2631578947,36.4761904762,-18.0
11:07:43,3092.0,3089.06263717,8.43038481888,45.8333333333,22.0,0,27.2651514194,-4.0,26.2626262626,33.7142857143,-18.0
11:07:43,3093.0,3089.06482398,8.42944352908,48.0,10.0,0,27.2532930135,-2.0,23.1578947368,27.1428571429,-26.0
11:07:44,3093.0,3089.06700959,8.42811943569,48.0,20.0,0,27.2490120779,-8.0,19.3181818182,23.8095238095,-26.0
11:07:44,3092.0,3089.06863857,8.42654480379,45.8333333333,22.0,0,27.2527322244,0.0,15.9090909091,21.7142857143,-18.0
11:07:45,3092.0,3089.07026665,8.42496657135,45.8333333333,4.0,0,27.2476279798,-2.0,23.4042553192,14.4761904762,-20.0
11:07:45,3092.0,3089.07189383,8.42338473636,45.8333333333,56.0,0,27.2425120839,40.0,47.7611940299,26.0,24.0
11:07:46,3092.0,3089.07352011,8.42179929677,45.8333333333,26.0,0,27.2373845303,-2.0,47.8260869565,27.0476190476,26.0
11:07:46,3093.0,3089.07570088,8.42045640753,48.0,42.0,0,27.2242366878,-10.0,55.2941176471,32.4761904762,18.0
11:07:47,3092.0,3089.07732504,8.41924448973,45.8333333333,32.0,0,27.2291218943,-4.0,58.2417582418,33.5238095238,22.0
11:07:47,3093.0,3089.0795037,8.41827530924,48.0,36.0,0,27.2171849636,10.0,65.306122449,35.1428571429,32.0
11:07:48,3092.0,3089.08112574,8.41705697206,45.8333333333,212.0,0,27.2220471283,-30.0,67.3267326733,86.380952381,4.0
11:07:48,3092.0,3089.08274689,8.41583548793,45.8333333333,26.0,0,27.2180966621,-4.0,61.4973262032,74.5714285714,-40.0
11:07:49,3093.0,3089.08492254,8.41520503902,48.0,728.0,0,27.2072584514,-68.0,87.5464684015,264.761904762,-106.0
11:07:49,3092.0,3089.08654157,8.41397734354,45.8333333333,182.0,0,27.2120871395,-70.0,86.0197368421,265.523809524,-166.0
11:07:50,3093.0,3089.08871511,8.41334081246,48.0,78.0,0,27.2012312074,2.0,81.616481775,229.904761905,-160.0
11:07:50,3093.0,3089.09088745,8.41270126151,48.0,78.0,0,27.1991634708,34.0,78.0674846626,192.095238095,-136.0
11:07:51,3093.0,3089.09305857,8.41205869002,48.0,64.0,0,27.1970859684,50.0,79.0657439446,148.285714286,-56.0
11:07:51,3093.0,3089.09522849,8.41141309729,48.0,62.0,0,27.194998698,20.0,80.033557047,110.952380952,-32.0
11:07:52,3092.0,3089.09684181,8.41083670017,45.8333333333,2.0,0,27.2019298194,0.0,49.7854077253,54.7619047619,36.0
11:07:52,3092.0,3089.09845423,8.41025791486,45.8333333333,2.0,0,27.2000579394,0.0,33.5664335664,33.1428571429,106.0
11:07:53,3092.0,3089.10006575,8.40967674086,45.8333333333,108.0,0,27.198178334,80.0,35.4430379747,50.380952381,184.0
11:07:53,3093.0,3089.10223178,8.40933740288,48.0,24.0,0,27.1882877559,22.0,46.5648854962,42.1904761905,172.0
11:07:54,3092.0,3089.1038412,8.40875132023,45.8333333333,28.0,0,27.1951853824,22.0,41.592920354,37.7142857143,144.0
11:07:54,3092.0,3089.10544973,8.40816284744,45.8333333333,32.0,0,27.1932821716,10.0,39.7959183674,36.0952380952,134.0
11:07:55,3093.0,3089.10761277,8.40781580373,48.0,24.0,0,27.183368263,8.0,44.9541284404,33.619047619,142.0
11:07:55,3092.0,3089.1092192,8.40750737418,45.8333333333,20.0,0,27.191162271,8.0,46.6101694915,28.9523809524,150.0
11:07:56,3093.0,3089.11138015,8.40715531061,48.0,28.0,0,27.181232818,2.0,64.1025641026,25.7142857143,72.0
11:07:56,3093.0,3089.11353989,8.40648224586,48.0,2.0,0,27.1790567277,0.0,59.7014925373,18.8571428571,50.0
11:07:57,3093.0,3089.11569844,8.4061246778,48.0,58.0,0,27.1779006718,12.0,73.1707317073,29.0476190476,40.0
11:07:57,3093.0,3089.11785578,8.40544574724,48.0,32.0,0,27.1757056167,-2.0,76.8292682927,30.380952381,28.0
11:07:58,3092.0,3089.11945653,8.40452082472,45.8333333333,2.0,0,27.1815033141,0.0,74.6478873239,23.1428571429,20.0
11:07:58,3093.0,3089.12161179,8.40348382709,48.0,148.0,0,27.1693625189,-34.0,42.2222222222,58.6666666667,-22.0
11:07:59,3092.0,3089.12321045,8.40255306862,45.8333333333,50.0,0,27.1751392905,6.0,49.3150684932,60.0952380952,-18.0
11:07:59,3093.0,3089.12536362,8.40186211264,48.0,112.0,0,27.1641193425,4.0,62.6865671642,78.1904761905,-14.0
11:08:00,3093.0,3089.1275156,8.40116812406,48.0,44.0,0,27.1618756032,-32.0,55.6701030928,71.619047619,-58.0
11:08:00,3092.0,3089.12911098,8.40054869883,45.8333333333,22.0,0,27.1686568526,2.0,53.4391534391,59.4285714286,-54.0
11:08:01,3092.0,3089.13070548,8.39925371005,45.8333333333,58.0,0,27.1644686612,0.0,48.8479262673,58.0,-54.0
11:08:01,3093.0,3089.13285449,8.39855090657,48.0,160.0,0,27.1534138589,90.0,75.7847533632,83.0476190476,70.0
11:08:02,3092.0,3089.13444691,8.39760320009,45.8333333333,84.0,0,27.1591306601,-36.0,62.9166666667,85.8095238095,28.0
11:08:02,3092.0,3089.13603844,8.3966527309,45.8333333333,130.0,0,27.1560566976,24.0,47.3895582329,100.095238095,48.0
11:08:03,3092.0,3089.13762909,8.39569949806,45.8333333333,212.0,0,27.1529737971,-40.0,63.6636636637,136.952380952,40.0
11:08:03,3093.0,3089.13977425,8.39498498149,48.0,74.0,0,27.1418848416,40.0,66.852367688,126.380952381,78.0
11:08:04,3092.0,3089.14136282,8.39434730439,45.8333333333,162.0,0,27.1486005963,-128.0,69.3430656934,138.476190476,-50.0
11:08:04,3093.0,3089.14350592,8.39362704675,48.0,54.0,0,27.1374944932,-46.0,65.9217877095,114.761904762,-186.0
11:08:05,3093.0,3089.14564782,8.39322532787,48.0,312.0,0,27.1361956931,-256.0,82.4152542373,169.80952381,-406.0
11:08:05,3094.0,3089.14834393,8.39309493068,50.0,42.0,0,27.1270036544,-2.0,86.214953271,136.857142857,-432.0
11:08:06,3093.0,3089.15048315,8.39268771603,48.0,168.0,0,27.1344575365,-146.0,83.2512315271,144.095238095,-538.0
11:08:06,3093.0,3089.15262117,8.39256679861,48.0,86.0,0,27.1340665975,-82.0,73.3009708738,130.0,-660.0
11:08:07,3094.0,3089.15531341,8.3927170763,50.0,406.0,0,27.1257824056,-402.0,85.0187265918,206.761904762,-934.0
11:08:07,3094.0,3089.15800416,8.39312085583,50.0,24.0,0,27.1270874461,-4.0,84.9710982659,162.761904762,-892.0
11:08:08,3094.0,3089.16069341,8.39352226257,50.0,164.0,0,27.1283848176,74.0,76.404494382,160.19047619,-562.0
11:08:08,3094.0,3089.16338117,8.39392129685,50.0,154.0,0,27.1296745212,44.0,80.2395209581,161.80952381,-516.0
11:08:09,3093.0,3089.16551203,8.39404504896,48.0,28.0,0,27.1388459391,2.0,76.7981438515,122.095238095,-368.0
11:08:09,3093.0,3089.16764171,8.39391003152,48.0,6.0,0,27.1384094133,4.0,84.6547314578,82.7619047619,-282.0
11:08:10,3094.0,3089.17032561,8.39404528336,50.0,26.0,0,27.1300752533,20.0,65.1741293532,52.9523809524,140.0
11:08:10,3094.0,3089.17300801,8.39417787649,50.0,54.0,0,27.1305038025,44.0,56.9444444444,49.2380952381,188.0
11:08:11,3094.0,3089.17568893,8.39401754558,50.0,28.0,0,27.129985603,0.0,55.4054054054,36.6666666667,114.0
11:08:11,3094.0,3089.17836836,8.39414466981,50.0,4.0,0,27.1303964764,0.0,26.0273972603,23.7142857143,70.0
11:08:12,3093.0,3089.1804909,8.39370656364,48.0,2.0,0,27.1377515798,0.0,31.6666666667,17.3333333333,68.0
11:08:12,3093.0,3089.18261226,8.39326577779,48.0,20.0,0,27.136326472,2.0,29.8507462686,17.3333333333,66.0
11:08:13,3094.0,3089.18528784,8.39309401135,50.0,250.0,0,27.1270006831,178.0,22.905027933,82.380952381,224.0
11:08:13,3094.0,3089.18796194,8.39291926269,50.0,48.0,0,27.1264358846,8.0,29.5454545455,79.0476190476,188.0
11:08:14,3093.0,3089.19007915,8.39247015168,48.0,78.0,0,27.1337541277,-40.0,36.3184079602,84.5714285714,148.0
11:08:14,3093.0,3089.19219519,8.39169379156,48.0,104.0,0,27.1312440723,16.0,48.2071713147,95.1428571429,164.0
11:08:15,3093.0,3089.19431005,8.39123914373,48.0,176.0,0,27.1297741472,-90.0,39.6449704142,121.523809524,74.0
11:08:15,3094.0,3089.19697913,8.39105277003,50.0,44.0,0,27.1204032645,10.0,38.2857142857,101.904761905,82.0
11:08:16,3093.0,3089.19909133,8.39059261581,48.0,50.0,0,27.1276838532,20.0,45.2,82.8571428571,-76.0
11:08:16,3093.0,3089.20120236,8.39012977853,48.0,154.0,0,27.1261874508,30.0,42.2442244224,103.047619048,-54.0
11:08:17,3093.0,3089.20331222,8.38966425777,48.0,22.0,0,27.1246823723,16.0,37.8181818182,80.4761904762,2.0
11:08:17,3093.0,3089.20542091,8.38919605306,48.0,14.0,0,27.1231686164,12.0,26.9565217391,58.2857142857,-2.0
11:08:18,3093.0,3089.20752842,8.38872516397,48.0,122.0,0,27.1216461816,122.0,54.1871921182,71.2380952381,210.0
11:08:18,3093.0,3089.20963476,8.38825159003,48.0,186.0,0,27.1201150664,6.0,41.2408759124,105.047619048,206.0
11:08:19,3093.0,3089.21173994,8.3877753308,48.0,62.0,0,27.1185752693,-22.0,43.5714285714,96.6666666667,164.0
11:08:19,3093.0,3089.21384394,8.38729638582,48.0,24.0,0,27.1170267889,4.0,46.0465116279,76.8571428571,138.0
11:08:20,3092.0,3089.21539138,8.38687155656,45.8333333333,106.0,0,27.1244228867,60.0,35.4085603113,86.6666666667,182.0
11:08:20,3093.0,3089.21749335,8.38668107444,48.0,10.0,0,27.1150374214,2.0,34.1176470588,65.0476190476,172.0
11:08:21,3093.0,3089.21959416,8.38648823266,48.0,6.0,0,27.1144139433,-6.0,14.7208121827,42.4761904762,44.0
11:08:21,3093.0,3089.2216938,8.38629303104,48.0,110.0,64.2857142857,27.1137828356,8.0,50.3144654088,55.1428571429,46.0
11:08:22,3093.0,3089.22379228,8.38609546942,35.0,64.0,0,27.1131440977,2.0,44.375,58.2857142857,70.0
11:08:22,3093.0,3089.22588959,8.38589554763,35.0,14.0,0,27.1124977292,-2.0,44.5161290322,47.0476190476,64.0
11:08:23,3092.0,3089.22743034,8.38545753498,33.3333333333,418.0,0,27.119849725,-112.0,22.1864951768,151.714285714,-108.0
11:08:23,3092.0,3089.22897022,8.38501742896,33.3333333333,440.0,0,27.118426355,-334.0,14.4486692015,247.80952381,-444.0
11:08:24,3092.0,3089.23050926,8.38457522923,33.3333333333,28.0,0,27.1169962136,2.0,16.2011173184,205.714285714,-436.0
11:08:24,3091.0,3089.23149204,8.38392869821,31.8181818182,26.0,0,27.1236774449,2.0,8.88888888889,162.0,-442.0
11:08:25,3092.0,3089.23302967,8.38348243738,33.3333333333,4.0,0,27.1134619579,0.0,9.24731182795,116.0,-444.0
11:08:25,3092.0,3089.23456645,8.3830340818,33.3333333333,64.0,0,27.1120119075,-60.0,14.4897959184,90.0,-502.0
11:08:26,3091.0,3089.23554697,8.38238176158,31.8181818182,50.0,0,27.1186727971,16.0,26.7973856209,57.619047619,-374.0
11:08:26,3092.0,3089.23708235,8.38192934271,33.3333333333,18.0,0,27.1084390126,10.0,77.8947368421,33.619047619,-30.0
11:08:27,3091.0,3089.23806148,8.38127319875,31.8181818182,2.0,0,27.1150863758,0.0,73.1707317073,25.1428571429,-32.0
11:08:27,3091.0,3089.23904006,8.38031953319,31.8181818182,8.0,0,27.1120010779,-6.0,69.8630136986,19.619047619,-40.0
11:08:28,3091.0,3089.2400181,8.37965952471,31.8181818182,618.0,0,27.1098658192,-284.0,66.8421052631,189.238095238,-324.0
11:08:28,3091.0,3089.2409956,8.37899765931,31.8181818182,30.0,0,27.1077245529,8.0,60.6060606061,161.619047619,-256.0
11:08:29,3091.0,3089.24197255,8.37833393656,31.8181818182,26.0,0,27.1055772778,2.0,62.3931623932,134.476190476,-270.0
11:08:29,3092.0,3089.24350436,8.37786941815,33.3333333333,56.0,0,27.0953085969,36.0,62.4324324324,117.047619048,-244.0
11:08:30,3092.0,3089.24503532,8.37766607647,33.3333333333,20.0,0,27.0946509588,8.0,62.2691292876,87.5238095238,-236.0
11:08:30,3092.0,3089.24656543,8.37719751435,33.3333333333,14.0,0,27.0931355574,12.0,62.8272251309,55.4285714286,-218.0
11:08:31,3092.0,3089.2480947,8.37672685348,33.3333333333,8.0,0,27.0916133683,4.0,51.9480519481,21.3333333333,70.0
11:08:31,3092.0,3089.24962311,8.3762540935,33.3333333333,130.0,0,27.0900843904,-36.0,37.0078740157,51.1428571429,26.0
11:08:32,3092.0,3089.25115067,8.37577923406,33.3333333333,8.0,0,27.0885486225,4.0,30.5084745763,41.3333333333,28.0
11:08:32,3092.0,3089.25267738,8.37530227481,33.3333333333,44.0,0,27.0870060634,10.0,35.7142857143,42.6666666667,2.0
11:08:33,3091.0,3089.25364785,8.37488721133,31.8181818182,16.0,0,27.0944264359,10.0,32.7272727273,36.5714285714,4.0
11:08:33,3091.0,3089.25461778,8.37447057015,31.8181818182,14.0,0,27.0930785188,10.0,27.2727272727,30.0952380952,2.0
11:08:34,3092.0,3089.25614256,8.37425231138,33.3333333333,408.0,0,27.0836103214,-106.0,138.064516129,136.19047619,-108.0
11:08:34,3092.0,3089.25766651,8.37403224094,33.3333333333,58.0,0,27.08289858,-28.0,155.109489051,123.238095238,-100.0
11:08:35,3093.0,3089.259745,8.37404322893,35.0,6.0,0,27.0741779144,-2.0,155.677655678,98.8571428571,-106.0
11:08:35,3092.0,3089.26126694,8.37381941191,33.3333333333,54.0,0,27.0822102584,-2.0,146.402877698,88.2857142857,-118.0
11:08:36,3092.0,3089.26278804,8.37332879493,33.3333333333,22.0,0,27.0806235282,-4.0,146.263345196,68.0952380952,-132.0
11:08:36,3092.0,3089.26430829,8.37253773921,33.3333333333,16.0,0,27.0780651333,-2.0,145.744680851,45.9047619048,-144.0
11:08:37,3092.0,3089.2658277,8.37204276148,33.3333333333,2.0,0,27.0764642997,-2.0,11.3924050633,19.619047619,-40.0
11:08:37,3092.0,3089.26734626,8.37154568066,33.3333333333,10.0,0,27.0748566645,-4.0,18.1818181818,14.9523809524,-16.0
11:08:38,3092.0,3089.26886398,8.37104649637,33.3333333333,12.0,0,27.0732422263,-6.0,17.2413793103,13.1428571429,-20.0
11:08:38,3092.0,3089.27038086,8.37054520825,33.3333333333,444.0,0,27.071620984,-210.0,89.3280632411,134.476190476,-228.0
11:08:39,3092.0,3089.27189689,8.36974267916,33.3333333333,38.0,0,27.0690254824,-34.0,84.6743295019,121.238095238,-258.0
11:08:39,3092.0,3089.27341208,8.36923702586,33.3333333333,12.0,0,27.0673901225,-2.0,84.9420849421,99.8095238095,-258.0
11:08:40,3092.0,3089.27492643,8.36842979799,33.3333333333,80.0,0,27.0647794243,-4.0,73.8255033557,98.0,-260.0
11:08:40,3093.0,3089.27699534,8.36815126271,35.0,40.0,0,27.0551285571,20.0,73.482428115,81.0476190476,-236.0
11:08:41,3092.0,3089.2785077,8.36763901222,33.3333333333,8.0,0,27.0622219024,4.0,74.2765273312,53.5238095238,-226.0
11:08:41,3093.0,3089.28057463,8.3670559154,35.0,2.0,0,27.051587182,0.0,17.7777777778,24.4761904762,-16.0
11:08:42,3092.0,3089.282085,8.36653917104,33.3333333333,46.0,0,27.0586648481,-40.0,19.1489361702,29.0476190476,-22.0
11:08:42,3092.0,3089.28359453,8.36572002447,33.3333333333,16.0,0,27.0560156031,6.0,19.7916666667,24.6666666667,-14.0
11:08:43,3092.0,3089.28510323,8.36489843625,33.3333333333,14.0,0,27.0533584613,14.0,30.1587301587,19.5238095238,4.0
11:08:43,3093.0,3089.28716648,8.3643051116,35.0,204.0,0,27.042693539,174.0,73.1034482759,71.8095238095,158.0
11:08:44,3093.0,3089.2892286,8.36370907866,35.0,210.0,0,27.0407665007,108.0,82.9268292683,118.0,262.0
11:08:44,3092.0,3089.29073416,8.36217818495,33.3333333333,4.0,0,27.0445607534,4.0,82.1862348178,95.7142857143,266.0
11:08:45,3093.0,3089.29279429,8.3612420394,35.0,114.0,0,27.0327902987,-96.0,90.7473309608,104.761904762,210.0
11:08:45,3093.0,3089.29485328,8.35993487481,35.0,32.0,0,27.0285640957,-30.0,87.8892733564,87.1428571429,174.0
11:08:46,3094.0,3089.29746653,8.35848599894,38.0952380952,228.0,0,27.0151454394,176.0,89.3939393939,124.761904762,336.0
11:08:46,3093.0,3089.29952292,8.35676970622,35.0,6.0,0,27.018330767,2.0,85.8585858586,88.7619047619,164.0
11:08:47,3094.0,3089.30213357,8.35531233024,38.0952380952,2.0,0,27.0048879452,2.0,80.829015544,61.0476190476,58.0
11:08:47,3094.0,3089.30474277,8.3538506267,38.0952380952,4.0,0,27.0001636286,2.0,81.8652849741,43.8095238095,56.0
11:08:48,3094.0,3089.30735052,8.35238459334,38.0952380952,0.0,0,26.9954253178,0.0,0,25.4285714286,152.0
11:08:48,3093.0,3089.30940142,8.35065170814,35.0,14.0,0,26.9985506244,-8.0,82.6771653543,16.4761904762,174.0
11:08:49,3093.0,3089.31145119,8.34931777634,35.0,22.0,0,26.9942378802,0.0,54.1666666667,10.6666666667,-2.0
11:08:49,3093.0,3089.31349981,8.34798029466,35.0,14.0,0,26.9899136588,0.0,42.8571428572,12.380952381,-4.0
11:08:50,3093.0,3089.3155473,8.34623577089,35.0,8.0,0,26.9842734267,-6.0,35.4838709678,12.0,-12.0
11:08:50,3093.0,3089.31759365,8.34489094363,35.0,272.0,0,26.9799254563,-110.0,84.8484848485,86.7619047619,-124.0
11:08:51,3093.0,3089.31963886,8.34313856016,35.0,154.0,0,26.974259813,-64.0,89.2561983471,115.047619048,-188.0
11:08:51,3094.0,3089.32223834,8.3420481052,38.0952380952,90.0,0,26.9620171467,50.0,91.7857142857,117.714285714,-130.0
11:08:52,3094.0,3089.32483637,8.34095380737,38.0952380952,66.0,0,26.9584803082,48.0,93.3774834437,109.904761905,-82.0
11:08:52,3093.0,3089.32687756,8.33959424065,35.0,12.0,0,26.9628006487,-2.0,94.0199335548,84.5714285714,-84.0
11:08:53,3094.0,3089.32947302,8.33849240304,38.0952380952,6.0,0,26.9505248967,0.0,95.3333333333,57.619047619,-78.0
11:08:53,3094.0,3089.33206704,8.33775859817,38.0952380952,28.0,0,26.9481531938,-4.0,89.3258426966,37.0476190476,28.0
11:08:54,3094.0,3089.33465962,8.3366492986,38.0952380952,10.0,0,26.9445678688,-8.0,83.0188679245,22.9523809524,84.0
11:08:54,3094.0,3089.33725075,8.33553614867,38.0952380952,148.0,0,26.9409700991,-62.0,88.8888888889,55.1428571429,-28.0
11:08:55,3093.0,3089.33928505,8.33415845915,35.0,6.0,0,26.9452261854,2.0,83.8095238095,44.0,-74.0
11:08:55,3093.0,3089.34131821,8.33314999798,35.0,8.0,0,26.9419657225,-8.0,84.4660194175,36.2857142857,-80.0
11:08:56,3094.0,3089.34390565,8.33202582335,38.0952380952,314.0,0,26.9296245099,70.0,93.3852140078,116.19047619,-10.0
11:08:56,3094.0,3089.34649165,8.33089779224,38.0952380952,262.0,0,26.9259786433,138.0,98.128342246,166.571428571,132.0
11:08:57,3094.0,3089.34907622,8.32976590307,38.0952380952,62.0,0,26.9223203073,22.0,95.0,148.666666667,162.0
11:08:57,3095.0,3089.35221475,8.32892345818,40.9090909091,10.0,0,26.9108997033,0.0,93.9577039275,113.428571429,224.0
11:08:58,3095.0,3089.35535153,8.32845078724,40.9090909091,186.0,0,26.9093724951,-104.0,95.486935867,135.047619048,118.0
11:08:58,3095.0,3089.35848658,8.3276002316,40.9090909091,94.0,0,26.9066243347,18.0,96.1206896552,121.80952381,144.0
11:08:59,3095.0,3089.36161988,8.32674550251,40.9090909091,64.0,0,26.9038626899,40.0,94.1002949852,95.9047619048,114.0
11:08:59,3095.0,3089.36475145,8.3262612167,40.9090909091,20.0,0,26.9022979538,10.0,89.4495412844,69.3333333333,-14.0
11:09:00,3095.0,3089.36788127,8.32539837033,40.9090909091,106.0,0,26.8995100818,-46.0,95.8333333333,78.8571428571,-82.0
11:09:00,3094.0,3089.37045395,8.32461410054,38.0952380952,166.0,0,26.9056693618,22.0,95.5974842767,103.428571429,-60.0
11:09:01,3095.0,3089.37358061,8.32411856732,40.9090909091,26.0,0,26.8953750156,-4.0,93.6974789916,80.5714285714,40.0
11:09:01,3095.0,3089.37670553,8.32324381803,40.9090909091,74.0,0,26.8925486851,-8.0,94.298245614,79.0476190476,14.0
11:09:02,3095.0,3089.37982872,8.32236488807,40.9090909091,54.0,0,26.8897088468,6.0,95.067264574,72.7619047619,-20.0
11:09:02,3095.0,3089.38295017,8.32148177614,40.9090909091,60.0,0,26.8868554964,46.0,95.8847736626,68.6666666667,16.0
11:09:03,3095.0,3089.38606988,8.32059448089,40.9090909091,38.0,0,26.8839886297,-2.0,94.7368421053,56.380952381,60.0
11:09:03,3095.0,3089.38918787,8.31970300099,40.9090909091,244.0,0,26.8811082423,62.0,95.564516129,106.19047619,100.0
11:09:04,3095.0,3089.39230412,8.31880733509,40.9090909091,266.0,0,26.8782143299,-20.0,89.402173913,158.571428571,84.0
11:09:04,3095.0,3089.39541864,8.31790748185,40.9090909091,2.0,0,26.875306888,-2.0,88.5542168675,124.095238095,90.0
11:09:05,3095.0,3089.39853143,8.31700343989,40.9090909091,18.0,0,26.8723859124,0.0,87.898089172,97.619047619,84.0
11:09:05,3094.0,3089.40108709,8.31494949522,38.0952380952,482.0,0,26.8744327577,460.0,48.9523809524,205.428571429,498.0
11:09:06,3095.0,3089.40419674,8.31403675111,40.9090909091,10.0,0,26.8628004882,0.0,47.7495107632,158.285714286,500.0
11:09:06,3094.0,3089.40674925,8.31241808184,38.0952380952,782.0,0,26.8662510725,20.0,18.3333333333,333.047619048,458.0
11:09:07,3094.0,3089.40930035,8.3107950029,38.0952380952,42.0,0,26.8610051807,2.0,9.13173652695,270.761904762,480.0
11:09:07,3094.0,3089.41185003,8.30916751171,38.0952380952,34.0,0,26.8557450282,24.0,11.2573099415,216.857142857,506.0
11:09:08,3094.0,3089.4143983,8.30794777422,38.0952380952,318.0,0,26.8518027609,26.0,27.3381294964,242.571428571,532.0
11:09:08,3094.0,3089.41694514,8.306311727,38.0952380952,10.0,0,26.8465149548,8.0,37.2909698997,166.0,80.0
11:09:09,3094.0,3089.41949058,8.30546316838,38.0952380952,44.0,0,26.8437723606,8.0,39.0243902439,121.619047619,88.0
11:09:09,3094.0,3089.4220346,8.30423173675,38.0952380952,18.0,0,26.8397922972,-6.0,97.8540772532,68.1904761905,62.0
11:09:10,3093.0,3089.42402181,8.3023272758,35.0,44.0,0,26.8423125632,-44.0,88.8888888889,58.5714285714,16.0
11:09:10,3094.0,3089.42656331,8.30067450405,38.0952380952,448.0,0,26.8282951004,204.0,48.9795918367,164.285714286,196.0
11:09:11,3094.0,3089.4291034,8.29901730294,38.0952380952,4.0,0,26.8229389235,2.0,20.7746478873,123.428571429,172.0
11:09:11,3093.0,3089.43108668,8.29751411159,35.0,70.0,64.2857142857,26.8267510882,12.0,18.1528662421,116.380952381,176.0
11:09:12,3093.0,3089.43306886,8.29600729025,23.5294117647,32.0,0,26.8218793736,4.0,11.6883116883,95.619047619,172.0
11:09:12,3092.0,3089.43449454,8.29427501781,22.2222222222,56.0,0,26.8249515453,-46.0,8.86850152907,82.2857142857,132.0
11:09:13,3093.0,3089.43647483,8.29234631032,23.5294117647,24.0,0,26.8100430337,-6.0,11.6719242902,58.0,170.0
11:09:13,3093.0,3089.43845401,8.29041343125,23.5294117647,2.0,0,26.8037938288,2.0,12.7659574468,28.380952381,-32.0
11:09:14,3094.0,3089.4409875,8.28914662524,27.7777777778,6.0,0,26.7910362807,6.0,13.6842105263,21.1428571429,-28.0
11:09:14,3093.0,3089.44296418,8.28800315029,23.5294117647,26.0,0,26.7960011325,16.0,15.0684931507,19.5238095238,-24.0
11:09:15,3093.0,3089.44493976,8.2864742536,23.5294117647,60.0,0,26.7910580459,54.0,13.7931034483,29.7142857143,26.0
11:09:15,3093.0,3089.44691425,8.28494171266,23.5294117647,8.0,0,26.786103177,2.0,28.5714285714,23.7142857143,74.0
11:09:16,3093.0,3089.44888764,8.28378826812,23.5294117647,10.0,0,26.7823739674,10.0,25.0,20.5714285714,90.0
11:09:16,3093.0,3089.45085993,8.28263164458,23.5294117647,4.0,0,26.7786344797,0.0,28.0701754386,16.380952381,88.0
11:09:17,3093.0,3089.45283113,8.28147184073,23.5294117647,0.0,0,26.7748847098,0.0,0,10.9523809524,82.0
11:09:17,3093.0,3089.45480123,8.28065868958,23.5294117647,2.0,0,26.7722557051,2.0,33.3333333333,6.38095238095,68.0
11:09:18,3092.0,3089.45621483,8.27962244547,22.2222222222,94.0,0,26.7775628896,-10.0,93.2203389831,29.2380952381,4.0
11:09:18,3093.0,3089.45818306,8.27880388402,23.5294117647,10.0,0,26.7662589202,-10.0,93.3333333333,26.4761904762,-8.0
11:09:19,3093.0,3089.46015019,8.27829938234,23.5294117647,58.0,0,26.7646278123,-38.0,95.2380952381,37.3333333333,-56.0
11:09:19,3093.0,3089.46211622,8.27747546055,23.5294117647,90.0,0,26.761963985,-68.0,96.8503937008,55.0476190476,-124.0
11:09:20,3093.0,3089.46408117,8.27696595572,23.5294117647,2.0,0,26.7603167013,0.0,96.09375,43.5238095238,-124.0
11:09:20,3092.0,3089.46548962,8.27623437793,22.2222222222,1010.0,0,26.766605362,68.0,16.4556962026,319.904761905,-58.0
11:09:21,3093.0,3089.46745269,8.27572017212,23.5294117647,106.0,0,26.7562889496,-26.0,6.58307210033,290.0,-74.0
11:09:21,3092.0,3089.46885927,8.27466645014,22.2222222222,12.0,0,26.7615344442,2.0,5.94679186231,232.666666667,-62.0
11:09:22,3093.0,3089.47082047,8.27382948344,23.5294117647,554.0,0,26.7501761508,80.0,11.8376550169,330.095238095,56.0
11:09:22,3092.0,3089.47222518,8.27308867468,22.2222222222,10.0,0,26.7564316775,0.0,7.08382526566,248.476190476,124.0
11:09:23,3093.0,3089.47418451,8.27256472222,23.5294117647,1204.0,0,26.7460870424,-744.0,18.0248618785,511.80952381,-620.0
11:09:23,3092.0,3089.47558735,8.27181946262,22.2222222222,38.0,0,26.7523268519,18.0,29.6257796258,384.761904762,-670.0
11:09:24,3093.0,3089.47754482,8.27097221639,23.5294117647,214.0,0,26.7409383007,142.0,40.4527559055,354.285714286,-502.0
11:09:24,3093.0,3089.47950119,8.27012218698,23.5294117647,292.0,0,26.7381900646,14.0,48.0103806228,340.952380952,-490.0
11:09:25,3093.0,3089.48145648,8.26926937354,23.5294117647,6.0,0,26.7354328275,6.0,52.0408163265,232.571428571,-564.0
11:09:25,3093.0,3089.48341069,8.26873293602,23.5294117647,18.0,0,26.7336984676,14.0,51.8058690745,153.714285714,-550.0
11:09:26,3093.0,3089.48536381,8.26819407466,23.5294117647,356.0,0,26.7319562711,322.0,30.9523809524,171.047619048,516.0
11:09:26,3093.0,3089.48731584,8.26733328779,23.5294117647,54.0,0,26.7291732551,12.0,27.4468085106,142.476190476,510.0
11:09:27,3092.0,3089.48871139,8.26657145536,22.2222222222,46.0,0,26.7353539953,-20.0,6.2176165803,110.857142857,348.0
11:09:27,3093.0,3089.49066156,8.26570542126,23.5294117647,444.0,0,26.7239101884,-246.0,17.316017316,200.952380952,88.0
11:09:28,3093.0,3089.49261065,8.26483659832,23.5294117647,74.0,0,26.7211011908,-6.0,17.5403225806,178.095238095,76.0
11:09:28,3092.0,3089.49400326,8.26374742643,22.2222222222,30.0,0,26.7262206547,2.0,17.5298804781,139.428571429,64.0
11:09:29,3093.0,3089.49595049,8.2631935982,23.5294117647,104.0,0,26.7157891956,60.0,54.7872340426,121.333333333,-198.0
11:09:29,3092.0,3089.49734125,8.26242003753,22.2222222222,6.0,0,26.7219276764,-4.0,60.7954545455,87.2380952381,-214.0
11:09:30,3093.0,3089.49928663,8.261861488,23.5294117647,68.0,0,26.7114823408,62.0,68.044077135,73.1428571429,-132.0
11:09:30,3093.0,3089.50123093,8.26130050967,23.5294117647,4.0,0,26.7096686378,0.0,33.5664335664,39.7142857143,114.0
11:09:31,3092.0,3089.50261875,8.2605201864,22.2222222222,12.0,0,26.7157832678,10.0,38.3928571429,29.5238095238,130.0
11:09:31,3092.0,3089.5040058,8.25973768752,22.2222222222,8.0,0,26.713252547,4.0,43.5643564356,21.1428571429,132.0
11:09:32,3092.0,3089.50539208,8.2589530124,22.2222222222,108.0,0,26.7107147879,28.0,41.7475728155,42.380952381,100.0
11:09:32,3093.0,3089.50733298,8.25838271746,23.5294117647,42.0,0,26.7002351033,-12.0,43.8016528926,44.5714285714,92.0
11:09:33,3092.0,3089.50871742,8.25759356854,22.2222222222,8.0,0,26.7063181389,0.0,21.978021978,35.3333333333,30.0
11:09:33,3092.0,3089.51010108,8.25709055566,22.2222222222,142.0,0,26.7046913184,120.0,23.75,67.2380952381,150.0
11:09:34,3092.0,3089.51148397,8.25658568046,22.2222222222,114.0,0,26.703058475,30.0,19.4312796209,84.5714285714,170.0
11:09:34,3092.0,3089.51286609,8.25579033145,22.2222222222,16.0,0,26.7004861949,12.0,20.0,69.0476190476,178.0
11:09:35,3092.0,3089.51424745,8.25499280271,22.2222222222,14.0,0,26.6979068652,6.0,24.4047619048,52.5714285714,156.0
11:09:35,3093.0,3089.51618344,8.25440892291,23.5294117647,38.0,0,26.6873874003,24.0,19.8795180723,47.4285714286,192.0
11:09:36,3092.0,3089.51756296,8.25328412,22.2222222222,10.0,0,26.6923807244,6.0,18.5628742515,34.4761904762,198.0
11:09:36,3092.0,3089.51894171,8.25215677008,22.2222222222,74.0,0,26.6887347027,70.0,8.27067669173,39.7142857143,148.0
11:09:37,3092.0,3089.52031969,8.25102687212,22.2222222222,90.0,0,26.6850804402,74.0,10.7438016529,52.7619047619,192.0
11:09:37,3092.0,3089.52169691,8.24989442506,22.2222222222,6.0,0,26.6814179336,4.0,7.75862068965,42.9523809524,184.0
11:09:38,3093.0,3089.52362876,8.24861737385,23.5294117647,42.0,0,26.6686627024,-2.0,22.3076923077,43.9047619048,176.0
11:09:38,3092.0,3089.52500414,8.24712201485,22.2222222222,20.0,0,26.6724515357,12.0,22.3140495868,37.2380952381,164.0
11:09:39,3092.0,3089.52637876,8.24562368026,22.2222222222,6.0,0,26.667605693,4.0,22.6890756302,27.4285714286,162.0
11:09:39,3092.0,3089.52775261,8.2437307081,22.2222222222,0.0,0,26.661483532,0.0,0,16.0952380952,92.0
11:09:40,3092.0,3089.5291257,8.24222618686,22.2222222222,4.0,0,26.6566176807,0.0,51.282051282,9.42857142857,18.0
11:09:40,3092.0,3089.53049803,8.2410771004,22.2222222222,0.0,0,26.6529013596,0.0,0,5.71428571429,14.0
11:09:41,3093.0,3089.53242499,8.24013993648,23.5294117647,4.0,0,26.6412542402,2.0,5.88235294118,3.42857142857,18.0
11:09:41,3093.0,3089.53435089,8.23884114394,23.5294117647,48.0,0,26.6370551049,18.0,77.4193548387,15.5238095238,24.0
11:09:42,3093.0,3089.53627571,8.23753911173,23.5294117647,464.0,0,26.6328454954,-188.0,86.5384615385,145.142857143,-168.0
11:09:42,3093.0,3089.53819947,8.23659310469,23.5294117647,10.0,0,26.6297869534,0.0,86.7924528302,123.238095238,-168.0
11:09:43,3093.0,3089.54012216,8.23528481427,23.5294117647,10.0,0,26.6255571105,10.0,87.3134328358,100.857142857,-158.0
11:09:43,3092.0,3089.54148838,8.23375947315,22.2222222222,76.0,0,26.6292350361,62.0,76.7973856209,97.0476190476,-96.0
11:09:44,3093.0,3089.54340924,8.2324448276,23.5294117647,16.0,0,26.6163751297,16.0,77.5641025641,72.4761904762,-82.0
11:09:44,3092.0,3089.54477363,8.23091338237,22.2222222222,112.0,0,26.620030344,60.0,63.9534883721,74.7619047619,-40.0
11:09:45,3093.0,3089.54669267,8.2295923753,23.5294117647,26.0,0,26.6071528461,16.0,20.8,49.4285714286,164.0
11:09:45,3092.0,3089.54805524,8.2280548194,22.2222222222,88.0,0,26.610785315,58.0,12.8048780488,62.6666666667,222.0
11:09:46,3092.0,3089.54941705,8.22651426546,22.2222222222,0.0,0,26.6058029284,0.0,0,47.0476190476,212.0
11:09:46,3093.0,3089.55133351,8.22518377126,23.5294117647,242.0,0,26.5928993574,-102.0,56.1983471074,101.047619048,48.0
11:09:47,3093.0,3089.55324891,8.22385002186,23.5294117647,40.0,0,26.5885872029,0.0,50.3937007874,89.4285714286,32.0
11:09:47,3093.0,3089.55516324,8.22251301569,23.5294117647,2.0,0,26.5842645189,0.0,63.8190954774,65.8095238095,-28.0
11:09:48,3093.0,3089.5570765,8.22117275115,23.5294117647,2.0,0,26.5799313002,0.0,64.1711229946,47.4285714286,-44.0
11:09:48,3093.0,3089.55898871,8.21943344222,23.5294117647,266.0,0,26.5743079283,126.0,43.4782608696,105.619047619,24.0
11:09:49,3093.0,3089.56089985,8.21769037553,23.5294117647,2.0,0,26.5686724071,2.0,43.6823104693,79.9047619048,26.0
11:09:49,3093.0,3089.56280993,8.21594354868,23.5294117647,18.0,0,26.563024729,14.0,5.45454545455,58.6666666667,142.0
11:09:50,3092.0,3089.56416355,8.21398083592,22.2222222222,6.0,0,26.565267904,-6.0,6.08108108108,44.6666666667,136.0
11:09:50,3093.0,3089.56607182,8.21179592318,23.5294117647,236.0,0,26.5496150119,236.0,47.9245283019,98.0,372.0
11:09:51,3092.0,3089.56742362,8.20939479412,22.2222222222,88.0,0,26.5504359448,82.0,54.5454545455,97.9047619048,454.0
11:09:51,3093.0,3089.56933008,8.20763262661,23.5294117647,10.0,0,26.5361546285,10.0,96.1111111111,71.4285714286,338.0
11:09:52,3093.0,3089.57123548,8.20543511534,23.5294117647,42.0,0,26.5290498395,-32.0,88.5,66.2857142857,304.0
11:09:52,3093.0,3089.57313982,8.20323325296,23.5294117647,0.0,0,26.5219309827,0.0,0,47.2380952381,290.0
11:09:53,3093.0,3089.5750431,8.20102703595,23.5294117647,36.0,0,26.5147980471,12.0,85.9223300971,39.3333333333,308.0
11:09:53,3092.0,3089.57638992,8.19903771454,22.2222222222,164.0,0,26.5169395684,116.0,34.7058823529,66.5714285714,188.0
11:09:54,3093.0,3089.5782914,8.19682321405,23.5294117647,2.0,0,26.501206641,0.0,14.9606299213,50.9523809524,106.0
11:09:54,3092.0,3089.57963642,8.19439336613,22.2222222222,4.0,0,26.5019190366,0.0,12.0967741935,40.0,96.0
11:09:55,3092.0,3089.5809807,8.1919593972,22.2222222222,6.0,0,26.4940472096,2.0,9.43396226415,29.9047619048,130.0
11:09:55,3093.0,3089.58287962,8.18973205368,23.5294117647,426.0,0,26.4782801606,10.0,68.3385579937,141.523809524,140.0
11:09:56,3093.0,3089.5847775,8.18793432078,23.5294117647,12.0,0,26.4724678978,12.0,70.3583061889,114.571428571,140.0
11:09:56,3093.0,3089.58667432,8.18569852955,23.5294117647,42.0,0,26.4652393455,20.0,89.4308943089,97.3333333333,44.0
11:09:57,3092.0,3089.58801468,8.18324800061,22.2222222222,46.0,0,26.4658732232,22.0,82.0895522388,87.0476190476,66.0
11:09:57,3093.0,3089.5899097,8.18143844981,23.5294117647,4.0,0,26.4514660518,0.0,82.4626865672,62.6666666667,66.0
11:09:58,3093.0,3089.59180367,8.17962509328,23.5294117647,16.0,0,26.4456032761,0.0,81.684981685,41.7142857143,64.0
11:09:58,3092.0,3089.59314118,8.17799938841,22.2222222222,20.0,0,26.4488984101,2.0,21.4285714286,21.4285714286,56.0
11:09:59,3092.0,3089.59447796,8.17637063301,22.2222222222,22.0,0,26.4436307665,-12.0,12.0,21.0476190476,32.0
11:09:59,3093.0,3089.59636939,8.17454664711,23.5294117647,6.0,0,26.4291841161,6.0,14.0350877193,15.619047619,18.0
11:10:00,3093.0,3089.59825977,8.17271884585,23.5294117647,400.0,0,26.423274639,-68.0,88.4615384615,124.476190476,-72.0
11:10:00,3093.0,3089.6001491,8.1704507484,23.5294117647,272.0,0,26.4159416373,58.0,107.880434783,179.904761905,-14.0
11:10:01,3094.0,3089.60259278,8.16842157543,27.7777777778,370.0,0,26.400845428,-152.0,77.7981651376,250.571428571,-166.0
11:10:01,3094.0,3089.60503511,8.16638773144,27.7777777778,152.0,66.6666666667,26.394271918,-52.0,75.4500818331,242.095238095,-220.0
11:10:02,3094.0,3089.60747608,8.16434921295,31.25,18.0,0,26.3876832998,-16.0,76.6830870279,189.047619048,-224.0
11:10:02,3094.0,3089.60991569,8.16274372426,31.25,12.0,0,26.3824942607,-8.0,76.4705882353,134.476190476,-238.0
11:10:03,3094.0,3089.61235395,8.16069615464,31.25,10.0,0,26.3758763886,0.0,65.4676258993,79.0476190476,-170.0
11:10:03,3094.0,3089.61479085,8.15817152641,31.25,16.0,0,26.3677166335,-14.0,30.7958477509,43.9047619048,-242.0
11:10:04,3094.0,3089.6172264,8.15564153754,31.25,460.0,0,26.3595395525,170.0,85.9281437126,147.80952381,80.0
11:10:04,3093.0,3089.6191052,8.15235660468,29.4117647059,16.0,0,26.3574413342,6.0,96.6165413534,120.571428571,138.0
11:10:05,3094.0,3089.62153836,8.14981564587,31.25,22.0,0,26.3407099091,2.0,97.7611940298,101.523809524,156.0
11:10:05,3093.0,3089.62341476,8.14651919534,29.4117647059,4.0,0,26.3385683651,-2.0,97.7272727273,77.1428571429,162.0
11:10:06,3094.0,3089.62584552,8.14345885635,31.25,12.0,0,26.3201643709,10.0,97.7358490566,55.4285714286,172.0
11:10:06,3093.0,3089.62771953,8.14065925,29.4117647059,170.0,0,26.3196225348,48.0,76.3157894737,78.7619047619,234.0
11:10:07,3094.0,3089.6301479,8.13809628298,31.25,422.0,0,26.302832201,186.0,75.8513931889,166.761904762,250.0
11:10:07,3094.0,3089.63257492,8.13600327591,31.25,34.0,0,26.2960674722,12.0,76.8072289157,145.714285714,256.0
11:10:08,3094.0,3089.63500059,8.13342986718,31.25,64.0,0,26.2877500555,8.0,70.2549575071,132.380952381,262.0
11:10:08,3094.0,3089.63742492,8.13085105089,31.25,12.0,0,26.2794151612,0.0,70.3081232493,102.19047619,264.0
11:10:09,3094.0,3089.6398479,8.12874322131,31.25,4.0,0,26.2726025252,4.0,69.9716713881,69.3333333333,258.0
11:10:09,3094.0,3089.64226953,8.12663065783,31.25,2.0,0,26.265774589,0.0,88.4758364312,36.2857142857,210.0
11:10:10,3094.0,3089.64468982,8.12451335675,31.25,12.0,0,26.2589313405,12.0,51.5625,14.0952380952,36.0
11:10:10,3094.0,3089.64710877,8.12283445025,31.25,42.0,0,26.2535050105,42.0,54.4117647059,20.0,66.0
11:10:11,3094.0,3089.64952637,8.12070797843,31.25,6.0,0,26.2466321216,4.0,92.3076923077,15.2380952381,62.0
11:10:11,3094.0,3089.65194263,8.11857675829,31.25,0.0,0,26.2397438859,0.0,0,11.5238095238,62.0
11:10:12,3094.0,3089.65435754,8.11644078608,31.25,42.0,0,26.2328402911,28.0,100.0,20.380952381,86.0
11:10:12,3094.0,3089.65677112,8.11474442502,31.25,218.0,0,26.2273575469,-126.0,99.375,77.7142857143,-40.0
11:10:13,3094.0,3089.65918335,8.11304390499,31.25,20.0,0,26.2218613607,20.0,99.3902439024,68.1904761905,-32.0
11:10:13,3094.0,3089.66159425,8.11133922339,31.25,44.0,0,26.216351724,40.0,98.1818181818,65.1428571429,-34.0
11:10:14,3094.0,3089.6640038,8.10963037759,31.25,126.0,0,26.2108286283,4.0,98.6666666667,85.4285714286,-34.0
11:10:14,3094.0,3089.66641202,8.10791736495,31.25,48.0,0,26.2052920651,18.0,97.5903614458,77.7142857143,-16.0
11:10:15,3094.0,3089.6688189,8.10620018284,31.25,54.0,0,26.199742026,0.0,95.2941176471,69.4285714286,-44.0
11:10:15,3093.0,3089.67066905,8.1037933076,29.4117647059,40.0,0,26.2004309977,-4.0,89.7590361446,56.5714285714,78.0
11:10:16,3094.0,3089.67307356,8.10206763258,31.25,16.0,0,26.1863853671,-6.0,89.6341463415,45.3333333333,52.0
11:10:16,3093.0,3089.67492134,8.10009859336,29.4117647059,2.0,0,26.1884855912,-2.0,88.8111888112,30.2857142857,10.0
11:10:17,3093.0,3089.67676809,8.09812563571,29.4117647059,148.0,0,26.182106808,-48.0,57.7922077922,58.9523809524,-42.0
11:10:17,3093.0,3089.67861382,8.09570149146,29.4117647059,68.0,0,26.1742692902,0.0,55.487804878,63.7142857143,-60.0
11:10:18,3093.0,3089.68045852,8.09372039772,29.4117647059,60.0,0,26.1678642021,-38.0,56.2874251497,65.2380952381,-98.0
11:10:18,3094.0,3089.6828576,8.09197407586,31.25,6.0,0,26.1537623654,-4.0,54.6666666667,51.0476190476,-98.0
11:10:19,3093.0,3089.68469995,8.08998500186,29.4117647059,42.0,0,26.1557872676,-28.0,53.9877300614,48.7619047619,-120.0
11:10:19,3094.0,3089.68709667,8.08823043241,31.25,6.0,0,26.1416626775,-2.0,54.5454545455,34.9523809524,-120.0
11:10:20,3094.0,3089.68949206,8.08688602722,31.25,12.0,0,26.1373174765,-2.0,68.0412371134,22.6666666667,-74.0
11:10:20,3094.0,3089.69188612,8.08553795346,31.25,0.0,0,26.1329604184,0.0,0,13.4285714286,-74.0
11:10:21,3093.0,3089.69372345,8.08394819636,29.4117647059,8.0,0,26.1362696293,-4.0,51.3513513514,9.71428571429,-40.0
11:10:21,3094.0,3089.69611517,8.08259292142,31.25,10.0,0,26.1234418921,0.0,53.8461538462,9.04761904762,-36.0
11:10:22,3093.0,3089.69795015,8.08099622571,29.4117647059,2.0,0,26.1267255923,-2.0,36.8421052632,5.90476190476,-10.0
11:10:22,3093.0,3089.69978411,8.07977733447,29.4117647059,0.0,0,26.1227847865,0.0,0,4.09523809524,-8.0
11:10:23,3093.0,3089.70161705,8.07855549901,29.4117647059,8.0,0,26.1188344617,0.0,50.0,4.85714285714,-6.0
11:10:23,3093.0,3089.70344898,8.07733071799,29.4117647059,0.0,0,26.1148746136,0.0,0,3.52380952381,-6.0
11:10:24,3094.0,3089.70583529,8.07634023106,31.25,2.0,0,26.1032328088,-2.0,72.7272727273,2.7619047619,-4.0
11:10:24,3094.0,3089.70822027,8.07534652679,31.25,20.0,0,26.100021095,-20.0,87.5,7.42857142857,-24.0
11:10:25,3094.0,3089.71060393,8.07396729245,31.25,8.0,0,26.095563324,-6.0,89.4736842105,8.19047619048,-28.0
11:10:25,3094.0,3089.71298627,8.07258437189,31.25,306.0,0,26.091093639,-260.0,98.8372093023,93.8095238095,-288.0
11:10:26,3094.0,3089.71536728,8.07078051188,31.25,12.0,0,26.0852634515,6.0,97.7011494253,80.8571428571,-282.0
11:10:26,3093.0,3089.71719157,8.06873588398,29.4117647059,4.0,0,26.0870865955,0.0,96.5909090909,65.4285714286,-282.0
11:10:27,3093.0,3089.71901485,8.06710511129,29.4117647059,0.0,0,26.0818141328,0.0,0,48.6666666667,-280.0
11:10:27,3094.0,3089.72139251,8.06528911945,31.25,14.0,0,26.0675149303,-2.0,94.1860465116,36.0,-262.0
11:10:28,3094.0,3089.72376886,8.06388725743,31.25,0.0,0,26.0629840253,0.0,0,19.619047619,-256.0
11:10:28,3093.0,3089.72558848,8.06182706063,29.4117647059,30.0,0,26.0647496302,0.0,20.0,12.1904761905,4.0
11:10:29,3093.0,3089.72740709,8.0601817942,29.4117647059,24.0,0,26.0594303078,2.0,11.1111111111,16.1904761905,0.0
11:10:29,3093.0,3089.7292247,8.05811391846,29.4117647059,0.0,0,26.0527446442,0.0,0,12.7619047619,0.0
11:10:30,3094.0,3089.73159669,8.05669716049,31.25,22.0,0,26.0397451858,2.0,11.1111111111,15.8095238095,2.0
11:10:30,3094.0,3089.73396737,8.05527669536,31.25,24.0,0,26.0351541544,22.0,28.0,18.380952381,26.0
11:10:31,3093.0,3089.73578132,8.05361715663,29.4117647059,18.0,0,26.038206132,-16.0,25.4237288135,18.7619047619,10.0
11:10:31,3094.0,3089.73814968,8.05218941164,31.25,4.0,0,26.0251758618,0.0,34.7826086956,14.2857142857,10.0
11:10:32,3094.0,3089.74051671,8.05075795354,31.25,16.0,0,26.0205493004,0.0,52.3809523809,14.4761904762,8.0
11:10:32,3094.0,3089.74288244,8.04970898466,31.25,4.0,0,26.0171589679,0.0,52.2727272727,11.619047619,8.0
11:10:33,3093.0,3089.74469144,8.04803552731,29.4117647059,2.0,0,26.0201601271,-2.0,64.7058823529,8.0,4.0
11:10:33,3094.0,3089.74705485,8.04659330952,31.25,4.0,0,26.0070889125,4.0,50.0,5.90476190476,-14.0
11:10:34,3093.0,3089.74886154,8.04491281632,29.4117647059,866.0,0,26.0100640683,286.0,2.67857142857,251.047619048,288.0
11:10:34,3093.0,3089.75066722,8.04322886381,29.4117647059,350.0,0,26.0046196696,280.0,1.77133655395,308.380952381,568.0
11:10:35,3093.0,3089.75247191,8.0415414498,29.4117647059,142.0,0,25.9991640795,26.0,8.04093567252,289.80952381,594.0
11:10:35,3093.0,3089.75427559,8.04023826788,29.4117647059,12.0,0,25.9949507529,-12.0,8.72093023256,228.095238095,582.0
11:10:36,3093.0,3089.75607827,8.03854417886,29.4117647059,20.0,0,25.9894735818,0.0,9.89956958393,168.285714286,584.0
11:10:36,3093.0,3089.75787995,8.03684662206,29.4117647059,12.0,0,25.983985199,-10.0,10.2710413695,105.333333333,570.0
11:10:37,3093.0,3089.75968062,8.03553402698,29.4117647059,4.0,0,25.9797414387,-2.0,27.037037037,39.7142857143,282.0
11:10:37,3093.0,3089.7614803,8.0342184419,29.4117647059,4.0,0,25.9754880113,0.0,77.3195876289,15.1428571429,2.0
11:10:38,3093.0,3089.76327898,8.03289986536,29.4117647059,6.0,0,25.9712249123,-6.0,93.1034482759,7.61904761905,-30.0
11:10:38,3093.0,3089.76507666,8.03118918289,29.4117647059,46.0,0,25.9656940928,-42.0,91.3043478261,18.0,-60.0
11:10:39,3093.0,3089.76687334,8.02986439145,29.4117647059,14.0,0,25.9614109003,0.0,90.6976744186,17.619047619,-60.0
11:10:39,3093.0,3089.76866902,8.02853660389,29.4117647059,34.0,0,25.957118021,-8.0,92.5925925926,23.2380952381,-58.0
11:10:40,3093.0,3089.77046371,8.02720581873,29.4117647059,78.0,0,25.9528154501,2.0,94.5054945055,40.380952381,-54.0
11:10:40,3093.0,3089.7722574,8.02622745026,29.4117647059,20.0,0,25.9496522802,-4.0,93.9393939394,37.4285714286,-58.0
11:10:41,3093.0,3089.77405009,8.02524650116,29.4117647059,10.0,0,25.9464807668,0.0,92.0792079208,30.8571428571,-52.0
11:10:41,3092.0,3089.77528638,8.02406488533,27.7777777778,16.0,0,25.9510507287,4.0,90.6976744186,25.8095238095,-6.0
11:10:42,3093.0,3089.77707739,8.02272289431,29.4117647059,8.0,0,25.9383216758,-4.0,91.5662650602,19.9047619048,-10.0
11:10:42,3092.0,3089.77831201,8.02118005985,27.7777777778,2.0,0,25.9417207628,2.0,89.552238806,12.5714285714,0.0
11:10:43,3093.0,3089.78010134,8.0198321886,29.4117647059,52.0,0,25.9289757148,38.0,48.1481481482,21.0476190476,36.0
11:10:43,3092.0,3089.78133427,8.01864039286,27.7777777778,568.0,0,25.933507092,-184.0,5.18292682927,178.19047619,-144.0
11:10:44,3092.0,3089.78256652,8.01744625454,27.7777777778,24.0,0,25.9296450664,-18.0,7.76119402985,153.80952381,-162.0
11:10:44,3091.0,3089.78324269,8.0157299782,26.3157894737,46.0,0,25.9324813271,18.0,6.57142857143,135.047619048,-148.0
11:10:45,3092.0,3089.78447388,8.01453107383,27.7777777778,54.0,0,25.920216927,-2.0,7.77479892762,117.142857143,-146.0
11:10:45,3091.0,3089.78514898,8.01280983974,26.3157894737,22.0,0,25.9230340981,2.0,9.13838120105,87.9047619048,-146.0
11:10:46,3093.0,3089.78693451,8.01180320924,29.4117647059,36.0,0,25.9030171653,-10.0,7.2,61.7142857143,-194.0
11:10:46,3092.0,3089.78816365,8.01023916024,27.7777777778,6.0,0,25.9063362233,2.0,28.7234042553,27.7142857143,-8.0
11:10:47,3092.0,3089.78939211,8.00867233934,27.7777777778,20.0,0,25.9012688853,20.0,16.3043478261,24.4761904762,30.0
11:10:47,3093.0,3089.79117528,8.0076577884,29.4117647059,24.0,0,25.8896145761,10.0,23.4567901235,22.5714285714,22.0
11:10:48,3092.0,3089.79240207,8.0060855278,27.7777777778,38.0,0,25.8929027419,-20.0,13.698630137,25.7142857143,4.0
11:10:48,3093.0,3089.79418357,8.00470692934,29.4117647059,52.0,0,25.880074133,-10.0,40.9090909091,33.619047619,-8.0
11:10:49,3092.0,3089.79540869,8.00348800794,27.7777777778,44.0,0,25.8845019662,20.0,43.4782608696,37.8095238095,22.0
11:10:49,3092.0,3089.79663312,8.00190752239,27.7777777778,10.0,0,25.8793904346,8.0,42.5531914894,31.9047619048,28.0
11:10:50,3092.0,3089.79785687,8.00068368992,27.7777777778,6.0,0,25.8754323736,2.0,45.9770114942,24.6666666667,10.0
11:10:50,3092.0,3089.79907994,7.99945749993,27.7777777778,8.0,0,25.871466688,6.0,41.7721518987,18.6666666667,6.0
11:10:51,3092.0,3089.80030234,7.99822895134,27.7777777778,356.0,0,25.8674933743,334.0,13.8655462185,112.857142857,360.0
11:10:51,3092.0,3089.80152405,7.99699804305,27.7777777778,72.0,62.7906976744,25.863512429,44.0,14.9193548387,110.761904762,414.0
11:10:52,3092.0,3089.80274509,7.99576477399,29.4117647059,10.0,0,25.8595238486,10.0,16.0173160173,90.0,404.0
11:10:52,3093.0,3089.80452085,7.99436421375,33.3333333333,14.0,0,25.8466350267,6.0,17.1673819743,72.0,402.0
11:10:53,3092.0,3089.80574022,7.9931259047,29.4117647059,10.0,0,25.8509893425,-4.0,17.0212765958,52.6666666667,396.0
11:10:53,3092.0,3089.80695892,7.99188523144,29.4117647059,32.0,0,25.8469768158,-6.0,16.1943319838,39.4285714286,384.0
11:10:54,3092.0,3089.80817693,7.99028112869,29.4117647059,4.0,0,25.8417889026,4.0,57.7464788732,17.0476190476,54.0
11:10:54,3092.0,3089.80939428,7.98903552253,29.4117647059,26.0,0,25.8377604222,4.0,35.4166666667,17.7142857143,14.0
11:10:55,3092.0,3089.81061094,7.98778754868,29.4117647059,22.0,0,25.8337242842,-20.0,51.8518518519,19.4285714286,-16.0
11:10:55,3092.0,3089.81182693,7.98617551182,29.4117647059,26.0,0,25.8285107109,-2.0,61.6666666667,21.7142857143,-24.0
11:10:56,3091.0,3089.81248684,7.98440076371,27.7777777778,4.0,0,25.8311250848,2.0,66.6666666667,17.1428571429,-18.0
11:10:56,3091.0,3089.81314639,7.98298559128,27.7777777778,26.0,0,25.8265467204,0.0,87.037037037,19.1428571429,-12.0
11:10:57,3092.0,3089.81436097,7.98172797108,29.4117647059,14.0,0,25.8141266853,-4.0,88.1355932203,18.0,-20.0
11:10:57,3092.0,3089.81557488,7.98046797724,29.4117647059,226.0,0,25.8100516728,-86.0,96.855345912,76.9523809524,-110.0
11:10:58,3092.0,3089.81678811,7.97884285679,29.4117647059,204.0,0,25.8047957852,-180.0,52.8,120.095238095,-270.0
11:10:58,3091.0,3089.81744527,7.97741857362,27.7777777778,20.0,0,25.8085363106,18.0,49.7975708502,102.0,-250.0
11:10:59,3091.0,3089.81810206,7.97599214,27.7777777778,20.0,0,25.8039215141,20.0,50.5882352941,84.1904761905,-232.0
11:10:59,3091.0,3089.81875849,7.97420017565,27.7777777778,0.0,0,25.7981241529,0.0,0,59.9047619048,-232.0
11:11:00,3091.0,3089.81941455,7.97276923694,27.7777777778,20.0,0,25.7934947814,8.0,46.1224489796,42.5714285714,-220.0
11:11:00,3092.0,3089.82062565,7.97149505007,29.4117647059,8.0,0,25.7810318566,-4.0,0.735294117654,21.5238095238,-138.0
11:11:01,3092.0,3089.82183608,7.96985446836,29.4117647059,38.0,0,25.775725965,-4.0,58.4905660377,19.4285714286,38.0
11:11:01,3092.0,3089.82304583,7.96821106989,29.4117647059,66.0,0,25.7704109634,-8.0,73.6842105263,33.2380952381,12.0
11:11:02,3092.0,3089.82425492,7.96656485291,29.4117647059,82.0,0,25.7650868464,-4.0,83.1775700935,49.4285714286,-12.0
11:11:02,3092.0,3089.82546333,7.96528051923,29.4117647059,54.0,0,25.7609331152,-16.0,84.328358209,54.6666666667,-28.0
11:11:03,3091.0,3089.82611567,7.96347059321,27.7777777778,94.0,0,25.7634118189,30.0,91.8128654971,68.7619047619,-6.0
11:11:03,3091.0,3089.82676764,7.96202320897,27.7777777778,608.0,0,25.7587292429,-172.0,18.8959660297,226.19047619,-174.0
11:11:04,3092.0,3089.82797466,7.96073174544,29.4117647059,14.0,0,25.7462216864,-4.0,15.2505446623,185.333333333,-174.0
11:11:04,3092.0,3089.829181,7.95943789116,29.4117647059,20.0,0,25.7420371642,-10.0,9.8623853211,147.333333333,-176.0
11:11:05,3092.0,3089.83038668,7.95777589671,29.4117647059,464.0,0,25.7366620204,388.0,0.159489633183,238.380952381,216.0
11:11:05,3091.0,3089.83103629,7.95595335268,27.7777777778,2.0,0,25.7390920501,0.0,-3.82695507487,179.238095238,232.0
11:11:06,3092.0,3089.83224093,7.95428581871,29.4117647059,6.0,0,25.7253745754,4.0,-11.6696588869,123.714285714,206.0
11:11:06,3091.0,3089.83288951,7.9528244022,27.7777777778,14.0,0,25.7289692727,12.0,2.69230769233,74.6666666667,390.0
11:11:07,3093.0,3089.83464852,7.95134385722,33.3333333333,144.0,0,25.7075456102,-4.0,24.6153846154,91.0476190476,390.0
11:11:07,3092.0,3089.83585116,7.95003493567,29.4117647059,14.0,0,25.7116265707,-12.0,24.5341614907,64.0952380952,388.0
11:11:08,3092.0,3089.83705313,7.94872361444,29.4117647059,0.0,0,25.7073855577,0.0,0,33.4285714286,0.0
11:11:08,3092.0,3089.83825444,7.94704260157,29.4117647059,424.0,0,25.7019489055,146.0,26.9102990033,146.0,146.0
11:11:09,3092.0,3089.83945507,7.94572627091,29.4117647059,2.0,0,25.6976916912,2.0,26.7558528428,117.904761905,144.0
11:11:09,3092.0,3089.84065504,7.94403980613,29.4117647059,22.0,0,25.6922374066,22.0,28.0528052805,95.7142857143,154.0
11:11:10,3092.0,3089.84185434,7.94271846053,29.4117647059,0.0,0,25.6879639732,0.0,0,66.8571428571,158.0
11:11:10,3091.0,3089.84249758,7.94123818361,27.7777777778,4.0,0,25.6914855504,4.0,5.30973451327,46.0,174.0
11:11:11,3091.0,3089.84314046,7.93938735217,27.7777777778,0.0,0,25.6854977424,0.0,0,24.4761904762,174.0
11:11:11,3091.0,3089.84378298,7.93753390194,27.7777777778,8.0,0,25.6795014621,6.0,83.3333333333,5.2380952381,34.0
11:11:12,3092.0,3089.84498055,7.93620286864,29.4117647059,14.0,0,25.6668915545,14.0,87.5,7.52380952381,46.0
11:11:12,3092.0,3089.84617745,7.93486942412,29.4117647059,12.0,0,25.6625789913,10.0,84.2105263158,8.66666666667,34.0
11:11:13,3092.0,3089.84737368,7.93353356715,29.4117647059,0.0,0,25.658258626,0.0,0,6.85714285714,34.0
11:11:13,3092.0,3089.84856925,7.93252971634,29.4117647059,2.0,0,25.6550120192,0.0,94.4444444444,5.61904761905,30.0
11:11:14,3092.0,3089.84976416,7.93118923329,29.4117647059,34.0,0,25.6506766924,30.0,97.1428571429,13.619047619,60.0
11:11:14,3091.0,3089.850403,7.93002552714,27.7777777778,6.0,0,25.6552103757,2.0,91.1764705882,12.0,56.0
11:11:15,3092.0,3089.85159689,7.92868053335,29.4117647059,104.0,0,25.6425631739,100.0,96.2025316456,38.4761904762,142.0
11:11:15,3092.0,3089.85279012,7.92766830104,29.4117647059,8.0,0,25.63928946,2.0,93.5064935065,33.2380952381,134.0
11:11:16,3092.0,3089.85398268,7.92665403154,29.4117647059,170.0,0,25.6360091576,6.0,96.2962962963,74.4761904762,140.0
11:11:16,3091.0,3089.85461918,7.92548257186,27.7777777778,10.0,0,25.6405130115,2.0,93.9759036145,61.9047619048,142.0
11:11:17,3092.0,3089.85581073,7.92446434203,29.4117647059,186.0,0,25.6289273675,-44.0,95.867768595,99.2380952381,68.0
11:11:17,3092.0,3089.85700161,7.92344407264,29.4117647059,12.0,0,25.6256276605,-2.0,95.9183673469,79.619047619,64.0
11:11:18,3092.0,3089.85819184,7.92242176291,29.4117647059,2.0,0,25.6223213548,-2.0,94.3298969072,56.8571428571,-38.0
11:11:18,3092.0,3089.8593814,7.92139741207,29.4117647059,0.0,0,25.6190084478,0.0,0,38.380952381,-40.0
11:11:19,3092.0,3089.8605703,7.9203710193,29.4117647059,40.0,0,25.6156889369,0.0,77.6,31.7142857143,-46.0
11:11:19,3092.0,3089.86175854,7.91934258382,29.4117647059,16.0,0,25.6123628196,0.0,75.0,24.380952381,-48.0
11:11:20,3092.0,3089.86294613,7.91831210483,29.4117647059,10.0,0,25.6090300932,0.0,7.5,15.0476190476,-4.0
11:11:20,3092.0,3089.86413305,7.91727958154,29.4117647059,2.0,0,25.6056907553,-2.0,0,11.8095238095,-4.0
11:11:21,3092.0,3089.86531931,7.91624501314,29.4117647059,0.0,0,25.6023448032,0.0,0,8.47619047619,-2.0
11:11:21,3093.0,3089.86706032,7.91539748111,33.3333333333,26.0,0,25.5913271294,-24.0,2.12765957446,12.6666666667,-26.0
11:11:22,3092.0,3089.86824496,7.91435870841,29.4117647059,30.0,0,25.5962442057,-22.0,7.14285714285,16.7619047619,-48.0
11:11:22,3092.0,3089.86942893,7.91298018944,29.4117647059,116.0,0,25.5917858649,-4.0,5.43478260868,45.9047619048,-52.0
11:11:23,3092.0,3089.87061226,7.91122619591,29.4117647059,18.0,0,25.5861131821,0.0,5.20833333332,42.2857142857,-52.0
11:11:23,3092.0,3089.87179492,7.90984259493,29.4117647059,24.0,0,25.5816384053,0.0,4.67289719625,40.0,-50.0
11:11:24,3092.0,3089.87297693,7.90845655662,29.4117647059,10.0,0,25.5771557459,2.0,4.46428571427,32.6666666667,-48.0
11:11:24,3092.0,3089.87415828,7.90706807972,29.4117647059,2.0,0,25.5726651996,-2.0,3.99999999999,22.5714285714,-26.0
11:11:25,3092.0,3089.87533898,7.90567716292,29.4117647059,24.0,0,25.5681667624,2.0,3.09278350514,19.9047619048,-2.0
11:11:25,3093.0,3089.87707442,7.9044719674,33.3333333333,64.0,0,25.5560037743,48.0,2.81690140845,28.9523809524,50.0
11:11:26,3092.0,3089.87825349,7.90270171317,29.4117647059,10.0,0,25.5585437036,-6.0,2.98507462686,25.0476190476,44.0
11:11:26,3092.0,3089.87943191,7.90130314303,29.4117647059,0.0,0,25.5540205143,0.0,0,18.6666666667,44.0
11:11:27,3093.0,3089.88116508,7.89971514079,33.3333333333,6.0,0,25.5406244448,0.0,7.54716981132,15.1428571429,42.0
11:11:27,3092.0,3089.88234188,7.89793631723,29.4117647059,52.0,0,25.5431316857,-8.0,12.8205128205,24.9523809524,36.0
11:11:28,3092.0,3089.88351803,7.89615459133,29.4117647059,104.0,0,25.5373693122,104.0,7.62711864406,47.2380952381,138.0
11:11:28,3093.0,3089.88524893,7.89493293019,33.3333333333,22.0,0,25.5251630462,-10.0,19.587628866,42.2857142857,80.0
11:11:29,3093.0,3089.88697887,7.89333284456,33.3333333333,0.0,0,25.5199897981,0.0,0,33.0476190476,86.0
11:11:29,3092.0,3089.88815244,7.89191838837,29.4117647059,16.0,0,25.5236687852,2.0,26.0,28.8571428571,88.0
11:11:30,3092.0,3089.88932537,7.89012528946,29.4117647059,12.0,0,25.5178696296,12.0,24.2718446602,22.7619047619,100.0
11:11:30,3093.0,3089.89105304,7.88889267899,33.3333333333,24.0,0,25.5056342677,10.0,32.5842696629,19.8095238095,118.0
11:11:31,3092.0,3089.89222435,7.88709388323,29.4117647059,108.0,0,25.5080655991,76.0,80.2197802198,42.1904761905,90.0
11:11:31,3092.0,3089.89339501,7.88529217207,29.4117647059,0.0,0,25.5022385901,0.0,0,33.5238095238,100.0
11:11:32,3092.0,3089.89456502,7.88386467554,29.4117647059,0.0,0,25.4976218484,0.0,0,25.9047619048,100.0
11:11:32,3092.0,3089.89573438,7.8820573707,29.4117647059,36.0,0,25.4917767487,-28.0,68.8888888889,28.5714285714,70.0
11:11:33,3092.0,3089.8969031,7.88024714471,29.4117647059,10.0,0,25.4859222015,0.0,70.7865168539,22.8571428571,58.0
11:11:33,3092.0,3089.89807116,7.87881182976,29.4117647059,6.0,0,25.4812801739,4.0,66.25,16.0952380952,52.0
11:11:34,3092.0,3089.89923857,7.87699599925,29.4117647059,10.0,0,25.4754075008,0.0,29.0322580645,11.3333333333,-24.0
11:11:34,3093.0,3089.90096074,7.87536328772,33.3333333333,10.0,0,25.4618922978,-8.0,36.1111111111,11.2380952381,-32.0
11:11:35,3093.0,3089.90268195,7.8737274055,33.3333333333,4.0,0,25.4566033156,2.0,36.8421052632,8.95238095238,-30.0
11:11:35,3093.0,3089.9044022,7.87246713627,33.3333333333,12.0,0,25.4525287303,0.0,50.0,8.7619047619,-2.0
11:11:36,3092.0,3089.9055661,7.87101849183,29.4117647059,60.0,0,25.4560753293,44.0,21.568627451,23.4285714286,42.0
11:11:36,3093.0,3089.90728475,7.86937370541,33.3333333333,2.0,0,25.4425273373,0.0,24.4897959184,19.1428571429,38.0
11:11:37,3092.0,3089.90844705,7.86791978406,29.4117647059,4.0,0,25.4460536354,0.0,28.2608695652,15.619047619,38.0
11:11:37,3092.0,3089.9096087,7.86646338701,29.4117647059,2.0,0,25.441343425,-2.0,21.4285714286,11.8095238095,44.0
11:11:38,3092.0,3089.91076971,7.86500451288,29.4117647059,0.0,0,25.4366252034,0.0,0,7.80952380952,42.0
11:11:38,3092.0,3089.91193007,7.8635431603,29.4117647059,320.0,0,25.4318989661,-24.0,81.4432989691,95.4285714286,18.0
11:11:39,3093.0,3089.91364519,7.86188396279,33.3333333333,204.0,0,25.4183121978,112.0,97.7443609023,135.238095238,86.0
11:11:39,3093.0,3089.91535935,7.86060216256,33.3333333333,52.0,0,25.4141680005,-4.0,96.2199312715,124.761904762,82.0
11:11:40,3093.0,3089.91707257,7.85931763994,33.3333333333,52.0,0,25.4100150014,6.0,96.8253968254,111.904761905,88.0
11:11:40,3093.0,3089.91878483,7.8580303936,33.3333333333,6.0,0,25.4058531962,0.0,97.1608832808,83.619047619,90.0
11:11:41,3092.0,3089.91994074,7.85655595842,29.4117647059,38.0,0,25.4093012885,-16.0,96.130952381,64.2857142857,74.0
11:11:41,3093.0,3089.92165141,7.85526338742,33.3333333333,14.0,62.7906976744,25.3969071692,-14.0,94.5355191257,36.2857142857,84.0
11:11:42,3093.0,3089.92336113,7.85396808866,40.0,32.0,0,25.3927193296,-12.0,89.6907216495,28.0,-40.0
11:11:42,3093.0,3089.92506989,7.85267006077,40.0,0.0,0,25.3885226666,0.0,0,18.7619047619,-36.0
11:11:43,3093.0,3089.92677771,7.85136930241,40.0,30.0,0,25.3843171756,-18.0,68.3333333333,20.5714285714,-60.0
11:11:43,3092.0,3089.92792918,7.84988196813,37.5,10.0,0,25.3877165852,-10.0,61.2903225807,17.7142857143,-70.0
11:11:44,3093.0,3089.92963542,7.84892301628,40.0,18.0,0,25.3764080707,4.0,51.9230769231,16.9523809524,-50.0
11:11:44,3093.0,3089.9313407,7.84796173507,40.0,0.0,0,25.3733001457,0.0,0,12.0,-36.0
11:11:45,3093.0,3089.93304504,7.84699812364,40.0,28.0,0,25.3701846869,-2.0,37.2093023256,15.7142857143,-26.0
11:11:45,3093.0,3089.93474843,7.84603218115,40.0,40.0,0,25.3670616914,12.0,53.9682539683,23.0476190476,-14.0
11:11:46,3092.0,3089.93589547,7.84488067327,37.5,46.0,0,25.3715416341,-8.0,47.8873239437,30.1904761905,-4.0
11:11:46,3092.0,3089.93704188,7.84337897529,37.5,2.0,0,25.3666849136,2.0,50.7462686567,24.0,8.0
11:11:47,3092.0,3089.93818765,7.84222308314,37.5,0.0,0,25.362946582,0.0,0,17.619047619,4.0
11:11:47,3093.0,3089.93988818,7.84124799134,40.0,8.0,0,25.3515938938,6.0,54.8387096774,14.380952381,10.0
11:11:48,3093.0,3089.94158777,7.84027056392,40.0,4.0,0,25.3484337663,0.0,50.0,9.61904761905,12.0
11:11:48,3093.0,3089.94328642,7.83894191946,40.0,6.0,0,25.3441381166,-4.0,30.303030303,6.57142857143,-4.0
11:11:49,3093.0,3089.94498412,7.83795962678,40.0,44.0,0,25.3409622592,-34.0,81.25,16.0,-30.0
11:11:49,3092.0,3089.94612548,7.83679259709,37.5,2.0,0,25.3453835611,0.0,81.25,13.5238095238,-32.0
11:11:50,3093.0,3089.94782161,7.83545627261,40.0,388.0,0,25.3328686473,222.0,97.3451327434,121.333333333,190.0
11:11:50,3093.0,3089.94951679,7.83411719876,40.0,10.0,0,25.3285392782,2.0,95.5947136564,102.666666667,186.0
11:11:51,3094.0,3089.95176643,7.83260745258,43.75,22.0,0,25.3154733438,2.0,91.5254237288,87.3333333333,188.0
11:11:51,3094.0,3089.95401483,7.83147987824,43.75,16.0,0,25.3118289536,14.0,91.2863070539,69.4285714286,206.0
11:11:52,3093.0,3089.95570657,7.83013208326,40.0,68.0,0,25.3156549734,4.0,80.6324110672,65.9047619048,244.0
11:11:52,3093.0,3089.95739738,7.82878153311,40.0,0.0,0,25.3112885002,0.0,0,41.8095238095,244.0
11:11:53,3093.0,3089.95908724,7.82742822636,40.0,50.0,0,25.3069131147,8.0,16.8674698795,32.0952380952,30.0
11:11:53,3094.0,3089.96133157,7.82628901149,43.75,190.0,0,25.2950517501,0.0,53.7572254335,78.4761904762,28.0
11:11:54,3094.0,3089.96357465,7.82514678106,43.75,18.0,0,25.2913599905,16.0,56.1403508772,67.1428571429,42.0
11:11:54,3093.0,3089.96526109,7.82378495576,40.0,6.0,0,25.2951340309,0.0,53.6144578313,52.5714285714,28.0
11:11:55,3094.0,3089.96750198,7.82263682613,43.75,22.0,0,25.2832476604,20.0,69.2307692308,43.0476190476,44.0
11:11:55,3093.0,3089.96918624,7.82126935484,40.0,26.0,0,25.2870008239,8.0,64.7435897436,36.8571428571,52.0
11:11:56,3094.0,3089.97142496,7.82011532054,43.75,8.0,0,25.2750979979,0.0,74.8148148148,24.2857142857,44.0
11:11:56,3094.0,3089.97366243,7.81895826395,43.75,42.0,0,25.2713583192,14.0,42.6229508197,23.4285714286,58.0
11:11:57,3094.0,3089.97589867,7.81779818372,43.75,22.0,0,25.2676088679,22.0,52.380952381,23.9047619048,64.0
11:11:57,3093.0,3089.97757826,7.81641928358,40.0,14.0,0,25.2713200245,12.0,52.2388059702,21.9047619048,76.0
11:11:58,3093.0,3089.97925691,7.81503761256,40.0,14.0,0,25.2668529343,2.0,50.7936507937,19.5238095238,58.0
11:11:58,3094.0,3089.98149004,7.81386872455,43.75,56.0,0,25.254908612,46.0,44.8717948718,29.5238095238,96.0
11:11:59,3093.0,3089.98316652,7.81248138763,40.0,16.0,0,25.2585883855,-8.0,37.8048780488,26.6666666667,88.0
11:11:59,3093.0,3089.98484208,7.81109127546,40.0,86.0,0,25.2540940041,-32.0,66.3461538462,43.4285714286,42.0
11:12:00,3092.0,3089.9859613,7.80951875958,37.5,4.0,0,25.2571758072,2.0,62.1052631579,34.6666666667,22.0
11:12:00,3094.0,3089.9881907,7.808338294,43.75,36.0,0,25.2370339173,18.0,72.641509434,35.9047619048,28.0
11:12:01,3093.0,3089.98986346,7.80693985352,40.0,58.0,0,25.2406720127,2.0,59.375,42.380952381,28.0
11:12:01,3093.0,3089.9915353,7.80589318665,40.0,194.0,0,25.2372880267,72.0,85.2791878173,85.619047619,54.0
11:12:02,3093.0,3089.9932062,7.80484415501,40.0,28.0,0,25.2338963951,28.0,89.6551724138,74.8571428571,90.0
11:12:02,3093.0,3089.99487618,7.80379275765,40.0,18.0,0,25.2304971149,10.0,87.573964497,60.6666666667,132.0
11:12:03,3093.0,3089.99654523,7.80273899361,40.0,2.0,0,25.227090183,2.0,88.0952380952,45.1428571429,132.0
11:12:03,3093.0,3089.99821335,7.80168286195,40.0,20.0,0,25.2236755963,16.0,86.25,34.8571428571,130.0
11:12:04,3093.0,3089.99988055,7.80062436168,40.0,2.0,0,25.2202533517,0.0,100.0,20.1904761905,128.0
11:12:04,3093.0,3090.00154682,7.79956349186,40.0,122.0,0,25.216823446,2.0,100.0,42.4761904762,58.0
11:12:05,3093.0,3090.00321216,7.79850025151,40.0,24.0,0,25.2133858762,20.0,100.0,40.1904761905,50.0
11:12:05,3093.0,3090.00487658,7.79743463967,40.0,24.0,0,25.2099406391,-8.0,100.0,38.0952380952,32.0
11:12:06,3093.0,3090.00654008,7.79601033115,40.0,18.0,0,25.2053356972,8.0,100.0,34.0,38.0
11:12:06,3093.0,3090.00820265,7.79458322815,40.0,30.0,0,25.2007217205,14.0,100.0,32.5714285714,36.0
11:12:07,3093.0,3090.0098643,7.79315332916,40.0,202.0,0,25.196098704,18.0,100.0,79.8095238095,54.0
11:12:07,3093.0,3090.01152502,7.79172063261,40.0,182.0,0,25.1914666428,-120.0,100.0,111.80952381,-68.0
11:12:08,3093.0,3090.01318482,7.79028513698,40.0,16.0,0,25.1868255318,0.0,96.6101694915,93.5238095238,-88.0
11:12:08,3093.0,3090.0148437,7.78884684071,40.0,14.0,0,25.182175366,-2.0,93.5064935065,75.0476190476,-82.0
11:12:09,3093.0,3090.01650166,7.78740574225,40.0,0.0,0,25.1775161405,0.0,0,53.0476190476,-90.0
11:12:09,3093.0,3090.0181587,7.78596184005,40.0,0.0,0,25.1728478501,0.0,0,31.9047619048,-104.0
11:12:10,3094.0,3090.02037022,7.78472792645,43.75,4.0,0,25.1607237442,2.0,86.1111111111,13.3333333333,-120.0
11:12:10,3093.0,3090.02202511,7.78363663756,40.0,10.0,0,25.1653302217,-4.0,9.09090909091,5.90476190476,-4.0
11:12:11,3094.0,3090.02423449,7.78200269675,43.75,64.0,0,25.1519156327,10.0,54.347826087,22.0952380952,6.0
11:12:11,3093.0,3090.02588723,7.78015279215,40.0,10.0,0,25.1540665766,-2.0,56.8181818182,20.5714285714,6.0
11:12:12,3094.0,3090.02809446,7.77890665915,43.75,20.0,0,25.141909047,-10.0,55.5555555556,22.0952380952,-4.0
11:12:12,3094.0,3090.03030046,7.77765745939,43.75,0.0,0,25.1378715559,0.0,0,16.9523809524,-4.0
11:12:13,3093.0,3090.03194983,7.77619317191,40.0,8.0,0,25.1412647007,-8.0,51.7857142857,14.0952380952,-14.0
11:12:13,3094.0,3090.03415369,7.77493796867,43.75,2.0,0,25.1290819931,-2.0,57.6923076923,9.33333333333,-12.0
11:12:14,3094.0,3090.03635633,7.77328397461,43.75,24.0,0,25.1237361817,4.0,56.25,11.2380952381,-18.0
11:12:14,3094.0,3090.03855774,7.77202239438,43.75,80.0,0,25.1196586761,-52.0,83.5820895522,31.0476190476,-68.0
11:12:15,3093.0,3090.04020253,7.77054624135,40.0,56.0,0,25.1230075698,-54.0,91.7647058824,40.6666666667,-112.0
11:12:15,3093.0,3090.04184641,7.76906726531,40.0,28.0,0,25.118225882,-10.0,86.8686868687,40.5714285714,-122.0
11:12:16,3094.0,3090.04404477,7.76779672573,43.75,58.0,0,25.1060010528,0.0,91.935483871,47.7142857143,-114.0
11:12:16,3094.0,3090.04624191,7.76652310708,43.75,6.0,0,25.1018846383,-4.0,92.0634920635,37.619047619,-116.0
11:12:17,3094.0,3090.04843783,7.76484925485,43.75,4.0,0,25.096474644,-4.0,92.2413793103,26.7619047619,-124.0
11:12:17,3094.0,3090.05063254,7.7635692391,43.75,70.0,0,25.0923375536,-50.0,69.3693693694,35.7142857143,-122.0
11:12:18,3094.0,3090.05282602,7.76188848708,43.75,8.0,0,25.0869052588,-2.0,62.0689655172,27.4285714286,-70.0
11:12:18,3094.0,3090.05501829,7.76060206714,43.75,166.0,0,25.0827474697,74.0,31.4102564103,66.5714285714,14.0
11:12:19,3093.0,3090.05665393,7.75870394846,40.0,302.0,0,25.0847201696,138.0,7.19424460432,138.0,152.0
11:12:19,3093.0,3090.05828867,7.75680249049,40.0,12.0,0,25.0785725525,4.0,7.47330960854,114.952380952,160.0
11:12:20,3093.0,3090.0599225,7.75489769078,40.0,0.0,0,25.0724141312,0.0,0,88.1904761905,164.0
11:12:20,3093.0,3090.06155542,7.75298954685,40.0,20.0,0,25.0662448977,20.0,8.26771653543,67.3333333333,234.0
11:12:21,3093.0,3090.06318744,7.75107805624,40.0,46.0,0,25.060064844,0.0,14.2857142857,56.2857142857,236.0
11:12:21,3093.0,3090.06481855,7.74916321647,40.0,2.0,0,25.0538739621,2.0,19.3717277487,30.8571428571,164.0
11:12:22,3093.0,3090.06644875,7.74724502507,40.0,2.0,0,25.047672244,2.0,92.6829268293,13.2380952381,28.0
11:12:22,3093.0,3090.06807805,7.74532347952,40.0,28.0,0,25.0414596816,24.0,97.9591836735,17.3333333333,48.0
11:12:23,3093.0,3090.06970644,7.74379887314,40.0,40.0,0,25.036530466,40.0,98.5507246377,24.0952380952,88.0
11:12:23,3093.0,3090.07133393,7.7422714152,40.0,14.0,0,25.031592031,2.0,96.9696969697,21.5238095238,70.0
11:12:24,3093.0,3090.07296052,7.74034033111,40.0,122.0,0,25.0253486295,0.0,99.0384615385,50.0952380952,70.0
11:12:24,3093.0,3090.0745862,7.73840588347,40.0,28.0,0,25.0190943533,12.0,91.452991453,48.1904761905,80.0
11:12:25,3093.0,3090.07621098,7.73686938235,40.0,4.0,0,25.0141266807,2.0,91.5254237288,38.1904761905,80.0
11:12:25,3093.0,3090.07783485,7.73492847035,40.0,0.0,0,25.0078515045,0.0,0,26.9523809524,56.0
11:12:26,3092.0,3090.07890243,7.73321310172,37.5,22.0,0,25.0103916614,10.0,85.2631578947,23.3333333333,26.0
11:12:26,3093.0,3090.08052481,7.73166790416,40.0,4.0,0,24.9973097451,2.0,85.5555555556,15.4285714286,26.0
11:12:27,3093.0,3090.08214629,7.72971754052,40.0,164.0,0,24.9910040107,136.0,77.4774774775,53.7142857143,162.0
11:12:27,3093.0,3090.08376687,7.72816637233,40.0,34.0,0,24.985988918,34.0,76.3157894737,52.8571428571,184.0
11:12:28,3093.0,3090.08538655,7.72661233623,40.0,6.0,0,24.980964553,6.0,76.5217391304,43.7142857143,188.0
11:12:28,3093.0,3090.08700533,7.7250554305,40.0,6.0,0,24.9759309101,0.0,76.2711864407,34.4761904762,188.0
11:12:29,3093.0,3090.08862321,7.7234956534,40.0,0.0,0,24.9708879838,0.0,0,23.2380952381,178.0
11:12:29,3093.0,3090.09024019,7.72152946533,40.0,0.0,0,24.9645310874,0.0,0,13.0476190476,176.0
11:12:30,3092.0,3090.09130087,7.71938796909,37.5,26.0,0,24.9656790721,2.0,33.3333333333,10.4761904762,42.0
11:12:30,3092.0,3090.09236097,7.71724331899,37.5,22.0,0,24.9587429463,18.0,26.6666666667,13.3333333333,26.0
11:12:31,3093.0,3090.09397587,7.71526720671,40.0,102.0,0,24.9442845351,100.0,71.7948717949,39.619047619,120.0
11:12:31,3092.0,3090.09503448,7.71311612882,37.5,10.0,57.5,24.9453949832,8.0,72.5,35.0476190476,128.0
11:12:32,3093.0,3090.0966479,7.71113334531,37.5,48.0,0,24.9309193188,8.0,78.8461538462,41.1428571429,136.0
11:12:32,3092.0,3090.09770503,7.70938100488,33.3333333333,40.0,0,24.9333150222,40.0,66.1290322581,42.6666666667,176.0
11:12:33,3093.0,3090.09931697,7.70779723361,37.5,28.0,0,24.9201333127,20.0,73.6,38.8571428571,194.0
11:12:33,3092.0,3090.10037261,7.70603947852,33.3333333333,50.0,0,24.9225080159,0.0,64.7482014388,41.2380952381,176.0
11:12:34,3092.0,3090.10142766,7.70427906895,33.3333333333,118.0,0,24.9168145826,52.0,40.1360544218,61.7142857143,128.0
11:12:34,3092.0,3090.10248213,7.70251600308,33.3333333333,804.0,0,24.9111125585,380.0,10.1102941176,277.428571429,500.0
11:12:35,3092.0,3090.10353602,7.7007502791,33.3333333333,478.0,0,24.9054019376,14.0,4.08432147562,362.19047619,506.0
11:12:35,3092.0,3090.10458932,7.69898189517,33.3333333333,58.0,0,24.899682714,12.0,4.16666666666,306.476190476,478.0
11:12:36,3092.0,3090.10564203,7.69758161076,33.3333333333,34.0,0,24.8951539805,12.0,4.40985732814,243.047619048,470.0
11:12:36,3092.0,3090.10669416,7.69580813728,33.3333333333,152.0,0,24.8894182965,-52.0,7.66423357664,213.047619048,418.0
11:12:37,3091.0,3090.1071903,7.69426897112,31.25,118.0,0,24.8924910098,-12.0,9.36739659367,168.476190476,354.0
11:12:37,3091.0,3090.10768617,7.69272780189,31.25,14.0,0,24.8875050207,2.0,18.2669789227,94.1904761905,-24.0
11:12:38,3091.0,3090.10818176,7.69081301691,31.25,120.0,0,24.8813103103,-44.0,32.2580645161,87.8095238095,-82.0
11:12:38,3092.0,3090.10923248,7.68902970327,33.3333333333,12.0,0,24.8674958062,8.0,35.5555555555,67.619047619,-86.0
11:12:39,3091.0,3090.10972721,7.6867016749,31.25,4.0,0,24.8680093009,4.0,31.9047619048,47.3333333333,-94.0
11:12:39,3091.0,3090.11022167,7.68437068196,31.25,2.0,0,24.8604680749,2.0,28.1481481481,27.9047619048,-40.0
11:12:40,3091.0,3090.11071586,7.68244551792,31.25,6.0,0,24.8542397862,0.0,7.59493670886,16.7619047619,-28.0
11:12:40,3091.0,3090.11120977,7.68051790226,31.25,254.0,0,24.848003566,-2.0,3.0150753769,81.8095238095,-32.0
11:12:41,3091.0,3090.1117034,7.6781785502,31.25,408.0,0,24.8404352967,-286.0,59.4752186589,179.428571429,-274.0
11:12:41,3091.0,3090.11219676,7.67624578199,31.25,22.0,0,24.834182407,6.0,58.908045977,153.047619048,-276.0
11:12:42,3091.0,3090.11268985,7.67390075371,31.25,118.0,0,24.8265957739,42.0,50.8641975309,153.619047619,-238.0
11:12:42,3092.0,3090.11373806,7.67168577656,33.3333333333,206.0,0,24.8114028996,-102.0,60.5522682446,173.904761905,-342.0
11:12:43,3091.0,3090.11423029,7.66933467566,31.25,50.0,0,24.8118236029,10.0,58.9792060492,139.904761905,-332.0
11:12:43,3091.0,3090.11472225,7.66739122482,31.25,62.0,0,24.8055361528,32.0,71.8244803695,107.238095238,-298.0
11:12:44,3091.0,3090.11521394,7.6650344277,31.25,298.0,0,24.7979114452,-34.0,53.9682539683,151.142857143,-46.0
11:12:44,3091.0,3090.11570535,7.6630857982,31.25,44.0,0,24.791607241,40.0,54.498714653,127.714285714,-12.0
11:12:45,3092.0,3090.11675189,7.66085576885,33.3333333333,548.0,0,24.7763770015,-106.0,79.9668874172,247.238095238,-160.0
11:12:45,3092.0,3090.11779785,7.65862251096,33.3333333333,142.0,0,24.7691543045,-138.0,66.7832167832,230.285714286,-196.0
11:12:46,3092.0,3090.11884322,7.65638602172,33.3333333333,30.0,0,24.7619211569,-24.0,66.7259786477,184.380952381,-230.0
11:12:46,3092.0,3090.11988802,7.65414629829,33.3333333333,6.0,0,24.7546775494,-6.0,70.2247191011,132.571428571,-268.0
11:12:47,3092.0,3090.12093224,7.65231587132,33.3333333333,12.0,0,24.7487576692,-12.0,72.1227621483,85.1428571429,-246.0
11:12:47,3093.0,3090.12253127,7.65023811459,37.5,86.0,0,24.7340385211,-58.0,69.6601941748,72.4761904762,-344.0
11:12:48,3092.0,3090.12357402,7.64798884239,33.3333333333,198.0,0,24.7347633971,-84.0,6.32911392405,89.8095238095,-322.0
11:12:48,3091.0,3090.12406079,7.64560471956,31.25,484.0,0,24.7350524735,26.0,3.43137254902,205.523809524,-158.0
11:12:49,3091.0,3090.12454729,7.64321758162,31.25,52.0,0,24.7273296073,42.0,8.59188544152,181.523809524,-92.0
11:12:49,3092.0,3090.12558892,7.64137272245,33.3333333333,372.0,0,24.7133658553,44.0,23.9202657807,247.904761905,-42.0
11:12:50,3091.0,3090.12607457,7.63939387725,31.25,80.0,0,24.7149591629,-50.0,24.8427672956,213.428571429,-80.0
11:12:50,3091.0,3090.12655995,7.63699812964,31.25,0.0,0,24.7072084427,0.0,0,152.857142857,-22.0
11:12:51,3091.0,3090.12704506,7.63459935624,31.25,2.0,0,24.6994479335,0.0,28.8888888889,96.9523809524,62.0
11:12:51,3091.0,3090.1275299,7.63219755419,31.25,0.0,0,24.691677626,0.0,0,49.8095238095,36.0
11:12:52,3091.0,3090.12801447,7.62979272064,31.25,14.0,0,24.683897511,-10.0,52.1367521367,29.7142857143,-16.0
11:12:52,3091.0,3090.12849877,7.62780039145,31.25,0.0,0,24.6774519296,0.0,0,7.42857142857,-60.0
11:12:53,3091.0,3090.1289828,7.62538976943,31.25,14.0,0,24.6696530878,-2.0,33.3333333333,6.85714285714,-12.0
11:12:53,3092.0,3090.13002197,7.62352268121,33.3333333333,306.0,0,24.6556360971,-228.0,4.16666666669,92.8571428571,-240.0
11:12:54,3091.0,3090.13050515,7.62110615007,31.25,6.0,0,24.6557947268,6.0,4.11764705885,78.5714285714,-234.0
11:12:54,3092.0,3090.13154347,7.61881684133,33.3333333333,104.0,0,24.6404166925,-4.0,15.3153153153,92.0952380952,-238.0
11:12:55,3092.0,3090.13258122,7.61652425104,33.3333333333,20.0,0,24.6330021056,-2.0,18.2222222222,76.6666666667,-230.0
11:12:55,3092.0,3090.13361838,7.61422837623,33.3333333333,0.0,0,24.625576896,0.0,0,55.2380952381,-230.0
11:12:56,3091.0,3090.13409957,7.61221678911,31.25,20.0,0,24.6270358755,-14.0,16.2280701755,39.5238095238,-242.0
11:12:56,3092.0,3090.1351359,7.60991474782,33.3333333333,8.0,0,24.6116259632,-4.0,46.835443038,20.0952380952,-18.0
11:12:57,3091.0,3090.13561624,7.60789776044,31.25,220.0,0,24.6130629584,180.0,19.8924731183,75.4285714286,156.0
11:12:57,3091.0,3090.13609632,7.60545998134,31.25,52.0,0,24.605176258,-38.0,6.25,72.5714285714,122.0
11:12:58,3091.0,3090.13657614,7.6034376921,31.25,200.0,0,24.5986337499,-8.0,29.2,114.476190476,116.0
11:12:58,3092.0,3090.13761108,7.60154222088,33.3333333333,94.0,0,24.584547933,50.0,24.9158249158,117.523809524,166.0
11:12:59,3091.0,3090.13809006,7.59951476684,31.25,20.0,0,24.5859423062,20.0,24.5791245791,94.9523809524,200.0
11:12:59,3091.0,3090.13856876,7.59748478116,31.25,16.0,0,24.5793748986,16.0,23.5880398671,71.2380952381,220.0
11:13:00,3092.0,3090.1396026,7.5955812721,33.3333333333,6.0,0,24.5652693147,-6.0,38.1443298969,44.2857142857,34.0
11:13:00,3091.0,3090.14008047,7.59354610939,31.25,4.0,0,24.5666325118,4.0,43.5294117647,26.9523809524,76.0
11:13:01,3092.0,3090.14111347,7.59163719147,33.3333333333,12.0,0,24.5525135559,0.0,10.5263157895,14.1904761905,84.0
11:13:01,3092.0,3090.1421459,7.58930515777,33.3333333333,8.0,0,24.5449714029,-2.0,27.2727272727,9.2380952381,32.0
11:13:02,3091.0,3090.14262235,7.5868412674,31.25,4.0,0,24.5449410139,0.0,40.0,7.2380952381,12.0
11:13:02,3091.0,3090.14309854,7.58437428753,31.25,42.0,0,24.5369598432,-10.0,39.4736842105,16.8571428571,-14.0
11:13:03,3091.0,3090.14357447,7.5823254316,31.25,0.0,0,24.5303313866,0.0,0,13.2380952381,-8.0
11:13:03,3091.0,3090.14405013,7.58027402677,31.25,48.0,0,24.5236946838,10.0,21.052631579,23.619047619,-2.0
11:13:04,3091.0,3090.14452552,7.578220071,31.25,206.0,0,24.5170497282,90.0,5.19480519481,77.0476190476,88.0
11:13:04,3091.0,3090.14500065,7.57574157536,31.25,10.0,0,24.5090313017,-2.0,5.16129032258,65.2380952381,88.0
11:13:05,3091.0,3090.14547552,7.57325997617,31.25,60.0,0,24.5010028346,30.0,4.37158469946,67.619047619,118.0
11:13:05,3091.0,3090.14595012,7.57077527037,31.25,62.0,0,24.492964317,-8.0,2.0725388601,67.9047619048,120.0
11:13:06,3092.0,3090.14697987,7.56883797774,33.3333333333,8.0,0,24.4787774183,0.0,2.53807106599,51.8095238095,120.0
11:13:06,3091.0,3090.14745363,7.56677035334,31.25,8.0,0,24.4800076135,4.0,3.38983050847,35.3333333333,114.0
11:13:07,3092.0,3090.14848254,7.56482759814,33.3333333333,22.0,0,24.4658072385,10.0,12.9411764706,24.7619047619,34.0
11:13:07,3091.0,3090.14895547,7.56275473502,31.25,600.0,0,24.4670162893,370.0,80.5263157895,188.095238095,406.0
11:13:08,3092.0,3090.14998355,7.56080650868,33.3333333333,478.0,0,24.4528024214,-168.0,92.3599320883,288.476190476,208.0
11:13:08,3092.0,3090.15101105,7.55885548341,33.3333333333,92.0,0,24.4464925078,-16.0,97.0198675497,258.666666667,200.0
11:13:09,3093.0,3090.15259338,7.55745300929,37.5,134.0,0,24.4340543462,-116.0,97.3013493253,239.428571429,84.0
11:13:09,3092.0,3090.15361943,7.55549652244,33.3333333333,44.0,0,24.4356291153,-2.0,97.2262773723,188.476190476,78.0
11:13:10,3092.0,3090.15464492,7.55353723042,33.3333333333,22.0,0,24.4292924658,-16.0,97.8102189781,129.523809524,52.0
11:13:10,3092.0,3090.15566983,7.5519635048,33.3333333333,86.0,0,24.4242027969,-18.0,91.3551401869,88.8571428571,-336.0
11:13:11,3093.0,3090.15724957,7.55055070655,37.5,44.0,0,24.4117384628,-30.0,79.1469194313,60.6666666667,-198.0
11:13:11,3092.0,3090.15827304,7.54897220847,33.3333333333,48.0,0,24.414528488,20.0,68.7830687831,54.2857142857,-162.0
11:13:12,3093.0,3090.15985134,7.54716535271,37.5,96.0,0,24.4007932516,2.0,39.4117647059,63.7142857143,-44.0
11:13:12,3093.0,3090.16142876,7.54535544635,37.5,90.0,0,24.3949416306,0.0,25.9067357513,73.2380952381,-42.0
11:13:13,3092.0,3090.1624499,7.54337971132,33.3333333333,26.0,0,24.3964414984,16.0,21.0256410256,62.2857142857,-10.0
11:13:13,3092.0,3090.16347048,7.54179097503,33.3333333333,64.0,0,24.3913032828,44.0,14.6739130435,62.0,52.0
11:13:14,3093.0,3090.16504589,7.54036245629,37.5,10.0,0,24.3787987594,2.0,7.78443113772,47.3333333333,84.0
11:13:14,3092.0,3090.16606503,7.5383786571,33.3333333333,6.0,0,24.3802673257,6.0,4.79452054794,33.1428571429,70.0
11:13:15,3092.0,3090.1670836,7.53678256009,33.3333333333,24.0,0,24.3751053043,8.0,14.5454545455,26.0952380952,76.0
11:13:15,3092.0,3090.1681016,7.53518411795,33.3333333333,162.0,0,24.3699356984,-58.0,65.0684931507,61.9047619048,18.0
11:13:16,3092.0,3090.16911904,7.53358332919,33.3333333333,180.0,0,24.3647585032,74.0,42.600896861,99.4285714286,76.0
11:13:16,3092.0,3090.17013592,7.53158898499,33.3333333333,206.0,0,24.3583084896,200.0,64.9659863946,137.047619048,232.0
11:13:17,3092.0,3090.17115222,7.52998327163,33.3333333333,406.0,0,24.3531153675,398.0,79.4715447154,225.047619048,628.0
11:13:17,3093.0,3090.17272337,7.52853698509,37.5,1126.0,0,24.3405657455,758.0,90.3992395437,499.904761905,1380.0
11:13:18,3093.0,3090.17429364,7.52708811416,37.5,316.0,0,24.3358813908,242.0,91.7362270451,490.0,1614.0
11:13:18,3093.0,3090.17586304,7.52524450507,37.5,44.0,0,24.3299208053,16.0,89.4644424934,388.476190476,1688.0
11:13:19,3094.0,3090.17798697,7.52398854508,41.1764705882,60.0,0,24.3179978833,8.0,97.2196478221,297.142857143,1622.0
11:13:19,3094.0,3090.18010973,7.52233710728,41.1764705882,22.0,0,24.3126603338,-12.0,97.26443769,200.666666667,1410.0
11:13:20,3093.0,3090.1816759,7.52087719285,37.5,616.0,0,24.3158008175,350.0,88.2783882784,282.666666667,1362.0
11:13:20,3094.0,3090.1837966,7.5196126228,41.1764705882,22.0,0,24.3038546309,22.0,76.8518518518,184.952380952,626.0
11:13:21,3093.0,3090.18536072,7.51814740691,37.5,460.0,0,24.3069751274,284.0,78.1045751634,264.952380952,668.0
11:13:21,3094.0,3090.18747938,7.5168772862,41.1764705882,304.0,55.2631578947,24.2950138533,304.0,84.9056603774,293.523809524,956.0
11:13:22,3094.0,3090.18959686,7.51521049683,50.0,494.0,0,24.2896266866,268.0,87.1741397289,364.0,1216.0
11:13:22,3094.0,3090.19171316,7.51393445766,50.0,34.0,0,24.2855024488,0.0,86.3212435233,282.380952381,1228.0
11:13:23,3095.0,3090.19438369,7.51288982884,53.3333333333,1204.0,0,24.2742805455,-302.0,97.5377283558,534.476190476,576.0
11:13:23,3095.0,3090.19705273,7.51184208618,53.3333333333,68.0,0,24.2708952704,-8.0,97.0358814352,434.0,546.0
11:13:24,3095.0,3090.1997203,7.51039645166,53.3333333333,326.0,0,24.2662243995,-30.0,97.366255144,405.047619048,232.0
11:13:24,3095.0,3090.20238638,7.50934224734,53.3333333333,436.0,0,24.2628182466,246.0,97.1896955503,413.904761905,174.0
11:13:25,3095.0,3090.20505098,7.50828492503,53.3333333333,484.0,0,24.2594020195,-6.0,97.8840125392,430.19047619,-100.0
11:13:25,3095.0,3090.2077141,7.50722448342,53.3333333333,560.0,0,24.2559757138,8.0,87.3944119558,468.666666667,-92.0
11:13:26,3095.0,3090.21037574,7.50576519158,53.3333333333,102.0,0,24.2512607159,-26.0,73.987854251,351.238095238,184.0
11:13:26,3095.0,3090.2130359,7.50469827636,53.3333333333,60.0,0,24.2478134939,-4.0,74.593495935,274.285714286,188.0
11:13:27,3095.0,3090.21569459,7.50323201451,53.3333333333,12.0,0,24.2430759758,0.0,70.1330108827,184.0,218.0
11:13:27,3095.0,3090.2183518,7.5021586194,53.3333333333,18.0,0,24.2396078171,-14.0,60.5177993527,110.380952381,-42.0
11:13:28,3094.0,3090.22045213,7.50084925233,50.0,4.0,0,24.2432102532,-4.0,35.7142857143,52.6666666667,-40.0
11:13:28,3095.0,3090.2231067,7.49976974441,53.3333333333,34.0,0,24.2318893196,-14.0,39.1304347826,26.380952381,-62.0
11:13:29,3095.0,3090.22575979,7.49868710731,53.3333333333,28.0,0,24.2283912999,0.0,92.3076923077,23.4285714286,-36.0
11:13:29,3095.0,3090.22841141,7.49760133968,53.3333333333,204.0,0,24.2248831654,-72.0,28.6666666667,74.2857142857,-104.0
11:13:30,3095.0,3090.23106156,7.49651244016,53.3333333333,96.0,0,24.2213649117,-4.0,43.2291666667,87.4285714286,-108.0
11:13:30,3094.0,3090.23315483,7.49518825071,50.0,20.0,0,24.2249135446,4.0,41.9689119171,74.8571428571,-90.0
11:13:31,3094.0,3090.23524694,7.49386119137,50.0,6.0,0,24.2206244065,0.0,41.7525773196,58.1904761905,-86.0
11:13:31,3095.0,3090.23789329,7.49276317008,53.3333333333,12.0,0,24.2092509534,4.0,39.8907103825,43.1428571429,-68.0
11:13:32,3095.0,3090.24053817,7.49166201129,53.3333333333,30.0,0,24.2056930898,0.0,40.7608695652,34.2857142857,-68.0
11:13:32,3095.0,3090.24318158,7.4901588933,53.3333333333,104.0,0,24.2008364889,-48.0,92.5373134328,46.4761904762,-44.0
11:13:33,3095.0,3090.24582352,7.48905122125,53.3333333333,22.0,0,24.1972575808,2.0,90.7216494845,40.0,-38.0
11:13:33,3094.0,3090.2479086,7.48770905951,50.0,56.0,0,24.2007403346,42.0,71.3043478261,46.7619047619,0.0
11:13:34,3095.0,3090.25054792,7.48619568598,53.3333333333,54.0,0,24.1880312956,52.0,77.6978417266,51.2380952381,52.0
11:13:34,3094.0,3090.25263037,7.48444757852,50.0,204.0,0,24.1901990256,178.0,55.7446808511,96.2857142857,226.0
11:13:35,3094.0,3090.25471166,7.48309617706,50.0,110.0,0,24.1858312122,86.0,42.1818181818,105.333333333,312.0
11:13:35,3094.0,3090.2567918,7.48174189132,50.0,40.0,0,24.1814540767,0.0,37.037037037,90.5714285714,360.0
11:13:36,3095.0,3090.25942618,7.48061543793,53.3333333333,6.0,0,24.170001415,4.0,35.7446808511,69.1428571429,362.0
11:13:36,3095.0,3090.2620591,7.47948583349,53.3333333333,10.0,0,24.1663516429,-2.0,40.0943396226,49.619047619,318.0
11:13:37,3095.0,3090.26469056,7.47795203693,53.3333333333,12.0,0,24.161395919,4.0,32.9842931937,32.8571428571,270.0
11:13:37,3095.0,3090.26732056,7.47681588972,53.3333333333,28.0,0,24.1577250072,8.0,46.6019417476,22.6666666667,100.0
11:13:38,3094.0,3090.26939369,7.47544642851,50.0,10.0,0,24.1611067502,4.0,94.3396226415,15.7142857143,18.0
11:13:38,3095.0,3090.27202108,7.47430410898,53.3333333333,14.0,0,24.149609399,8.0,82.5,14.6666666667,26.0
11:13:39,3095.0,3090.274647,7.47275661038,53.3333333333,0.0,0,24.1446094035,0.0,0,10.8571428571,22.0
11:13:39,3094.0,3090.27671607,7.47097568599,50.0,112.0,0,24.1466570329,110.0,32.9545454546,39.3333333333,134.0
11:13:40,3094.0,3090.27878399,7.46919135144,50.0,4.0,0,24.1408899529,4.0,28.5714285714,32.0952380952,134.0
11:13:40,3095.0,3090.28140616,7.46763312198,53.3333333333,18.0,0,24.1280553214,18.0,16.4556962025,29.2380952381,144.0
11:13:41,3095.0,3090.28402687,7.46607121882,53.3333333333,0.0,0,24.1230087845,0.0,0,21.7142857143,140.0
11:13:41,3095.0,3090.28664613,7.46406501777,53.3333333333,68.0,0,24.1165267133,22.0,36.6336633663,34.0952380952,154.0
11:13:42,3095.0,3090.28926393,7.46205454447,53.3333333333,16.0,0,24.1100308384,16.0,36.6972477064,29.0476190476,170.0
11:13:42,3095.0,3090.29188028,7.46003979547,53.3333333333,12.0,0,24.1035211485,6.0,76.2711864407,22.0952380952,66.0
11:13:43,3095.0,3090.29449517,7.45846233594,53.3333333333,14.0,0,24.0984243488,12.0,78.125,20.4761904762,74.0
11:13:43,3095.0,3090.29710862,7.45643934156,53.3333333333,4.0,0,24.091888018,4.0,85.9649122807,15.5238095238,60.0
11:13:44,3094.0,3090.29916521,7.45418349272,50.0,56.0,0,24.0923836223,28.0,88.2352941177,26.0952380952,88.0
11:13:44,3095.0,3090.30177606,7.45259454365,53.3333333333,22.0,0,24.0794654076,-4.0,74.1935483871,24.2857142857,62.0
11:13:45,3095.0,3090.30438546,7.45100190048,53.3333333333,4.0,0,24.0743195492,-4.0,80.3571428572,19.5238095238,42.0
11:13:45,3095.0,3090.30699341,7.44940556084,53.3333333333,14.0,0,24.0691617475,-12.0,80.701754386,18.1904761905,24.0
11:13:46,3095.0,3090.30959991,7.44780552235,53.3333333333,6.0,0,24.0639919947,-2.0,83.0188679245,14.4761904762,10.0
11:13:46,3095.0,3090.31220496,7.44575817077,53.3333333333,22.0,0,24.0573769653,-10.0,85.4838709678,15.7142857143,-4.0
11:13:47,3095.0,3090.31480857,7.44415044507,53.3333333333,10.0,0,24.052182375,-4.0,82.0512820513,12.6666666667,-36.0
11:13:47,3094.0,3090.31685533,7.44186716892,50.0,48.0,0,24.0525764994,-12.0,65.3846153846,22.6666666667,-44.0
11:13:48,3094.0,3090.31890095,7.43957983162,50.0,62.0,0,24.0451836833,46.0,74.0740740741,35.4285714286,6.0
11:13:48,3094.0,3090.32094544,7.4372884294,50.0,38.0,0,24.0377777292,2.0,60.2150537634,38.5714285714,20.0
11:13:49,3095.0,3090.32354419,7.4356654237,53.3333333333,38.0,0,24.0247671202,20.0,64.2201834862,40.5714285714,42.0
11:13:49,3095.0,3090.3261415,7.43403870075,53.3333333333,54.0,0,24.0195111495,20.0,64.0,45.619047619,72.0
11:13:50,3094.0,3090.32818197,7.43173549822,50.0,22.0,0,24.019830311,12.0,62.5954198473,40.0,88.0
11:13:50,3095.0,3090.3307767,7.4296551064,53.3333333333,12.0,0,24.0053476782,2.0,72.5663716814,30.9523809524,102.0
11:13:51,3095.0,3090.33337,7.42801678332,53.3333333333,4.0,0,24.0000542272,0.0,65.4761904762,21.3333333333,56.0
11:13:51,3094.0,3090.33540645,7.4257014259,50.0,42.0,0,24.0003278148,36.0,82.5581395349,25.3333333333,90.0
11:13:52,3095.0,3090.33799717,7.42360848145,53.3333333333,14.0,0,23.9858109255,8.0,78.3783783784,21.1428571429,78.0
11:13:52,3095.0,3090.34058645,7.42151119349,53.3333333333,20.0,0,23.9790345508,16.0,78.9473684211,19.8095238095,74.0
11:13:53,3094.0,3090.34261889,7.4191833225,50.0,8.0,0,23.9792609001,4.0,78.0,16.6666666667,66.0
11:13:53,3095.0,3090.34520561,7.4170774699,53.3333333333,4.0,0,23.9647091111,4.0,73.9130434783,13.0476190476,68.0
11:13:54,3094.0,3090.34723549,7.41425545491,50.0,4.0,0,23.9633337263,0.0,71.7391304348,9.80952380952,68.0
11:13:54,3094.0,3090.34926424,7.41142860702,50.0,2.0,0,23.9541971785,0.0,53.8461538462,6.0,32.0
11:13:55,3095.0,3090.35184726,7.40882268829,53.3333333333,22.0,0,23.9380377651,22.0,70.0,9.80952380952,46.0
11:13:55,3095.0,3090.35442885,7.40568717062,53.3333333333,8.0,0,23.9279068518,8.0,66.6666666667,9.2380952381,38.0
11:13:56,3095.0,3090.35700901,7.40198319688,53.3333333333,142.0,0,23.9159392468,60.0,94.5054945055,47.5238095238,94.0
11:13:56,3095.0,3090.35958773,7.39827232084,53.3333333333,22.0,0,23.9039493404,4.0,92.0,45.1428571429,94.0
11:13:57,3094.0,3090.36160962,7.39489279883,50.0,74.0,0,23.9007524203,46.0,86.6666666667,56.7619047619,140.0
11:13:57,3094.0,3090.36363039,7.39094352699,50.0,4.0,0,23.8879881286,2.0,86.7647058824,45.0476190476,142.0
11:13:58,3095.0,3090.36620543,7.38777717201,53.3333333333,16.0,0,23.870039328,-12.0,86.4661654135,36.6666666667,108.0
11:13:58,3095.0,3090.36877905,7.38460485143,53.3333333333,2.0,0,23.8597895038,-2.0,86.9230769231,24.5714285714,98.0
11:13:59,3095.0,3090.37135123,7.38142655756,53.3333333333,6.0,0,23.8495203798,0.0,72.5806451613,13.9047619048,38.0
11:13:59,3095.0,3090.37392199,7.37824228269,53.3333333333,0.0,0,23.8392319312,0.0,0,8.0,34.0
11:14:00,3095.0,3090.37649132,7.37505201907,53.3333333333,62.0,0,23.8289241327,44.0,97.7777777778,20.8571428571,32.0
11:14:00,3095.0,3090.37905922,7.37185575891,53.3333333333,92.0,0,23.8185969593,70.0,96.6292134831,42.8571428571,100.0
11:14:01,3094.0,3090.3810703,7.36842914541,50.0,578.0,0,23.8152202502,-14.0,95.6756756757,199.523809524,98.0
11:14:01,3095.0,3090.38363566,7.36522099104,53.3333333333,52.0,0,23.7971599064,18.0,95.9493670886,179.142857143,118.0
11:14:02,3095.0,3090.38619959,7.36143854618,53.3333333333,202.0,0,23.7849387599,-22.0,94.3204868154,199.238095238,96.0
11:14:02,3095.0,3090.3887621,7.35764908106,53.3333333333,40.0,0,23.7726949307,12.0,94.5419103314,163.714285714,108.0
11:14:03,3095.0,3090.39132319,7.35385258484,53.3333333333,14.0,0,23.760428384,4.0,93.8650306749,118.857142857,68.0
11:14:03,3095.0,3090.39388286,7.35004904662,53.3333333333,2.0,0,23.7481390844,2.0,93.6936936937,72.8571428571,0.0
11:14:04,3095.0,3090.3964411,7.34623845546,53.3333333333,198.0,0,23.7358269966,36.0,59.0551181102,87.1428571429,50.0
11:14:04,3095.0,3090.39899792,7.34299169844,53.3333333333,28.0,0,23.725336667,24.0,51.2396694215,70.9523809524,56.0
11:14:05,3096.0,3090.40210873,7.34000012089,56.25,4.0,0,23.7080107264,2.0,25.1748251748,49.0476190476,80.0
11:14:05,3096.0,3090.4052178,7.33753614835,56.25,182.0,0,23.7000521588,-46.0,49.5327102804,87.4285714286,22.0
11:14:06,3095.0,3090.40776975,7.3348057234,53.3333333333,30.0,0,23.6988876362,-10.0,51.8018018018,75.619047619,8.0
11:14:06,3095.0,3090.41032028,7.33207007217,53.3333333333,744.0,0,23.6900486984,142.0,72.3440134907,267.047619048,148.0
11:14:07,3096.0,3090.41342479,7.33008713926,56.25,10.0,0,23.6759920519,0.0,84.368737475,213.428571429,112.0
11:14:07,3096.0,3090.41652759,7.3276019217,56.25,10.0,0,23.6679648634,2.0,86.5306122449,168.761904762,90.0
11:14:08,3095.0,3090.41907325,7.32534866233,53.3333333333,10.0,0,23.6683317038,4.0,86.0040567951,124.952380952,92.0
11:14:08,3096.0,3090.42217291,7.3228529856,56.25,46.0,0,23.6526259225,0.0,83.2941176471,91.1428571429,138.0
11:14:09,3096.0,3090.42527084,7.32035180967,56.25,28.0,0,23.6445471888,-24.0,83.2547169811,58.6666666667,124.0
11:14:09,3096.0,3090.42836705,7.31834419308,56.25,264.0,0,23.6380626391,124.0,38.5869565218,93.7142857143,106.0
11:14:10,3095.0,3090.43090614,7.31557243146,53.3333333333,70.0,0,23.6367445282,4.0,46.261682243,96.1904761905,110.0
11:14:10,3096.0,3090.43399922,7.31355506264,56.25,232.0,0,23.6225938716,128.0,33.5384615385,142.095238095,236.0
11:14:11,3095.0,3090.43653519,7.31077304183,53.3333333333,54.0,0,23.621237615,-8.0,37.1757925072,126.571428571,224.0
11:14:11,3095.0,3090.43906974,7.3079857386,53.3333333333,24.0,55.2631578947,23.6122317887,-8.0,35.1190476191,100.380952381,216.0
11:14:12,3096.0,3090.44215829,7.30491359664,56.25,38.0,0,23.5946821597,14.0,34.0175953079,79.2380952381,254.0
11:14:12,3095.0,3090.44468972,7.30211518062,53.3333333333,34.0,0,23.5932639116,20.0,39.8230088496,56.4761904762,150.0
11:14:13,3096.0,3090.44777514,7.29903079986,56.25,32.0,0,23.5756808781,0.0,34.2995169082,44.0952380952,146.0
11:14:13,3095.0,3090.45030346,7.29622124421,53.3333333333,22.0,0,23.5742204983,2.0,64.7058823529,30.6666666667,20.0
11:14:14,3096.0,3090.45338576,7.29366539273,56.25,102.0,0,23.5583507517,-2.0,69.8412698413,50.0952380952,26.0
11:14:14,3096.0,3090.45646636,7.29110397829,56.25,204.0,0,23.5500774493,-8.0,83.7962962963,96.380952381,26.0
11:14:15,3096.0,3090.45954525,7.28853699502,56.25,32.0,0,23.5417861596,-10.0,87.323943662,84.9523809524,2.0
11:14:15,3096.0,3090.46262242,7.28542240041,56.25,100.0,0,23.5317260995,34.0,80.487804878,93.2380952381,16.0
11:14:16,3096.0,3090.46569789,7.28284384744,56.25,38.0,0,23.52339744,-20.0,82.3293172691,80.6666666667,-4.0
11:14:16,3096.0,3090.46877165,7.2802597072,56.25,218.0,0,23.5150507339,-100.0,88.1844380403,119.238095238,-106.0
11:14:17,3096.0,3090.4718437,7.27766997376,56.25,56.0,0,23.5066859617,-8.0,89.5061728395,102.19047619,-112.0
11:14:17,3096.0,3090.47491404,7.27558016014,56.25,60.0,0,23.4999359178,-18.0,85.3174603175,88.4761904762,-122.0
11:14:18,3096.0,3090.47798268,7.27297962591,56.25,1344.0,0,23.4915362594,-432.0,95.8149779736,448.476190476,-544.0
11:14:18,3097.0,3090.48160502,7.27066950893,58.8235294118,106.0,0,23.476491795,44.0,93.8529088913,392.285714286,-534.0
11:14:19,3097.0,3090.48522535,7.26886018541,58.8235294118,742.0,0,23.4706496139,-152.0,84.7189231987,517.523809524,-666.0
11:14:19,3096.0,3090.48828826,7.26624297418,56.25,334.0,0,23.4697770484,126.0,84.8599545799,492.666666667,-440.0
11:14:20,3097.0,3090.49190487,7.2639157584,58.8235294118,26.0,0,23.4546843991,22.0,84.6860643185,374.285714286,-410.0
11:14:20,3097.0,3090.49551948,7.26209047208,58.8235294118,52.0,0,23.4487906751,24.0,84.7158218126,264.761904762,-368.0
11:14:21,3097.0,3090.49913207,7.25975187057,58.8235294118,164.0,0,23.4412394917,-40.0,69.6629213483,187.619047619,24.0
11:14:21,3097.0,3090.50274266,7.2574073696,58.8235294118,38.0,0,23.4336692593,-16.0,75.221238938,130.666666667,-36.0
11:14:22,3097.0,3090.50635125,7.25505696347,58.8235294118,160.0,0,23.4260799595,-42.0,91.4728682171,111.80952381,74.0
11:14:22,3097.0,3090.50995783,7.25270064643,58.8235294118,86.0,0,23.4184715739,2.0,90.1140684411,99.5238095238,-50.0
11:14:23,3097.0,3090.51356241,7.25084817836,58.8235294118,210.0,0,23.4124900819,18.0,91.5492957747,134.476190476,-54.0
11:14:23,3097.0,3090.51716498,7.24848042291,58.8235294118,22.0,0,23.4048447624,14.0,91.1764705882,106.952380952,-64.0
11:14:24,3097.0,3090.52076556,7.24610673988,58.8235294118,30.0,0,23.3971803031,8.0,95.6043956044,83.1428571429,-16.0
11:14:24,3097.0,3090.52436413,7.24372712344,58.8235294118,102.0,0,23.3894966853,64.0,94.0983606557,86.2857142857,64.0
11:14:25,3097.0,3090.52796071,7.24185289365,58.8235294118,50.0,0,23.3834449262,34.0,92.4,71.5238095238,140.0
11:14:25,3097.0,3090.53155529,7.23946179621,58.8235294118,28.0,0,23.375724237,8.0,91.4027149321,55.7142857143,146.0
11:14:26,3097.0,3090.53514787,7.23757683492,58.8235294118,28.0,0,23.3696378267,22.0,83.8461538462,42.6666666667,150.0
11:14:26,3097.0,3090.53873846,7.23568667981,58.8235294118,44.0,0,23.3635346458,2.0,77.304964539,42.8571428571,138.0
11:14:27,3097.0,3090.54232705,7.23379132681,58.8235294118,44.0,0,23.3574146813,2.0,78.3783783784,42.0,132.0
11:14:27,3097.0,3090.54591365,7.23189077184,58.8235294118,60.0,0,23.35127792,60.0,81.1023622047,45.0476190476,128.0
11:14:28,3097.0,3090.54949826,7.22998501078,58.8235294118,548.0,0,23.3451243487,82.0,54.5212765957,189.523809524,176.0
11:14:28,3097.0,3090.55308087,7.22807403953,58.8235294118,120.0,0,23.3389539539,62.0,59.0047393365,188.0,230.0
11:14:29,3096.0,3090.5561061,7.22535055645,56.25,72.0,0,23.3376955958,66.0,61.7117117117,168.380952381,274.0
11:14:29,3097.0,3090.55968505,7.22342893765,58.8235294118,28.0,0,23.3239552394,18.0,63.3027522936,134.095238095,290.0
11:14:30,3096.0,3090.56270661,7.22120930931,56.25,76.0,0,23.3243194745,60.0,56.8584070796,114.285714286,348.0
11:14:30,3096.0,3090.56572648,7.21846931874,56.25,404.0,0,23.3154693758,-136.0,36.6987179487,186.666666667,152.0
11:14:31,3095.0,3090.56818929,7.21546948735,53.3333333333,530.0,0,23.3133101368,30.0,76.4227642276,278.666666667,100.0
11:14:31,3097.0,3090.57176152,7.21352681674,58.8235294118,196.0,0,23.291981972,62.0,78.4073506891,276.095238095,100.0
11:14:32,3096.0,3090.57477637,7.2107699746,56.25,24.0,0,23.2906006931,2.0,77.106518283,220.761904762,36.0
11:14:32,3096.0,3090.57778955,7.20852439802,56.25,22.0,0,23.2833475388,2.0,77.4760383386,167.142857143,20.0
11:14:33,3095.0,3090.58024565,7.20550286432,53.3333333333,22.0,0,23.2811078007,18.0,82.1368948247,113.80952381,-22.0
11:14:33,3096.0,3090.58325579,7.20324707624,56.25,38.0,0,23.2663019258,16.0,121.153846154,67.619047619,130.0
11:14:34,3096.0,3090.58626426,7.2009862954,56.25,92.0,0,23.2589996621,20.0,76.1421319797,54.2857142857,120.0
11:14:34,3096.0,3090.58927105,7.19820191454,56.25,58.0,0,23.2500061839,52.0,61.71875,52.0952380952,110.0
11:14:35,3096.0,3090.59227618,7.19541172712,56.25,14.0,0,23.2409939507,14.0,65.8536585366,43.9047619048,122.0
11:14:35,3096.0,3090.59527963,7.19313518224,56.25,32.0,0,23.2336407695,16.0,67.1875,41.3333333333,136.0
11:14:36,3096.0,3090.59828142,7.19085362448,56.25,10.0,0,23.2262713969,0.0,65.5737704918,32.0,118.0
11:14:36,3096.0,3090.60128154,7.18856704908,56.25,8.0,0,23.2188858174,-4.0,64.4859813084,22.6666666667,98.0
11:14:37,3096.0,3090.60428,7.18627545124,56.25,8.0,0,23.2114840156,0.0,95.3846153846,14.7619047619,78.0
11:14:37,3096.0,3090.60727679,7.18397882616,56.25,6.0,0,23.204065976,-2.0,92.3076923077,10.2857142857,24.0
11:14:38,3096.0,3090.61027191,7.18167716901,56.25,12.0,0,23.1966316828,2.0,89.4736842105,10.0,12.0
11:14:38,3096.0,3090.61326538,7.17937047496,56.25,100.0,0,23.1891811207,62.0,94.4444444444,34.9523809524,58.0
11:14:39,3096.0,3090.61625717,7.17705873914,56.25,4.0,0,23.1817142737,4.0,95.652173913,29.2380952381,62.0
11:14:39,3096.0,3090.61924731,7.17474195669,56.25,10.0,0,23.1742311263,8.0,97.1428571429,25.5238095238,74.0
11:14:40,3095.0,3090.62168039,7.1721684093,53.3333333333,22.0,0,23.1734035842,18.0,97.4025974026,25.1428571429,92.0
11:14:40,3096.0,3090.62466751,7.16984165243,56.25,6.0,0,23.1584032701,2.0,97.4025974026,19.5238095238,96.0
11:14:41,3096.0,3090.62765298,7.16750983412,56.25,28.0,0,23.1508715572,24.0,96.4705882353,20.1904761905,118.0
11:14:41,3096.0,3090.63063679,7.1656581924,56.25,2.0,0,23.1448908023,2.0,91.6666666667,12.6666666667,58.0
11:14:42,3095.0,3090.63306354,7.16306541732,53.3333333333,4.0,0,23.1439916553,2.0,88.8888888889,10.380952381,56.0
11:14:42,3095.0,3090.63548894,7.16046781332,53.3333333333,88.0,0,23.1355987506,-4.0,37.3333333333,32.0952380952,44.0
11:14:43,3096.0,3090.6384684,7.15860267678,56.25,264.0,0,23.1221016692,132.0,73.9795918367,100.380952381,158.0
11:14:43,3095.0,3090.6408908,7.15599566775,53.3333333333,26.0,0,23.1211491688,12.0,74.7572815534,89.1428571429,168.0
11:14:44,3095.0,3090.64331185,7.15338381467,53.3333333333,44.0,0,23.1127102251,-2.0,67.2897196262,82.0952380952,142.0
11:14:44,3096.0,3090.64628696,7.15101771226,56.25,32.0,0,23.0976024298,-26.0,68.9956331878,70.8571428571,114.0
11:14:45,3096.0,3090.64926042,7.14913432017,56.25,8.0,0,23.091519122,0.0,69.2640692641,51.3333333333,112.0
11:14:45,3096.0,3090.65223223,7.14724653448,56.25,14.0,0,23.085421623,-4.0,82.9896907216,33.3333333333,112.0
11:14:46,3096.0,3090.65520239,7.14486587231,56.25,778.0,0,23.0777321457,446.0,93.3481152993,237.142857143,426.0
11:14:46,3096.0,3090.65817089,7.14296895404,56.25,8.0,0,23.0716051487,0.0,93.2126696833,196.476190476,414.0
11:14:47,3096.0,3090.66113775,7.14106763121,56.25,6.0,0,23.0654639251,2.0,97.3995271868,156.095238095,418.0
11:14:47,3096.0,3090.66410296,7.13916190031,56.25,342.0,0,23.0593084635,-148.0,97.9238754325,213.523809524,296.0
11:14:48,3096.0,3090.66706653,7.13676189131,56.25,36.0,0,23.0515564965,-26.0,95.1013513514,168.761904762,270.0
11:14:48,3096.0,3090.67002845,7.13484699672,56.25,2.0,0,23.0453714364,0.0,95.7337883959,112.952380952,274.0
11:14:49,3096.0,3090.67298872,7.13292768295,56.25,48.0,0,23.0391721026,-24.0,79.6380090498,70.8571428571,-196.0
11:14:49,3097.0,3090.67650275,7.13129210475,58.8235294118,92.0,0,23.0264517428,-86.0,80.9885931559,76.0952380952,-282.0
11:14:50,3096.0,3090.67945943,7.12936381419,56.25,8.0,0,23.0276608985,0.0,80.6818181818,53.3333333333,-284.0
11:14:50,3096.0,3090.68241446,7.12693950211,56.25,2.0,0,23.0198304332,0.0,46.8085106383,28.7619047619,-136.0
11:14:51,3096.0,3090.68536786,7.12451003297,56.25,14.0,0,23.0119833106,-2.0,53.0120481927,23.8095238095,-112.0
11:14:51,3096.0,3090.68831961,7.1220754015,56.25,8.0,0,23.0041195139,-6.0,53.488372093,18.1904761905,-118.0
11:14:52,3097.0,3090.69182512,7.12041587425,58.8235294118,34.0,0,22.9913331425,-2.0,75.9493670886,19.7142857143,-96.0
11:14:52,3097.0,3090.69532869,7.11825855537,58.8235294118,24.0,0,22.9843673083,8.0,53.3333333333,19.0476190476,-2.0
11:14:53,3096.0,3090.69827491,7.11580855591,56.25,86.0,0,22.9838777646,20.0,67.8571428571,39.3333333333,18.0
11:14:53,3097.0,3090.7017749,7.11413433457,58.8235294118,20.0,0,22.9710504829,0.0,66.6666666667,37.0476190476,18.0
11:14:54,3096.0,3090.70471754,7.11216841098,56.25,36.0,0,22.9721201905,32.0,75.9615384615,38.4761904762,52.0
11:14:54,3097.0,3090.70821395,7.10999035764,58.8235294118,214.0,0,22.9576698665,-2.0,39.1304347826,89.7142857143,56.0
11:14:55,3096.0,3090.71115301,7.10752013824,56.25,52.0,0,22.9571063897,34.0,40.7407407407,84.8571428571,92.0
11:14:55,3097.0,3090.71464585,7.10582659004,58.8235294118,636.0,0,22.9442253473,32.0,67.2413793103,246.0,116.0
11:14:56,3097.0,3090.71813674,7.10363267788,58.8235294118,142.0,0,22.9371413558,62.0,68.9090909091,236.857142857,158.0
11:14:56,3097.0,3090.7216257,7.10143329625,58.8235294118,96.0,0,22.9300397038,26.0,70.7482993197,211.904761905,184.0
11:14:57,3097.0,3090.72511271,7.09922844008,58.8235294118,40.0,0,22.9229203748,30.0,70.8474576271,167.333333333,182.0
11:14:57,3097.0,3090.72859779,7.09751486676,58.8235294118,374.0,0,22.9173873644,-226.0,88.8059701492,218.0,-42.0
11:14:58,3098.0,3090.73263634,7.09508814947,61.1111111111,166.0,0,22.9021567123,10.0,87.0701513067,201.619047619,-66.0
11:14:58,3098.0,3090.73667264,7.09265484694,61.1111111111,348.0,0,22.8943022819,-94.0,88.3361921098,231.80952381,-192.0
11:14:59,3097.0,3090.7401513,7.08989021141,58.8235294118,428.0,0,22.8927678767,278.0,89.6694214876,298.571428571,24.0
11:14:59,3097.0,3090.74362803,7.08711922791,58.8235294118,68.0,0,22.8838205615,-10.0,87.3595505618,248.857142857,-12.0
11:15:00,3098.0,3090.74765823,7.08520445875,61.1111111111,140.0,0,22.8702532561,-16.0,88.0577427821,221.047619048,-58.0
11:15:00,3098.0,3090.75168619,7.08328389961,61.1111111111,196.0,0,22.8640539045,-48.0,86.6270430906,204.476190476,120.0
11:15:01,3097.0,3090.75515651,7.08049450739,58.8235294118,1236.0,0,22.8624297946,32.0,94.1225165563,493.523809524,142.0
11:15:01,3099.0,3090.75973571,7.07780759958,63.1578947368,642.0,58.5365853659,22.8390048389,114.0,101.771217712,561.904761905,350.0
11:15:02,3098.0,3090.76375696,7.07474965203,75.0,574.0,0,22.8365063009,64.0,94.8179271709,596.857142857,136.0
11:15:02,3099.0,3090.76833138,7.07262676136,80.0,334.0,0,22.8222870647,242.0,95.3235105701,556.285714286,388.0
11:15:03,3099.0,3090.77290326,7.06991694557,80.0,138.0,0,22.8135429028,16.0,94.8076923077,447.047619048,420.0
11:15:03,3099.0,3090.7774726,7.06777976471,80.0,446.0,0,22.8066465463,146.0,95.0148367952,425.904761905,614.0
11:15:04,3099.0,3090.7820394,7.06563564718,80.0,66.0,0,22.7997278063,-18.0,92.4545454545,284.285714286,564.0
11:15:04,3099.0,3090.78660367,7.06290321148,80.0,394.0,0,22.7909106534,134.0,82.8893442623,292.095238095,584.0
11:15:05,3099.0,3090.7911654,7.06074476167,80.0,416.0,0,22.7839456653,-32.0,93.4225195095,318.0,488.0
11:15:05,3098.0,3090.79516919,7.0582171489,75.0,26.0,0,22.7831412166,-12.0,94.4818304172,240.0,234.0
11:15:06,3099.0,3090.79972617,7.05604493054,80.0,450.0,0,22.7687800275,-268.0,86.9855394883,297.80952381,-50.0
11:15:06,3098.0,3090.80372521,7.0535038082,75.0,182.0,0,22.7679270762,46.0,80.5736636245,264.19047619,-150.0
11:15:07,3098.0,3090.80772203,7.05150022892,75.0,84.0,0,22.7614597447,-10.0,78.0927835052,215.142857143,-142.0
11:15:07,3098.0,3090.81171663,7.04894613873,75.0,258.0,0,22.7532154252,38.0,76.8361581921,214.952380952,-238.0
11:15:08,3099.0,3090.81626441,7.04674688538,80.0,804.0,0,22.738776655,-364.0,82.2616407982,377.238095238,-570.0
11:15:08,3099.0,3090.82080967,7.04454063639,80.0,358.0,0,22.7316574262,-132.0,66.4794007491,393.619047619,-690.0
11:15:09,3099.0,3090.8253524,7.04232738518,80.0,418.0,0,22.7245156024,396.0,74.2395437262,411.333333333,-26.0
11:15:09,3099.0,3090.82989261,7.0406535048,80.0,56.0,0,22.7191142459,18.0,73.8119312437,327.142857143,-54.0
11:15:10,3099.0,3090.8344303,7.0384266653,80.0,162.0,0,22.7119285747,24.0,70.719844358,279.238095238,-20.0
11:15:10,3099.0,3090.83896547,7.0361928045,80.0,6.0,0,22.7047202469,4.0,67.1840354767,183.047619048,-54.0
11:15:11,3100.0,3090.84405352,7.03435201944,81.25,86.0,0,22.6914581272,34.0,44.3830570902,121.714285714,344.0
11:15:11,3099.0,3090.84858334,7.03210396049,80.0,2004.0,0,22.6915261713,856.0,89.897510981,642.571428571,1332.0
11:15:12,3100.0,3090.85366605,7.03024865984,81.25,1352.0,0,22.6782214833,390.0,92.1440261866,898.761904762,1326.0
11:15:12,3101.0,3090.85930134,7.02937399527,82.3529411765,622.0,0,22.6680876984,-204.0,83.6011342155,901.904761905,1104.0
11:15:13,3102.0,3090.86548889,7.02897071562,83.3333333333,1422.0,0,22.6594800632,-334.0,86.3437727604,1106.66666667,746.0
11:15:13,3102.0,3090.87167302,7.02801048692,83.3333333333,2084.0,0,22.6563845484,-756.0,90.0132100396,1440.57142857,-14.0
11:15:14,3103.0,3090.8784091,7.02755949925,84.2105263158,780.0,0,22.6476297107,-202.0,89.8838334947,1302.95238095,-250.0
11:15:14,3103.0,3090.88514145,7.02709987398,84.2105263158,2586.0,0,22.646148482,58.0,101.198281709,1648.28571429,-1048.0
11:15:15,3103.0,3090.89187006,7.02663160943,84.2105263158,1432.0,0,22.6446394116,-142.0,103.674658302,1636.19047619,-1580.0
11:15:15,3103.0,3090.89859493,7.02615470388,84.2105263158,592.0,0,22.643102494,-300.0,103.68705036,1380.28571429,-1676.0
11:15:16,3102.0,3090.90476066,7.02515286948,83.3333333333,1592.0,0,22.647172371,-608.0,78.5131259651,1411.52380952,-1950.0
11:15:16,3101.0,3090.91036757,7.02421797743,82.3529411765,800.0,0,22.6514607463,-142.0,64.7391416088,1208.38095238,-1336.0
11:15:17,3102.0,3090.91652677,7.02320044171,83.3333333333,1312.0,0,22.6408782776,176.0,58.9607890306,1212.66666667,-958.0
11:15:17,3101.0,3090.92212714,7.02169862236,82.3529411765,278.0,0,22.6433364152,-96.0,26.973026973,896.19047619,-1112.0
11:15:18,3102.0,3090.92827981,7.02066499414,83.3333333333,178.0,0,22.6327046877,102.0,3.07239057241,661.047619048,-868.0
11:15:18,3101.0,3090.93387365,7.01970065047,82.3529411765,468.0,0,22.636893423,240.0,5.40190146934,568.476190476,-328.0
11:15:19,3102.0,3090.94001979,7.0192047842,83.3333333333,224.0,0,22.6279973701,66.0,38.1595092025,412.095238095,346.0
11:15:19,3101.0,3090.94560712,7.01822622217,82.3529411765,102.0,0,22.6321387364,-12.0,52.068696331,286.0,476.0
11:15:20,3101.0,3090.95119134,7.01668645528,82.3529411765,576.0,0,22.6271733482,-518.0,55.2026286966,328.571428571,-218.0
11:15:20,3101.0,3090.95677246,7.01569351921,82.3529411765,252.0,0,22.6239713615,-56.0,49.4444444445,313.619047619,-178.0
11:15:21,3101.0,3090.96235049,7.01413860942,82.3529411765,292.0,0,22.618957141,-72.0,52.8735632184,311.333333333,-352.0
11:15:21,3101.0,3090.96792541,7.01257591671,82.3529411765,190.0,0,22.6139178224,108.0,58.3129584352,274.476190476,-484.0
11:15:22,3101.0,3090.97349724,7.0110054359,82.3529411765,46.0,0,22.6088533889,20.0,59.9451303155,209.714285714,-530.0
11:15:22,3101.0,3090.97906597,7.00942716174,82.3529411765,98.0,0,22.6037638237,44.0,60.6602475929,168.285714286,-474.0
11:15:23,3101.0,3090.98463161,7.00784108898,82.3529411765,118.0,0,22.5986491099,-56.0,74.0963855422,132.761904762,-12.0
11:15:23,3100.0,3090.98963876,7.00637009539,81.25,66.0,0,22.6011938561,-20.0,89.3827160494,104.19047619,24.0
11:15:24,3101.0,3090.99519852,7.00476901039,82.3529411765,124.0,0,22.5887423747,-92.0,81.9314641745,101.047619048,4.0
11:15:24,3101.0,3091.0007552,7.00371792248,82.3529411765,550.0,0,22.5853528619,-20.0,81.8363273453,227.619047619,-124.0
11:15:25,3101.0,3091.0063088,7.00210161904,82.3529411765,702.0,0,22.5801406612,-76.0,88.902291918,380.476190476,-220.0
11:15:25,3101.0,3091.0118593,7.00103607853,82.3529411765,24.0,0,22.5767045422,18.0,87.3737373737,308.380952381,-246.0
11:15:26,3101.0,3091.01740673,6.99940453817,82.3529411765,252.0,0,22.571443206,192.0,76.1350407451,304.952380952,2.0
11:15:26,3101.0,3091.02295108,6.99832452942,82.3529411765,246.0,0,22.5679604303,-112.0,73.4457323499,293.428571429,-90.0
11:15:27,3101.0,3091.02849234,6.99667773344,82.3529411765,1142.0,0,22.5626498982,366.0,55.6241426612,529.333333333,368.0
11:15:27,3101.0,3091.03403053,6.99558324063,82.3529411765,184.0,0,22.5591204148,-16.0,52.0,443.047619048,372.0
11:15:28,3101.0,3091.03956564,6.99448168179,82.3529411765,68.0,0,22.5555681451,20.0,33.5073068894,341.047619048,468.0
11:15:28,3101.0,3091.04509768,6.99281217716,82.3529411765,42.0,0,22.550184383,-4.0,35.1602895553,261.80952381,446.0
11:15:29,3101.0,3091.05062664,6.99169611083,82.3529411765,8.0,0,22.54658533,0.0,40.2366863905,172.0,254.0
11:15:29,3101.0,3091.05615254,6.99057296769,82.3529411765,76.0,0,22.542963456,6.0,40.2631578947,113.238095238,372.0
11:15:30,3101.0,3091.06167537,6.98944274435,82.3529411765,68.0,0,22.5393187499,54.0,78.9237668162,60.2857142857,60.0
11:15:30,3100.0,3091.06663972,6.98787406517,81.25,44.0,0,22.5415292425,34.0,67.9738562092,51.619047619,110.0
11:15:31,3101.0,3091.07215672,6.98672987651,82.3529411765,66.0,0,22.5305703854,-10.0,83.552631579,55.9047619048,80.0
11:15:31,3100.0,3091.07711526,6.98458441458,81.25,272.0,0,22.5309174664,-8.0,87.6404494382,119.142857143,76.0
11:15:32,3101.0,3091.08262644,6.98342587559,82.3529411765,828.0,0,22.5199157549,-76.0,93.353028065,330.285714286,0.0
11:15:32,3101.0,3091.08813456,6.98169625799,82.3529411765,62.0,0,22.5143381425,-48.0,89.8507462687,283.523809524,-54.0
11:15:33,3101.0,3091.09363963,6.98052314623,82.3529411765,146.0,0,22.5105551313,-34.0,81.2411847673,261.428571429,-142.0
11:15:33,3101.0,3091.09914163,6.97877814839,82.3529411765,50.0,0,22.5049279213,-14.0,78.7921348315,208.19047619,-190.0
11:15:34,3102.0,3091.10519598,6.97749512321,83.3333333333,38.0,0,22.4935368253,-4.0,76.5042979943,151.238095238,-184.0
11:15:34,3101.0,3091.11069157,6.9762997373,82.3529411765,48.0,0,22.496935625,8.0,71.5017064846,98.4761904762,-168.0
11:15:35,3101.0,3091.1161841,6.97453124669,82.3529411765,74.0,0,22.4912326562,-54.0,10.5263157895,63.8095238095,-146.0
11:15:35,3101.0,3091.12167359,6.97332124472,82.3529411765,264.0,0,22.4873306828,26.0,33.5483870968,119.333333333,-72.0
11:15:36,3102.0,3091.12771542,6.97257320387,83.3333333333,98.0,0,22.4776699029,50.0,46.8531468531,117.80952381,12.0
11:15:36,3101.0,3091.1331985,6.97078160748,82.3529411765,376.0,0,22.4791409464,104.0,31.1804008909,198.0,130.0
11:15:37,3102.0,3091.13923394,6.9694507772,83.3333333333,66.0,0,22.4676040529,22.0,30.2375809935,174.095238095,156.0
11:15:37,3101.0,3091.14471062,6.96764311782,82.3529411765,212.0,0,22.469020051,-134.0,23.4862385321,190.571428571,14.0
11:15:38,3101.0,3091.15018426,6.96639592222,82.3529411765,62.0,0,22.4649981368,18.0,28.5714285714,156.380952381,86.0
11:15:38,3101.0,3091.15565486,6.96514157948,82.3529411765,64.0,0,22.4609531747,46.0,23.4624145786,123.333333333,106.0
11:15:39,3101.0,3091.16112242,6.96388008575,82.3529411765,18.0,0,22.4568851524,10.0,19.298245614,86.6666666667,66.0
11:15:39,3101.0,3091.16658695,6.96261143715,82.3529411765,114.0,0,22.4527940572,84.0,45.8955223881,81.2380952381,46.0
11:15:40,3101.0,3091.17204844,6.96133562975,82.3529411765,68.0,0,22.4486798766,28.0,53.531598513,75.1428571429,52.0
11:15:40,3101.0,3091.1775069,6.96005265962,82.3529411765,26.0,0,22.4445425979,22.0,89.7727272727,56.9523809524,208.0
11:15:41,3101.0,3091.18296232,6.9587625228,82.3529411765,148.0,0,22.4403822083,116.0,72.602739726,82.4761904762,306.0
11:15:41,3101.0,3091.18841472,6.95689412373,82.3529411765,32.0,0,22.4343570581,16.0,70.9359605911,70.7619047619,276.0
11:15:42,3101.0,3091.19386408,6.95558925711,82.3529411765,254.0,0,22.4301491684,108.0,80.3738317757,124.0,374.0
11:15:42,3101.0,3091.19931042,6.95427721102,82.3529411765,54.0,0,22.4259181265,54.0,73.883161512,108.857142857,344.0
11:15:43,3101.0,3091.20475374,6.95238567612,82.3529411765,772.0,0,22.4198183687,322.0,37.7916018663,301.714285714,638.0
11:15:43,3101.0,3091.21019403,6.95048612187,82.3529411765,44.0,0,22.4136927503,-14.0,38.4969325154,253.047619048,602.0
11:15:44,3101.0,3091.2156313,6.94915173791,82.3529411765,124.0,0,22.409389674,14.0,40.625,226.380952381,500.0
11:15:44,3100.0,3091.22051015,6.94738417777,81.25,480.0,0,22.4109167025,-114.0,31.712962963,302.571428571,370.0
11:15:45,3101.0,3091.22594169,6.94603558994,82.3529411765,618.0,0,22.3993408253,-274.0,20.3632887189,396.857142857,-12.0
11:15:45,3101.0,3091.23137022,6.94467979601,82.3529411765,388.0,0,22.3949687069,246.0,21.681780709,408.095238095,180.0
11:15:46,3100.0,3091.23624033,6.94289135966,81.25,38.0,0,22.3964237409,0.0,26.2411347518,303.428571429,-142.0
11:15:46,3101.0,3091.24166313,6.94205645609,82.3529411765,620.0,0,22.386509049,-344.0,50.7936507937,400.0,-472.0
11:15:47,3100.0,3091.24652752,6.94025453602,81.25,58.0,0,22.3879178581,-36.0,48.7738419619,308.571428571,-522.0
11:15:47,3099.0,3091.25083381,6.93748484594,80.0,138.0,0,22.3862047304,-100.0,61.2903225807,243.142857143,-508.0
11:15:48,3100.0,3091.25569311,6.93566892196,81.25,58.0,0,22.3731255547,-20.0,81.8461538462,171.142857143,-254.0
11:15:48,3099.0,3091.25999431,6.9334614872,80.0,350.0,0,22.3732219658,40.0,75.911251981,209.238095238,-460.0
11:15:49,3100.0,3091.26484852,6.93163195271,81.25,34.0,0,22.3601030732,-4.0,76.7885532591,158.857142857,-464.0
11:15:49,3099.0,3091.26914463,6.92941119477,80.0,100.0,0,22.3601522903,2.0,30.081300813,127.523809524,-118.0
11:15:50,3100.0,3091.27399376,6.92756802676,81.25,280.0,0,22.3469936347,14.0,44.375,172.380952381,-68.0
11:15:50,3099.0,3091.27828479,6.9253339214,80.0,54.0,0,22.3469955515,-30.0,37.4429223744,142.095238095,2.0
11:15:51,3100.0,3091.28312884,6.92347709666,81.25,102.0,0,22.333797086,-72.0,38.9130434782,129.523809524,-50.0
11:15:51,3099.0,3091.2874148,6.9212296194,80.0,186.0,60.0,22.3337515953,-64.0,54.2328042328,138.857142857,-154.0
11:15:52,3100.0,3091.29225378,6.91935911451,76.9230769231,130.0,0,22.3205132726,16.0,55.1643192488,140.0,-134.0
11:15:52,3099.0,3091.29653468,6.91709824066,75.0,276.0,0,22.3204202667,-80.0,47.4708171206,178.285714286,-216.0
11:15:53,3100.0,3091.30136859,6.91521403198,76.9230769231,42.0,0,22.3071420386,18.0,39.746835443,141.333333333,-212.0
11:15:53,3099.0,3091.30564442,6.91235849207,75.0,20.0,0,22.3051258214,0.0,38.3597883598,109.428571429,-182.0
11:15:54,3100.0,3091.31047328,6.9104601281,76.9230769231,614.0,0,22.2918068648,488.0,64.3533123028,248.857142857,378.0
11:15:54,3100.0,3091.31529945,6.9079726484,76.9230769231,18.0,0,22.2837827368,16.0,68.3636363636,193.619047619,458.0
11:15:55,3101.0,3091.32067835,6.90648285876,78.5714285714,218.0,0,22.2717925146,16.0,55.8922558923,203.523809524,458.0
11:15:55,3100.0,3091.32549885,6.90456303205,76.9230769231,34.0,0,22.2727839744,20.0,67.6532769556,156.666666667,558.0
11:15:56,3100.0,3091.33031668,6.90205274529,76.9230769231,58.0,0,22.2646862751,8.0,63.6174636175,128.19047619,548.0
11:15:56,3100.0,3091.33513184,6.90011853539,76.9230769231,252.0,0,22.2584468884,150.0,54.1038525963,154.380952381,698.0
11:15:57,3100.0,3091.33994431,6.89759292757,76.9230769231,72.0,0,22.2502997664,60.0,9.50920245398,118.095238095,270.0
11:15:57,3101.0,3091.34530952,6.89606648929,78.5714285714,104.0,0,22.2382021583,68.0,9.21409214092,116.761904762,322.0
11:15:58,3100.0,3091.35011635,6.89411072252,76.9230769231,40.0,0,22.2390668468,24.0,11.7857142857,93.0476190476,330.0
11:15:58,3100.0,3091.3549205,6.8921479522,76.9230769231,194.0,0,22.2327353297,152.0,9.16666666667,121.80952381,462.0
11:15:59,3100.0,3091.35972199,6.89017817236,76.9230769231,144.0,0,22.2263812012,90.0,9.42928039702,128.666666667,544.0
11:15:59,3101.0,3091.36507622,6.88862292833,78.5714285714,162.0,0,22.2141984145,12.0,13.407821229,136.571428571,406.0
11:16:00,3100.0,3091.36987206,6.8860519248,76.9230769231,108.0,0,22.2130707252,2.0,10.1063829787,133.333333333,348.0
11:16:00,3100.0,3091.37466525,6.88347295505,76.9230769231,30.0,0,22.2047514679,-14.0,14.1592920354,106.095238095,266.0
11:16:01,3100.0,3091.37945577,6.88147405052,76.9230769231,22.0,0,22.1983033888,6.0,17.5757575758,80.0952380952,248.0
11:16:01,3100.0,3091.38424363,6.87946810475,76.9230769231,38.0,0,22.191832596,2.0,30.1587301587,59.5238095238,98.0
11:16:02,3099.0,3091.38847343,6.87707463647,75.0,20.0,0,22.1912702048,8.0,40.5263157895,41.2380952381,16.0
11:16:02,3099.0,3091.39270088,6.87467439745,75.0,126.0,0,22.1835249998,54.0,63.9534883721,59.1428571429,58.0
11:16:03,3100.0,3091.39748139,6.8726476054,76.9230769231,96.0,0,22.1698309852,-76.0,68.6746987952,70.1904761905,-20.0
11:16:03,3099.0,3091.40170384,6.87023367888,75.0,630.0,0,22.1691954788,604.0,88.4120171674,234.380952381,598.0
11:16:04,3099.0,3091.40592394,6.86722217728,75.0,50.0,0,22.1594778228,-2.0,85.625,204.285714286,590.0
11:16:04,3100.0,3091.4106971,6.8651740332,76.9230769231,60.0,0,22.1457226878,-4.0,83.5030549898,175.714285714,584.0
11:16:05,3100.0,3091.41546761,6.86367000753,76.9230769231,254.0,0,22.140870992,122.0,81.7434210526,201.523809524,698.0
11:16:05,3100.0,3091.42023547,6.86160811853,76.9230769231,68.0,0,22.1342197372,-4.0,77.2020725388,163.047619048,640.0
11:16:06,3099.0,3091.42444528,6.8591597765,75.0,84.0,0,22.133461686,-20.0,77.3123909249,131.904761905,696.0
11:16:06,3099.0,3091.42865275,6.8572571047,75.0,614.0,0,22.1273220545,10.0,28.6725663717,252.761904762,102.0
11:16:07,3098.0,3091.43230249,6.85445696222,69.2307692308,40.0,0,22.1254259594,-6.0,31.25,210.380952381,98.0
11:16:07,3098.0,3091.4359502,6.85220361397,69.2307692308,104.0,0,22.1181524014,52.0,30.0687285223,186.761904762,154.0
11:16:08,3098.0,3091.43959588,6.84994455686,69.2307692308,24.0,0,22.110860416,6.0,17.9871520343,138.19047619,38.0
11:16:08,3099.0,3091.44379494,6.84746379448,75.0,54.0,0,22.0957205372,12.0,15.8695652174,109.142857143,54.0
11:16:09,3099.0,3091.44799166,6.84497616982,75.0,92.0,0,22.0876933521,2.0,16.5948275862,91.619047619,76.0
11:16:09,3098.0,3091.45163066,6.84269886087,69.2307692308,252.0,0,22.0874721139,188.0,52.296819788,119.428571429,254.0
11:16:10,3099.0,3091.45582303,6.84075364391,75.0,24.0,0,22.0740679055,4.0,47.2727272727,99.3333333333,264.0
11:16:10,3098.0,3091.45945767,6.83790876066,69.2307692308,36.0,0,22.0720102023,18.0,47.7178423237,83.4285714286,230.0
11:16:11,3099.0,3091.4636457,6.835394811,75.0,644.0,0,22.0567757696,-532.0,21.2341197822,244.476190476,-308.0
11:16:11,3098.0,3091.467276,6.83309344091,69.2307692308,102.0,0,22.0564668848,-24.0,21.9130434783,221.142857143,-344.0
11:16:12,3099.0,3091.47145968,6.83112362081,75.0,12.0,0,22.0429932908,8.0,23.5514018692,169.80952381,-338.0
11:16:12,3098.0,3091.47508564,6.82881060808,69.2307692308,28.0,0,22.042642376,-12.0,6.3829787234,126.857142857,-538.0
11:16:13,3098.0,3091.47870959,6.82649182696,69.2307692308,16.0,0,22.035157608,10.0,6.92124105012,91.1428571429,-532.0
11:16:13,3099.0,3091.48288692,6.82450418201,75.0,132.0,0,22.0216333721,18.0,8.13704496788,88.9523809524,-532.0
11:16:14,3098.0,3091.48650654,6.82217372404,69.2307692308,18.0,0,22.0212192513,0.0,22.7272727273,49.619047619,0.0
11:16:14,3099.0,3091.49067954,6.82017411801,75.0,14.0,0,22.0076609165,-8.0,23.6363636364,38.9523809524,16.0
11:16:15,3098.0,3091.49429483,6.8178319603,69.2307692308,218.0,0,22.00720452,-104.0,29.1079812207,90.7619047619,-96.0
11:16:15,3098.0,3091.4979081,6.81600349373,69.2307692308,50.0,0,22.001302433,-30.0,26.7857142857,84.7619047619,-114.0
11:16:16,3098.0,3091.50151937,6.81365015209,69.2307692308,82.0,0,21.9937061075,34.0,21.0116731518,86.8571428571,-90.0
11:16:16,3098.0,3091.50512864,6.81129100157,69.2307692308,164.0,0,21.9860910315,68.0,15.7509157509,109.238095238,-40.0
11:16:17,3098.0,3091.5087359,6.80944672772,69.2307692308,238.0,0,21.9801379203,130.0,24.2819843342,151.238095238,90.0
11:16:17,3098.0,3091.51234115,6.80759742045,69.2307692308,104.0,0,21.9741685618,-54.0,21.7289719626,144.476190476,44.0
11:16:18,3099.0,3091.51649981,6.80607877807,75.0,38.0,0,21.9621774058,2.0,16.5680473373,114.571428571,150.0
11:16:18,3098.0,3091.52010075,6.80470016733,69.2307692308,42.0,0,21.9648165505,-38.0,17.0658682635,94.380952381,142.0
11:16:19,3098.0,3091.5236997,6.80331718292,69.2307692308,32.0,0,21.9603524303,18.0,22.0064724919,71.7142857143,126.0
11:16:19,3098.0,3091.52729664,6.8014482844,69.2307692308,54.0,0,21.9543198335,-32.0,27.1653543307,57.7142857143,26.0
11:16:20,3098.0,3091.53089159,6.80005623048,69.2307692308,24.0,0,21.949826438,-14.0,11.5646258503,40.380952381,-118.0
11:16:20,3099.0,3091.53503994,6.79899474573,75.0,20.0,0,21.9393183147,-12.0,16.1904761905,32.0952380952,-76.0
11:16:21,3098.0,3091.53863059,6.79759377816,69.2307692308,42.0,0,21.9418779153,-28.0,14.0186915888,34.0952380952,-106.0
11:16:21,3098.0,3091.54221924,6.79618842318,69.2307692308,244.0,0,21.9373415855,12.0,54.8076923077,93.619047619,-56.0
11:16:22,3098.0,3091.5458059,6.79477867807,69.2307692308,660.0,0,21.9327910848,140.0,19.7318007663,262.380952381,66.0
11:16:22,3097.0,3091.54883517,6.79258759378,64.2857142857,60.0,0,21.9327981717,-6.0,22.0952380952,229.80952381,92.0
11:16:23,3098.0,3091.55241815,6.79116889791,69.2307692308,72.0,0,21.9211391153,-10.0,24.9544626594,200.380952381,96.0
11:16:23,3097.0,3091.55544375,6.78945260435,64.2857142857,104.0,0,21.9226755064,74.0,25.5499153976,177.80952381,182.0
11:16:24,3097.0,3091.55846766,6.7877321937,64.2857142857,184.0,0,21.9171204188,80.0,25.2265861027,174.095238095,290.0
11:16:24,3097.0,3091.5614899,6.78600766283,64.2857142857,10.0,0,21.9115520272,6.0,12.6605504587,113.904761905,284.0
11:16:25,3097.0,3091.56451045,6.78427900861,64.2857142857,54.0,0,21.9059703216,32.0,37.6033057851,77.4285714286,176.0
11:16:25,3097.0,3091.56752933,6.78254622788,64.2857142857,66.0,0,21.9003752918,-44.0,31.4285714286,73.2380952381,138.0
11:16:26,3097.0,3091.57054653,6.78080931748,64.2857142857,538.0,0,21.8947669276,-206.0,13.179916318,203.619047619,-58.0
11:16:26,3097.0,3091.57356206,6.77906827423,64.2857142857,0.0,0,21.8891452187,0.0,0,158.095238095,-132.0
11:16:27,3097.0,3091.57657591,6.77732309495,64.2857142857,60.0,0,21.8835101548,26.0,10.7142857143,134.666666667,-186.0
11:16:27,3097.0,3091.57958808,6.77557377644,64.2857142857,116.0,0,21.8778617257,8.0,9.3525179856,133.142857143,-184.0
11:16:28,3098.0,3091.58315399,6.77411234561,69.2307692308,88.0,0,21.8660824584,58.0,7.83410138248,118.571428571,-158.0
11:16:28,3097.0,3091.58616251,6.77280099614,64.2857142857,60.0,0,21.8689086088,12.0,7.88863109048,94.380952381,-102.0
11:16:29,3097.0,3091.58916936,6.77148609959,64.2857142857,58.0,0,21.8646628982,52.0,19.3717277487,69.9047619048,156.0
11:16:29,3097.0,3091.59217455,6.77016765389,64.2857142857,88.0,0,21.8604057278,18.0,20.0,76.8571428571,174.0
11:16:30,3097.0,3091.59517806,6.76884565696,64.2857142857,66.0,0,21.8561370906,0.0,16.8067226891,73.3333333333,148.0
11:16:30,3098.0,3091.59873531,6.76781142821,69.2307692308,18.0,0,21.8457437967,2.0,20.6349206349,55.8095238095,142.0
11:16:31,3097.0,3091.60173517,6.76648218595,64.2857142857,102.0,0,21.8485056053,26.0,11.2244897959,66.9523809524,110.0
11:16:31,3097.0,3091.60473338,6.76514938631,64.2857142857,108.0,0,21.8442020869,-4.0,10.0,79.1428571429,94.0
11:16:32,3097.0,3091.60772992,6.76381302718,64.2857142857,216.0,0,21.8398870752,-110.0,3.34448160535,119.904761905,-68.0
11:16:32,3096.0,3091.61016939,6.76222340892,60.0,54.0,0,21.8418068763,0.0,1.06382978722,106.857142857,-86.0
11:16:33,3096.0,3091.61260751,6.76018157013,60.0,1138.0,0,21.8352117898,578.0,-5.74572127139,405.142857143,492.0
11:16:33,3097.0,3091.61559967,6.75883452496,64.2857142857,36.0,0,21.8238118339,-24.0,-4.89721886336,337.523809524,466.0
11:16:34,3097.0,3091.61859017,6.75748391132,64.2857142857,152.0,0,21.8194507953,42.0,1.99530516432,302.19047619,482.0
11:16:34,3096.0,3091.62102361,6.7558805603,60.0,64.0,0,21.8213196392,-22.0,3.49397590362,239.333333333,464.0
11:16:35,3096.0,3091.6234557,6.75427390415,60.0,120.0,0,21.8161301813,-66.0,3.96419437341,194.571428571,508.0
11:16:35,3096.0,3091.62588644,6.75266394049,60.0,56.0,0,21.8109300403,-20.0,4.85312899107,136.095238095,488.0
11:16:36,3097.0,3091.62887123,6.7512994634,64.2857142857,46.0,0,21.7994816383,-8.0,40.5063291139,74.6666666667,-98.0
11:16:36,3097.0,3091.63185436,6.74948043268,64.2857142857,138.0,0,21.7936081133,-62.0,52.2569444444,91.5238095238,-136.0
11:16:37,3097.0,3091.63483584,6.74810850842,64.2857142857,18.0,0,21.7891782642,-6.0,42.5339366516,69.2380952381,-184.0
11:16:37,3097.0,3091.63781566,6.74673299997,64.2857142857,22.0,0,21.784736842,-2.0,41.0,54.4761904762,-164.0
11:16:38,3097.0,3091.64079382,6.74535390514,64.2857142857,72.0,0,21.7802838396,-54.0,46.5909090909,56.0,-152.0
11:16:38,3097.0,3091.64377033,6.74397122173,64.2857142857,246.0,0,21.77581925,-220.0,25.4612546125,109.523809524,-352.0
11:16:39,3096.0,3091.64618979,6.74233700829,60.0,4.0,0,21.7775743162,-4.0,24.0,84.8571428571,-348.0
11:16:39,3096.0,3091.6486079,6.74069946823,60.0,90.0,0,21.7722851041,-40.0,-0.442477876103,86.7619047619,-326.0
11:16:40,3096.0,3091.65102467,6.73905859913,60.0,16.0,0,21.7669851393,-4.0,1.33333333334,69.8095238095,-324.0
11:16:40,3096.0,3091.65344009,6.73741439855,60.0,12.0,0,21.7616744139,4.0,2.27272727273,51.8095238095,-318.0
11:16:41,3096.0,3091.65585418,6.73576686406,60.0,242.0,0,21.7563529201,210.0,3.60655737705,100.0,-54.0
11:16:41,3096.0,3091.65826692,6.7341159932,60.0,32.0,52.5,21.7510206499,4.0,7.07070707071,80.0952380952,170.0
11:16:42,3096.0,3091.66067833,6.73246178353,60.0,146.0,0,21.7456775954,-30.0,5.94795539034,102.952380952,144.0
11:16:42,3096.0,3091.66308839,6.73034971827,60.0,22.0,0,21.7388556792,-2.0,6.8085106383,83.619047619,182.0
11:16:43,3096.0,3091.66549712,6.7286885279,60.0,70.0,0,21.7334900772,2.0,5.34351145038,81.2380952381,188.0
11:16:43,3096.0,3091.66790451,6.72702399094,60.0,6.0,0,21.7281136658,-4.0,5.4054054054,58.0,180.0
11:16:44,3096.0,3091.67031056,6.7253561049,60.0,40.0,0,21.722726437,-4.0,6.32911392404,44.7619047619,-34.0
11:16:44,3096.0,3091.67271527,6.72368486728,60.0,10.0,0,21.7173283827,-6.0,8.16326530612,32.5714285714,-44.0
11:16:45,3097.0,3091.67567405,6.72180071566,62.5,20.0,0,21.7042322107,-12.0,14.2857142857,24.2857142857,-26.0
11:16:45,3097.0,3091.67863119,6.72036868385,62.5,18.0,0,21.6996082785,-4.0,15.8536585366,21.4285714286,-28.0
11:16:46,3096.0,3091.68103128,6.71868683433,60.0,40.0,0,21.7011848654,-4.0,17.9104477612,25.0476190476,-34.0
11:16:46,3096.0,3091.68343004,6.71700162293,60.0,34.0,0,21.6957416761,-2.0,13.5802469136,28.380952381,-32.0
11:16:47,3096.0,3091.68582747,6.71485578359,60.0,10.0,0,21.6888106705,-6.0,13.6363636364,23.5238095238,-34.0
11:16:47,3096.0,3091.68822357,6.7131635417,60.0,12.0,0,21.6833447729,0.0,14.9253731343,20.6666666667,-28.0
11:16:48,3096.0,3091.69061834,6.71146792995,60.0,64.0,0,21.6778679908,-22.0,20.2247191011,32.5714285714,-38.0
11:16:48,3096.0,3091.69301177,6.70976894577,60.0,224.0,0,21.6723803158,-122.0,8.33333333333,88.0952380952,-156.0
11:16:49,3096.0,3091.69540388,6.7080665866,60.0,36.0,0,21.6668817397,-16.0,7.36842105263,80.0952380952,-168.0
11:16:49,3096.0,3091.69779466,6.70636084988,60.0,434.0,0,21.6613722541,-246.0,3.33333333333,186.0,-412.0
11:16:50,3097.0,3091.70073951,6.70489695744,62.5,22.0,0,21.649651138,-2.0,3.53535353535,155.142857143,-408.0
11:16:50,3097.0,3091.70368272,6.70342941875,62.5,436.0,0,21.6449125565,-348.0,2.13815789473,242.0,-756.0
11:16:51,3096.0,3091.7060689,6.70171329094,60.0,134.0,0,21.6463607588,78.0,0.466562985998,222.380952381,-656.0
11:16:51,3096.0,3091.70845376,6.69999377533,60.0,38.0,0,21.6408067679,20.0,0.545454545449,172.0,-514.0
11:16:52,3096.0,3091.71083729,6.69827086933,60.0,80.0,0,21.635241826,-70.0,0.52447552447,142.476190476,-568.0
11:16:52,3096.0,3091.7132195,6.69696365693,60.0,10.0,0,21.6310195637,0.0,2.22222222221,90.8571428571,-322.0
11:16:53,3095.0,3091.71504498,6.69545061595,56.25,68.0,0,21.6331199223,-66.0,9.92167101827,76.0,-386.0
11:16:53,3095.0,3091.71686945,6.69351537467,56.25,766.0,0,21.6268671233,-390.0,14.0510948905,258.380952381,-428.0
11:16:54,3095.0,3091.7186929,6.69199687276,56.25,128.0,0,21.6219608167,56.0,16.8807339449,242.761904762,-450.0
11:16:54,3095.0,3091.72051534,6.6900556153,56.25,128.0,0,21.6156885793,26.0,17.2881355932,227.428571429,-444.0
11:16:55,3095.0,3091.72233677,6.68811119856,56.25,192.0,0,21.6094061343,40.0,27.5541795666,226.095238095,-334.0
11:16:55,3095.0,3091.72415719,6.68616361979,56.25,362.0,0,21.6031134727,-252.0,21.1678832117,268.0,-586.0
11:16:56,3095.0,3091.7259766,6.68463391335,56.25,28.0,0,21.598170964,8.0,18.0798004987,197.714285714,-512.0
11:16:56,3095.0,3091.727795,6.68310159384,56.25,204.0,0,21.5932200124,-98.0,20.3454894434,179.619047619,-220.0
11:16:57,3095.0,3091.72961238,6.68156665945,56.25,98.0,0,21.5882606121,-32.0,28.6561264822,158.0,-308.0
11:16:57,3096.0,3091.73198416,6.68023105587,60.0,48.0,0,21.5769736947,-16.0,30.2575107296,123.523809524,-350.0
11:16:58,3096.0,3091.73435462,6.67889258581,60.0,58.0,0,21.572650471,-22.0,16.7919799499,95.7142857143,-412.0
11:16:58,3095.0,3091.73616837,6.67734956568,56.25,46.0,0,21.5746351072,-16.0,27.8008298755,70.8571428571,-176.0
11:16:59,3095.0,3091.7379811,6.67580392348,56.25,28.0,0,21.5696411098,-6.0,27.3858921162,55.9047619048,-190.0
11:16:59,3096.0,3091.74034823,6.67445710906,60.0,90.0,0,21.5583239957,-2.0,37.5,58.6666666667,-94.0
11:17:00,3095.0,3091.74215865,6.6729061022,56.25,124.0,0,21.5602781977,10.0,7.61421319796,76.5714285714,-52.0
11:17:00,3095.0,3091.74396806,6.67092910034,56.25,168.0,0,21.5538904696,-4.0,34.6303501945,105.80952381,-40.0
11:17:01,3095.0,3091.74577646,6.66937257585,56.25,10.0,0,21.5488613113,-2.0,37.7682403433,84.1904761905,-20.0
11:17:01,3095.0,3091.74758386,6.66781341989,56.25,66.0,0,21.5438236507,-24.0,37.4485596708,80.8571428571,-28.0
11:17:02,3096.0,3091.74994566,6.66645249077,60.0,38.0,0,21.5324692854,-10.0,39.1129032258,68.5714285714,-32.0
11:17:02,3096.0,3091.75230614,6.66508867899,60.0,36.0,0,21.5280642086,-32.0,46.6063348416,55.2380952381,-62.0
11:17:03,3095.0,3091.75410992,6.66352138767,56.25,122.0,0,21.5299560183,-80.0,47.2727272727,69.0476190476,-152.0
11:17:03,3095.0,3091.75591269,6.66195145751,56.25,118.0,0,21.5248835461,-36.0,23.0769230769,81.8095238095,-184.0
11:17:04,3095.0,3091.75771446,6.65995365141,56.25,110.0,0,21.5184285991,92.0,18.7755102041,94.6666666667,-90.0
11:17:04,3095.0,3091.75951523,6.65837817511,56.25,52.0,0,21.5133382072,46.0,17.6470588235,86.1904761905,-20.0
11:17:05,3095.0,3091.761315,6.65680005407,56.25,44.0,0,21.50823927,4.0,16.5975103734,76.0952380952,-6.0
11:17:05,3095.0,3091.76311377,6.65521928639,56.25,114.0,0,21.5031317816,4.0,11.4285714286,85.7142857143,30.0
11:17:06,3095.0,3091.76491154,6.6536358702,56.25,326.0,0,21.4980157357,102.0,8.37696335079,152.19047619,212.0
11:17:06,3095.0,3091.76670831,6.65204980359,56.25,474.0,0,21.4928911263,176.0,5.71428571428,251.238095238,424.0
11:17:07,3094.0,3091.76794868,6.65030315841,52.9411764706,6.0,0,21.4941924965,-4.0,5.90551181102,199.619047619,328.0
11:17:07,3094.0,3091.76918837,6.64855409302,52.9411764706,206.0,0,21.4885394086,-52.0,8.20512820512,210.095238095,230.0
11:17:08,3094.0,3091.77042736,6.6468026055,52.9411764706,258.0,0,21.4828784923,-130.0,6.35838150288,228.095238095,96.0
11:17:08,3094.0,3091.77166567,6.64462104931,52.9411764706,34.0,0,21.4758275672,-6.0,7.82208588956,171.904761905,86.0
11:17:09,3094.0,3091.77290329,6.64243649983,52.9411764706,378.0,0,21.4687669678,-254.0,10.0294985251,217.80952381,-270.0
11:17:09,3094.0,3091.77414022,6.64024895413,52.9411764706,152.0,0,21.4616966843,30.0,19.7292069632,196.666666667,-416.0
11:17:10,3094.0,3091.77537647,6.63758796529,52.9411764706,282.0,0,21.4530962033,-88.0,38.320610687,228.0,-500.0
11:17:10,3095.0,3091.77716743,6.63508044529,56.25,138.0,0,21.4380628281,-14.0,39.2914653784,205.047619048,-462.0
11:17:11,3094.0,3091.77840199,6.63241197305,52.9411764706,90.0,0,21.4363670751,46.0,41.7132216015,171.619047619,-286.0
11:17:11,3093.0,3091.77908047,6.62962477757,50.0,130.0,0,21.4342863808,30.0,41.7094017094,157.619047619,-250.0
11:17:12,3095.0,3091.78086937,6.62757775963,56.25,370.0,0,21.4138215174,70.0,14.974182444,207.619047619,74.0
11:17:12,3093.0,3091.78154648,6.6247838015,50.0,102.0,0,21.4186349871,26.0,-3.05755395685,181.428571429,70.0
11:17:13,3094.0,3091.78277861,6.62257362393,52.9411764706,354.0,0,21.4045689203,-14.0,-26.6891891892,229.619047619,144.0
11:17:13,3094.0,3091.78401006,6.61988752189,52.9411764706,18.0,0,21.3958872718,10.0,-31.015037594,178.380952381,168.0
11:17:14,3094.0,3091.78524082,6.61719770586,52.9411764706,68.0,0,21.3871936194,-20.0,-23.0326295585,147.142857143,102.0
11:17:14,3093.0,3091.7859155,6.61486352425,50.0,136.0,0,21.3865616691,50.0,-28.6259541985,136.380952381,122.0
11:17:15,3092.0,3091.7860344,6.61198042254,47.3684210526,270.0,0,21.3841540186,-56.0,24.0506329114,163.619047619,-4.0
11:17:15,3094.0,3091.78726404,6.60928020866,52.9411764706,754.0,0,21.3616037772,-406.0,25.3125,333.904761905,-436.0
11:17:16,3092.0,3091.7873822,6.60686509307,47.3684210526,276.0,0,21.3676102622,60.0,43.1668856767,336.571428571,-362.0
11:17:16,3092.0,3091.78750029,6.60444741196,47.3684210526,130.0,0,21.3597911124,22.0,40.146878825,301.238095238,-350.0
11:17:17,3093.0,3091.78817371,6.60162353769,50.0,152.0,0,21.3437553756,-40.0,46.2165308498,266.857142857,-370.0
11:17:17,3094.0,3091.78940216,6.59890979001,52.9411764706,56.0,0,21.3280859406,34.0,51.6483516483,201.047619048,-386.0
11:17:18,3093.0,3091.79007453,6.59607879565,50.0,170.0,0,21.3258286313,-92.0,38.8816644993,171.619047619,-422.0
11:17:18,3093.0,3091.79074652,6.59324429194,50.0,56.0,0,21.3166643774,-44.0,62.2619047619,114.380952381,-60.0
11:17:19,3093.0,3091.79141814,6.59040627436,50.0,132.0,0,21.3074887629,-42.0,39.224137931,112.095238095,-162.0
11:17:19,3093.0,3091.79208939,6.58804189328,50.0,118.0,0,21.2998444658,-92.0,39.1812865497,112.666666667,-276.0
11:17:20,3093.0,3091.79276027,6.58567468328,50.0,68.0,0,21.2921910226,-52.0,15.6666666667,99.5238095238,-288.0
11:17:20,3093.0,3091.79343077,6.58282683823,50.0,34.0,0,21.2829836348,-14.0,7.95847750864,80.6666666667,-336.0
11:17:21,3093.0,3091.7941009,6.58045363647,50.0,322.0,0,21.2753108195,-230.0,6.30136986302,145.142857143,-474.0
11:17:21,3093.0,3091.79477066,6.57759909667,50.0,32.0,0,21.2660817868,16.0,6.23229461757,119.523809524,-414.0
11:17:22,3093.0,3091.79544004,6.57474101729,50.0,52.0,0,21.2568413103,8.0,11.1821086262,100.761904762,-364.0
11:17:22,3093.0,3091.79610906,6.57235863834,50.0,82.0,0,21.2491388243,10.0,12.5423728814,94.380952381,-262.0
11:17:23,3093.0,3091.7967777,6.56949383937,50.0,4.0,0,21.2398766226,2.0,11.0266159696,67.4285714286,-208.0
11:17:23,3093.0,3091.79744597,6.56710543279,50.0,4.0,0,21.2321546485,4.0,10.8870967742,43.5238095238,-190.0
11:17:24,3093.0,3091.79811387,6.56423389792,50.0,72.0,0,21.222870669,-18.0,31.7073170732,40.4761904762,22.0
11:17:24,3093.0,3091.7987814,6.56135880142,50.0,14.0,0,21.2135751743,4.0,34.2105263158,32.7619047619,10.0
11:17:25,3093.0,3091.79944856,6.5584801386,50.0,16.0,0,21.2042681494,6.0,18.75,26.4761904762,8.0
11:17:25,3093.0,3091.80011535,6.55607930464,50.0,732.0,0,21.1965059963,-308.0,-22.8028503563,226.476190476,-310.0
11:17:26,3093.0,3091.80078176,6.55367560144,50.0,94.0,0,21.1887345666,-16.0,-5.79399141631,213.238095238,-328.0
11:17:26,3093.0,3091.80144781,6.5507869662,50.0,6.0,0,21.1793952997,0.0,-5.35331905782,170.571428571,-332.0
11:17:27,3094.0,3091.80266889,6.54800619334,52.9411764706,56.0,0,21.1635623573,-24.0,-3.48583877996,142.095238095,-338.0
11:17:27,3093.0,3091.80333389,6.54559308916,50.0,8.0,0,21.1626029394,-4.0,-3.50877192983,100.666666667,-346.0
11:17:28,3094.0,3091.80455392,6.54280515571,52.9411764706,56.0,0,21.1467522809,-52.0,2.31092436975,73.2380952381,-404.0
11:17:28,3094.0,3091.80577327,6.54049691712,52.9411764706,0.0,0,21.1392919105,0.0,0,27.9047619048,-96.0
11:17:29,3094.0,3091.80699195,6.53770167642,52.9411764706,36.0,0,21.1302575191,-12.0,70.3703703704,27.7142857143,-92.0
11:17:29,3093.0,3091.80765455,6.53479176371,50.0,36.0,0,21.1276810983,-24.0,59.375,30.2857142857,-116.0
11:17:30,3094.0,3091.80887218,6.53247358289,52.9411764706,26.0,0,21.1133599964,-26.0,58.024691358,28.5714285714,-118.0
11:17:30,3094.0,3091.81008914,6.52966728564,52.9411764706,14.0,0,21.1042898695,-2.0,60.7142857143,24.8571428571,-116.0
11:17:31,3093.0,3091.81075001,6.52674667388,50.0,22.0,0,21.101670462,-6.0,40.2985074627,23.1428571429,-70.0
11:17:31,3094.0,3091.81196593,6.52393276831,52.9411764706,18.0,43.2432432432,21.0857555537,0.0,43.4210526316,21.9047619048,-70.0
11:17:32,3094.0,3091.81318116,6.52111498623,50.0,54.0,0,21.0766483071,-28.0,65.8823529412,30.0952380952,-86.0
11:17:32,3094.0,3091.81439572,6.51877984469,50.0,8.0,0,21.0691009848,-6.0,81.6901408451,24.2857142857,-68.0
11:17:33,3094.0,3091.81560961,6.51644154556,50.0,8.0,0,21.0615434569,-6.0,80.6451612903,19.8095238095,-48.0
11:17:33,3093.0,3091.81626742,6.51399026218,47.0588235294,4.0,0,21.0604276178,0.0,78.9473684211,15.0476190476,-46.0
11:17:34,3093.0,3091.81692487,6.51104851601,47.0588235294,122.0,0,21.0509166376,44.0,88.785046729,44.4761904762,4.0
11:17:34,3094.0,3091.81813735,6.50914583893,50.0,30.0,0,21.0379632803,-18.0,82.3008849558,42.8571428571,-14.0
11:17:35,3094.0,3091.81934916,6.50724060158,50.0,6.0,0,21.031805435,-2.0,75.2808988764,33.8095238095,12.0
11:17:35,3093.0,3091.8200049,6.50522344726,47.0588235294,20.0,0,21.032083567,-6.0,71.5789473684,31.0476190476,12.0
11:17:36,3094.0,3091.82121567,6.50331320474,50.0,86.0,0,21.0191118447,-18.0,64.1791044776,46.5714285714,0.0
11:17:36,3093.0,3091.82187037,6.50084493559,47.0588235294,6.0,0,21.0179273701,-4.0,65.1851851852,35.5238095238,-4.0
11:17:37,3094.0,3091.8230801,6.49892939307,50.0,32.0,0,21.0049430933,0.0,54.4444444444,31.8095238095,-48.0
11:17:37,3094.0,3091.82428917,6.49741543464,50.0,146.0,0,21.0000498857,-102.0,43.9189189189,64.9523809524,-132.0
11:17:38,3094.0,3091.82549756,6.49589941287,50.0,82.0,0,20.9951500093,16.0,55.9139784946,74.2857142857,-114.0
11:17:38,3094.0,3091.82670528,6.4939766964,50.0,164.0,0,20.9889356703,-82.0,70.1550387597,103.428571429,-190.0
11:17:39,3094.0,3091.82791233,6.49245630627,50.0,48.0,0,20.9840216751,-14.0,66.9456066946,92.5714285714,-186.0
11:17:39,3094.0,3091.82911871,6.49093384824,50.0,44.0,0,20.9791009962,-8.0,61.2403100775,82.380952381,-190.0
11:17:40,3093.0,3091.82976902,6.48889564307,47.0588235294,148.0,0,20.9792940287,34.0,43.9873417722,100.095238095,-156.0
11:17:40,3094.0,3091.83097437,6.48736892396,50.0,144.0,0,20.9675789398,-30.0,59.6825396825,111.142857143,-84.0
11:17:41,3094.0,3091.83217905,6.48584013234,50.0,156.0,0,20.9626377904,44.0,42.6136363636,125.714285714,-56.0
11:17:41,3094.0,3091.83338306,6.48430926674,50.0,92.0,0,20.9576899377,-4.0,36.3924050633,118.476190476,22.0
11:17:42,3094.0,3091.8345864,6.48277632569,50.0,26.0,0,20.9527353771,-22.0,37.3770491803,95.8095238095,14.0
11:17:42,3094.0,3091.83578908,6.48124130772,50.0,156.0,0,20.9477741038,-18.0,42.9362880886,111.333333333,4.0
11:17:43,3094.0,3091.83699108,6.47929736679,50.0,28.0,0,20.9414911661,0.0,53.1561461794,84.9523809524,-30.0
11:17:43,3094.0,3091.83819242,6.47735082927,50.0,6.0,0,20.935199836,0.0,40.0862068966,58.0,0.0
11:17:44,3095.0,3091.83994849,6.47595933477,52.9411764706,46.0,0,20.9239396923,16.0,63.8418079096,49.0476190476,-28.0
11:17:44,3094.0,3091.84114819,6.47400776515,50.0,6.0,0,20.9243948453,0.0,50.0,33.9047619048,-24.0
11:17:45,3094.0,3091.84234722,6.47246151203,50.0,18.0,0,20.9193972593,-12.0,51.5384615385,26.2857142857,-14.0
11:17:45,3094.0,3091.84354558,6.47091317234,50.0,6.0,0,20.9143929293,-4.0,47.2727272727,15.619047619,0.0
11:17:46,3094.0,3091.84474328,6.46936274458,50.0,102.0,0,20.9093818506,0.0,27.1739130435,39.5238095238,0.0
11:17:46,3094.0,3091.84594031,6.46740158458,50.0,42.0,0,20.9030432598,-14.0,39.0909090909,42.7619047619,-14.0
11:17:47,3094.0,3091.84713668,6.46543781279,50.0,80.0,0,20.8966962275,0.0,41.7322834646,55.1428571429,-30.0
11:17:47,3094.0,3091.84833238,6.46347142686,50.0,12.0,0,20.8903407461,0.0,43.8461538462,46.4761904762,-30.0
11:17:48,3094.0,3091.84952742,6.46150242438,50.0,4.0,0,20.8839768079,4.0,46.3414634146,35.2380952381,-14.0
11:17:48,3095.0,3091.85127719,6.45968005075,52.9411764706,38.0,0,20.8713410363,38.0,52.5179856115,34.380952381,28.0
11:17:49,3095.0,3091.853026,6.45785482098,52.9411764706,6.0,0,20.8654436865,4.0,81.3186813187,22.8571428571,32.0
11:17:49,3095.0,3091.85477383,6.45557333498,52.9411764706,22.0,0,20.8580721647,-2.0,79.012345679,20.4761904762,44.0
11:17:50,3094.0,3091.85596529,6.45313948262,50.0,20.0,0,20.8569472612,8.0,62.7450980392,18.4761904762,52.0
11:17:50,3094.0,3091.85715609,6.45115644241,50.0,0.0,0,20.8505379522,0.0,0,13.619047619,52.0
11:17:51,3094.0,3091.85834623,6.44917077046,50.0,108.0,0,20.8441201372,104.0,28.8659793815,40.1904761905,152.0
11:17:51,3094.0,3091.85953571,6.44718246433,50.0,42.0,0,20.8376938084,10.0,17.1717171717,42.9523809524,124.0
11:17:52,3094.0,3091.86072453,6.44519152159,50.0,206.0,0,20.831258958,206.0,8.04020100503,92.380952381,326.0
11:17:52,3094.0,3091.86191268,6.44319793979,50.0,18.0,0,20.8248155779,14.0,4.06091370559,78.5714285714,342.0
11:17:53,3094.0,3091.86310018,6.44074616105,50.0,112.0,0,20.8168912768,42.0,11.9341563786,91.8095238095,376.0
11:17:53,3095.0,3091.86484242,6.43889509634,52.9411764706,38.0,0,20.8041844793,6.0,12.5954198473,79.5238095238,382.0
11:17:54,3094.0,3091.86602829,6.43689317528,50.0,30.0,0,20.8044381877,-2.0,19.730941704,63.1428571429,276.0
11:17:54,3094.0,3091.8672135,6.43488860494,50.0,6.0,0,20.797959292,4.0,19.0243902439,43.619047619,270.0
11:17:55,3094.0,3091.86839805,6.43242459039,50.0,14.0,0,20.7899954441,2.0,35.7798165138,28.0952380952,66.0
11:17:55,3094.0,3091.86958194,6.42995727958,50.0,62.0,0,20.7820209424,12.0,43.5114503817,35.4285714286,64.0
11:17:56,3094.0,3091.87076518,6.42748666872,50.0,12.0,0,20.7740357748,2.0,50.6172839506,26.380952381,24.0
11:17:56,3094.0,3091.87194776,6.42501275399,50.0,10.0,0,20.7660399289,2.0,55.223880597,21.5238095238,20.0
11:17:57,3094.0,3091.87312968,6.42253553157,50.0,2.0,0,20.7580333923,2.0,47.1698113208,15.7142857143,24.0
11:17:57,3094.0,3091.87431095,6.42051351139,50.0,0.0,0,20.7514980976,0.0,0,10.6666666667,20.0
11:17:58,3094.0,3091.87549156,6.41803000788,50.0,20.0,0,20.7434712601,16.0,49.0566037736,11.619047619,34.0
11:17:58,3095.0,3091.87722692,6.41569016139,52.9411764706,118.0,0,20.7292089221,18.0,56.7901234568,40.2857142857,40.0
11:17:59,3094.0,3091.87840591,6.41319990525,50.0,6.0,0,20.7278600687,6.0,52.5641025641,34.2857142857,44.0
11:17:59,3094.0,3091.87958424,6.41070632267,50.0,30.0,0,20.7198006551,24.0,48.8636363636,35.4285714286,66.0
11:18:00,3095.0,3091.88131733,6.40835603594,52.9411764706,1998.0,0,20.7055122324,-1708.0,95.9484346225,597.904761905,-1644.0
11:18:00,3095.0,3091.88304945,6.40549821093,52.9411764706,200.0,0,20.6962785491,-4.0,93.760539629,551.619047619,-1648.0
11:18:01,3096.0,3091.88533601,6.40379109841,55.5555555556,136.0,0,20.6840797752,10.0,94.0514469453,477.523809524,-1654.0
11:18:01,3096.0,3091.8876213,6.4020808189,55.5555555556,26.0,0,20.6785556166,4.0,95.409015025,366.476190476,-1668.0
11:18:02,3095.0,3091.88934991,6.39971633245,52.9411764706,16.0,0,20.6775971969,0.0,95.0955943475,256.952380952,-1674.0
11:18:02,3095.0,3091.89107757,6.39734825828,52.9411764706,68.0,0,20.6699459072,8.0,95.9083469722,161.80952381,-1690.0
11:18:03,3095.0,3091.89280427,6.39543885863,52.9411764706,6.0,0,20.663776603,-6.0,76.5486725664,47.1428571429,12.0
11:18:03,3096.0,3091.89508541,6.39371566462,55.5555555556,2.0,0,20.6515363844,0.0,81.8897637795,26.1904761905,16.0
11:18:04,3096.0,3091.89736529,6.3915264121,55.5555555556,36.0,0,20.6444651554,-12.0,81.8181818182,24.380952381,-6.0
11:18:04,3095.0,3091.8990885,6.3891444333,52.9411764706,28.0,0,20.6434392029,0.0,66.6666666667,25.0476190476,-10.0
11:18:05,3095.0,3091.90081075,6.38675884782,52.9411764706,14.0,0,20.6357313338,-10.0,74.025974026,21.619047619,-20.0
11:18:05,3096.0,3091.90308744,6.38502225385,55.5555555556,10.0,0,20.6234568923,-4.0,64.5833333333,17.1428571429,-32.0
11:18:06,3096.0,3091.90536287,6.38281822092,55.5555555556,48.0,0,20.6163379229,0.0,46.3768115942,26.2857142857,-26.0
11:18:06,3096.0,3091.90763704,6.38061033087,55.5555555556,22.0,0,20.6092064951,-6.0,46.835443038,26.0,-32.0
11:18:07,3095.0,3091.90935454,6.37821030279,52.9411764706,106.0,0,20.6081108329,-100.0,17.5438596491,48.7619047619,-120.0
11:18:07,3095.0,3091.91107109,6.37627196219,52.9411764706,0.0,0,20.60184802,0.0,0,37.9047619048,-120.0
11:18:08,3095.0,3091.91278669,6.37386503453,52.9411764706,0.0,0,20.594071194,0.0,0,28.380952381,-110.0
11:18:08,3095.0,3091.91450133,6.37192045566,52.9411764706,12.0,0,20.5877882251,-8.0,9.57446808512,22.9523809524,-114.0
11:18:09,3095.0,3091.91621502,6.36997290898,52.9411764706,0.0,0,20.5814956671,0.0,0,14.0,-114.0
11:18:09,3095.0,3091.91792776,6.36802239177,52.9411764706,206.0,0,20.5751935114,142.0,2.46913580246,66.1904761905,34.0
11:18:10,3096.0,3091.92019494,6.36625650705,55.5555555556,44.0,0,20.562844015,6.0,7.63358778625,63.3333333333,140.0
11:18:10,3095.0,3091.92190547,6.36472347091,52.9411764706,132.0,0,20.5645346394,-24.0,5.07614213197,88.5714285714,116.0
11:18:11,3096.0,3091.92417045,6.3633753794,55.5555555556,6.0,0,20.5535380472,-4.0,6.0,71.5238095238,112.0
11:18:11,3096.0,3091.92643417,6.36202462509,55.5555555556,14.0,0,20.5491751456,-4.0,6.46766169154,56.4761904762,116.0
11:18:12,3096.0,3091.92869663,6.36024688452,55.5555555556,112.0,0,20.5434330895,58.0,6.61478599221,69.3333333333,174.0
11:18:12,3095.0,3091.93040244,6.35827894254,52.9411764706,42.0,0,20.5437122538,-12.0,8.57142857143,56.8571428571,20.0
11:18:13,3095.0,3091.9321073,6.35673293654,52.9411764706,8.0,0,20.5387170809,-4.0,7.64331210191,42.4761904762,10.0
11:18:13,3095.0,3091.93381121,6.35475931662,52.9411764706,0.0,0,20.5323402799,0.0,0,27.5238095238,34.0
11:18:14,3095.0,3091.93551418,6.35278270296,52.9411764706,24.0,0,20.525953806,-2.0,22.0,25.7142857143,36.0
11:18:14,3094.0,3091.93666079,6.35108607777,50.0,48.0,0,20.5271043238,10.0,31.6239316239,29.9047619048,50.0
11:18:15,3095.0,3091.93836218,6.34952994761,52.9411764706,58.0,0,20.5154440957,2.0,44.4444444444,35.3333333333,-6.0
11:18:15,3095.0,3091.94006261,6.34797138175,52.9411764706,36.0,0,20.5104083417,-20.0,54.0229885058,37.0476190476,-14.0
11:18:16,3095.0,3091.94176211,6.34641037842,52.9411764706,12.0,0,20.5053647122,-8.0,53.9325842697,32.1904761905,-18.0
11:18:16,3095.0,3091.94346066,6.34484693581,52.9411764706,12.0,0,20.5003132013,0.0,56.8421052632,27.1428571429,-18.0
11:18:17,3095.0,3091.94515826,6.34328105212,52.9411764706,0.0,0,20.4952538033,0.0,0,18.0952380952,-16.0
11:18:17,3095.0,3091.94685492,6.34171272553,52.9411764706,340.0,0,20.4901865122,244.0,80.7860262009,107.333333333,218.0
11:18:18,3095.0,3091.94855065,6.33971432327,52.9411764706,20.0,0,20.483729639,4.0,88.0952380952,91.2380952381,220.0
11:18:18,3095.0,3091.95024542,6.3377129046,52.9411764706,104.0,0,20.4772630197,86.0,73.3606557377,100.952380952,326.0
11:18:19,3095.0,3091.95193926,6.33613670899,52.9411764706,96.0,0,20.4721703037,54.0,61.5384615385,105.142857143,388.0
11:18:19,3094.0,3091.95307676,6.33441647658,50.0,358.0,0,20.4732271383,-42.0,37.037037037,180.19047619,346.0
11:18:20,3094.0,3091.95421362,6.33226525472,50.0,244.0,0,20.4662742557,64.0,29.2598967298,206.19047619,410.0
11:18:20,3094.0,3091.95534985,6.33054031372,50.0,54.0,0,20.4606991394,34.0,5.70776255708,166.285714286,200.0
11:18:21,3093.0,3091.95593005,6.32871576308,47.0588235294,856.0,0,20.4614153349,-230.0,2.10280373832,369.142857143,-34.0
11:18:21,3093.0,3091.95650993,6.32645962273,47.0588235294,540.0,37.1428571429,20.4541209917,-22.0,-10.9869646182,441.904761905,-142.0
11:18:22,3093.0,3091.95708949,6.32463080829,53.3333333333,36.0,0,20.4482082389,4.0,-10.632183908,349.904761905,-192.0
11:18:22,3092.0,3091.95711332,6.32274684774,50.0,4.0,0,20.4487284856,2.0,-12.8027681661,251.619047619,-148.0
11:18:23,3092.0,3091.95713714,6.32086110495,50.0,30.0,0,20.4426297055,-12.0,-14.2105263158,177.619047619,-224.0
11:18:23,3092.0,3091.95716095,6.31897357831,50.0,84.0,0,20.4365251562,-40.0,-15.4838709677,129.238095238,-298.0
11:18:24,3092.0,3091.95718474,6.31708426622,50.0,6.0,0,20.4304148325,0.0,-34.0,57.1428571429,-68.0
11:18:24,3093.0,3091.95776392,6.31524588243,53.3333333333,54.0,0,20.4178657693,28.0,32.7102803738,39.2380952381,-18.0
11:18:25,3093.0,3091.95834278,6.3134054845,53.3333333333,154.0,0,20.4119155658,12.0,17.4698795181,73.0476190476,-10.0
11:18:25,3092.0,3091.95836591,6.31151059353,50.0,94.0,0,20.4123887242,40.0,31.7535545024,84.0952380952,28.0
11:18:26,3092.0,3091.95838904,6.30961391058,50.0,30.0,0,20.406254562,10.0,33.6492890995,72.5714285714,50.0
11:18:26,3093.0,3091.95896755,6.30776769811,53.3333333333,758.0,0,20.3936879991,-228.0,16.0583941606,269.047619048,-138.0
11:18:27,3092.0,3091.95899034,6.30586731975,50.0,188.0,0,20.3941375154,6.0,14.0845070423,270.571428571,-132.0
11:18:27,3092.0,3091.95901312,6.30353246424,50.0,66.0,0,20.3865862362,18.0,11.1627906977,228.571428571,-142.0
11:18:28,3092.0,3091.95903588,6.30162823732,50.0,106.0,0,20.3804276757,24.0,12.8824476651,197.428571429,-130.0
11:18:28,3093.0,3091.95961403,6.29977402593,53.3333333333,84.0,0,20.3678436015,12.0,12.3376623377,162.285714286,-158.0
11:18:29,3093.0,3091.96019187,6.29791778617,53.3333333333,158.0,0,20.3618421797,50.0,17.6470588235,148.761904762,-118.0
11:18:29,3093.0,3091.96076938,6.29605951624,53.3333333333,86.0,0,20.3558341941,74.0,31.1046511628,108.571428571,184.0
11:18:30,3092.0,3091.96079116,6.29414775706,50.0,72.0,0,20.3562346606,70.0,40.2097902098,96.380952381,248.0
11:18:30,3092.0,3091.96081294,6.29223419074,50.0,28.0,0,20.350045895,10.0,44.1947565543,77.1428571429,240.0
11:18:31,3093.0,3091.96139011,6.29037005894,53.3333333333,126.0,0,20.3374395698,60.0,52.3465703971,87.7142857143,276.0
11:18:31,3093.0,3091.96196695,6.28850388986,53.3333333333,20.0,0,20.3314060455,20.0,46.5306122449,67.0476190476,284.0
11:18:32,3093.0,3091.96254348,6.2866356817,53.3333333333,152.0,0,20.3253659286,100.0,31.4049586777,87.1428571429,334.0
11:18:32,3093.0,3091.96311968,6.28476543263,53.3333333333,26.0,0,20.3193192132,-2.0,33.4905660377,71.5238095238,258.0
11:18:33,3093.0,3091.96369557,6.28289314083,53.3333333333,22.0,0,20.3132658934,-12.0,34.7593582888,57.619047619,176.0
11:18:33,3092.0,3091.96371573,6.28096816056,50.0,2.0,0,20.3136098336,-2.0,35.0574712644,40.380952381,164.0
11:18:34,3093.0,3091.96429128,6.27948373453,53.3333333333,30.0,0,20.302242918,-6.0,23.0158730159,32.380952381,98.0
11:18:34,3093.0,3091.96486652,6.27834550039,53.3333333333,4.0,0,20.2985628852,4.0,23.7288135593,21.5238095238,82.0
11:18:35,3093.0,3091.96544143,6.27720606418,53.3333333333,230.0,0,20.294878966,54.0,49.0445859873,76.0,36.0
11:18:35,3093.0,3091.96601603,6.27606542527,53.3333333333,34.0,0,20.2911911583,20.0,52.1739130435,70.7619047619,58.0
11:18:36,3092.0,3091.9660349,6.2745251591,50.0,126.0,0,20.2927721834,10.0,41.7840375587,91.4285714286,80.0
11:18:36,3092.0,3091.96605377,6.27333199881,50.0,22.0,0,20.2889133209,14.0,41.7040358744,77.4285714286,96.0
11:18:37,3092.0,3091.96607262,6.27178917903,50.0,90.0,0,20.2839236062,4.0,35.9683794466,81.9047619048,106.0
11:18:37,3093.0,3091.96664686,6.27029482738,53.3333333333,48.0,0,20.2725341978,4.0,39.6363636364,71.5238095238,106.0
11:18:38,3092.0,3091.96666539,6.26874915531,50.0,142.0,0,20.2740917054,60.0,20.3463203463,85.9047619048,112.0
11:18:38,3093.0,3091.9672393,6.26760099418,53.3333333333,6.0,0,20.2638247468,-4.0,17.9723502304,65.619047619,88.0
11:18:39,3093.0,3091.9678129,6.2664516253,53.3333333333,4.0,0,20.2601087142,0.0,19.2307692308,46.0952380952,78.0
11:18:39,3093.0,3091.96838618,6.26530104801,53.3333333333,136.0,0,20.2563887747,-6.0,43.661971831,70.0952380952,58.0
11:18:40,3092.0,3091.96840374,6.26375015244,50.0,48.0,0,20.257924167,-44.0,48.9583333333,63.5238095238,10.0
11:18:40,3092.0,3091.96842129,6.2625478424,50.0,152.0,0,20.2540357128,-12.0,31.1475409836,88.6666666667,-6.0
11:18:41,3093.0,3091.96899423,6.26139366414,53.3333333333,30.0,0,20.2437557845,-6.0,46.8085106383,74.0,-72.0
11:18:41,3092.0,3091.96901145,6.26018922524,50.0,628.0,0,20.2464075849,-600.0,57.7154308617,235.523809524,-668.0
11:18:42,3093.0,3091.96958406,6.25903272588,53.3333333333,136.0,0,20.2361226184,-96.0,61.9469026549,226.857142857,-764.0
11:18:42,3092.0,3091.96960095,6.25782615566,50.0,84.0,0,20.2387650571,-58.0,58.9981447124,197.047619048,-816.0
11:18:43,3092.0,3091.96961784,6.25661856347,50.0,64.0,0,20.2348595196,-20.0,60.8775137111,164.0,-792.0
11:18:43,3092.0,3091.96963471,6.25540994872,50.0,364.0,0,20.230950675,-80.0,67.9938744257,215.904761905,-860.0
11:18:44,3093.0,3091.97020698,6.2538977414,53.3333333333,38.0,0,20.2195206641,-10.0,68.6453576864,164.571428571,-864.0
11:18:44,3093.0,3091.97077892,6.25273530268,53.3333333333,606.0,0,20.2157623753,-70.0,28.3281733746,275.142857143,-334.0
11:18:45,3093.0,3091.97135056,6.25157164807,53.3333333333,50.0,0,20.2120001554,-38.0,19.9004975124,227.904761905,-276.0
11:18:45,3093.0,3091.97192187,6.25040677689,53.3333333333,74.0,0,20.2082340022,-14.0,15.8862876254,191.619047619,-232.0
11:18:46,3093.0,3091.97249286,6.24888879011,53.3333333333,10.0,0,20.2033261885,4.0,13.3099824868,137.523809524,-208.0
11:18:46,3093.0,3091.97306354,6.24772130683,53.3333333333,14.0,0,20.1995515901,14.0,-9.34343434346,87.1428571429,-114.0
11:18:47,3093.0,3091.97363391,6.24655260479,53.3333333333,20.0,0,20.1957730514,0.0,-14.4702842378,55.1428571429,-104.0
11:18:47,3093.0,3091.97420395,6.24503022164,53.3333333333,14.0,0,20.1908510237,-6.0,12.0879120879,22.2857142857,-40.0
11:18:48,3093.0,3091.97477368,6.24385890271,53.3333333333,14.0,0,20.1870640243,14.0,15.0684931507,17.619047619,12.0
11:18:48,3093.0,3091.97534309,6.24268636283,53.3333333333,0.0,0,20.1832730774,0.0,0,10.6666666667,26.0
11:18:49,3093.0,3091.97591219,6.24151260132,53.3333333333,228.0,0,20.1794781808,24.0,70.3448275862,72.380952381,46.0
11:18:49,3094.0,3091.97703637,6.24042955524,56.25,62.0,0,20.1694555761,20.0,66.8639053254,76.2857142857,52.0
11:18:50,3093.0,3091.97760452,6.23925325442,53.3333333333,4.0,0,20.1721734705,-4.0,70.1863354037,61.3333333333,48.0
11:18:50,3093.0,3091.97817236,6.2377221626,53.3333333333,20.0,0,20.1672232868,-12.0,68.9024390244,51.7142857143,42.0
11:18:51,3093.0,3091.97873989,6.23654323546,53.3333333333,6.0,0,20.1634116892,0.0,70.625,37.8095238095,28.0
11:18:51,3093.0,3091.9793071,6.23536308308,53.3333333333,4.0,0,20.1595961302,0.0,69.7530864198,23.7142857143,28.0
11:18:52,3093.0,3091.97987399,6.23418170475,53.3333333333,0.0,0,20.1557766076,0.0,0,8.28571428571,4.0
11:18:52,3093.0,3091.98044057,6.23299909977,53.3333333333,0.0,0,20.1519531192,0.0,0,3.71428571429,-16.0
11:18:53,3093.0,3091.98100683,6.23181526746,53.3333333333,58.0,0,20.1481256627,-20.0,25.0,18.6666666667,-32.0
11:18:53,3094.0,3091.98212819,6.2307213717,56.25,4.0,0,20.1380781244,4.0,36.1111111111,15.619047619,-16.0
11:18:54,3093.0,3091.98269351,6.22953498849,53.3333333333,416.0,0,20.1407532767,-296.0,3.31950207472,131.047619048,-312.0
11:18:54,3093.0,3091.98325853,6.22834737583,53.3333333333,26.0,0,20.1369135979,0.0,8.33333333336,115.523809524,-312.0
11:18:55,3093.0,3091.98382323,6.22680331731,53.3333333333,8.0,0,20.1319214915,0.0,9.76562500003,93.8095238095,-312.0
11:18:55,3093.0,3091.98438761,6.22561306416,53.3333333333,92.0,0,20.1280732757,36.0,22.1854304636,95.7142857143,-276.0
11:18:56,3093.0,3091.98495168,6.2244215793,53.3333333333,14.0,0,20.1242210776,8.0,22.5,70.9523809524,-248.0
11:18:56,3093.0,3091.98551544,6.22322886202,53.3333333333,4.0,0,20.120364895,0.0,22.1428571429,45.4285714286,-252.0
11:18:57,3093.0,3091.98607889,6.22203491162,53.3333333333,2.0,0,20.1165047256,2.0,93.1506849315,19.3333333333,46.0
11:18:57,3093.0,3091.98664202,6.22048358026,53.3333333333,0.0,0,20.1114891053,0.0,0,12.380952381,46.0
11:18:58,3093.0,3091.98720484,6.21928698128,53.3333333333,34.0,0,20.1076203727,20.0,93.1506849315,16.380952381,66.0
11:18:58,3093.0,3091.98776735,6.21773260646,53.3333333333,644.0,0,20.1025949126,506.0,93.6962750716,193.428571429,536.0
11:18:59,3093.0,3091.98832955,6.21617660167,53.3333333333,16.0,0,20.0975641826,-2.0,91.4285714286,164.761904762,526.0
11:18:59,3093.0,3091.98889143,6.2142172652,53.3333333333,2.0,0,20.0912294381,0.0,91.4040114613,132.0,526.0
11:19:00,3094.0,3091.9900084,6.21189895123,56.25,10.0,0,20.0772428934,0.0,91.5014164306,101.619047619,524.0
11:19:00,3094.0,3091.99112475,6.20908583558,56.25,0.0,0,20.0681507291,0.0,0,68.0,524.0
11:19:01,3094.0,3091.99224048,6.20626900803,56.25,0.0,0,20.0590465676,0.0,0,34.380952381,504.0
11:19:01,3093.0,3091.9928002,6.20335900024,53.3333333333,16.0,0,20.0561235054,0.0,22.7272727273,6.95238095238,-2.0
11:19:02,3093.0,3091.9933596,6.1999076494,53.3333333333,4.0,0,20.0449649189,0.0,37.5,6.0,0.0
11:19:02,3094.0,3091.99447409,6.19654114989,56.25,138.0,0,20.0276055265,-26.0,85.7142857143,43.9047619048,-26.0
11:19:03,3093.0,3091.99503256,6.19361976947,53.3333333333,162.0,0,20.0246355301,-92.0,80.625,82.1904761905,-118.0
11:19:03,3093.0,3091.99559072,6.19069490405,53.3333333333,32.0,0,20.0151791272,-30.0,81.25,76.0952380952,-148.0
11:19:04,3094.0,3091.99670397,6.18785538947,56.25,148.0,0,19.9995326098,22.0,86.8,101.619047619,-126.0
11:19:04,3094.0,3091.9978166,6.18550724863,56.25,132.0,0,19.9919432729,80.0,72.7272727273,115.523809524,-46.0
11:19:05,3094.0,3091.99892862,6.18315610707,56.25,80.0,0,19.9843442375,0.0,75.1445086705,109.047619048,-46.0
11:19:05,3093.0,3091.99948461,6.1807135061,53.3333333333,2.0,0,19.9829081995,0.0,69.7841726619,76.6666666667,-20.0
11:19:06,3094.0,3092.0005957,6.17880764298,56.25,100.0,0,19.9702897317,-100.0,73.6842105263,78.7619047619,-28.0
11:19:06,3094.0,3092.00170617,6.17644794215,56.25,0.0,0,19.9626630322,0.0,0,55.2380952381,2.0
11:19:07,3093.0,3092.00226063,6.17399713829,53.3333333333,26.0,0,19.9611934636,-24.0,55.8823529412,40.6666666667,-44.0
11:19:07,3093.0,3092.00281477,6.1715435608,53.3333333333,36.0,0,19.953260785,-2.0,76.2295081967,34.7619047619,-126.0
11:19:08,3093.0,3092.00336861,6.16908720638,53.3333333333,24.0,0,19.9453191283,12.0,59.5744680851,30.0,-114.0
11:19:08,3094.0,3092.00447754,6.16716859194,56.25,106.0,0,19.9326715964,-98.0,73.2876712329,51.3333333333,-212.0
11:19:09,3094.0,3092.00558586,6.16479451061,56.25,4.0,0,19.9249984183,-2.0,59.1836734694,38.5714285714,-114.0
11:19:09,3094.0,3092.00669356,6.16241739859,56.25,2.0,0,19.9173154447,-2.0,59.595959596,29.8095238095,-116.0
11:19:10,3094.0,3092.00780064,6.16003725237,56.25,48.0,0,19.9096226644,14.0,60.0,34.0952380952,-78.0
11:19:10,3093.0,3092.00835171,6.15756683447,53.3333333333,4.0,0,19.908072533,0.0,65.9574468085,24.7619047619,-76.0
11:19:11,3094.0,3092.00945788,6.15468114527,56.25,4.0,0,19.8923113939,0.0,76.1904761905,16.9523809524,-88.0
11:19:11,3094.0,3092.01056343,6.15179164407,56.25,50.0,41.1764705882,19.8829723467,8.0,41.0714285714,23.2380952381,18.0
11:19:12,3094.0,3092.01166836,6.1488983255,53.3333333333,80.0,0,19.8736209615,-72.0,65.9574468085,40.7619047619,-52.0
11:19:12,3094.0,3092.01277268,6.14600118415,53.3333333333,10.0,0,19.8642572209,6.0,67.3469387755,34.6666666667,-44.0
11:19:13,3094.0,3092.01387639,6.14360145287,53.3333333333,6.0,0,19.8565011405,4.0,79.2207792208,27.0476190476,-54.0
11:19:13,3094.0,3092.01497949,6.14069706277,53.3333333333,20.0,0,19.8471139714,20.0,82.3529411765,25.4285714286,-34.0
11:19:14,3093.0,3092.01552657,6.13820453073,50.0,6.0,0,19.845472133,2.0,79.0697674419,19.0476190476,-32.0
11:19:14,3094.0,3092.01662875,6.1357953744,53.3333333333,20.0,0,19.8312714105,0.0,95.7746478873,16.5714285714,-40.0
11:19:15,3093.0,3092.01717491,6.13329707618,50.0,2.0,0,19.8296058072,2.0,87.5,10.380952381,34.0
11:19:15,3093.0,3092.01772078,6.13079594756,50.0,4.0,0,19.8215193908,2.0,79.3103448276,8.47619047619,30.0
11:19:16,3093.0,3092.01826634,6.12778855016,50.0,10.0,0,19.8117961531,6.0,77.4193548387,8.57142857143,32.0
11:19:16,3093.0,3092.01881159,6.12528139313,50.0,0.0,0,19.8036902461,0.0,0,5.61904761905,12.0
11:19:17,3093.0,3092.01935654,6.1222671908,50.0,0.0,0,19.7939450074,0.0,0,3.61904761905,10.0
11:19:17,3093.0,3092.0199012,6.11975398925,50.0,4.0,0,19.7858195579,4.0,40.0,3.04761904762,14.0
11:19:18,3093.0,3092.02044554,6.11723793881,50.0,0.0,0,19.7776848975,0.0,0,2.09523809524,12.0
11:19:18,3094.0,3092.02154499,6.11480428177,53.3333333333,8.0,0,19.7634268965,0.0,72.7272727273,3.52380952381,10.0
11:19:19,3093.0,3092.02208843,6.11228240669,50.0,26.0,0,19.7616631319,4.0,31.5789473684,9.90476190476,8.0
11:19:19,3094.0,3092.02318696,6.10984267139,53.3333333333,8.0,0,19.7473906638,2.0,39.1304347826,10.380952381,10.0
11:19:20,3094.0,3092.02428488,6.10739982635,53.3333333333,10.0,0,19.7394952371,2.0,42.8571428571,11.0476190476,12.0
11:19:20,3094.0,3092.0253822,6.10541511693,53.3333333333,2.0,0,19.7330805331,0.0,48.1481481481,8.95238095238,8.0
11:19:21,3094.0,3092.0264789,6.10296639065,53.3333333333,2.0,0,19.7251660978,2.0,50.0,6.95238095238,10.0
11:19:21,3093.0,3092.0270196,6.10089195437,50.0,102.0,0,19.7248365806,-84.0,14.6666666667,33.4285714286,-74.0
11:19:22,3093.0,3092.02755999,6.09881528164,50.0,40.0,0,19.7181224754,0.0,17.0731707317,37.7142857143,-78.0
11:19:22,3093.0,3092.02810009,6.09673637016,50.0,0.0,0,19.7114011321,0.0,0,29.9047619048,-80.0
11:19:23,3094.0,3092.02919528,6.09473937679,53.3333333333,8.0,0,19.6985758784,0.0,12.987012987,24.7619047619,-82.0
11:19:23,3093.0,3092.02973447,6.09265587044,50.0,26.0,0,19.6982084398,2.0,12.3595505618,24.8571428571,-80.0
11:19:24,3094.0,3092.03082876,6.0906540426,53.3333333333,2.0,0,19.6853718248,0.0,12.3595505618,16.9523809524,-82.0
11:19:24,3094.0,3092.03192244,6.08864973172,53.3333333333,0.0,0,19.6788937677,0.0,0,8.47619047619,2.0
11:19:25,3094.0,3092.03301551,6.08664293533,53.3333333333,52.0,0,19.6724076772,-38.0,25.0,19.7142857143,-36.0
11:19:25,3094.0,3092.03410798,6.08505226222,53.3333333333,0.0,0,19.667266523,0.0,0,15.5238095238,-36.0
11:19:26,3094.0,3092.03519984,6.0830407781,53.3333333333,4.0,0,19.6607652815,4.0,26.1904761905,12.4761904762,-32.0
11:19:26,3094.0,3092.03629109,6.08102680144,53.3333333333,6.0,0,19.654255984,2.0,37.5,10.1904761905,-32.0
11:19:27,3094.0,3092.03738174,6.07901032977,53.3333333333,0.0,0,19.6477386224,0.0,0,7.14285714286,-32.0
11:19:27,3094.0,3092.03847178,6.07699136061,53.3333333333,0.0,0,19.6412131888,0.0,0,4.19047619048,-32.0
11:19:28,3093.0,3092.03900581,6.07488695724,50.0,8.0,0,19.6407596419,-4.0,77.7777777778,3.52380952381,2.0
11:19:28,3094.0,3092.04009495,6.07286311043,53.3333333333,10.0,0,19.627870428,-4.0,64.2857142857,5.52380952381,-2.0
11:19:29,3094.0,3092.04118348,6.07083675869,53.3333333333,30.0,0,19.6213211334,6.0,37.037037037,12.7619047619,0.0
11:19:29,3094.0,3092.04227141,6.0688078995,53.3333333333,0.0,0,19.6147637346,0.0,0,10.1904761905,-2.0
11:19:30,3093.0,3092.04280334,6.0666940819,50.0,6.0,0,19.6142711992,0.0,25.9259259259,9.61904761905,-2.0
11:19:30,3094.0,3092.04389036,6.06466032529,53.3333333333,20.0,0,19.6013585174,20.0,45.9459459459,12.7619047619,18.0
11:19:31,3093.0,3092.04442139,6.06207421185,50.0,2.0,0,19.5993346649,0.0,44.1176470588,9.80952380952,22.0
11:19:31,3093.0,3092.04495212,6.05948516102,50.0,232.0,0,19.5909639865,-206.0,8.96551724138,72.8571428571,-180.0
11:19:32,3093.0,3092.04548255,6.05736150441,50.0,704.0,0,19.5840979774,666.0,2.07468879668,260.19047619,480.0
11:19:32,3093.0,3092.04601269,6.05476692112,50.0,646.0,0,19.575709412,198.0,1.24223602484,398.857142857,678.0
11:19:33,3092.0,3092.04598714,6.05213353233,47.0588235294,98.0,0,19.5735237139,-16.0,1.76263219742,350.19047619,662.0
11:19:33,3093.0,3092.046517,6.04953318651,50.0,10.0,0,19.5587881879,2.0,0.945626477542,272.0,644.0
11:19:34,3093.0,3092.04704656,6.04739957888,50.0,4.0,0,19.5518900061,2.0,1.06257378985,192.571428571,646.0
11:19:34,3092.0,3092.04702043,6.04522819674,47.0588235294,14.0,0,19.5511908045,-10.0,1.35501355014,115.904761905,842.0
11:19:35,3092.0,3092.04699432,6.04258447052,47.0588235294,150.0,0,19.5426405903,-38.0,2.16919739697,88.4761904762,138.0
11:19:35,3092.0,3092.04696822,6.04040867491,47.0588235294,68.0,0,19.5356037351,-10.0,5.81395348838,64.0,-70.0
11:19:36,3092.0,3092.04694213,6.03823081741,47.0588235294,38.0,0,19.5285602115,20.0,5.6338028169,58.4761904762,-34.0
11:19:36,3092.0,3092.04691606,6.0360508958,47.0588235294,840.0,0,19.5215100123,292.0,1.07719928186,284.952380952,256.0
11:19:37,3092.0,3092.04689,6.03386890783,47.0588235294,234.0,0,19.5144531301,218.0,0.595238095238,298.761904762,472.0
11:19:37,3092.0,3092.04686396,6.03168485127,47.0588235294,82.0,0,19.5073895578,0.0,3.11614730878,258.19047619,482.0
11:19:38,3092.0,3092.04683793,6.02949872387,47.0588235294,134.0,0,19.5003192881,8.0,12.7507163324,229.238095238,528.0
11:19:38,3092.0,3092.04681192,6.02731052336,47.0588235294,104.0,0,19.4932423136,-68.0,19.9720670391,192.476190476,470.0
11:19:39,3092.0,3092.04678592,6.02512024751,47.0588235294,54.0,0,19.4861586271,-32.0,20.1657458564,139.714285714,418.0
11:19:39,3092.0,3092.04675993,6.02292789403,47.0588235294,24.0,0,19.4790682213,2.0,45.8860759494,77.619047619,128.0
11:19:40,3092.0,3092.04673396,6.02073346066,47.0588235294,20.0,0,19.4719710888,0.0,72.2488038278,53.2380952381,-90.0
11:19:40,3093.0,3092.04726341,6.01809739196,50.0,88.0,0,19.4571529,84.0,63.2075471698,58.4761904762,-6.0
11:19:41,3093.0,3092.04779256,6.01593231899,50.0,14.0,0,19.4501529874,6.0,47.3684210526,42.2857142857,-8.0
11:19:41,3092.0,3092.04776602,6.01373109878,47.0588235294,48.0,0,19.4493243816,40.0,15.3225806452,41.5238095238,100.0
11:19:42,3092.0,3092.04773949,6.01152778901,47.0588235294,6.0,0,19.4421985414,2.0,13.0,31.4285714286,134.0
11:19:42,3092.0,3092.04771297,6.00884748275,47.0588235294,152.0,0,19.4335300218,-2.0,18.9024390244,65.3333333333,130.0
11:19:43,3092.0,3092.04768647,6.00616442591,47.0588235294,0.0,0,19.4248526064,0.0,0,49.7142857143,130.0
11:19:43,3092.0,3092.04765999,6.0034786148,47.0588235294,64.0,0,19.4161662833,-32.0,16.9014084507,53.3333333333,14.0
11:19:44,3092.0,3092.04763352,6.00126601227,47.0588235294,0.0,0,19.409010389,0.0,0,39.8095238095,8.0
11:19:44,3092.0,3092.04760706,5.99905130746,47.0588235294,36.0,0,19.4018476955,-4.0,13.9534883721,37.2380952381,-36.0
11:19:45,3093.0,3092.04813602,5.99686746931,50.0,66.0,0,19.3885142881,0.0,30.8176100629,43.8095238095,-38.0
11:19:45,3093.0,3092.04866469,5.99468127815,50.0,60.0,0,19.3814460981,60.0,53.982300885,45.8095238095,24.0
11:19:46,3092.0,3092.04863766,5.99246001934,47.0588235294,50.0,0,19.3805304636,-14.0,44.9275362319,49.3333333333,10.0
11:19:46,3093.0,3092.04916605,5.99026924414,50.0,10.0,0,19.36718152,-2.0,57.6576576577,39.0476190476,40.0
11:19:47,3092.0,3092.04913874,5.98804364268,47.0588235294,10.0,0,19.3662472273,0.0,56.0344827586,31.3333333333,40.0
11:19:47,3092.0,3092.04911145,5.98533778841,47.0588235294,56.0,0,19.3574960815,2.0,54.7619047619,36.2857142857,46.0
11:19:48,3092.0,3092.04908417,5.9831076443,47.0588235294,4.0,0,19.3502834551,-2.0,40.0,25.4285714286,44.0
11:19:48,3093.0,3092.04961231,5.98090748307,50.0,18.0,0,19.3369139446,-8.0,14.8648648649,21.5238095238,-24.0
11:19:49,3092.0,3092.04958476,5.97819385556,47.0588235294,12.0,0,19.3343915122,-2.0,18.1818181818,17.9047619048,-12.0
11:19:49,3092.0,3092.04955722,5.97595691366,47.0588235294,34.0,0,19.3271569006,-20.0,19.4029850746,22.380952381,-30.0
11:19:50,3092.0,3092.04952969,5.97323805314,47.0588235294,10.0,0,19.3183636906,-2.0,17.9104477612,18.8571428571,-32.0
11:19:50,3092.0,3092.04950218,5.97051639075,47.0588235294,22.0,0,19.309561419,0.0,18.0,18.7619047619,-34.0
11:19:51,3092.0,3092.04947469,5.96779192265,47.0588235294,4.0,0,19.3007500733,-2.0,20.0,15.1428571429,-34.0
11:19:51,3092.0,3092.04944721,5.96506464501,47.0588235294,32.0,0,19.291929641,-2.0,12.2807017544,19.5238095238,-28.0
11:19:52,3092.0,3092.04941975,5.96233455396,47.0588235294,0.0,0,19.2831001098,0.0,0,14.0952380952,-26.0
11:19:52,3093.0,3092.0499477,5.95963272545,50.0,30.0,0,19.2681303765,6.0,22.4489795918,17.8095238095,0.0
11:19:53,3093.0,3092.05047536,5.95692780625,50.0,36.0,0,19.2593850833,-12.0,30.6451612903,23.4285714286,-10.0
11:19:53,3092.0,3092.05044733,5.95418899511,47.0588235294,8.0,0,19.2567561291,6.0,38.1818181818,19.8095238095,-4.0
11:19:54,3093.0,3092.05097471,5.95147802345,50.0,4.0,0,19.2417653522,2.0,40.0,15.7142857143,0.0
11:19:54,3093.0,3092.0515018,5.94876394854,50.0,34.0,0,19.2329904576,-10.0,60.7142857143,20.1904761905,-8.0
11:19:55,3093.0,3092.0520286,5.94604676613,50.0,10.0,0,19.2242055161,-8.0,57.3770491803,17.7142857143,-16.0
11:19:55,3092.0,3092.0519997,5.94276559237,47.0588235294,18.0,0,19.2198111008,-18.0,47.2727272727,17.0476190476,-40.0
11:19:56,3093.0,3092.05252622,5.93951082909,50.0,6.0,0,19.2030741322,-4.0,47.5,13.5238095238,-32.0
11:19:56,3092.0,3092.05249705,5.93675368929,47.0588235294,352.0,0,19.2003676885,-288.0,7.54716981132,110.285714286,-326.0
11:19:57,3092.0,3092.05246789,5.93346175865,47.0588235294,4.0,0,19.1897210823,0.0,6.60377358491,91.2380952381,-328.0
11:19:57,3092.0,3092.05243875,5.93016612695,47.0588235294,18.0,0,19.1790625063,-14.0,0.980392156862,76.1904761905,-332.0
11:19:58,3092.0,3092.05240963,5.92739962868,47.0588235294,128.0,0,19.1701152286,0.0,0.380228136882,93.3333333333,-324.0
11:19:58,3092.0,3092.05238052,5.9240970297,47.0588235294,64.0,0,19.1594341193,22.0,0.34965034965,86.5714285714,-284.0
11:19:59,3092.0,3092.05235143,5.92079071192,47.0588235294,146.0,0,19.1487409829,20.0,18.8202247191,101.047619048,-260.0
11:19:59,3092.0,3092.05232235,5.9180148112,47.0588235294,40.0,0,19.1397632962,16.0,33.5,78.5714285714,44.0
11:20:00,3092.0,3092.05229329,5.91523602944,47.0588235294,14.0,0,19.1307762918,2.0,33.1707317073,63.5238095238,46.0
11:20:00,3092.0,3092.05226425,5.91245436257,47.0588235294,50.0,0,19.1217799566,-18.0,41.1764705882,58.2857142857,42.0
11:20:01,3093.0,3092.05279062,5.90916321289,50.0,20.0,0,19.1049570413,0.0,58.0838323353,42.9523809524,42.0
11:20:01,3092.0,3092.0527613,5.90583944128,47.0588235294,20.0,40.0,19.1003862913,-10.0,68.275862069,32.7619047619,10.0
11:20:02,3092.0,3092.052732,5.90304817028,50.0,28.0,0,19.0913588948,4.0,39.5348837209,26.9523809524,-6.0
11:20:02,3092.0,3092.05270271,5.90025399642,50.0,12.0,0,19.08232211,8.0,47.2222222222,22.1904761905,-14.0
11:20:03,3092.0,3092.05267344,5.89691986455,50.0,8.0,0,19.0715390186,2.0,47.8260869565,17.619047619,-14.0
11:20:03,3092.0,3092.05264418,5.8935819612,50.0,14.0,0,19.0607437296,0.0,19.6078431373,15.0476190476,4.0
11:20:04,3093.0,3092.05317035,5.89080616064,52.9411764706,410.0,0,19.0456067269,262.0,82.9268292683,127.333333333,266.0
11:20:04,3092.0,3092.05314082,5.88799940216,50.0,46.0,0,19.0426888815,6.0,79.5366795367,117.047619048,282.0
11:20:05,3092.0,3092.0531113,5.88465093183,50.0,14.0,0,19.0318594173,8.0,82.1428571429,96.380952381,286.0
11:20:05,3092.0,3092.0530818,5.88129866585,50.0,22.0,0,19.0210176774,16.0,82.8793774319,78.6666666667,294.0
11:20:06,3093.0,3092.05360772,5.8779699349,52.9411764706,6.0,0,19.0041058354,4.0,83.59375,55.9047619048,296.0
11:20:06,3093.0,3092.05413335,5.87463709806,52.9411764706,42.0,0,18.9933304173,12.0,82.962962963,43.5238095238,308.0
11:20:07,3092.0,3092.05410328,5.87127312182,50.0,14.0,0,18.9885935376,4.0,38.8888888889,21.8095238095,50.0
11:20:07,3092.0,3092.05407324,5.86844646298,50.0,102.0,0,18.9794516914,70.0,24.0,44.0952380952,114.0
11:20:08,3093.0,3092.0545986,5.86510205751,52.9411764706,24.0,0,18.9625026108,-8.0,21.9047619048,41.4285714286,98.0
11:20:08,3092.0,3092.05456828,5.86172692263,50.0,152.0,0,18.9577196721,-72.0,12.9411764706,74.8571428571,10.0
11:20:09,3093.0,3092.05509337,5.85837440057,52.9411764706,42.0,0,18.9407513759,38.0,13.829787234,70.6666666667,44.0
11:20:09,3092.0,3092.05506277,5.85499143393,50.0,80.0,0,18.9359360735,26.0,25.6038647343,75.619047619,58.0
11:20:10,3093.0,3092.05558759,5.85217422928,52.9411764706,764.0,0,18.9207055586,-24.0,74.0549828179,274.19047619,30.0
11:20:10,3093.0,3092.05611212,5.84935376825,52.9411764706,110.0,0,18.9115867063,-4.0,73.7201365188,250.19047619,-44.0
11:20:11,3093.0,3092.05663636,5.84598574285,52.9411764706,30.0,0,18.9006975197,-22.0,73.0050933786,202.952380952,-58.0
11:20:11,3093.0,3092.0571603,5.84315833309,52.9411764706,52.0,0,18.8915562014,-16.0,78.8497217069,161.714285714,-2.0
11:20:12,3094.0,3092.05823936,5.8408983684,55.5555555556,4.0,0,18.8781459871,2.0,81.1538461538,111.523809524,-38.0
11:20:12,3094.0,3092.05931782,5.83813767765,55.5555555556,22.0,0,18.8692232633,-2.0,79.0224032587,68.2857142857,-66.0
11:20:13,3093.0,3092.05984027,5.8353005942,52.9411764706,8.0,0,18.8661512907,0.0,5.30973451327,23.8095238095,-42.0
11:20:13,3093.0,3092.06036244,5.83246022566,52.9411764706,20.0,0,18.8569680752,-10.0,8.82352941176,18.7619047619,-48.0
11:20:14,3094.0,3092.06143972,5.82968917257,55.5555555556,32.0,0,18.8419171706,-12.0,27.5362318841,21.4285714286,-38.0
11:20:14,3094.0,3092.06251639,5.82636726257,55.5555555556,6.0,0,18.8311805513,-4.0,45.652173913,16.5714285714,-26.0
11:20:15,3093.0,3092.06303707,5.82351633598,52.9411764706,24.0,0,18.8280515227,-24.0,33.9285714286,19.0476190476,-52.0
11:20:15,3094.0,3092.06411287,5.82073430415,55.5555555556,406.0,0,18.8129744801,-152.0,87.0967741935,129.714285714,-202.0
11:20:16,3093.0,3092.06463266,5.81787663845,52.9411764706,34.0,0,18.8098177771,-28.0,85.4406130268,115.80952381,-230.0
11:20:16,3094.0,3092.06570756,5.81453850488,55.5555555556,8.0,0,18.7929492724,2.0,88.2352941176,93.2380952381,-218.0
11:20:17,3094.0,3092.06678187,5.81174544419,55.5555555556,64.0,0,18.7839219269,20.0,87.0848708487,87.2380952381,-186.0
11:20:17,3094.0,3092.06785558,5.8089487957,55.5555555556,62.0,0,18.7748829855,-4.0,86.9565217391,79.1428571429,-186.0
11:20:18,3094.0,3092.0689287,5.80614855424,55.5555555556,26.0,0,18.7658324313,6.0,90.6666666667,58.0952380952,-156.0
11:20:18,3094.0,3092.07000122,5.80279380749,55.5555555556,16.0,0,18.7549896816,4.0,76.1904761905,34.0952380952,0.0
11:20:19,3093.0,3092.07051774,5.79991469046,52.9411764706,16.0,0,18.751744877,2.0,81.25,28.6666666667,30.0
11:20:19,3093.0,3092.07103398,5.79703222683,52.9411764706,102.0,0,18.7424255636,-2.0,87.4125874126,48.6666666667,26.0
11:20:20,3094.0,3092.07210533,5.79366511618,55.5555555556,22.0,0,18.7254851848,22.0,91.8032786885,41.3333333333,28.0
11:20:20,3093.0,3092.07262068,5.79022260175,52.9411764706,4.0,0,18.720409317,0.0,92.4731182796,30.8571428571,32.0
11:20:21,3094.0,3092.07369115,5.78684648871,55.5555555556,114.0,0,18.7034469577,-40.0,95.6204379562,54.5714285714,-14.0
11:20:21,3094.0,3092.07476102,5.78346578992,55.5555555556,200.0,0,18.6925203294,-108.0,97.3799126638,98.6666666667,-126.0
11:20:22,3094.0,3092.0758303,5.78008049732,55.5555555556,54.0,0,18.6815788537,-2.0,98.7903225806,92.2857142857,-130.0
11:20:22,3094.0,3092.07689899,5.7772454282,55.5555555556,4.0,0,18.6724157343,4.0,98.9949748744,69.8095238095,-124.0
11:20:23,3094.0,3092.07796708,5.77440670888,55.5555555556,6.0,0,18.6632408173,4.0,98.9528795812,52.5714285714,-142.0
11:20:23,3094.0,3092.07903458,5.77156433397,55.5555555556,110.0,0,18.6540540852,58.0,100.0,65.8095238095,-84.0
11:20:24,3094.0,3092.08010149,5.76871829807,55.5555555556,10.0,0,18.6448555206,10.0,98.4375,45.4285714286,-34.0
11:20:24,3094.0,3092.0811678,5.76586859576,55.5555555556,324.0,0,18.6356451059,-282.0,35.0393700787,119.714285714,-208.0
11:20:25,3093.0,3092.08167812,5.76294564571,52.9411764706,104.0,0,18.6322199991,-102.0,40.5017921147,125.238095238,-308.0
11:20:25,3093.0,3092.08218816,5.76001928339,52.9411764706,12.0,0,18.6227587565,0.0,39.5759717314,102.095238095,-312.0
11:20:26,3094.0,3092.08325332,5.7571588286,55.5555555556,22.0,0,18.6074945979,-16.0,41.2371134021,81.4285714286,-332.0
11:20:26,3094.0,3092.08431788,5.75429468573,55.5555555556,20.0,0,18.5982375104,-20.0,30.487804878,59.4285714286,-410.0
11:20:27,3094.0,3092.08538185,5.75142684927,55.5555555556,12.0,0,18.588968485,-10.0,31.983805668,39.4285714286,-430.0
11:20:27,3094.0,3092.08644523,5.74855531368,55.5555555556,62.0,0,18.5796875038,22.0,94.8275862069,33.619047619,-126.0
11:20:28,3093.0,3092.08695262,5.74505154755,52.9411764706,8.0,0,18.5743664647,0.0,89.7058823529,24.8571428571,-24.0
11:20:28,3094.0,3092.08801513,5.7416119978,55.5555555556,6.0,0,18.557246276,0.0,96.9230769231,20.0952380952,-24.0
11:20:29,3094.0,3092.08907705,5.73872855939,55.5555555556,0.0,0,18.5479268242,0.0,0,13.9047619048,-8.0
11:20:29,3093.0,3092.08958298,5.73577305299,52.9411764706,10.0,0,18.5443680989,0.0,93.8775510204,11.619047619,12.0
11:20:30,3093.0,3092.09008863,5.73281408474,52.9411764706,4.0,0,18.5348014379,0.0,88.8888888889,8.09523809524,22.0
11:20:30,3093.0,3092.09059399,5.72985164929,52.9411764706,22.0,0,18.525223567,-18.0,40.0,10.0952380952,-18.0
11:20:31,3093.0,3092.09109908,5.72632312599,52.9411764706,4.0,0,18.5138154736,-4.0,34.7826086957,8.85714285714,-22.0
11:20:31,3094.0,3092.09215928,5.72285797439,55.5555555556,28.0,0,18.4966321086,-16.0,20.5882352941,14.6666666667,-38.0
11:20:32,3094.0,3092.0932189,5.71995175425,55.5555555556,20.0,0,18.4872390247,20.0,38.6363636364,17.1428571429,-18.0
11:20:32,3094.0,3092.09427793,5.71647763833,55.5555555556,62.0,0,18.4760104665,6.0,27.1428571429,30.6666666667,-12.0
11:20:33,3094.0,3092.09533637,5.71299876257,55.5555555556,0.0,0,18.4647665241,0.0,0,24.0,-12.0
11:20:33,3094.0,3092.09639422,5.71008032202,55.5555555556,52.0,0,18.4553339432,-32.0,28.9156626506,32.380952381,-26.0
11:20:34,3094.0,3092.09745149,5.70715810422,55.5555555556,40.0,0,18.4458891539,-10.0,38.6138613861,35.9047619048,-32.0
11:20:34,3094.0,3092.09850816,5.70423210335,55.5555555556,36.0,0,18.4364321375,36.0,52.3809523809,36.5714285714,20.0
11:20:35,3094.0,3092.09956426,5.70073571167,55.5555555556,0.0,0,18.4251315826,0.0,0,26.5714285714,0.0
11:20:35,3093.0,3092.10006436,5.69716785147,52.9411764706,204.0,0,18.419553351,178.0,84.3373493976,75.8095238095,172.0
11:20:36,3093.0,3092.10056418,5.69416312991,52.9411764706,12.0,0,18.4098387647,0.0,81.976744186,63.4285714286,172.0
11:20:36,3094.0,3092.10161913,5.69122128294,55.5555555556,4.0,0,18.3943803586,0.0,92.5675675676,48.1904761905,204.0
11:20:37,3094.0,3092.1026735,5.68879532801,55.5555555556,8.0,0,18.3865395217,-4.0,95.4545454545,36.380952381,210.0
11:20:37,3094.0,3092.10372727,5.68636638411,55.5555555556,16.0,0,18.3786890243,-12.0,93.4426229508,28.380952381,162.0
11:20:38,3094.0,3092.10478047,5.68341397113,55.5555555556,6.0,0,18.3691466423,0.0,93.6,18.4761904762,162.0
11:20:38,3094.0,3092.10583307,5.68097865173,55.5555555556,0.0,0,18.3612755389,0.0,0,6.57142857143,-16.0
11:20:39,3094.0,3092.1068851,5.67801902075,55.5555555556,62.0,0,18.3517098279,-60.0,93.75,22.0952380952,-76.0
11:20:39,3093.0,3092.10738113,5.67551171756,52.9411764706,18.0,0,18.3495367525,-2.0,87.2727272727,22.6666666667,-78.0
11:20:40,3094.0,3092.1084323,5.67306713018,55.5555555556,6.0,0,18.3357050103,0.0,85.1851851852,19.1428571429,-74.0
11:20:40,3093.0,3092.10892747,5.67055419483,52.9411764706,10.0,0,18.333508551,-2.0,86.2745098039,16.8571428571,-64.0
11:20:41,3094.0,3092.10997778,5.66758080181,55.5555555556,2.0,0,18.3179728565,0.0,85.7142857143,12.5714285714,-64.0
11:20:41,3094.0,3092.1110275,5.664603546,55.5555555556,20.0,0,18.308350181,20.0,88.1355932203,13.619047619,-44.0
11:20:42,3094.0,3092.11207664,5.66214623619,55.5555555556,10.0,0,18.3004080032,0.0,81.8181818182,10.8571428571,16.0
11:20:42,3094.0,3092.11312519,5.65916169003,55.5555555556,228.0,0,18.2907617648,40.0,98.5507246377,72.8571428571,58.0
11:20:43,3093.0,3092.11361776,5.65663327431,52.9411764706,22.0,0,18.2885007252,-14.0,95.2054794521,66.0,44.0
11:20:43,3093.0,3092.11411006,5.65410207665,52.9411764706,0.0,0,18.2803170923,0.0,0,52.0952380952,46.0
11:20:44,3094.0,3092.11515749,5.65163250069,55.5555555556,16.0,0,18.2664269576,0.0,95.9459459459,43.2380952381,46.0
11:20:44,3093.0,3092.11564893,5.64909560663,52.9411764706,2.0,0,18.264130639,-2.0,94.964028777,29.7142857143,24.0
11:20:45,3093.0,3092.1161401,5.64655591932,52.9411764706,0.0,0,18.2559195581,0.0,0,16.4761904762,24.0
11:20:45,3094.0,3092.1171864,5.64407746374,55.5555555556,2.0,0,18.2420086094,-2.0,66.6666666667,4.28571428571,-18.0
11:20:46,3094.0,3092.11823211,5.64159594983,55.5555555556,40.0,0,18.2339882024,-40.0,96.6666666667,13.7142857143,-44.0
11:20:46,3093.0,3092.11872185,5.63952568243,52.9411764706,44.0,0,18.2331900499,-2.0,96.1538461538,23.4285714286,-46.0
11:20:47,3094.0,3092.11976671,5.6370385511,55.5555555556,20.0,0,18.2192584069,-10.0,90.7407407407,24.1904761905,-56.0
11:20:47,3094.0,3092.120811,5.63454834996,55.5555555556,12.0,0,18.2112099223,-2.0,91.5254237288,22.4761904762,-56.0
11:20:48,3094.0,3092.1218547,5.63205507495,55.5555555556,112.0,0,18.2031515028,0.0,48.6956521739,48.8571428571,-56.0
11:20:48,3093.0,3092.12234243,5.62949548756,52.9411764706,228.0,0,18.2007613565,100.0,25.4385964912,103.047619048,46.0
11:20:49,3093.0,3092.12282988,5.62741295297,52.9411764706,38.0,0,18.1940282993,-6.0,21.5859030837,92.1904761905,80.0
11:20:49,3094.0,3092.12387246,5.62582205241,55.5555555556,26.0,0,18.1830059871,-22.0,13.7614678899,78.0,60.0
11:20:50,3093.0,3092.12435906,5.62416643344,52.9411764706,8.0,0,18.1835319542,-4.0,10.8490566038,59.5238095238,66.0
11:20:50,3093.0,3092.12484539,5.62250921534,52.9411764706,70.0,0,18.1781739907,-66.0,19.9170124481,59.3333333333,2.0
11:20:51,3093.0,3092.12533146,5.62041887526,52.9411764706,400.0,0,18.1714156976,-162.0,11.9480519481,150.666666667,-160.0
11:20:51,3093.0,3092.12581725,5.61832638408,52.9411764706,26.0,45.4545454545,18.1646504497,-16.0,19.3661971831,121.428571429,-276.0
11:20:52,3093.0,3092.12630277,5.61666385729,46.6666666667,10.0,0,18.1592753226,-10.0,17.4074074074,97.2380952381,-280.0
11:20:52,3093.0,3092.12678802,5.61499972516,46.6666666667,16.0,0,18.1538950054,-10.0,17.7358490566,76.0952380952,-268.0
11:20:53,3093.0,3092.12727301,5.61333398626,46.6666666667,4.0,0,18.1485094933,-2.0,17.8707224335,52.0,-266.0
11:20:53,3093.0,3092.12775772,5.61166663917,46.6666666667,6.0,0,18.1431187817,6.0,7.35930735931,28.6666666667,-194.0
11:20:54,3093.0,3092.12824216,5.60956455584,46.6666666667,8.0,0,18.1363225213,6.0,51.4285714286,8.95238095238,-26.0
11:20:54,3093.0,3092.12872634,5.60746030847,46.6666666667,32.0,0,18.1295192644,32.0,15.7894736842,14.7619047619,22.0
11:20:55,3093.0,3092.12921025,5.60578762183,46.6666666667,6.0,0,18.1241112895,4.0,8.33333333333,12.8571428571,36.0
11:20:55,3093.0,3092.12969388,5.60367933996,46.6666666667,20.0,0,18.1172949885,20.0,2.63157894737,15.1428571429,66.0
11:20:56,3094.0,3092.13073265,5.60163046701,50.0,4.0,0,18.1048172819,0.0,7.89473684211,12.6666666667,68.0
11:20:56,3094.0,3092.13177085,5.59957917703,50.0,40.0,0,18.0981873854,0.0,41.8181818182,20.4761904762,62.0
11:20:57,3093.0,3092.13225306,5.59789904924,46.6666666667,10.0,0,18.0986066901,10.0,39.2857142857,18.0952380952,66.0
11:20:57,3094.0,3092.13329041,5.59627852535,50.0,4.0,0,18.0875194743,2.0,54.7619047619,13.9047619048,36.0
11:20:58,3093.0,3092.13377178,5.59415962532,46.6666666667,16.0,0,18.0865167324,0.0,48.9361702128,14.4761904762,32.0
11:20:58,3093.0,3092.13425289,5.59203854258,46.6666666667,68.0,0,18.0796590449,68.0,32.3943661972,29.4285714286,80.0
11:20:59,3094.0,3092.13528913,5.58997614093,50.0,14.0,0,18.0671497768,0.0,36.8421052632,26.6666666667,80.0
11:20:59,3093.0,3092.13576939,5.58828691258,46.6666666667,12.0,0,18.0675296236,2.0,20.9677419355,22.8571428571,82.0
11:21:00,3094.0,3092.13680478,5.58622008706,50.0,6.0,0,18.0550099776,-2.0,25.0,18.6666666667,70.0
11:21:00,3094.0,3092.13783961,5.58458774604,50.0,208.0,0,18.0497341501,24.0,72.2222222222,72.380952381,92.0
11:21:01,3093.0,3092.13831845,5.58245597722,46.6666666667,58.0,0,18.0486775856,-18.0,63.9344262295,73.5238095238,74.0
11:21:01,3093.0,3092.13879703,5.58032201132,46.6666666667,16.0,0,18.0417782455,4.0,78.3439490446,60.6666666667,10.0
11:21:02,3093.0,3092.13927534,5.5776982066,46.6666666667,0.0,0,18.033295204,0.0,0,45.7142857143,10.0
11:21:02,3093.0,3092.13975339,5.57507149237,46.6666666667,0.0,0,18.0248027558,0.0,0,31.4285714286,8.0
11:21:03,3093.0,3092.14023117,5.57190355104,46.6666666667,4.0,0,18.0145604625,4.0,76.2237762238,18.8571428571,14.0
11:21:03,3093.0,3092.14070869,5.56927059856,46.6666666667,614.0,0,18.0060478453,-602.0,89.0173410405,180.666666667,-612.0
11:21:04,3093.0,3092.14118594,5.56663472352,46.6666666667,22.0,0,17.9975257792,12.0,93.9024390244,154.0,-582.0
11:21:04,3094.0,3092.14221833,5.56405543518,50.0,22.0,0,17.9833724473,-20.0,94.5619335348,129.047619048,-606.0
11:21:05,3093.0,3092.14269474,5.56087355886,46.6666666667,30.0,0,17.9788993174,-4.0,93.9306358382,106.095238095,-610.0
11:21:05,3093.0,3092.14317089,5.55822835705,46.6666666667,0.0,0,17.9703470968,0.0,0,73.1428571429,-610.0
11:21:06,3093.0,3092.14364677,5.55558021522,46.6666666667,0.0,0,17.9617853709,0.0,0,40.1904761905,-614.0
11:21:06,3093.0,3092.14412239,5.55238781216,46.6666666667,0.0,0,17.9514639902,0.0,0,7.42857142857,-12.0
11:21:07,3093.0,3092.14459775,5.54919157025,46.6666666667,4.0,0,17.941130198,0.0,82.1428571429,5.04761904762,-24.0
11:21:07,3093.0,3092.14507284,5.54599148284,46.6666666667,8.0,0,17.930783973,-6.0,71.4285714286,4.66666666667,-10.0
11:21:08,3094.0,3092.14610307,5.54338889279,50.0,28.0,0,17.9165768998,-28.0,85.0,10.6666666667,-34.0
11:21:08,3093.0,3092.14657732,5.54018144258,46.6666666667,10.0,0,17.911999491,10.0,68.0,11.619047619,-24.0
11:21:09,3093.0,3092.14705132,5.53697012765,46.6666666667,0.0,0,17.9016169662,0.0,0,9.2380952381,-24.0
11:21:09,3093.0,3092.14752505,5.53429908462,46.6666666667,2.0,0,17.8929811983,0.0,65.3846153846,7.42857142857,-24.0
11:21:10,3094.0,3092.14855391,5.5311385582,50.0,14.0,0,17.8769830582,-6.0,77.4193548387,8.95238095238,-30.0
11:21:10,3094.0,3092.14958221,5.52797386587,50.0,8.0,0,17.8667545762,-8.0,80.6451612903,8.28571428571,-32.0
11:21:11,3093.0,3092.15005453,5.52474724298,46.6666666667,44.0,0,17.862099072,4.0,79.4871794872,17.9047619048,0.0
11:21:11,3093.0,3092.15052659,5.52206275619,46.6666666667,0.0,0,17.853419839,0.0,0,14.1904761905,-10.0
11:21:12,3093.0,3092.15099839,5.51882881849,46.6666666667,128.0,0,17.8429641723,-98.0,95.9183673469,47.5238095238,-108.0
11:21:12,3094.0,3092.15202533,5.5156483339,50.0,2.0,0,17.826917692,0.0,96.9387755102,38.7619047619,-108.0
11:21:13,3094.0,3092.1530517,5.51246364871,50.0,0.0,0,17.8166245918,0.0,0,29.4285714286,-102.0
11:21:13,3094.0,3092.15407749,5.50982270306,50.0,2.0,0,17.8080888916,0.0,96.5909090909,21.3333333333,-94.0
11:21:14,3094.0,3092.15510272,5.50663009471,50.0,12.0,0,17.7977701833,10.0,91.6666666667,16.380952381,-88.0
11:21:14,3093.0,3092.15557198,5.50392535989,46.6666666667,4.0,0,17.7947796957,4.0,89.1891891892,10.6666666667,-84.0
11:21:15,3094.0,3092.15659638,5.50127425615,50.0,8.0,0,17.7804597807,-2.0,50.0,5.90476190476,12.0
11:21:15,3093.0,3092.1570648,5.49856333649,46.6666666667,2.0,0,17.7774437003,0.0,42.8571428572,5.14285714286,12.0
11:21:16,3093.0,3092.15753297,5.49584938082,46.6666666667,400.0,0,17.7686691911,-152.0,2.80373831776,118.095238095,-140.0
11:21:16,3093.0,3092.15800088,5.49258180286,46.6666666667,20.0,0,17.7581047619,0.0,2.24215246637,103.428571429,-140.0
11:21:17,3093.0,3092.15846853,5.4893102557,46.6666666667,20.0,0,17.7475274998,0.0,1.76211453744,87.9047619048,-150.0
11:21:17,3094.0,3092.15949131,5.48609071726,50.0,10.0,0,17.7313856408,-8.0,3.91304347826,69.1428571429,-162.0
11:21:18,3093.0,3092.15995813,5.48281107498,46.6666666667,470.0,0,17.7265149531,-70.0,7.37527114968,181.523809524,-230.0
11:21:18,3093.0,3092.16042469,5.48008002527,46.6666666667,0.0,0,17.7176851771,0.0,0,137.619047619,-230.0
11:21:19,3093.0,3092.160891,5.47679289518,46.6666666667,42.0,0,17.7070575337,-2.0,12.0996441281,105.80952381,-80.0
11:21:19,3093.0,3092.16135704,5.47350176101,46.6666666667,138.0,0,17.6964169447,-12.0,24.7058823529,118.476190476,-92.0
11:21:20,3093.0,3092.16182282,5.47020661554,46.6666666667,0.0,0,17.6857633868,0.0,0,86.0952380952,-92.0
11:21:20,3093.0,3092.16228835,5.46746197354,46.6666666667,340.0,0,17.6768896655,-60.0,16.7676767677,151.80952381,-144.0
11:21:21,3093.0,3092.16275361,5.46415928834,46.6666666667,16.0,0,17.6662117308,-8.0,23.1343283582,109.238095238,-82.0
11:21:21,3093.0,3092.16321862,5.46085257102,46.6666666667,10.0,0,17.6555207599,-10.0,24.5421245421,86.5714285714,-92.0
11:21:22,3093.0,3092.16368337,5.45809778259,46.6666666667,0.0,0,17.646614234,0.0,0,60.5714285714,-90.0
11:21:22,3093.0,3092.16414786,5.45478348661,46.6666666667,12.0,0,17.6358987605,10.0,9.52380952381,40.0,-68.0
11:21:23,3092.0,3092.16405669,5.45146157772,43.75,2.0,0,17.6308589189,0.0,9.47368421053,22.5714285714,-68.0
11:21:23,3093.0,3092.16452098,5.44813933579,46.6666666667,48.0,0,17.6144175098,-20.0,72.7272727273,18.1904761905,-28.0
11:21:24,3093.0,3092.164985,5.44537094583,46.6666666667,24.0,0,17.6054670088,18.0,54.1666666667,20.8571428571,-2.0
11:21:24,3092.0,3092.16489337,5.44259633457,43.75,42.0,0,17.6021873693,-18.0,34.375,28.2857142857,-10.0
11:21:25,3092.0,3092.16480179,5.43981888968,43.75,200.0,0,17.5932046885,158.0,13.4146341463,79.3333333333,148.0
11:21:25,3092.0,3092.16471026,5.43647940614,43.75,6.0,0,17.5824042889,4.0,14.2857142857,65.4285714286,142.0
11:21:26,3092.0,3092.16461878,5.43369585248,43.75,8.0,0,17.5734018515,8.0,14.0243902439,52.380952381,150.0
11:21:26,3093.0,3092.16508275,5.43091197324,46.6666666667,210.0,0,17.5587196031,-84.0,43.6734693878,96.7619047619,86.0
11:21:27,3092.0,3092.16499106,5.42812257946,43.75,14.0,0,17.5553770358,4.0,43.75,77.4285714286,72.0
11:21:27,3093.0,3092.16545483,5.42533255509,46.6666666667,2.0,0,17.5406807471,0.0,47.7272727273,55.1428571429,90.0
11:21:28,3092.0,3092.16536293,5.422537303,43.75,4.0,0,17.5373133991,2.0,86.8852459016,35.3333333333,-66.0
11:21:28,3093.0,3092.16582649,5.41917921784,46.6666666667,94.0,0,17.5207863493,88.0,63.2530120482,50.5714285714,18.0
11:21:29,3092.0,3092.16573439,5.41637765611,43.75,20.0,0,17.5173921608,20.0,61.0465116279,40.4761904762,30.0
11:21:29,3093.0,3092.16619774,5.41301198645,46.6666666667,8.0,0,17.5008470302,0.0,5.63380281692,26.380952381,114.0
11:21:30,3093.0,3092.16666084,5.4102055411,46.6666666667,0.0,0,17.4917734921,0.0,0,19.619047619,110.0
11:21:30,3093.0,3092.16712367,5.4073959126,46.6666666667,24.0,0,17.4826896624,2.0,17.3333333333,20.380952381,112.0
11:21:31,3093.0,3092.16758626,5.40458309598,46.6666666667,302.0,0,17.4735955253,52.0,58.4821428571,99.5238095238,162.0
11:21:31,3093.0,3092.16804858,5.40120236243,46.6666666667,208.0,0,17.4626652519,202.0,47.3309608541,137.619047619,276.0
11:21:32,3093.0,3092.16851065,5.39781745302,46.6666666667,6.0,0,17.4517214776,0.0,49.6350364964,112.571428571,256.0
11:21:32,3093.0,3092.16897246,5.39442835991,46.6666666667,212.0,0,17.4407641769,6.0,62.5,147.047619048,262.0
11:21:33,3093.0,3092.16943401,5.39103507521,46.6666666667,90.0,0,17.4297933243,-64.0,65.5581947743,136.952380952,198.0
11:21:33,3093.0,3092.16989531,5.38820442389,46.6666666667,6.0,0,17.4206415257,-2.0,65.0485436893,98.5714285714,194.0
11:21:34,3093.0,3092.17035635,5.38537055106,46.6666666667,22.0,0,17.4114793115,2.0,56.25,65.619047619,144.0
11:21:34,3093.0,3092.17081713,5.38253345164,46.6666666667,16.0,0,17.4023066655,-2.0,89.2045454545,44.2857142857,-60.0
11:21:35,3092.0,3092.17072226,5.37969329981,43.75,4.0,0,17.3987493525,4.0,88.0,28.6666666667,-56.0
11:21:35,3093.0,3092.17118284,5.37628124264,46.6666666667,10.0,0,17.3820926047,0.0,79.7297297297,14.8571428571,-62.0
11:21:36,3093.0,3092.17164317,5.37286495064,46.6666666667,14.0,0,17.3710473671,0.0,55.5555555556,11.8095238095,2.0
11:21:36,3092.0,3092.17154784,5.37001479985,43.75,4.0,0,17.3674476062,2.0,54.2857142857,9.52380952381,6.0
11:21:37,3092.0,3092.17145256,5.3671616979,43.75,106.0,0,17.358220239,-2.0,20.7792207792,36.4761904762,2.0
11:21:37,3092.0,3092.17135734,5.36430564006,43.75,32.0,0,17.348983312,-8.0,16.4705882353,38.2857142857,-4.0
11:21:38,3092.0,3092.17126216,5.36144662163,43.75,32.0,0,17.3397368099,14.0,19.1919191919,39.3333333333,6.0
11:21:38,3092.0,3092.17116704,5.35801314492,43.75,116.0,0,17.3286324221,-18.0,42.1052631579,63.0476190476,-12.0
11:21:39,3092.0,3092.17107198,5.35457572295,43.75,6.0,0,17.3175152748,2.0,42.5675675676,50.2857142857,-10.0
11:21:39,3093.0,3092.17153237,5.3511327692,46.6666666667,68.0,0,17.3007848988,-44.0,52.7777777778,55.619047619,-56.0
11:21:40,3093.0,3092.1719925,5.34768552105,46.6666666667,54.0,0,17.2896395766,-10.0,78.5714285714,53.9047619048,-64.0
11:21:40,3092.0,3092.17189697,5.3442358977,43.75,2.0,0,17.2840747015,0.0,83.4532374101,39.8095238095,-56.0
11:21:41,3093.0,3092.1723569,5.34135438505,46.6666666667,90.0,0,17.2691703364,0.0,92.8571428571,52.2857142857,-70.0
11:21:41,3093.0,3092.17281658,5.33789492424,46.6666666667,6.0,43.75,17.2579855294,2.0,95.5752212389,38.0,-50.0
11:21:42,3093.0,3092.173276,5.33443113702,42.8571428571,4.0,0,17.2467867346,-2.0,96.4285714286,28.380952381,-54.0
11:21:42,3092.0,3092.17317976,5.33154133668,40.0,14.0,0,17.2430185533,10.0,88.2352941176,21.7142857143,0.0
11:21:43,3092.0,3092.17308357,5.32807234008,40.0,0.0,0,17.2317992887,0.0,0,13.619047619,10.0
11:21:43,3093.0,3092.17354284,5.32459642446,42.8571428571,30.0,0,17.2149900564,16.0,72.2222222222,16.6666666667,26.0
11:21:44,3093.0,3092.17400186,5.32111615014,42.8571428571,32.0,0,17.2037379571,4.0,48.8372093023,18.9523809524,30.0
11:21:44,3092.0,3092.17390522,5.31763476615,40.0,42.0,0,17.1980425813,-38.0,63.9344262295,26.8571428571,-10.0
11:21:45,3093.0,3092.17436403,5.31414592513,42.8571428571,22.0,0,17.1812024737,2.0,68.5714285714,27.3333333333,-6.0
11:21:45,3093.0,3092.17482259,5.31065269988,42.8571428571,0.0,0,17.1699085027,0.0,0,20.6666666667,-16.0
11:21:46,3093.0,3092.1752809,5.30715508175,42.8571428571,0.0,0,17.158600329,0.0,0,14.6666666667,-16.0
11:21:46,3093.0,3092.17573895,5.30365306204,42.8571428571,0.0,0,17.1472779245,0.0,0,8.66666666667,-32.0
11:21:47,3092.0,3092.17564134,5.30015075927,40.0,30.0,0,17.1414966341,30.0,63.829787234,12.6666666667,-6.0
11:21:47,3093.0,3092.17609919,5.29664008775,42.8571428571,2.0,0,17.1246042281,0.0,40.7407407407,8.7619047619,32.0
11:21:48,3092.0,3092.17600138,5.29312945661,40.0,56.0,0,17.1187886695,2.0,61.3636363636,22.1904761905,32.0
11:21:48,3092.0,3092.17590363,5.28961473048,40.0,64.0,0,17.1074215087,62.0,35.5263157895,36.2857142857,94.0
11:21:49,3092.0,3092.17580594,5.28609590119,40.0,30.0,0,17.0960410776,20.0,29.6703296703,37.619047619,114.0
11:21:49,3092.0,3092.17570829,5.28257296053,40.0,34.0,0,17.0846473497,26.0,26.8518518519,38.6666666667,140.0
11:21:50,3093.0,3092.17616611,5.27904077724,42.8571428571,2.0,0,17.0677037738,0.0,31.914893617,28.9523809524,110.0
11:21:50,3092.0,3092.17606826,5.27550942482,40.0,30.0,0,17.061802797,20.0,30.5555555556,28.5714285714,130.0
11:21:51,3093.0,3092.17652588,5.27196846948,42.8571428571,26.0,0,17.044838246,-26.0,21.5053763441,25.7142857143,102.0
11:21:51,3093.0,3092.17698323,5.26900861403,42.8571428571,40.0,0,17.0352687165,-6.0,32.0987654321,28.2857142857,34.0
11:21:52,3092.0,3092.17688494,5.2654650528,40.0,2.0,0,17.0293177645,2.0,38.8059701493,21.1428571429,16.0
11:21:52,3093.0,3092.1773421,5.26249799126,42.8571428571,22.0,0,17.0142191764,-4.0,40.9836065574,21.0476190476,-14.0
11:21:53,3093.0,3092.177799,5.25894035206,42.8571428571,0.0,0,17.0027169481,0.0,0,15.2380952381,-14.0
11:21:53,3092.0,3092.17770025,5.25597219837,40.0,220.0,0,16.9986164242,-2.0,32.9032258064,72.380952381,-36.0
11:21:54,3092.0,3092.17760156,5.25300089866,40.0,6.0,0,16.9890067874,4.0,26.2068965517,59.3333333333,-6.0
11:21:54,3092.0,3092.17750292,5.25002644761,40.0,104.0,0,16.9793869586,72.0,18.6440677966,75.2380952381,72.0
11:21:55,3092.0,3092.17740433,5.24645971167,40.0,0.0,0,16.9678515901,0.0,0,58.380952381,70.0
11:21:55,3093.0,3092.1778612,5.24288182935,42.8571428571,40.0,0,16.9507980257,14.0,18.3783783784,53.0476190476,88.0
11:21:56,3092.0,3092.17776242,5.23930650362,40.0,8.0,0,16.9447170234,2.0,18.5185185185,37.7142857143,90.0
11:21:56,3092.0,3092.17766369,5.23508297451,40.0,102.0,0,16.9310574855,-34.0,3.07692307693,48.8571428571,58.0
11:21:57,3093.0,3092.17812042,5.23149111684,42.8571428571,54.0,0,16.9139706332,-42.0,11.6883116883,51.9047619048,12.0
11:21:57,3092.0,3092.17802149,5.22725702183,40.0,4.0,0,16.9057471598,0.0,17.3076923077,38.380952381,-60.0
11:21:58,3092.0,3092.17792261,5.22366336498,40.0,36.0,0,16.894124725,-16.0,14.7540983607,38.7619047619,-76.0
11:21:58,3093.0,3092.1783792,5.21941081977,42.8571428571,78.0,0,16.87491374,14.0,26.2411347518,49.4285714286,-76.0
11:21:59,3092.0,3092.17828012,5.21580785145,40.0,6.0,0,16.8687187951,0.0,25.7142857143,37.7142857143,-78.0
11:21:59,3092.0,3092.17818111,5.21220060128,40.0,78.0,0,16.8570523974,-2.0,45.3125,46.6666666667,-46.0
11:22:00,3093.0,3092.17863755,5.2079319549,42.8571428571,4.0,0,16.8378013414,2.0,43.6893203884,35.619047619,-2.0
11:22:00,3092.0,3092.17853833,5.20431533163,40.0,98.0,0,16.8315502316,52.0,29.3333333333,53.8095238095,50.0
11:22:01,3092.0,3092.17843917,5.20069439808,40.0,16.0,0,16.8198395798,10.0,31.4285714286,44.0952380952,76.0
11:22:01,3092.0,3092.17834007,5.19706914526,40.0,18.0,0,16.8081149588,-4.0,21.8181818182,35.9047619048,58.0
11:22:02,3093.0,3092.17879642,5.19402787991,42.8571428571,38.0,0,16.792847979,30.0,32.5396825397,36.2857142857,88.0
11:22:02,3092.0,3092.17869711,5.19039437326,40.0,8.0,0,16.7865277272,-4.0,20.8791208791,26.5714285714,86.0
11:22:03,3092.0,3092.17859786,5.18675652117,40.0,436.0,0,16.7747623582,-58.0,5.86319218241,142.476190476,26.0
11:22:03,3092.0,3092.17849867,5.18311431447,40.0,0.0,0,16.7629829058,0.0,0,113.238095238,-26.0
11:22:04,3092.0,3092.17839953,5.179467744,40.0,8.0,0,16.7511893402,-2.0,7.48031496063,90.9523809524,-38.0
11:22:04,3092.0,3092.17830045,5.17581680051,40.0,20.0,0,16.7393816317,2.0,7.05882352941,72.4761904762,-32.0
11:22:05,3092.0,3092.17820142,5.17216147476,40.0,22.0,0,16.7275597502,8.0,0.404858299595,54.4761904762,-54.0
11:22:05,3093.0,3092.17865785,5.16909291151,42.8571428571,82.0,0,16.7122305577,-46.0,5.98591549296,54.380952381,-96.0
11:22:06,3092.0,3092.17855862,5.16542921262,40.0,36.0,0,16.7057865867,8.0,20.2380952381,37.619047619,-30.0
11:22:06,3092.0,3092.17845945,5.16176110457,40.0,46.0,0,16.6939233654,40.0,15.8878504673,42.7619047619,10.0
11:22:07,3093.0,3092.17891573,5.15807762036,42.8571428571,46.0,0,16.6766169426,-38.0,15.0793650794,45.7142857143,-26.0
11:22:07,3092.0,3092.17881636,5.15500439313,40.0,2.0,0,16.6720711291,-2.0,16.2393162393,34.2857142857,-30.0
11:22:08,3092.0,3092.17871705,5.15192783496,40.0,0.0,0,16.6621210704,0.0,0,23.1428571429,-38.0
11:22:08,3093.0,3092.17917319,5.14883649808,42.8571428571,6.0,0,16.6467394054,0.0,8.82352941177,14.7619047619,8.0
11:22:09,3092.0,3092.17907368,5.14575310329,40.0,160.0,0,16.6421510456,-60.0,4.61538461539,54.0,-60.0
11:22:09,3092.0,3092.17897422,5.14206039521,40.0,0.0,0,16.630208264,0.0,0,41.619047619,-100.0
11:22:10,3092.0,3092.17887482,5.13836321636,40.0,38.0,0,16.6182510231,-2.0,7.76699029127,42.2857142857,-64.0
11:22:10,3092.0,3092.17877547,5.13526872486,40.0,6.0,0,16.6082429653,-4.0,7.61904761905,34.1904761905,-66.0
11:22:11,3092.0,3092.17867618,5.13156317934,40.0,2.0,0,16.5962586654,0.0,7.54716981133,24.7619047619,-66.0
11:22:11,3092.0,3092.17857694,5.12846142517,40.0,0.0,0,16.5862271189,0.0,0,14.6666666667,-66.0
11:22:12,3093.0,3092.17903316,5.12534368014,42.8571428571,32.0,0,16.5707846108,0.0,38.4615384616,14.0,-6.0
11:22:12,3093.0,3092.17948913,5.12222221469,42.8571428571,24.0,0,16.560692579,0.0,52.9411764706,17.1428571429,-6.0
11:22:13,3093.0,3092.17994484,5.11909702203,42.8571428571,0.0,0,16.5505884967,0.0,0,12.2857142857,-4.0
11:22:13,3092.0,3092.1798449,5.11598122445,40.0,6.0,0,16.5458642447,-4.0,71.875,10.9523809524,-4.0
11:22:14,3092.0,3092.17974501,5.11286201894,40.0,48.0,0,16.5357762579,2.0,47.2727272727,21.619047619,-2.0
11:22:14,3092.0,3092.17964518,5.10973939926,40.0,0.0,0,16.5256772292,0.0,0,16.380952381,-2.0
11:22:15,3093.0,3092.18010081,5.10598774014,42.8571428571,16.0,0,16.5082047855,4.0,36.170212766,15.7142857143,2.0
11:22:15,3093.0,3092.18055618,5.10223114474,42.8571428571,2.0,0,16.4960593105,0.0,16.6666666667,11.8095238095,2.0
11:22:16,3092.0,3092.1804559,5.09848360868,40.0,12.0,0,16.4892742842,10.0,14.2857142857,11.8095238095,12.0
11:22:16,3092.0,3092.18035567,5.09473148349,40.0,2.0,0,16.4771393386,0.0,12.5,8.38095238095,16.0
11:22:17,3092.0,3092.1802555,5.09097475901,40.0,24.0,0,16.4649895182,2.0,10.7142857143,11.4285714286,16.0
11:22:17,3092.0,3092.18015539,5.08782854522,40.0,604.0,0,16.4548141825,-126.0,1.21212121209,181.333333333,-110.0
11:22:18,3093.0,3092.18061073,5.08404851526,42.8571428571,358.0,0,16.4372729236,232.0,2.99401197603,252.19047619,118.0
11:22:18,3092.0,3092.18051042,5.08027837771,40.0,70.0,0,16.4303957882,64.0,2.61682242989,224.476190476,182.0
11:22:19,3092.0,3092.18041017,5.07712052031,40.0,18.0,0,16.4201827953,0.0,3.71747211894,178.666666667,172.0
11:22:19,3092.0,3092.18030997,5.07395917686,40.0,22.0,0,16.409958528,2.0,5.47445255473,133.714285714,174.0
11:22:20,3092.0,3092.18020982,5.07017634747,40.0,2.0,0,16.3977242803,0.0,5.58659217875,82.0952380952,172.0
11:22:20,3092.0,3092.18010973,5.06638885081,40.0,22.0,0,16.3854749379,22.0,16.2601626016,37.2380952381,320.0
11:22:21,3092.0,3092.1800097,5.06321593017,40.0,54.0,0,16.3752132282,2.0,58.5106382979,29.2380952381,90.0
11:22:21,3091.0,3092.17935432,5.0594905016,37.5,18.0,0,16.3684584329,10.0,86.7647058824,25.4285714286,36.0
11:22:22,3091.0,3092.17869931,5.05638118258,37.5,556.0,0,16.3583991672,98.0,21.6617210682,177.80952381,134.0
11:22:22,3092.0,3092.17860006,5.0525766254,40.0,170.0,0,16.3408040925,-20.0,18.00486618,194.285714286,112.0
11:22:23,3092.0,3092.17850086,5.04876735201,40.0,20.0,0,16.3284843209,10.0,19.0476190476,160.857142857,122.0
11:22:23,3092.0,3092.17840172,5.04495335172,40.0,30.0,0,16.3161492617,22.0,17.2169811321,129.428571429,122.0
11:22:24,3092.0,3092.17830264,5.0411346138,40.0,442.0,0,16.3037988803,370.0,9.22330097087,215.333333333,490.0
11:22:24,3091.0,3092.17764821,5.03800666049,37.5,60.0,0,16.2989539323,4.0,8.29420970266,173.619047619,484.0
11:22:25,3091.0,3092.17699414,5.03425154122,37.5,52.0,0,16.2868053744,-28.0,8.78552971576,127.619047619,358.0
11:22:25,3091.0,3092.17634044,5.030492085,37.5,12.0,0,16.2746427855,4.0,7.79220779221,94.1904761905,382.0
11:22:26,3091.0,3092.17568709,5.02672828212,37.5,48.0,0,16.2624661343,14.0,5.90062111802,78.5714285714,386.0
11:22:26,3091.0,3092.17503412,5.02296012278,37.5,58.0,0,16.2502753891,-24.0,5.05952380953,64.4761904762,340.0
11:22:27,3091.0,3092.1743815,5.01918759719,37.5,4.0,0,16.2380705183,-4.0,5.12820512821,33.619047619,-34.0
11:22:27,3091.0,3092.17372925,5.01541069549,37.5,54.0,0,16.2258514898,8.0,11.4035087719,37.9047619048,-30.0
11:22:28,3092.0,3092.17363276,5.01218364354,40.0,18.0,0,16.2101670231,6.0,18.5567010309,32.1904761905,4.0
11:22:28,3092.0,3092.17353632,5.00832466721,40.0,32.0,0,16.1976865046,0.0,28.0373831776,32.0952380952,0.0
11:22:29,3091.0,3092.17288454,5.00453478771,37.5,32.0,0,16.1906657642,-10.0,34.3434343434,31.0476190476,-24.0
11:22:29,3091.0,3092.17223312,5.00074049301,37.5,20.0,0,16.1783904659,-20.0,40.0,27.3333333333,-20.0
11:22:30,3091.0,3092.17158206,4.99694177306,37.5,2.0,0,16.166100851,-2.0,40.5063291139,20.2857142857,-18.0
11:22:30,3092.0,3092.17148676,4.99306404728,40.0,10.0,0,16.1483313301,0.0,52.6315789474,15.619047619,-26.0
11:22:31,3091.0,3092.17083612,4.98925623493,37.5,446.0,0,16.141236606,-20.0,82.6568265683,137.619047619,-52.0
11:22:31,3091.0,3092.17018583,4.98544396651,37.5,568.0,45.1612903226,16.1289031592,18.0,83.6734693877,274.095238095,-34.0
11:22:32,3092.0,3092.17009131,4.98155200883,23.0769230769,60.0,0,16.1110996405,-16.0,85.8951175407,239.904761905,-40.0
11:22:32,3093.0,3092.17055224,4.97763546889,28.5714285714,108.0,0,16.0932281568,-6.0,86.9346733668,218.095238095,-26.0
11:22:33,3092.0,3092.17045752,4.97373347611,23.0769230769,4.0,0,16.0858133121,-2.0,86.7892976589,162.380952381,-26.0
11:22:33,3092.0,3092.17036284,4.96982654111,23.0769230769,12.0,0,16.073177688,0.0,86.143572621,108.857142857,-26.0
11:22:34,3092.0,3092.17026823,4.96591465224,23.0769230769,20.0,0,16.0605260422,-2.0,82.6424870466,57.5238095238,-8.0
11:22:34,3092.0,3092.17017366,4.96199779777,23.0769230769,12.0,0,16.0478583369,-2.0,73.1481481481,24.1904761905,-28.0
11:22:35,3092.0,3092.17007914,4.95807596593,23.0769230769,4.0,0,16.0351745341,2.0,61.25,15.0476190476,-10.0
11:22:35,3093.0,3092.17054008,4.95476587349,28.5714285714,4.0,0,16.0192883074,0.0,25.0,8.57142857143,-4.0
11:22:36,3092.0,3092.17044536,4.95147265006,23.0769230769,34.0,0,16.0138184025,14.0,41.8604651163,15.619047619,12.0
11:22:36,3092.0,3092.1703507,4.94817567548,23.0769230769,10.0,0,16.0031554834,6.0,38.0952380952,14.380952381,18.0
11:22:37,3092.0,3092.17025609,4.94487494225,23.0769230769,4.0,0,15.9924804083,2.0,38.2352941176,11.5238095238,22.0
11:22:37,3092.0,3092.17016153,4.94093058661,23.0769230769,2.0,0,15.9797237601,2.0,44.8275862069,8.85714285714,26.0
11:22:38,3092.0,3092.17006702,4.93698118856,23.0769230769,74.0,0,15.9669508039,70.0,43.75,27.2380952381,94.0
11:22:38,3092.0,3092.16997256,4.93366796131,23.0769230769,24.0,0,15.9562353212,24.0,35.1351351351,28.0,118.0
11:22:39,3092.0,3092.16987816,4.92970912923,23.0769230769,0.0,0,15.9434318539,0.0,0,20.9523809524,104.0
11:22:39,3092.0,3092.16978381,4.92574521999,23.0769230769,2.0,0,15.9306119663,2.0,28.3018867925,16.0952380952,100.0
11:22:40,3092.0,3092.16968951,4.92177622133,23.0769230769,8.0,0,15.9177756188,4.0,27.2727272727,13.3333333333,102.0
11:22:40,3093.0,3092.17015067,4.91842340712,28.5714285714,12.0,0,15.9017892244,8.0,30.0,11.5238095238,108.0
11:22:41,3093.0,3092.17061157,4.91442189026,28.5714285714,16.0,0,15.8888518922,0.0,25.8064516129,10.380952381,38.0
11:22:41,3092.0,3092.17051681,4.91043786235,23.0769230769,252.0,0,15.881105635,-72.0,83.4482758621,79.4285714286,-58.0
11:22:42,3093.0,3092.1709775,4.90642549226,28.5714285714,14.0,0,15.8629986817,0.0,82.8947368421,69.619047619,-58.0
11:22:42,3093.0,3092.17143794,4.9024075718,28.5714285714,34.0,0,15.8500083149,-14.0,76.1904761905,64.8571428571,-74.0
11:22:43,3093.0,3092.17189813,4.8983840873,28.5714285714,2.0,0,15.8369999589,2.0,78.1818181818,49.4285714286,-76.0
11:22:43,3092.0,3092.17180266,4.89437885408,23.0769230769,64.0,0,15.8291683508,64.0,65.9685863874,52.0,-20.0
11:22:44,3092.0,3092.17170724,4.89036843142,23.0769230769,10.0,0,15.8161980318,10.0,64.8936170213,36.6666666667,-10.0
11:22:44,3092.0,3092.17161187,4.88635280654,23.0769230769,6.0,0,15.8032108879,6.0,13.8461538462,20.4761904762,68.0
11:22:45,3092.0,3092.17151656,4.8823319666,23.0769230769,4.0,0,15.7902068778,4.0,8.33333333333,15.4285714286,72.0
11:22:45,3093.0,3092.1719767,4.8782812952,28.5714285714,36.0,0,15.7720054808,2.0,34.4262295082,20.0,88.0
11:22:46,3092.0,3092.17188118,4.87424979191,23.0769230769,4.0,0,15.764067891,2.0,33.8709677419,15.3333333333,88.0
11:22:46,3093.0,3092.17234112,4.87018802556,28.5714285714,18.0,0,15.7458390739,16.0,74.358974359,14.5714285714,40.0
11:22:47,3093.0,3092.1728008,4.86612058548,28.5714285714,68.0,0,15.7326886049,0.0,91.1764705882,30.2857142857,30.0
11:22:47,3092.0,3092.17270483,4.86207288898,23.0769230769,20.0,0,15.7246859281,20.0,82.6666666667,29.5238095238,44.0
11:22:48,3092.0,3092.17260891,4.85801989809,23.0769230769,8.0,0,15.7115779369,4.0,79.2207792208,24.6666666667,44.0
11:22:48,3093.0,3092.17306844,4.85393577578,28.5714285714,12.0,0,15.6932938111,8.0,75.3846153846,20.7619047619,50.0
11:22:49,3092.0,3092.17297232,4.84987195962,23.0769230769,98.0,0,15.6852262601,2.0,85.7142857143,42.5714285714,50.0
11:22:49,3093.0,3092.17343165,4.84577657525,28.5714285714,2.0,0,15.6669142427,2.0,85.5769230769,32.4761904762,36.0
11:22:50,3093.0,3092.17389073,4.84167543188,28.5714285714,802.0,0,15.6536548072,346.0,96.8152866242,251.714285714,382.0
11:22:50,3094.0,3092.17490495,4.83759925888,33.3333333333,14.0,0,15.6354210048,14.0,98.717948718,210.857142857,376.0
11:22:51,3094.0,3092.17591861,4.83280034577,33.3333333333,208.0,0,15.6199106198,2.0,81.6901408451,225.714285714,374.0
11:22:51,3093.0,3092.17637631,4.82868070287,28.5714285714,508.0,0,15.6116414577,14.0,56.1274509804,316.761904762,380.0
11:22:52,3093.0,3092.17683375,4.82383690325,28.5714285714,2.0,0,15.5959809352,-2.0,53.3854166667,239.619047619,376.0
11:22:52,3093.0,3092.17729094,4.81970479604,28.5714285714,6.0,0,15.5826213904,2.0,53.1168831169,168.19047619,376.0
11:22:53,3094.0,3092.17830327,4.81487660573,33.3333333333,4.0,0,15.5619799797,2.0,2.69541778976,96.0,32.0
11:22:53,3093.0,3092.17875964,4.81073179798,28.5714285714,2.0,0,15.5536107274,-2.0,1.09589041096,61.2380952381,16.0
11:22:54,3093.0,3092.17921576,4.80658110444,28.5714285714,8.0,0,15.540191091,2.0,1.50943396226,28.7619047619,16.0
11:22:54,3093.0,3092.17967163,4.80170185076,28.5714285714,24.0,0,15.5244159417,-10.0,17.3913043478,10.380952381,-8.0
11:22:55,3093.0,3092.18012724,4.7982041072,28.5714285714,12.0,0,15.5131073624,8.0,14.2857142857,11.619047619,2.0
11:22:55,3093.0,3092.1805826,4.79403561409,28.5714285714,12.0,0,15.4996301781,0.0,29.0322580645,12.380952381,0.0
11:22:56,3094.0,3092.1815931,4.78989000073,33.3333333333,30.0,0,15.4812217218,-20.0,27.2727272727,18.0,-22.0
11:22:56,3094.0,3092.18260305,4.78640589632,33.3333333333,18.0,0,15.4699608802,8.0,38.4615384615,18.9523809524,-12.0
11:22:57,3094.0,3092.18361243,4.78224842517,33.3333333333,0.0,0,15.4565236754,0.0,0,14.0,-14.0
11:22:57,3094.0,3092.18462126,4.77875390545,33.3333333333,10.0,0,15.4452291708,4.0,56.0975609756,12.2857142857,0.0
11:22:58,3093.0,3092.18507412,4.77455640755,28.5714285714,702.0,0,15.4366518188,700.0,96.6321243523,208.952380952,692.0
11:22:58,3093.0,3092.18552673,4.77035288702,28.5714285714,468.0,0,15.4230613871,-10.0,93.9739413681,305.904761905,682.0
11:22:59,3093.0,3092.18597909,4.76614332791,28.5714285714,146.0,0,15.409451432,36.0,95.8333333333,289.142857143,738.0
11:22:59,3094.0,3092.1869866,4.76195531703,33.3333333333,60.0,0,15.3909350906,-36.0,96.1038961039,242.285714286,694.0
11:23:00,3094.0,3092.18799355,4.75776087884,33.3333333333,10.0,0,15.3773784061,2.0,96.1318051576,179.142857143,696.0
11:23:00,3094.0,3092.18899994,4.75355999635,33.3333333333,10.0,0,15.3638008932,-2.0,96.1318051576,115.523809524,690.0
11:23:01,3094.0,3092.19000577,4.74935265244,33.3333333333,116.0,0,15.3502024966,-26.0,91.6049382716,82.1904761905,-36.0
11:23:01,3094.0,3092.19101104,4.74513882994,33.3333333333,70.0,0,15.3365831608,-40.0,95.6310679612,63.619047619,-66.0
11:23:02,3093.0,3092.19146036,4.7408918442,28.5714285714,58.0,0,15.3278106828,-46.0,91.3580246914,60.5714285714,-148.0
11:23:02,3094.0,3092.19246482,4.73666520056,33.3333333333,12.0,0,15.3091958648,-6.0,89.8550724638,48.5714285714,-118.0
11:23:03,3094.0,3092.19346873,4.73243202654,33.3333333333,8.0,0,15.2955139836,-6.0,89.7810218978,37.7142857143,-126.0
11:23:03,3094.0,3092.19447208,4.72819230458,33.3333333333,18.0,0,15.2818109392,-6.0,90.0709219858,29.8095238095,-130.0
11:23:04,3094.0,3092.19547487,4.72394601707,33.3333333333,14.0,0,15.2680866744,-8.0,92.2222222222,20.380952381,-112.0
11:23:04,3094.0,3092.19647711,4.71969314628,33.3333333333,34.0,0,15.2543411321,-34.0,90.2777777778,21.5238095238,-106.0
11:23:05,3094.0,3092.19747879,4.71469334457,33.3333333333,8.0,0,15.2381814627,2.0,95.7446808511,16.9523809524,-58.0
11:23:05,3094.0,3092.19847991,4.71042637025,33.3333333333,50.0,0,15.2243903369,-40.0,96.9696969697,26.7619047619,-92.0
11:23:06,3093.0,3092.19892508,4.70612759707,28.5714285714,18.0,0,15.2154141515,-2.0,87.323943662,25.619047619,-88.0
11:23:06,3094.0,3092.19992539,4.70184751579,33.3333333333,98.0,0,15.196662947,-10.0,90.990990991,46.8571428571,-92.0
11:23:07,3094.0,3092.20092516,4.69681675758,33.3333333333,8.0,0,15.1804032243,6.0,91.6666666667,38.5714285714,-78.0
11:23:07,3093.0,3092.20136897,4.6917528033,28.5714285714,204.0,0,15.168938905,-56.0,66.3212435233,86.5714285714,-100.0
11:23:08,3094.0,3092.20236793,4.68670498608,33.3333333333,10.0,0,15.1477213513,-2.0,65.7216494845,71.0476190476,-104.0
11:23:08,3094.0,3092.20336633,4.68164849587,33.3333333333,14.0,0,15.1313784611,12.0,58.2386363636,56.5714285714,-52.0
11:23:09,3094.0,3092.20436419,4.6773314316,33.3333333333,26.0,0,15.1174254415,18.0,63.0555555556,47.2380952381,-32.0
11:23:09,3093.0,3092.20480608,4.67298378653,28.5714285714,2.0,0,15.1082566651,-2.0,49.6212121212,30.6666666667,-24.0
11:23:10,3094.0,3092.20580314,4.6686533387,33.3333333333,2.0,0,15.0893773067,2.0,48.4496124031,18.6666666667,-28.0
11:23:10,3094.0,3092.20679964,4.66431607467,33.3333333333,22.0,0,15.0753590002,18.0,69.7368421053,12.6666666667,46.0
11:23:11,3094.0,3092.20779558,4.65997197542,33.3333333333,0.0,0,15.0613186019,0.0,0,9.04761904762,48.0
11:23:11,3094.0,3092.20879098,4.65562102181,33.3333333333,2.0,0,15.0472560498,2.0,92.5925925926,6.47619047619,38.0
11:23:12,3094.0,3092.20978581,4.65126319461,33.3333333333,8.0,0,15.0331712819,2.0,88.8888888889,6.19047619048,22.0
11:23:12,3093.0,3092.2102247,4.64612130813,28.5714285714,52.0,0,15.0214073978,12.0,44.1860465116,19.3333333333,36.0
11:23:13,3094.0,3092.21121874,4.64099336828,33.3333333333,6.0,0,14.9999785659,4.0,46.6666666667,16.9523809524,38.0
11:23:13,3093.0,3092.21165683,4.63659088124,28.5714285714,224.0,0,14.9905945077,-102.0,8.90410958906,76.6666666667,-82.0
11:23:14,3094.0,3092.21265008,4.63220389078,33.3333333333,2.0,0,14.9715704292,0.0,9.52380952383,63.3333333333,-82.0
11:23:14,3093.0,3092.21308738,4.6277880402,28.5714285714,100.0,0,14.9621339806,0.0,7.6530612245,77.9047619048,-84.0
11:23:15,3094.0,3092.21407983,4.62262784512,33.3333333333,222.0,0,14.9406200553,96.0,38.9438943894,122.666666667,10.0
11:23:15,3094.0,3092.21507173,4.61745860803,33.3333333333,0.0,0,14.9239127603,0.0,0,93.8095238095,-2.0
11:23:16,3094.0,3092.21606308,4.61304189831,33.3333333333,0.0,0,14.9096376804,0.0,0,67.4285714286,-6.0
11:23:16,3094.0,3092.21705389,4.60785557767,33.3333333333,0.0,0,14.8928751702,0.0,0,41.3333333333,96.0
11:23:17,3093.0,3092.21748874,4.60263926399,28.5714285714,4.0,0,14.8808252958,0.0,67.4846625767,27.0476190476,96.0
11:23:17,3093.0,3092.21792334,4.59741419539,28.5714285714,8.0,0,14.8639320898,0.0,92.3076923077,13.8095238095,96.0
11:23:18,3094.0,3092.21891311,4.59220081588,33.3333333333,8.0,0,14.8422780086,-2.0,50.0,4.95238095238,-2.0
11:23:18,3094.0,3092.21990233,4.58697821401,33.3333333333,22.0,0,14.8253982353,-2.0,76.1904761905,10.2857142857,-4.0
11:23:19,3093.0,3092.2203356,4.58172630918,28.5714285714,2.0,0,14.8132114749,0.0,72.7272727273,8.85714285714,-4.0
11:23:19,3093.0,3092.22076862,4.57646552794,28.5714285714,0.0,0,14.7962028061,0.0,0,6.7619047619,-4.0
11:23:20,3093.0,3092.22120141,4.57119583964,28.5714285714,20.0,0,14.7791653399,0.0,53.3333333333,10.380952381,-4.0
11:23:20,3093.0,3092.22163395,4.56591721344,28.5714285714,0.0,0,14.7620989765,0.0,0,7.52380952381,-4.0
11:23:21,3093.0,3092.22206626,4.56062961831,28.5714285714,0.0,0,14.7450036156,0.0,0,5.04761904762,-2.0
11:23:21,3093.0,3092.22249832,4.55533302302,28.5714285714,10.0,48.4848484848,14.7278791562,2.0,31.25,5.80952380952,2.0
11:23:22,3094.0,3092.22348555,4.55004626214,33.3333333333,6.0,0,14.7060318751,6.0,44.4444444444,6.0,8.0
11:23:22,3094.0,3092.22447223,4.54475002368,33.3333333333,2.0,0,14.6889141037,0.0,47.3684210526,4.85714285714,8.0
11:23:23,3094.0,3092.22545836,4.53944427447,33.3333333333,0.0,0,14.671765593,0.0,0,3.04761904762,8.0
11:23:23,3094.0,3092.22644394,4.5341289811,33.3333333333,0.0,0,14.654586235,0.0,0,2.19047619048,8.0
11:23:24,3094.0,3092.22742898,4.52958340786,33.3333333333,0.0,0,14.6398946602,0.0,0,1.33333333333,8.0
11:23:24,3093.0,3092.22785807,4.52423228601,28.5714285714,2.0,0,14.6273271452,0.0,80.0,1.04761904762,6.0
11:23:25,3093.0,3092.22828691,4.51887194182,28.5714285714,18.0,0,14.6099965788,4.0,18.1818181818,5.71428571429,4.0
11:23:25,3094.0,3092.22927093,4.51351973704,33.3333333333,2.0,0,14.5879758793,0.0,18.1818181818,5.2380952381,4.0
11:23:26,3094.0,3092.23025439,4.50815782331,33.3333333333,2.0,0,14.5706458413,2.0,25.0,4.7619047619,6.0
11:23:26,3094.0,3092.23123731,4.50278616594,33.3333333333,4.0,0,14.5532843114,2.0,28.5714285714,4.7619047619,8.0
11:23:27,3094.0,3092.23221968,4.49740473001,33.3333333333,0.0,0,14.5358911765,0.0,0,3.42857142857,8.0
11:23:27,3094.0,3092.23320151,4.49201348039,33.3333333333,10.0,0,14.5184663232,2.0,38.8888888889,4.95238095238,10.0
11:23:28,3093.0,3092.23362739,4.48738457158,28.5714285714,36.0,0,14.5081945411,30.0,22.2222222222,13.5238095238,36.0
11:23:28,3093.0,3092.23405304,4.48274840429,28.5714285714,14.0,0,14.4932053162,6.0,24.2424242424,14.9523809524,42.0
11:23:29,3093.0,3092.23447844,4.47731442323,28.5714285714,2.0,0,14.4756366739,2.0,21.2121212121,12.380952381,42.0
11:23:29,3093.0,3092.23490362,4.47187092306,28.5714285714,0.0,0,14.4580372553,0.0,0,9.2380952381,40.0
11:23:30,3093.0,3092.23532855,4.46721077912,28.5714285714,0.0,0,14.4429705112,0.0,0,6.28571428571,40.0
11:23:30,3093.0,3092.23575325,4.46174933168,28.5714285714,2.0,0,14.4253130672,2.0,11.1111111111,3.90476190476,40.0
11:23:31,3094.0,3092.23673312,4.45629337199,33.3333333333,2.0,0,14.4030167162,2.0,40.0,1.90476190476,12.0
11:23:31,3094.0,3092.23771244,4.45082732634,33.3333333333,0.0,0,14.3853501175,0.0,0,0.952380952381,6.0
11:23:32,3093.0,3092.23813581,4.44533649902,28.5714285714,10.0,0,14.3722486228,-6.0,14.2857142857,3.52380952381,-2.0
11:23:32,3093.0,3092.23855895,4.43983594403,28.5714285714,4.0,0,14.3544647398,0.0,11.1111111111,4.0,-2.0
11:23:33,3093.0,3092.23898186,4.43432562517,28.5714285714,0.0,0,14.3366492893,0.0,0,3.14285714286,-2.0
11:23:33,3094.0,3092.23995993,4.42881953972,33.3333333333,10.0,0,14.3142195854,-6.0,15.3846153846,5.14285714286,-10.0
11:23:34,3094.0,3092.24093746,4.42330318133,33.3333333333,0.0,0,14.2963903727,0.0,0,3.90476190476,-12.0
11:23:34,3094.0,3092.24191444,4.4177765115,33.3333333333,4.0,0,14.2785278329,0.0,21.4285714286,3.90476190476,-12.0
11:23:35,3093.0,3092.24233548,4.41222613951,28.5714285714,84.0,0,14.2651992871,-56.0,5.88235294117,26.5714285714,-62.0
11:23:35,3094.0,3092.24331169,4.40667895863,33.3333333333,32.0,0,14.2426598534,10.0,7.69230769231,30.8571428571,-52.0
11:23:36,3093.0,3092.24373196,4.40110843747,28.5714285714,22.0,0,14.2292545667,20.0,6.57894736842,30.9523809524,-32.0
11:23:36,3093.0,3092.24415199,4.39552789004,28.5714285714,106.0,0,14.2112120596,-46.0,4.83870967741,54.0,-72.0
11:23:37,3093.0,3092.24457179,4.38993727809,28.5714285714,4.0,0,14.1931370129,-4.0,4.7619047619,43.3333333333,-76.0
11:23:37,3093.0,3092.24499136,4.38346175527,28.5714285714,104.0,0,14.1722009546,10.0,2.27272727272,61.0476190476,-66.0
11:23:38,3093.0,3092.24541069,4.3778495482,28.5714285714,0.0,0,14.1540560886,0.0,0,44.2857142857,-10.0
11:23:38,3093.0,3092.24582979,4.3722271548,28.5714285714,16.0,0,14.1358782891,16.0,7.9365079365,36.0952380952,-4.0
11:23:39,3093.0,3092.24624866,4.36571546574,28.5714285714,4.0,0,14.1148253014,2.0,10.2564102564,25.2380952381,-22.0
11:23:39,3092.0,3092.24611189,4.35829837639,26.6666666667,44.0,0,14.0954022522,-26.0,25.5813953488,26.6666666667,-2.0
11:23:40,3093.0,3092.2465306,4.35175889479,28.5714285714,32.0,0,14.069702214,4.0,26.0,27.619047619,6.0
11:23:40,3092.0,3092.24639368,4.34431101493,26.6666666667,6.0,0,14.0501649901,0.0,54.9019607843,19.8095238095,-4.0
11:23:41,3092.0,3092.24625683,4.33684685729,26.6666666667,0.0,0,14.0260247648,0.0,0,14.9523809524,-4.0
11:23:41,3092.0,3092.24612006,4.32936633768,26.6666666667,0.0,0,14.0018316225,0.0,0,10.0952380952,-20.0
11:23:42,3093.0,3092.24653876,4.32181531932,28.5714285714,42.0,0,13.9728914301,0.0,29.0322580645,18.0,-22.0
11:23:42,3093.0,3092.24695724,4.31424706068,28.5714285714,162.0,0,13.94842244,-94.0,-17.3553719008,58.380952381,-90.0
11:23:43,3094.0,3092.24793088,4.30667117267,33.3333333333,4.0,0,13.9194284831,0.0,-21.4953271028,48.0,-94.0
11:23:43,3093.0,3092.24834858,4.30002755339,28.5714285714,220.0,0,13.9024492512,220.0,-11.6822429906,100.666666667,126.0
11:23:44,3093.0,3092.24876605,4.2942665983,28.5714285714,14.0,0,13.8838234669,12.0,-11.3122171946,84.2857142857,138.0
11:23:44,3093.0,3092.24918328,4.28759695568,28.5714285714,4.0,0,13.8622597985,4.0,-11.2107623318,64.380952381,142.0
11:23:45,3093.0,3092.24960029,4.28091338904,28.5714285714,0.0,0,13.8406511123,0.0,0,43.1428571429,142.0
11:23:45,3093.0,3092.25001706,4.27421583307,28.5714285714,4.0,0,13.8189971971,2.0,1.62601626016,25.0476190476,238.0
11:23:46,3093.0,3092.2504336,4.2675042219,28.5714285714,102.0,0,13.79729784,12.0,0,42.4761904762,250.0
11:23:46,3093.0,3092.25084991,4.26168306135,28.5714285714,6.0,0,13.778477405,6.0,0,27.8095238095,36.0
11:23:47,3093.0,3092.25126599,4.25494482672,28.5714285714,102.0,0,13.7566919713,54.0,0,50.7619047619,78.0
11:23:47,3093.0,3092.25168184,4.24819234433,28.5714285714,4.0,0,13.7348604731,0.0,0,41.5238095238,74.0
11:23:48,3093.0,3092.25209746,4.24142554616,28.5714285714,12.0,0,13.7129826904,-2.0,0,34.5714285714,72.0
11:23:48,3094.0,3092.25306824,4.2346514425,33.3333333333,2.0,0,13.686656246,0.0,0.877192982456,24.1904761905,70.0
11:23:49,3093.0,3092.25348309,4.22785556214,28.5714285714,2.0,0,13.6691094799,-2.0,1.5625,13.9047619048,56.0
11:23:49,3093.0,3092.25389771,4.22195977803,28.5714285714,2.0,0,13.6500477789,-2.0,1.61290322581,8.38095238095,48.0
11:23:50,3093.0,3092.25431209,4.21513651603,28.5714285714,62.0,0,13.6279874427,-62.0,2.38095238095,20.1904761905,-68.0
11:23:50,3093.0,3092.25472625,4.20921648232,28.5714285714,0.0,0,13.6088473402,0.0,0,16.1904761905,-68.0
11:23:51,3093.0,3092.25514017,4.20328500831,28.5714285714,0.0,0,13.58967025,0.0,0,12.380952381,-66.0
11:23:51,3094.0,3092.25610927,4.1964267207,33.3333333333,14.0,0,13.5631115731,-2.0,15.0,13.1428571429,-68.0
11:23:52,3094.0,3092.25707783,4.18955306221,33.3333333333,114.0,0,13.5408954823,-106.0,13.5416666667,41.9047619048,-172.0
11:23:52,3093.0,3092.25749045,4.18265885628,28.5714285714,2.0,0,13.5229836931,-2.0,13.5416666667,33.3333333333,-172.0
11:23:53,3093.0,3092.25790284,4.17574964623,28.5714285714,4.0,0,13.5006454776,0.0,19.4029850746,25.3333333333,-110.0
11:23:53,3093.0,3092.258315,4.16975348622,28.5714285714,0.0,0,13.4812592506,0.0,0,18.9523809524,-110.0
11:23:54,3093.0,3092.25872694,4.16281585018,28.5714285714,4.0,0,13.4588291309,-4.0,18.8405797101,13.7142857143,-114.0
11:23:54,3094.0,3092.25969404,4.156798648,33.3333333333,2.0,0,13.4350311829,0.0,12.6984126984,7.71428571429,-112.0
11:23:55,3093.0,3092.26010521,4.14983206562,28.5714285714,12.0,0,13.4168511659,-8.0,8.33333333333,5.14285714286,-14.0
11:23:55,3093.0,3092.26051615,4.14285011783,28.5714285714,326.0,0,13.3942777815,42.0,0.574712643678,97.1428571429,30.0
11:23:56,3094.0,3092.26148226,4.13585607564,33.3333333333,28.0,0,13.3673434895,14.0,7.52688172043,88.5714285714,44.0
11:23:56,3093.0,3092.26189243,4.12978159079,28.5714285714,2.0,0,13.3520258351,2.0,7.48663101604,71.4285714286,46.0
11:23:57,3094.0,3092.26285778,4.12369784909,33.3333333333,2.0,0,13.3280473468,0.0,8.06451612903,54.1904761905,50.0
11:23:57,3093.0,3092.26326719,4.11759885045,28.5714285714,4.0,0,13.3126377318,4.0,8.02139037433,37.619047619,54.0
11:23:58,3093.0,3092.26367637,4.11148763291,28.5714285714,0.0,0,13.2928795115,0.0,0,19.8095238095,62.0
11:23:58,3093.0,3092.26408533,4.10536414191,28.5714285714,72.0,0,13.2730816098,50.0,27.7777777778,23.1428571429,70.0
11:23:59,3093.0,3092.26449405,4.09922832244,28.5714285714,14.0,0,13.2532438488,14.0,4.25531914894,22.0,70.0
11:23:59,3093.0,3092.26490256,4.09308011907,28.5714285714,0.0,0,13.2333660494,0.0,0,17.5238095238,68.0
11:24:00,3093.0,3092.26531083,4.0869194759,28.5714285714,2.0,0,13.2134480307,0.0,2.17391304348,13.7142857143,68.0
11:24:00,3093.0,3092.26571888,4.08074633659,28.5714285714,180.0,0,13.1934896107,-132.0,0,60.7619047619,-68.0
11:24:01,3093.0,3092.2661267,4.07456064434,28.5714285714,0.0,0,13.1734906057,0.0,0,48.0,-68.0
11:24:01,3094.0,3092.26708969,4.06836299624,33.3333333333,156.0,0,13.1492016685,4.0,8.52272727272,79.8095238095,-114.0
11:24:02,3093.0,3092.26749675,4.06215177995,28.5714285714,624.0,0,13.1333714192,-312.0,62.1621621622,241.333333333,-440.0
11:24:02,3093.0,3092.26790359,4.05592783679,28.5714285714,16.0,0,13.1132487449,4.0,61.554192229,200.095238095,-436.0
11:24:03,3093.0,3092.26831019,4.0496911081,28.5714285714,2.0,0,13.0930847336,2.0,61.554192229,154.095238095,-434.0
11:24:03,3094.0,3092.26927198,4.04344118166,33.3333333333,8.0,0,13.0686528172,-4.0,74.9379652605,109.80952381,-306.0
11:24:04,3094.0,3092.27023322,4.03717783372,33.3333333333,14.0,0,13.0484092881,-8.0,73.9024390244,75.4285714286,-314.0
11:24:04,3093.0,3092.27063854,4.03090189185,28.5714285714,12.0,0,13.0323371867,0.0,85.2071005917,39.8095238095,-318.0
11:24:05,3093.0,3092.27104363,4.02461292326,28.5714285714,12.0,0,13.0120042783,2.0,15.625,11.0476190476,-4.0
11:24:05,3094.0,3092.27200389,4.01830947464,33.3333333333,14.0,0,12.9874255806,-14.0,32.2580645161,12.0,-22.0
11:24:06,3094.0,3092.27296362,4.0119923528,33.3333333333,2.0,0,12.9670082508,-2.0,35.4838709678,9.61904761905,-26.0
11:24:06,3093.0,3092.27336742,4.00566342897,28.5714285714,2.0,0,12.9507385353,0.0,35.7142857143,7.2380952381,-22.0
11:24:07,3093.0,3092.27377099,3.99932122906,28.5714285714,24.0,0,12.9302335243,-12.0,57.5757575758,11.4285714286,-26.0
11:24:07,3093.0,3092.27417434,3.99387238022,28.5714285714,76.0,0,12.9126168129,12.0,29.2307692308,30.0,-14.0
11:24:08,3093.0,3092.27457746,3.98750513758,28.5714285714,44.0,0,12.892030836,0.0,49.3827160494,36.380952381,-16.0
11:24:08,3093.0,3092.27498037,3.98112443597,28.5714285714,26.0,0,12.8714013449,-10.0,37.9310344828,36.0952380952,-12.0
11:24:09,3093.0,3092.27538304,3.97473021058,28.5714285714,18.0,0,12.8507281299,-12.0,38.947368421,32.9523809524,-22.0
11:24:09,3093.0,3092.2757855,3.96832239604,28.5714285714,2.0,0,12.8300109798,0.0,38.947368421,24.4761904762,-22.0
11:24:10,3093.0,3092.27618772,3.9619009264,28.5714285714,32.0,0,12.8092496812,-20.0,27.2727272727,24.5714285714,-30.0
11:24:10,3093.0,3092.27658973,3.95546573517,28.5714285714,120.0,0,12.7884440193,6.0,22.3140495868,49.4285714286,-36.0
11:24:11,3093.0,3092.27699151,3.94901675526,28.5714285714,0.0,0,12.7675937771,0.0,0,37.9047619048,-36.0
11:24:11,3093.0,3092.27739307,3.94347421557,28.5714285714,40.0,55.1724137931,12.7496741532,-30.0,6.6037735849,39.9047619048,-56.0
11:24:12,3094.0,3092.27834981,3.93699449038,41.6666666667,6.0,0,12.7246105054,-4.0,4.0,31.5238095238,-48.0
11:24:12,3094.0,3092.27930602,3.93050023518,41.6666666667,24.0,0,12.7036206696,-18.0,4.5045045045,28.8571428571,-66.0
11:24:13,3094.0,3092.28026169,3.92399137784,41.6666666667,122.0,0,12.6825836388,-80.0,41.0256410256,53.1428571429,-126.0
11:24:13,3093.0,3092.28066144,3.91840067998,36.3636363636,56.0,0,12.6686087293,-6.0,72.5806451613,54.2857142857,-138.0
11:24:14,3094.0,3092.28161636,3.91279334679,41.6666666667,78.0,0,12.6463909075,4.0,63.8036809816,64.7619047619,-134.0
11:24:14,3094.0,3092.28257075,3.9062442,41.6666666667,18.0,0,12.6252236587,-6.0,73.0263157895,54.380952381,-110.0
11:24:15,3094.0,3092.28352462,3.90061244795,41.6666666667,4.0,0,12.6070214866,0.0,73.5099337748,41.0476190476,-106.0
11:24:15,3093.0,3092.28392255,3.89497583155,36.3636363636,10.0,0,12.5928736875,-2.0,76.3888888889,29.5238095238,-90.0
11:24:16,3093.0,3092.28432026,3.89019199398,36.3636363636,2.0,0,12.5774070287,-2.0,60.7142857143,16.380952381,-12.0
11:24:16,3093.0,3092.28471775,3.8845347748,36.3636363636,2.0,0,12.5591166337,-2.0,43.8596491228,8.95238095238,-8.0
11:24:17,3094.0,3092.28567042,3.87972570265,41.6666666667,2.0,0,12.5395142296,2.0,63.1578947368,4.09523809524,-10.0
11:24:17,3093.0,3092.28606716,3.87491537144,36.3636363636,2.0,0,12.5280160732,0.0,27.2727272727,2.85714285714,-4.0
11:24:18,3094.0,3092.28701908,3.87008884321,41.6666666667,2.0,0,12.5083673019,2.0,20.0,2.38095238095,-2.0
11:24:18,3094.0,3092.28797047,3.86605190475,41.6666666667,0.0,0,12.4953196663,0.0,0,1.42857142857,0.0
11:24:19,3093.0,3092.28836593,3.86201659047,36.3636363636,2.0,0,12.4863129339,-2.0,40.0,1.52380952381,0.0
11:24:19,3093.0,3092.28876117,3.85797505536,36.3636363636,0.0,0,12.4732462184,0.0,0,1.04761904762,2.0
11:24:20,3094.0,3092.2897116,3.85391860063,41.6666666667,2.0,0,12.4561040744,0.0,50.0,1.2380952381,0.0
11:24:20,3094.0,3092.29066149,3.84905275344,41.6666666667,8.0,0,12.4403773544,-2.0,85.7142857143,3.14285714286,-2.0
11:24:21,3094.0,3092.29161086,3.84417785685,41.6666666667,0.0,0,12.4246213861,0.0,0,2.47619047619,-4.0
11:24:21,3094.0,3092.2925597,3.84009909168,41.6666666667,24.0,0,12.4114385639,0.0,94.4444444444,8.7619047619,-4.0
11:24:22,3094.0,3092.29350802,3.83601355576,41.6666666667,330.0,0,12.3982338583,206.0,100.0,101.333333333,204.0
11:24:22,3095.0,3092.29501121,3.83198382043,46.1538461538,2.0,0,12.3812078204,0.0,100.0,84.5714285714,204.0
11:24:23,3094.0,3092.29595816,3.82788452319,41.6666666667,112.0,0,12.3719603206,2.0,86.5546218487,99.1428571429,206.0
11:24:23,3095.0,3092.29745999,3.82303108366,46.1538461538,152.0,0,12.3522813689,48.0,67.0967741935,119.904761905,256.0
11:24:24,3095.0,3092.29896098,3.81897892113,46.1538461538,120.0,0,12.3391887597,64.0,55.1351351351,124.666666667,320.0
11:24:24,3094.0,3092.29990574,3.81485763977,41.6666666667,18.0,0,12.329856625,0.0,52.0435967302,94.5714285714,320.0
11:24:25,3094.0,3092.30084998,3.8099163883,41.6666666667,2.0,0,12.3138861936,2.0,13.3004926108,60.1904761905,116.0
11:24:25,3094.0,3092.30179369,3.8049657998,41.6666666667,8.0,0,12.2978855844,4.0,14.5631067961,43.1428571429,120.0
11:24:26,3094.0,3092.30273687,3.80082150802,41.6666666667,0.0,0,12.2844909761,0.0,0,23.5238095238,118.0
11:24:26,3094.0,3092.30367953,3.79667023339,41.6666666667,2.0,0,12.2710737989,0.0,1.33333333334,9.80952380952,70.0
11:24:27,3093.0,3092.30406627,3.7932685261,36.3636363636,4.0,0,12.2640430847,-2.0,35.2941176471,3.80952380952,4.0
11:24:27,3094.0,3092.3050082,3.78910449655,41.6666666667,36.0,0,12.246620868,-10.0,92.3076923077,12.4761904762,-6.0
11:24:28,3094.0,3092.3059496,3.78411346786,41.6666666667,30.0,0,12.2304895535,-26.0,95.0,18.5714285714,-34.0
11:24:28,3093.0,3092.30633507,3.77994699772,36.3636363636,52.0,0,12.2209731578,-50.0,54.8387096774,29.619047619,-88.0
11:24:29,3093.0,3092.30672034,3.77577388642,36.3636363636,40.0,0,12.2074810424,-2.0,59.756097561,35.1428571429,-90.0
11:24:29,3093.0,3092.30710538,3.77234376338,36.3636363636,0.0,0,12.1963910876,0.0,0,27.3333333333,-90.0
11:24:30,3093.0,3092.30749022,3.76890886026,36.3636363636,30.0,0,12.1852856782,0.0,61.7021276596,28.1904761905,-88.0
11:24:30,3093.0,3092.30787484,3.76389241492,36.3636363636,104.0,0,12.1690669736,-102.0,71.875,48.9523809524,-180.0
11:24:31,3094.0,3092.30881465,3.75967959587,41.6666666667,10.0,0,12.151517763,0.0,69.4915254237,39.619047619,-154.0
11:24:31,3094.0,3092.30975393,3.75545956485,41.6666666667,0.0,0,12.1378783609,0.0,0,28.380952381,-104.0
11:24:32,3093.0,3092.3101373,3.7512466652,36.3636363636,6.0,0,12.1281819114,2.0,92.0,21.3333333333,-100.0
11:24:32,3094.0,3092.31107585,3.74701237984,41.6666666667,102.0,0,12.1105765347,-14.0,95.2380952381,43.3333333333,-114.0
11:24:33,3093.0,3092.31145848,3.74278564271,36.3636363636,14.0,0,12.1008265202,14.0,92.3728813559,35.3333333333,-100.0
11:24:33,3094.0,3092.3123963,3.73853700672,41.6666666667,4.0,0,12.0831836028,2.0,88.2352941176,25.2380952381,4.0
11:24:34,3093.0,3092.31277819,3.73429633744,36.3636363636,30.0,0,12.0733796878,30.0,70.5128205128,27.3333333333,34.0
11:24:34,3093.0,3092.31315988,3.73004877835,36.3636363636,10.0,0,12.0596468747,10.0,66.265060241,22.7619047619,44.0
11:24:35,3093.0,3092.31354135,3.7257943059,36.3636363636,2.0,0,12.04589171,2.0,65.4320987654,15.4285714286,44.0
11:24:35,3093.0,3092.31392261,3.72153289637,36.3636363636,50.0,0,12.0321141169,22.0,3.63636363636,22.0,80.0
11:24:36,3094.0,3092.31485906,3.71641001439,41.6666666667,6.0,0,12.0116677905,0.0,9.80392156863,18.4761904762,66.0
11:24:36,3094.0,3092.31579499,3.71211678614,41.6666666667,6.0,0,11.9977918104,0.0,11.5384615385,15.3333333333,64.0
11:24:37,3093.0,3092.316175,3.70783278977,36.3636363636,4.0,0,11.9878202062,-2.0,17.9487179487,11.5238095238,32.0
11:24:37,3093.0,3092.31655479,3.70269967409,36.3636363636,0.0,0,11.9712242939,0.0,0,7.80952380952,22.0
11:24:38,3093.0,3092.31693438,3.69840038829,36.3636363636,2.0,0,11.9573242428,0.0,20.5882352941,5.14285714286,20.0
11:24:38,3093.0,3092.31731376,3.69324933677,36.3636363636,0.0,0,11.940670342,0.0,0,1.90476190476,-2.0
11:24:39,3093.0,3092.31769292,3.68893464455,36.3636363636,12.0,0,11.9267204803,0.0,33.3333333333,4.47619047619,-2.0
11:24:39,3093.0,3092.31807187,3.68461280568,36.3636363636,68.0,0,11.9127475127,-42.0,2.32558139535,22.7619047619,-44.0
11:24:40,3094.0,3092.31900602,3.68026564896,41.6666666667,102.0,0,11.8948469585,0.0,55.4347826087,47.8095238095,-42.0
11:24:40,3094.0,3092.31993965,3.67591081138,41.6666666667,0.0,0,11.8807718532,0.0,0,39.0476190476,-42.0
11:24:41,3094.0,3092.32087275,3.6715482656,41.6666666667,0.0,0,11.8666718345,0.0,0,30.2857142857,-42.0
11:24:41,3094.0,3092.32180534,3.66717798413,41.6666666667,24.0,0,11.8525468136,16.0,51.4563106796,28.4761904762,-26.0
11:24:42,3093.0,3092.32218201,3.66281909873,36.3636363636,6.0,0,11.8422861259,4.0,54.0,20.380952381,-22.0
11:24:42,3093.0,3092.32255847,3.65845291081,36.3636363636,2.0,0,11.8281697731,2.0,80.5970149254,11.4285714286,22.0
11:24:43,3093.0,3092.32293473,3.65485910286,36.3636363636,0.0,0,11.8165506074,0.0,0,5.04761904762,22.0
11:24:43,3094.0,3092.32386617,3.65045954109,41.6666666667,16.0,0,11.7985117682,10.0,25.0,8.09523809524,32.0
11:24:44,3094.0,3092.3247971,3.64605210984,41.6666666667,2.0,0,11.7842666769,0.0,28.0,6.38095238095,32.0
11:24:44,3094.0,3092.32572751,3.64163678054,41.6666666667,0.0,0,11.7699960586,0.0,0,4.0,16.0
11:24:45,3094.0,3092.3266574,3.63721352442,41.6666666667,0.0,0,11.7556998204,0.0,0,2.7619047619,12.0
11:24:45,3094.0,3092.32758678,3.63278231253,41.6666666667,2.0,0,11.7413778686,2.0,50.0,2.38095238095,12.0
11:24:46,3093.0,3092.32796024,3.62750088275,36.3636363636,76.0,0,11.728098554,0.0,72.9166666667,23.1428571429,12.0
11:24:46,3093.0,3092.32833349,3.62307403072,36.3636363636,0.0,0,11.7137860676,0.0,0,18.5714285714,2.0
11:24:47,3094.0,3092.32926193,3.61861799851,41.6666666667,4.0,0,11.6955979267,4.0,80.4878048781,15.9047619048,6.0
11:24:47,3094.0,3092.33018986,3.61415388899,41.6666666667,0.0,0,11.6811696477,0.0,0,12.0,6.0
11:24:48,3093.0,3092.33056188,3.60970382835,36.3636363636,14.0,0,11.6705587725,14.0,68.75,12.0952380952,20.0
11:24:48,3093.0,3092.33093368,3.60524613464,36.3636363636,0.0,0,11.6561465718,0.0,0,7.52380952381,18.0
11:24:49,3093.0,3092.33130528,3.60078077953,36.3636363636,0.0,0,11.6417096008,0.0,0,3.04761904762,18.0
11:24:49,3093.0,3092.33167668,3.59630773447,36.3636363636,24.0,0,11.6272477674,20.0,19.0476190476,9.04761904762,38.0
11:24:50,3093.0,3092.33204786,3.59095304202,36.3636363636,2.0,0,11.6099354737,2.0,10.0,7.61904761905,36.0
11:24:50,3094.0,3092.33297425,3.58556432487,41.6666666667,10.0,0,11.5887664023,10.0,28.0,8.57142857143,46.0
11:24:51,3094.0,3092.33390012,3.58016439334,41.6666666667,16.0,0,11.5713134885,0.0,53.8461538462,10.7619047619,32.0
11:24:51,3094.0,3092.33482547,3.57563186163,41.6666666667,20.0,0,11.5566640647,0.0,66.6666666667,14.0,32.0
11:24:52,3093.0,3092.33519491,3.57111521641,36.3636363636,12.0,0,11.5457976606,10.0,69.0476190476,14.0,42.0
11:24:52,3094.0,3092.33611954,3.56656618714,41.6666666667,20.0,0,11.5273632422,20.0,92.5,15.7142857143,42.0
11:24:53,3093.0,3092.33648826,3.56115080581,36.3636363636,8.0,0,11.5135816547,8.0,86.0465116279,14.1904761905,48.0
11:24:53,3093.0,3092.33685678,3.55572455111,36.3636363636,0.0,0,11.4960379926,0.0,0,10.0952380952,38.0
11:24:54,3094.0,3092.33778049,3.55026202085,41.6666666667,2.0,0,11.474667165,0.0,83.8709677419,7.04761904762,38.0
11:24:54,3093.0,3092.33814829,3.54570108993,36.3636363636,30.0,0,11.4636310699,20.0,44.4444444444,12.6666666667,58.0
11:24:55,3094.0,3092.33907128,3.54110623017,41.6666666667,22.0,0,11.4450750813,22.0,51.2195121951,15.5238095238,70.0
11:24:55,3094.0,3092.33999376,3.53650276045,41.6666666667,164.0,0,11.4301963816,160.0,82.3008849558,58.4761904762,210.0
11:24:56,3094.0,3092.34091573,3.5309989559,41.6666666667,64.0,0,11.4124077437,64.0,88.6524822695,66.0,266.0
11:24:56,3094.0,3092.34183719,3.52548340745,41.6666666667,24.0,0,11.3945811488,24.0,83.660130719,59.4285714286,290.0
11:24:57,3094.0,3092.34275814,3.51995605989,41.6666666667,12.0,0,11.3767164185,0.0,84.1772151899,48.2857142857,290.0
11:24:57,3094.0,3092.34367857,3.51531354519,41.6666666667,0.0,0,11.3617115229,0.0,0,33.2380952381,270.0
11:24:58,3093.0,3092.34404309,3.50979175941,36.3636363636,8.0,0,11.3475323615,0.0,91.1764705882,21.9047619048,248.0
11:24:58,3093.0,3092.34440741,3.50515835705,36.3636363636,58.0,0,11.3325520758,56.0,51.8072289157,25.5238095238,144.0
11:24:59,3094.0,3092.34532693,3.50048845798,41.6666666667,2.0,0,11.3137959211,2.0,23.0769230769,18.1904761905,82.0
11:24:59,3093.0,3092.34569054,3.49583808987,36.3636363636,26.0,0,11.3024186546,-12.0,22.6415094339,20.6666666667,46.0
11:25:00,3094.0,3092.34660934,3.49115061819,41.6666666667,40.0,0,11.2836154434,0.0,38.8059701492,27.0476190476,46.0
11:25:00,3094.0,3092.34752764,3.48645416639,41.6666666667,84.0,0,11.2684362197,56.0,61.4678899082,44.6666666667,102.0
11:25:01,3094.0,3092.34844542,3.48174869813,41.6666666667,146.0,0,11.2532278543,24.0,41.011235955,76.0,126.0
11:25:01,3094.0,3092.3493627,3.47612570585,41.6666666667,0.0,51.8518518519,11.2350539943,0.0,0,59.0476190476,70.0
11:25:02,3094.0,3092.35027947,3.47140061391,50.0,2.0,0,11.219782204,2.0,48.322147651,45.4285714286,70.0
11:25:02,3093.0,3092.35064032,3.46669653655,45.4545454545,112.0,0,11.2082008941,102.0,39.0625,63.2380952381,184.0
11:25:03,3094.0,3092.35155638,3.46104026145,50.0,4.0,0,11.1862969019,0.0,32.7586206896,46.0952380952,184.0
11:25:03,3093.0,3092.35191652,3.45540227197,45.4545454545,2.0,0,11.1716853281,2.0,12.030075188,30.0952380952,130.0
11:25:04,3094.0,3092.35283187,3.44972130517,50.0,28.0,0,11.1497133328,28.0,31.0810810811,25.4285714286,134.0
11:25:04,3093.0,3092.35319131,3.44497754611,45.4545454545,2.0,0,11.1379810738,2.0,30.6666666667,18.9523809524,136.0
11:25:05,3094.0,3092.35410595,3.44019338927,50.0,20.0,0,11.1189185173,20.0,38.0952380952,17.5238095238,154.0
11:25:05,3093.0,3092.35446468,3.43543175715,45.4545454545,10.0,0,11.1071185165,0.0,78.7878787879,12.380952381,52.0
11:25:06,3094.0,3092.35537861,3.42970610266,50.0,10.0,0,11.0850229562,10.0,80.5555555556,12.0952380952,62.0
11:25:06,3093.0,3092.35573664,3.4240001582,45.4545454545,4.0,0,11.0701589337,0.0,81.0810810811,9.80952380952,60.0
11:25:07,3093.0,3092.35609446,3.41920852828,45.4545454545,6.0,0,11.0546670814,6.0,61.5384615385,8.0,38.0
11:25:07,3093.0,3092.35645209,3.41440791417,45.4545454545,66.0,0,11.0391461822,26.0,29.3103448276,24.380952381,62.0
11:25:08,3094.0,3092.35736491,3.40863526463,50.0,2.0,0,11.0169207002,0.0,16.3265306122,19.4285714286,42.0
11:25:08,3094.0,3092.35827724,3.40378107658,50.0,0.0,0,11.0012316632,0.0,0,14.7619047619,42.0
11:25:09,3093.0,3092.35863365,3.39895118173,45.4545454545,4.0,0,10.9891729122,2.0,9.75609756097,11.7142857143,34.0
11:25:09,3093.0,3092.35898987,3.39411214049,45.4545454545,160.0,0,10.973527774,-40.0,2.52100840336,53.5238095238,-6.0
11:25:10,3094.0,3092.35990128,3.38829316258,50.0,6.0,0,10.951173764,0.0,4.20168067227,43.9047619048,-12.0
11:25:10,3094.0,3092.3608122,3.38339900274,50.0,4.0,0,10.9353555357,2.0,5.68181818182,33.7142857143,-36.0
11:25:11,3093.0,3092.3611672,3.37759045533,45.4545454545,654.0,0,10.9201113978,-414.0,0.966183574879,212.19047619,-450.0
11:25:11,3093.0,3092.36152201,3.37176913257,45.4545454545,0.0,0,10.9012904383,0.0,0,172.761904762,-450.0
11:25:12,3093.0,3092.36187662,3.36593496816,45.4545454545,8.0,0,10.8824279604,-4.0,1.68269230769,135.619047619,-456.0
11:25:12,3093.0,3092.36223104,3.3610332406,45.4545454545,2.0,0,10.8665801507,0.0,2.37388724036,96.5714285714,-416.0
11:25:13,3093.0,3092.36258526,3.35612205483,45.4545454545,4.0,0,10.8507017615,-2.0,2.08333333333,65.619047619,-418.0
11:25:13,3092.0,3092.36238388,3.35037237658,41.6666666667,180.0,0,10.8356157069,-180.0,1.41509433962,85.0476190476,-600.0
11:25:14,3093.0,3092.36273801,3.34544092759,45.4545454545,608.0,0,10.8161685341,-158.0,2.74314214462,218.380952381,-344.0
11:25:14,3092.0,3092.36253654,3.3396682396,41.6666666667,578.0,0,10.8009968939,288.0,1.88405797101,345.333333333,-56.0
11:25:15,3092.0,3092.36233519,3.33388324168,41.6666666667,70.0,0,10.7822873275,-14.0,2.63522884882,299.619047619,-66.0
11:25:15,3092.0,3092.36213395,3.3270462816,41.6666666667,42.0,0,10.760175555,12.0,4.31848852901,242.952380952,-54.0
11:25:16,3091.0,3092.36137742,3.32143984656,38.4615384615,52.0,0,10.745518753,8.0,4.0522875817,187.238095238,-44.0
11:25:16,3091.0,3092.36062131,3.31582204721,38.4615384615,72.0,0,10.7273440544,8.0,4.36005625879,134.952380952,144.0
11:25:17,3091.0,3092.35986562,3.30914696358,38.4615384615,28.0,0,10.7057488307,4.0,7.60095011878,75.2380952381,306.0
11:25:17,3091.0,3092.35911034,3.30245605152,38.4615384615,1102.0,0,10.684102399,830.0,77.8916544656,350.0,848.0
11:25:18,3092.0,3092.35891089,3.29554127329,41.6666666667,86.0,0,10.6582835488,0.0,81.7655571635,309.523809524,862.0
11:25:18,3092.0,3092.35871155,3.28966225892,41.6666666667,38.0,0,10.6392699189,22.0,79.9709724238,254.571428571,872.0
11:25:19,3092.0,3092.35851233,3.28271510207,41.6666666667,80.0,0,10.6168017531,10.0,78.6628733997,211.80952381,874.0
11:25:19,3092.0,3092.35831321,3.27575036169,41.6666666667,44.0,0,10.5942767196,36.0,80.2612481858,157.428571429,902.0
11:25:20,3091.0,3092.3575588,3.27003878059,38.4615384615,24.0,0,10.5792260776,4.0,79.6215429403,98.6666666667,902.0
11:25:20,3091.0,3092.35680481,3.2643152913,38.4615384615,44.0,0,10.560709451,42.0,28.4810126582,45.8095238095,114.0
11:25:21,3091.0,3092.35605124,3.25857983107,38.4615384615,44.0,0,10.542154096,6.0,3.6496350365,43.3333333333,120.0
11:25:21,3091.0,3092.35529809,3.25283233658,38.4615384615,4.0,0,10.5235598078,0.0,4.16666666667,31.4285714286,98.0
11:25:22,3091.0,3092.35454535,3.24707274392,38.4615384615,4.0,0,10.5049263796,2.0,4.87804878048,21.1428571429,90.0
11:25:22,3091.0,3092.35379303,3.24130098861,38.4615384615,10.0,0,10.4862536028,8.0,10.7692307692,16.1904761905,62.0
11:25:23,3091.0,3092.35304114,3.23650360042,38.4615384615,18.0,0,10.4707330975,6.0,14.5161290323,15.1428571429,64.0
11:25:23,3091.0,3092.35228966,3.23070930894,38.4615384615,68.0,0,10.4519874117,-52.0,14.8648648649,28.6666666667,-30.0
11:25:24,3091.0,3092.35153859,3.22490266864,38.4615384615,54.0,0,10.433201775,8.0,22.7848101266,37.0476190476,-28.0
11:25:24,3091.0,3092.35078795,3.2200758656,38.4615384615,72.0,0,10.4175861068,52.0,22.1238938053,50.0952380952,24.0
11:25:25,3092.0,3092.35059312,3.21403000747,41.6666666667,24.0,0,10.3946636723,20.0,20.325203252,46.1904761905,42.0
11:25:25,3091.0,3092.349843,3.20818733434,38.4615384615,480.0,0,10.3791243427,242.0,67.8770949721,171.619047619,276.0
11:25:26,3092.0,3092.34964869,3.2021144514,41.6666666667,64.0,0,10.356126945,-16.0,72.1784776903,155.80952381,254.0
11:25:26,3093.0,3092.3500099,3.19589624015,45.4545454545,46.0,0,10.3326745559,2.0,74.3243243243,132.666666667,308.0
11:25:27,3092.0,3092.3498155,3.19079742297,41.6666666667,8.0,0,10.3195259475,-2.0,76.3688760807,99.7142857143,298.0
11:25:27,3092.0,3092.34962122,3.18568848306,41.6666666667,22.0,0,10.303002856,16.0,80.1242236025,72.9523809524,262.0
11:25:28,3092.0,3092.34942704,3.17956316396,41.6666666667,102.0,0,10.2831926389,52.0,71.1911357341,71.4285714286,294.0
11:25:28,3092.0,3092.34923296,3.17342359038,41.6666666667,6.0,0,10.2633363207,0.0,29.0322580645,38.7619047619,52.0
11:25:29,3092.0,3092.349039,3.16828027845,41.6666666667,2.0,0,10.2467020649,0.0,2.15053763441,27.5238095238,68.0
11:25:29,3092.0,3092.34884514,3.16312662752,41.6666666667,2.0,0,10.230034371,2.0,0,19.2380952381,68.0
11:25:30,3092.0,3092.34865139,3.15796258696,41.6666666667,6.0,0,10.2133330755,0.0,1.42857142857,14.1904761905,70.0
11:25:30,3092.0,3092.34845775,3.1517718782,41.6666666667,2.0,0,10.1933113784,2.0,1.66666666667,8.09523809524,56.0
11:25:31,3092.0,3092.34826422,3.14658500953,41.6666666667,20.0,0,10.1765362533,8.0,15.7894736842,8.09523809524,12.0
11:25:31,3092.0,3092.34807079,3.14138758707,41.6666666667,2.0,0,10.1597269957,2.0,17.6470588235,6.85714285714,14.0
11:25:32,3092.0,3092.34787747,3.13617955835,41.6666666667,22.0,0,10.1428834358,22.0,11.1111111111,11.5238095238,36.0
11:25:32,3092.0,3092.34768426,3.13096087044,41.6666666667,2.0,0,10.1260054025,2.0,11.1111111111,9.52380952381,36.0
11:25:33,3092.0,3092.34749116,3.12573146995,41.6666666667,24.0,0,10.109092723,-4.0,5.55555555555,13.8095238095,32.0
11:25:33,3092.0,3092.34729816,3.12049130302,41.6666666667,80.0,0,10.0921452232,-18.0,2.66666666666,33.2380952381,12.0
11:25:34,3092.0,3092.34710527,3.11524031532,41.6666666667,90.0,0,10.0751627274,-38.0,0,51.8095238095,-34.0
11:25:34,3092.0,3092.34691249,3.10997845205,41.6666666667,24.0,0,10.0581450584,16.0,0,48.1904761905,-20.0
11:25:35,3092.0,3092.34671981,3.10367164833,41.6666666667,2.0,0,10.0377478924,0.0,0,37.2380952381,-42.0
11:25:35,3092.0,3092.34652724,3.09838588006,41.6666666667,20.0,0,10.0206529109,0.0,0,32.380952381,-44.0
11:25:36,3093.0,3092.34689018,3.09294892048,45.4545454545,8.0,0,9.99983485444,-4.0,2.67857142857,23.2380952381,-44.0
11:25:36,3092.0,3092.34669752,3.08764052262,41.6666666667,4.0,0,9.98590078466,-2.0,4.05405405405,13.7142857143,-28.0
11:25:37,3092.0,3092.34650496,3.08232095492,41.6666666667,12.0,0,9.96869649068,-10.0,8.57142857143,10.0952380952,0.0
11:25:37,3092.0,3092.34631251,3.07699015945,41.6666666667,10.0,0,9.95145588438,-4.0,14.2857142857,9.61904761905,-20.0
11:25:38,3092.0,3092.34612017,3.07164807776,41.6666666667,14.0,0,9.9341787767,0.0,11.7647058824,10.9523809524,-20.0
11:25:38,3092.0,3092.34592794,3.06725230922,41.6666666667,6.0,0,9.91996219022,6.0,14.8148148148,9.42857142857,-14.0
11:25:39,3092.0,3092.34573581,3.06188938231,41.6666666667,26.0,0,9.90261766595,18.0,2.77777777778,14.2857142857,8.0
11:25:39,3092.0,3092.34554378,3.05651500088,41.6666666667,178.0,0,9.885236096,-82.0,-39.837398374,61.7142857143,-72.0
11:25:40,3092.0,3092.34535187,3.0520921786,41.6666666667,14.0,0,9.87093201358,-2.0,-33.8709677419,54.0,-64.0
11:25:40,3092.0,3092.34516006,3.04669664008,41.6666666667,0.0,0,9.85348201837,0.0,0,42.1904761905,-60.0
11:25:41,3092.0,3092.34496836,3.04128947433,41.6666666667,8.0,0,9.83599441892,-4.0,-35.3448275862,33.1428571429,-64.0
11:25:41,3091.0,3092.34422136,3.03707582264,38.4615384615,8.0,0,9.82554455723,-6.0,-32.4786324786,24.380952381,-76.0
11:25:42,3092.0,3092.34403018,3.03261793304,41.6666666667,528.0,0,9.80794933065,-128.0,61.4130434783,164.095238095,-222.0
11:25:42,3092.0,3092.3438391,3.02718011431,41.6666666667,136.0,0,9.79036259478,-28.0,99.1354466859,167.904761905,-168.0
11:25:43,3092.0,3092.34364814,3.0217304415,41.6666666667,32.0,0,9.77273752103,8.0,94.6629213483,144.0,-158.0
11:25:43,3092.0,3092.34345727,3.01626885038,41.6666666667,10.0,0,9.75507390162,-8.0,93.351800554,112.952380952,-166.0
11:25:44,3092.0,3092.34326652,3.01079527608,41.6666666667,4.0,0,9.73737152677,0.0,93.3147632312,79.7142857143,-162.0
11:25:44,3092.0,3092.34307587,3.00530965312,41.6666666667,4.0,0,9.71963018472,0.0,92.9971988796,46.6666666667,-156.0
11:25:45,3092.0,3092.34288532,3.00079367073,41.6666666667,8.0,0,9.70502480833,8.0,70.1030927835,14.9523809524,-20.0
11:25:45,3092.0,3092.34269488,2.99626923373,41.6666666667,16.0,0,9.69039208838,10.0,0,10.2857142857,18.0
11:25:46,3092.0,3092.34250455,2.99075116241,41.6666666667,20.0,0,9.67254580338,20.0,0,12.4761904762,30.0
11:25:46,3092.0,3092.34231432,2.98620799584,41.6666666667,12.0,0,9.6578525092,0.0,0,12.9523809524,38.0
11:25:47,3092.0,3092.3421242,2.98165625063,41.6666666667,20.0,0,9.64313147034,16.0,0,15.619047619,54.0
11:25:47,3092.0,3092.34193418,2.97709588741,41.6666666667,76.0,0,9.62838255954,-8.0,0,33.5238095238,46.0
11:25:48,3092.0,3092.34174427,2.97252686653,41.6666666667,28.0,0,9.61360564853,-10.0,5.81395348837,34.2857142857,28.0
11:25:48,3092.0,3092.34155447,2.96794914799,41.6666666667,40.0,0,9.59880060799,0.0,5.10204081632,37.5238095238,18.0
11:25:49,3092.0,3092.34136477,2.9633626915,41.6666666667,28.0,0,9.58396730756,12.0,5.88235294117,36.1904761905,10.0
11:25:49,3092.0,3092.34117517,2.95967085048,41.6666666667,14.0,0,9.57202733016,12.0,5.82524271844,30.4761904762,22.0
11:25:50,3092.0,3092.34098568,2.95597311952,41.6666666667,4.0,0,9.56006830376,0.0,6.31578947368,21.8095238095,6.0
11:25:50,3092.0,3092.3407963,2.95136345087,41.6666666667,4.0,0,9.54515993166,0.0,11.8644067797,13.9047619048,14.0
11:25:51,3092.0,3092.34060702,2.94765255001,41.6666666667,0.0,0,9.53315831179,0.0,0,8.28571428571,24.0
11:25:51,3092.0,3092.34041785,2.94475003655,41.6666666667,10.0,48.275862069,9.52377114021,8.0,6.66666666666,6.85714285714,32.0
11:25:52,3092.0,3092.34022878,2.94256437619,45.4545454545,0.0,0,9.51670238095,0.0,0,4.0,20.0
11:25:52,3092.0,3092.34003982,2.94100311213,45.4545454545,102.0,0,9.51165301465,-84.0,1.66666666667,31.619047619,-76.0
11:25:53,3092.0,3092.33985096,2.93944059881,45.4545454545,0.0,0,9.50659960806,0.0,0,25.9047619048,-76.0
11:25:53,3091.0,3092.3391068,2.93812608248,41.6666666667,8.0,0,9.5054224603,0.0,5.0,22.6666666667,-76.0
11:25:54,3092.0,3092.33891846,2.9365613026,45.4545454545,22.0,0,9.49728752459,20.0,19.7183098592,23.2380952381,-56.0
11:25:54,3091.0,3092.33817483,2.93577844221,41.6666666667,28.0,0,9.49782737692,-24.0,18.75,24.4761904762,-88.0
11:25:55,3092.0,3092.337987,2.93358320432,45.4545454545,6.0,0,9.48765590013,0.0,21.6867469879,18.5714285714,-88.0
11:25:55,3091.0,3092.33724388,2.93226495695,41.6666666667,540.0,0,9.48646055307,88.0,5.96026490066,164.952380952,84.0
11:25:56,3091.0,3092.33650118,2.93094587975,41.6666666667,806.0,0,9.48219307585,72.0,16.7375886525,366.476190476,156.0
11:25:56,3090.0,3092.33520348,2.92997122927,38.4615384615,252.0,0,9.48210753807,-80.0,15.114873035,371.333333333,76.0
11:25:57,3090.0,3092.33390651,2.92899614909,38.4615384615,1140.0,0,9.47895193879,-92.0,13.2034632035,618.285714286,-36.0
11:25:57,3090.0,3092.33261025,2.92802063878,38.4615384615,356.0,0,9.4757949475,8.0,13.0967741935,588.0,-4.0
11:25:58,3090.0,3092.33131472,2.92758016411,38.4615384615,202.0,0,9.47436946314,26.0,13.5922330097,498.095238095,22.0
11:25:58,3090.0,3092.3300199,2.9271395968,38.4615384615,32.0,0,9.47294367895,8.0,16.1406025825,350.285714286,-58.0
11:25:59,3090.0,3092.32872581,2.92616325661,38.4615384615,388.0,0,9.46978400197,46.0,10.8016877637,328.380952381,-84.0
11:25:59,3090.0,3092.32743243,2.92518648503,38.4615384615,58.0,0,9.46662292891,8.0,10.8455882353,232.095238095,4.0
11:26:00,3090.0,3092.32613977,2.92357800192,38.4615384615,88.0,0,9.46141748195,42.0,10.8540925267,153.619047619,138.0
11:26:00,3090.0,3092.32484783,2.92260010231,38.4615384615,52.0,0,9.45825275829,6.0,10.487804878,114.952380952,136.0
11:26:01,3090.0,3092.3235566,2.92162176974,38.4615384615,122.0,0,9.45508663347,42.0,5.4054054054,110.761904762,152.0
11:26:01,3090.0,3092.3222661,2.92117998683,38.4615384615,36.0,0,9.45365691529,26.0,5.10752688171,85.8095238095,170.0
11:26:02,3090.0,3092.32097631,2.92020101995,38.4615384615,452.0,0,9.4504887377,4.0,58.1683168317,179.523809524,128.0
11:26:02,3090.0,3092.31968724,2.91922161905,38.4615384615,364.0,0,9.44731915549,302.0,42.908438061,245.047619048,422.0
11:26:03,3091.0,3092.31895428,2.91726151342,41.6666666667,56.0,0,9.43792142807,10.0,42.6987060998,208.0,390.0
11:26:03,3091.0,3092.31822173,2.91529966643,41.6666666667,2230.0,0,9.43157446272,-734.0,21.472392638,793.619047619,-350.0
11:26:04,3091.0,3092.31748959,2.91333607456,41.6666666667,224.0,0,9.42522185235,-172.0,27.3646638905,702.380952381,-564.0
11:26:04,3089.0,3092.31564705,2.91143292326,35.7142857143,674.0,0,9.42516323491,-46.0,27.55,734.857142857,-636.0
11:26:05,3089.0,3092.31380554,2.91089363851,35.7142857143,884.0,0,9.4234174118,-214.0,16.6967509025,796.952380952,-854.0
11:26:05,3089.0,3092.31196504,2.90971922567,35.7142857143,1130.0,0,9.41961549261,-366.0,5.07887649095,908.761904762,-1522.0
11:26:06,3088.0,3092.30957017,2.9090840589,33.3333333333,70.0,0,9.42060899902,-38.0,5.56408288564,681.238095238,-1570.0
11:26:06,3088.0,3092.30717663,2.9090840589,33.3333333333,1946.0,0,9.42060899902,-1124.0,10.3896103896,989.047619048,-1960.0
11:26:07,3088.0,3092.30478442,2.9090840589,33.3333333333,1336.0,0,9.42060899902,-712.0,10.1324503311,1136.0952381,-2500.0
11:26:07,3089.0,3092.30294894,2.9090840589,35.7142857143,280.0,0,9.41755927128,-194.0,9.10379029401,928.476190476,-2648.0
11:26:08,3088.0,3092.30055908,2.90962375861,33.3333333333,720.0,0,9.42235673125,-562.0,8.53703028092,865.333333333,-2996.0
11:26:08,3089.0,3092.29872594,2.90962375861,35.7142857143,350.0,0,9.41930643771,-124.0,20.204168439,704.285714286,-2754.0
11:26:09,3088.0,3092.29633842,2.9106073435,33.3333333333,350.0,0,9.42554191547,-142.0,19.5503813729,580.380952381,-2858.0
11:26:09,3088.0,3092.29395223,2.91159049011,33.3333333333,342.0,0,9.42872568041,-126.0,16.2226169331,440.857142857,-1860.0
11:26:10,3088.0,3092.29156737,2.91212959283,33.3333333333,114.0,0,9.43047147937,-46.0,10.7606679035,312.571428571,-1194.0
11:26:10,3088.0,3092.28918382,2.91346012893,33.3333333333,796.0,0,9.43478021025,-196.0,15.4940119761,437.333333333,-1196.0
11:26:11,3088.0,3092.2868016,2.91444199549,33.3333333333,402.0,0,9.43795982995,-8.0,25.2336448598,424.952380952,-642.0
11:26:11,3089.0,3092.28497611,2.91488511728,35.7142857143,164.0,0,9.43633900057,48.0,32.7490774908,359.714285714,-470.0
11:26:12,3088.0,3092.28259623,2.91586634522,33.3333333333,226.0,0,9.44257236148,34.0,31.2133072407,321.047619048,-294.0
11:26:12,3089.0,3092.28077307,2.91665666665,35.7142857143,364.0,0,9.44207402606,-138.0,40.174249758,327.714285714,-306.0
11:26:13,3089.0,3092.27895093,2.91709931976,35.7142857143,42.0,0,9.44350702416,-10.0,41.4242728184,241.333333333,-270.0
11:26:13,3090.0,3092.27768519,2.91744666819,38.4615384615,172.0,0,9.44157497796,-14.0,42.6277372263,195.523809524,-88.0
11:26:14,3090.0,3092.27642016,2.91779394882,38.4615384615,132.0,0,9.4426988635,-84.0,42.1818181818,168.0,-164.0
11:26:14,3089.0,3092.27460044,2.9182363501,35.7142857143,378.0,0,9.44718792523,-110.0,31.9634703196,223.619047619,-322.0
11:26:15,3090.0,3092.27333712,2.9182363501,38.4615384615,488.0,0,9.44413058286,-248.0,50.0,300.476190476,-604.0
11:26:15,3089.0,3092.27151911,2.91902571265,35.7142857143,214.0,0,9.44974332357,-36.0,47.4053295933,286.571428571,-502.0
11:26:16,3089.0,3092.2697021,2.91946784799,35.7142857143,246.0,0,9.45117464548,-4.0,54.9693251534,288.952380952,-496.0
11:26:16,3089.0,3092.2678861,2.92025671912,35.7142857143,134.0,0,9.45372845296,-40.0,55.1507537688,249.619047619,-522.0
11:26:17,3089.0,3092.26607111,2.92069858885,35.7142857143,174.0,0,9.45515891502,-144.0,48.4700122399,223.523809524,-582.0
11:26:17,3090.0,3092.26481254,2.92069858885,38.4615384615,112.0,0,9.45209899304,-98.0,51.9005847953,177.714285714,-570.0
11:26:18,3089.0,3092.26299925,2.92114036533,35.7142857143,16.0,0,9.4565890752,8.0,39.9553571429,117.142857143,-314.0
11:26:18,3089.0,3092.26118698,2.92158204859,35.7142857143,24.0,0,9.45801893362,-4.0,33.9943342776,81.3333333333,-282.0
11:26:19,3090.0,3092.25993111,2.92114036533,38.4615384615,32.0,0,9.45352869038,6.0,5.28455284553,56.8571428571,-272.0
11:26:19,3089.0,3092.25812054,2.92114036533,35.7142857143,68.0,0,9.4565890752,20.0,4.69483568074,52.8571428571,-212.0
11:26:20,3089.0,3092.25631098,2.92158204859,35.7142857143,114.0,0,9.45801893362,-10.0,4.37158469945,65.1428571429,-78.0
11:26:20,3089.0,3092.25450242,2.92237008498,35.7142857143,44.0,0,9.46057003878,-12.0,4.69798657718,60.2857142857,8.0
11:26:21,3089.0,3092.25269487,2.92281150322,35.7142857143,44.0,0,9.46199903922,26.0,4.2944785276,58.6666666667,26.0
11:26:21,3089.0,3092.25088832,2.92359904986,35.7142857143,492.0,0,9.46454855894,-272.0,59.19395466,183.714285714,-242.0
11:26:22,3089.0,3092.24908277,2.92438627887,35.7142857143,72.0,0,9.46709705039,-16.0,61.6306954436,166.476190476,-264.0
11:26:22,3090.0,3092.24783362,2.924732287,38.4615384615,26.0,0,9.46515303236,18.0,65.9090909091,134.19047619,-266.0
11:26:23,3089.0,3092.24602977,2.92576990764,35.7142857143,26.0,0,9.47157626301,-4.0,75.8522727273,103.904761905,-260.0
11:26:23,3089.0,3092.24422692,2.92680692316,35.7142857143,48.0,0,9.47493338671,-18.0,79.6610169492,84.0952380952,-266.0
11:26:24,3090.0,3092.24298048,2.92715246063,38.4615384615,160.0,0,9.47298530949,34.0,87.6213592233,96.0952380952,-258.0
11:26:24,3090.0,3092.24173472,2.92749793096,38.4615384615,38.0,0,9.47410333646,-8.0,71.8918918919,67.7142857143,6.0
11:26:25,3090.0,3092.24048966,2.92784333418,38.4615384615,54.0,0,9.47522114622,0.0,60.7954545455,65.5238095238,22.0
11:26:25,3090.0,3092.23924529,2.9281886703,38.4615384615,58.0,0,9.47633873884,-14.0,53.6458333333,65.3333333333,-10.0
11:26:26,3089.0,3092.23744621,2.92897398081,35.7142857143,198.0,0,9.48194878863,-56.0,62.2302158273,103.619047619,-62.0
11:26:26,3090.0,3092.23620353,2.92931910462,38.4615384615,210.0,0,9.47999710232,-2.0,71.8662952646,137.142857143,-46.0
11:26:27,3089.0,3092.23440614,2.93010395415,35.7142857143,2.0,0,9.48560684411,0.0,63.5714285714,103.523809524,-80.0
11:26:27,3090.0,3092.23316515,2.93044886588,38.4615384615,48.0,0,9.48365328765,-4.0,63.1578947368,90.5714285714,-76.0
11:26:28,3089.0,3092.23136944,2.93148319968,35.7142857143,196.0,0,9.49007186688,-54.0,74.1573033708,119.428571429,-130.0
11:26:28,3090.0,3092.23013014,2.93182784388,38.4615384615,10.0,0,9.48811599962,-10.0,80.421686747,88.380952381,-126.0
11:26:29,3090.0,3092.22889152,2.93217242126,38.4615384615,58.0,0,9.48923113678,-18.0,82.8244274809,73.3333333333,-88.0
11:26:29,3089.0,3092.22709819,2.93295608633,35.7142857143,266.0,0,9.49484003343,-48.0,61.0344827586,124.380952381,-134.0
11:26:30,3090.0,3092.22586126,2.93330045226,38.4615384615,18.0,0,9.49288172251,-4.0,60.4026845637,101.904761905,-138.0
11:26:30,3090.0,3092.22462501,2.93364475146,38.4615384615,62.0,0,9.49399595942,-28.0,66.8852459016,91.2380952381,-162.0
11:26:31,3089.0,3092.22283405,2.93408365824,35.7142857143,26.0,0,9.49849031481,20.0,55.0,69.619047619,-88.0
11:26:31,3090.0,3092.22159948,2.93442781297,38.4615384615,64.0,0,9.49653013905,46.0,60.7287449393,66.9523809524,-32.0
11:26:32,3090.0,3092.2203656,2.93442781297,38.4615384615,32.0,0,9.49653013905,-2.0,55.9829059829,52.5714285714,-16.0
11:26:32,3089.0,3092.21857701,2.93521056041,35.7142857143,82.0,0,9.50213842801,0.0,61.9718309859,53.7142857143,32.0
11:26:33,3089.0,3092.21678941,2.93564912796,35.7142857143,16.0,0,9.50355819992,-2.0,60.9929078014,44.7619047619,34.0
11:26:33,3089.0,3092.2150028,2.93608760371,35.7142857143,24.0,0,9.50497767469,-4.0,56.5573770492,38.1904761905,58.0
11:26:34,3089.0,3092.21321718,2.93652598772,35.7142857143,18.0,0,9.50639685244,10.0,58.4745762712,31.7142857143,48.0
11:26:34,3089.0,3092.21143256,2.93696428002,35.7142857143,120.0,0,9.5078157333,112.0,63.698630137,54.7619047619,114.0
11:26:35,3090.0,3092.21020432,2.93696428002,38.4615384615,26.0,0,9.50473877028,4.0,68.5314685315,48.2857142857,120.0
11:26:35,3089.0,3092.20842137,2.93774603645,35.7142857143,62.0,0,9.51034650842,-22.0,60.1503759398,52.380952381,98.0
11:26:36,3089.0,3092.20663941,2.93818406797,35.7142857143,10.0,0,9.51176454507,-2.0,60.7692307692,42.5714285714,98.0
11:26:36,3090.0,3092.20541384,2.93818406797,38.4615384615,42.0,0,9.50868630412,10.0,50.3597122302,42.1904761905,112.0
11:26:37,3089.0,3092.20363355,2.93862200794,35.7142857143,44.0,0,9.51318228534,-6.0,53.2894736842,41.5238095238,96.0
11:26:37,3090.0,3092.20240965,2.93862200794,38.4615384615,22.0,0,9.51010358557,10.0,29.1262135922,33.3333333333,-6.0
11:26:38,3090.0,3092.20118643,2.93862200794,38.4615384615,120.0,0,9.51010358557,-8.0,26.6666666667,57.8095238095,-18.0
11:26:38,3089.0,3092.19940848,2.93862200794,35.7142857143,114.0,0,9.51318228534,-28.0,30.6818181818,76.0952380952,-24.0
11:26:39,3089.0,3092.19763153,2.93862200794,35.7142857143,200.0,0,9.51318228534,-12.0,19.926199262,116.476190476,-34.0
11:26:39,3089.0,3092.19585556,2.93862200794,35.7142857143,168.0,0,9.51318228534,-12.0,15.8682634731,138.666666667,-56.0
11:26:40,3089.0,3092.19408058,2.9390598564,35.7142857143,436.0,0,9.51459972936,312.0,7.92452830189,231.428571429,262.0
11:26:40,3088.0,3092.19175118,2.93959211026,33.3333333333,176.0,0,9.51940450213,52.0,5.60131795716,231.238095238,304.0
11:26:41,3089.0,3092.18997848,2.93959211026,35.7142857143,198.0,0,9.51632279138,-60.0,3.56037151702,230.0,252.0
11:26:41,3089.0,3092.18820676,2.94002976175,35.7142857143,10.0,41.935483871,9.51773959778,-4.0,2.18855218854,171.333333333,276.0
11:26:42,3088.0,3092.18588062,2.9409992423,28.5714285714,326.0,0,9.52396127688,104.0,2.28310502282,207.904761905,392.0
11:26:42,3089.0,3092.18411118,2.94143660573,30.7692307692,152.0,0,9.52229396483,20.0,4.16024653312,188.761904762,424.0
11:26:43,3088.0,3092.18178732,2.9427481487,28.5714285714,100.0,0,9.52962483387,-92.0,6.4449064449,155.523809524,20.0
11:26:43,3089.0,3092.18002015,2.94318514737,30.7692307692,438.0,0,9.52795450753,-162.0,8.49673202613,234.857142857,-194.0
11:26:44,3088.0,3092.17769856,2.94415322197,28.5714285714,468.0,0,9.53417494162,136.0,5.48862115126,310.285714286,2.0
11:26:44,3088.0,3092.17537827,2.94512087356,28.5714285714,144.0,0,9.53730852837,82.0,1.96560196559,280.285714286,88.0
11:26:45,3087.0,3092.17250385,2.9467129626,26.6666666667,98.0,0,9.5455554344,4.0,5.14285714285,230.761904762,-12.0
11:26:45,3087.0,3092.16963104,2.94830395637,26.6666666667,1778.0,0,9.55070928529,-810.0,18.968935889,672.095238095,-842.0
11:26:46,3087.0,3092.16675982,2.94989385664,26.6666666667,388.0,0,9.5558595939,24.0,18.2257091129,638.857142857,-726.0
11:26:46,3087.0,3092.16389019,2.95148266518,26.6666666667,1102.0,0,9.56100636598,-704.0,-3.31825037707,795.904761905,-1268.0
11:26:47,3087.0,3092.16102216,2.95307038375,26.6666666667,316.0,0,9.56614960721,-196.0,-2.97961317302,696.761904762,-1600.0
11:26:47,3086.0,3092.15760032,2.95537363684,25.0,332.0,0,9.57671301633,-114.0,-0.249128051814,609.428571429,-1796.0
11:26:48,3086.0,3092.15418038,2.95767467889,25.0,1384.0,0,9.58416940666,-712.0,3.39622641509,813.714285714,-2512.0
11:26:48,3086.0,3092.15076234,2.95997351506,25.0,642.0,0,9.59161864894,-188.0,-7.87704130645,744.761904762,-1890.0
11:26:49,3085.0,3092.1467908,2.96341764451,23.5294117647,302.0,0,9.60589187848,-28.0,-3.04070622856,632.761904762,-1942.0
11:26:49,3085.0,3092.14282146,2.96685683951,23.5294117647,2008.0,0,9.61703999843,-722.0,32.4237560193,1012.28571429,-1960.0
11:26:50,3086.0,3092.13940973,2.96948522735,25.0,1002.0,0,9.62244078855,-96.0,30.3703703704,1061.23809524,-1860.0
11:26:50,3086.0,3092.1359999,2.97211064173,25.0,444.0,0,9.63094828816,182.0,26.3576617087,918.095238095,-1564.0
11:26:51,3086.0,3092.13259196,2.97439562281,25.0,436.0,0,9.63835263386,332.0,26.7687215556,767.333333333,-520.0
11:26:51,3086.0,3092.12918591,2.9770155404,25.0,458.0,0,9.64684232145,154.0,27.7419354839,668.0,-178.0
11:26:52,3086.0,3092.12578175,2.97963250696,25.0,106.0,0,9.65532244641,16.0,22.047597665,476.857142857,-134.0
11:26:52,3085.0,3092.12182408,2.98304835179,23.5294117647,94.0,0,9.66952464114,40.0,-0.866141732295,291.619047619,628.0
11:26:53,3085.0,3092.11786861,2.98645935954,23.5294117647,170.0,0,9.68058139234,10.0,-1.28805620609,219.238095238,734.0
11:26:53,3085.0,3092.11391534,2.98986554675,23.5294117647,62.0,0,9.69162251783,-26.0,11.7647058824,155.619047619,526.0
11:26:54,3085.0,3092.10996426,2.99326692989,23.5294117647,194.0,0,9.70264807096,-28.0,26.1992619926,147.904761905,166.0
11:26:54,3085.0,3092.10601538,2.996904769,23.5294117647,352.0,0,9.714440094,-178.0,36.1963190184,196.857142857,-166.0
11:26:55,3086.0,3092.10262409,2.99974061379,25.0,352.0,0,9.72048157416,-162.0,47.7124183007,250.857142857,-344.0
11:26:55,3085.0,3092.09867928,3.00312788328,23.5294117647,270.0,0,9.73461226347,-154.0,40.5714285714,269.714285714,-538.0
11:26:56,3085.0,3092.09473667,3.00651041261,23.5294117647,88.0,0,9.74557670213,-68.0,33.9908952959,228.19047619,-616.0
11:26:56,3085.0,3092.09079624,3.01012776071,23.5294117647,148.0,0,9.75730230376,50.0,36.1823361823,207.714285714,-540.0
11:26:57,3086.0,3092.0874134,3.01294731836,25.0,320.0,0,9.76327711717,-188.0,45.4901960784,232.285714286,-700.0
11:26:57,3086.0,3092.08403245,3.01552453057,25.0,220.0,0,9.7716284205,8.0,52.6466380544,222.285714286,-514.0
11:26:58,3086.0,3092.08065337,3.01809890289,25.0,482.0,0,9.77997052137,-52.0,57.5916230366,293.428571429,-404.0
11:26:58,3086.0,3092.07727616,3.02067044261,25.0,192.0,0,9.78830344331,158.0,59.8620689655,275.523809524,-92.0
11:26:59,3087.0,3092.07445624,3.02254184125,26.6666666667,138.0,0,9.79119482102,-34.0,61.6,245.904761905,-58.0
11:26:59,3086.0,3092.07108248,3.02510845638,25.0,226.0,0,9.80268456376,112.0,52.4714828897,239.047619048,4.0
11:27:00,3087.0,3092.06826599,3.02697619359,26.6666666667,332.0,0,9.80555942205,-52.0,34.7169811321,258.761904762,140.0
11:27:00,3086.0,3092.06489567,3.02920919273,25.0,618.0,0,9.81597275675,268.0,20.8249496982,359.619047619,400.0
11:27:01,3085.0,3092.06097182,3.03222658635,23.5294117647,290.0,0,9.82893545009,198.0,19.8218262806,347.80952381,650.0
11:27:01,3086.0,3092.05760555,3.03445480642,25.0,144.0,0,9.83297085685,-30.0,25.6292906178,303.428571429,462.0
11:27:02,3085.0,3092.05368574,3.03746584597,23.5294117647,136.0,0,9.84591846343,-66.0,22.7949599084,259.047619048,430.0
11:27:02,3085.0,3092.04976812,3.04005482407,23.5294117647,180.0,0,9.85431061286,56.0,24.8235294118,227.333333333,374.0
11:27:03,3085.0,3092.04585267,3.0430591815,23.5294117647,546.0,0,9.86404921069,168.0,33.5423197492,302.380952381,594.0
11:27:03,3085.0,3092.04193939,3.04605994242,23.5294117647,120.0,0,9.87377615048,-78.0,49.5762711864,245.523809524,248.0
11:27:04,3086.0,3092.03858369,3.04827572187,25.0,152.0,0,9.87775671377,14.0,41.4710485133,221.523809524,64.0
11:27:04,3086.0,3092.03522985,3.05007284623,25.0,780.0,0,9.88358018868,-534.0,61.1285266458,383.523809524,-440.0
11:27:05,3085.0,3092.03132248,3.05264900901,23.5294117647,50.0,0,9.89513455109,-16.0,63.0196936543,306.666666667,-390.0
11:27:05,3086.0,3092.02797267,3.05485889785,25.0,134.0,0,9.89908910517,38.0,62.2895622895,257.904761905,-408.0
11:27:06,3086.0,3092.02462473,3.05706678538,25.0,442.0,0,9.90624363375,-174.0,64.2431466031,299.333333333,-750.0
11:27:06,3086.0,3092.02127864,3.05885760972,25.0,490.0,0,9.91204669384,-370.0,70.703125,359.428571429,-1042.0
11:27:07,3087.0,3092.01848982,3.06037487365,26.6666666667,522.0,0,9.91375080548,-170.0,78.1637717122,411.047619048,-1226.0
11:27:07,3087.0,3092.01570254,3.06147657377,26.6666666667,64.0,0,9.91731964291,0.0,70.5052878966,314.19047619,-692.0
11:27:08,3087.0,3092.01291682,3.06257777679,26.6666666667,232.0,0,9.92088687007,-128.0,73.6730360934,299.428571429,-804.0
11:27:08,3088.0,3092.01068804,3.06308284955,28.5714285714,356.0,0,9.91930974595,-56.0,70.8452041785,311.428571429,-898.0
11:27:09,3088.0,3092.0084605,3.06358781386,28.5714285714,128.0,0,9.92094499306,26.0,73.3258928571,247.714285714,-698.0
11:27:09,3088.0,3092.00623419,3.06409266976,28.5714285714,28.0,0,9.92257988913,0.0,68.7218045113,170.380952381,-328.0
11:27:10,3087.0,3092.00345372,3.06519268119,26.6666666667,88.0,0,9.92935756784,-6.0,43.9732142857,132.19047619,-164.0
11:27:10,3087.0,3092.0006748,3.06629219735,26.6666666667,120.0,0,9.93291933057,62.0,36.1344537815,123.80952381,-102.0
11:27:11,3087.0,3091.99789742,3.06780472794,26.6666666667,456.0,0,9.93781900855,22.0,52.5510204082,208.761904762,48.0
11:27:11,3087.0,3091.99512158,3.06890305683,26.6666666667,62.0,0,9.94137692527,28.0,66.6666666667,170.476190476,132.0
11:27:12,3087.0,3091.99234728,3.07041392432,26.6666666667,18.0,0,9.94627121581,-4.0,71.5025906736,133.619047619,102.0
11:27:12,3087.0,3091.98957453,3.07151106899,26.6666666667,374.0,0,9.94982529636,126.0,52.4150268336,203.714285714,228.0
11:27:13,3086.0,3091.98624791,3.07329144293,25.0,620.0,0,9.95881867445,-140.0,39.8787878788,327.619047619,94.0
11:27:13,3086.0,3091.98292314,3.07507056027,25.0,78.0,0,9.96458379866,-36.0,45.7711442786,271.333333333,-4.0
11:27:14,3086.0,3091.97960022,3.07684842317,25.0,394.0,0,9.97034485796,110.0,44.2432082794,307.333333333,84.0
11:27:14,3087.0,3091.97683454,3.07794272272,26.6666666667,78.0,0,9.97065993753,0.0,41.6133162612,256.0,56.0
11:27:15,3087.0,3091.9740704,3.07903653311,26.6666666667,180.0,0,9.97420321707,100.0,37.3549883991,233.047619048,160.0
11:27:15,3087.0,3091.97130779,3.08012985487,26.6666666667,246.0,0,9.97774491372,-32.0,46.7418546366,221.238095238,2.0
11:27:16,3087.0,3091.96854672,3.08122268851,26.6666666667,536.0,0,9.98128502918,72.0,72.8835978836,298.380952381,214.0
11:27:16,3087.0,3091.96578719,3.08231503455,26.6666666667,48.0,0,9.98482356512,44.0,71.2550607287,240.095238095,294.0
11:27:17,3086.0,3091.96247378,3.08449826592,25.0,48.0,0,9.99513371977,30.0,58.8028169014,183.238095238,214.0
11:27:17,3086.0,3091.95916222,3.08626942288,25.0,200.0,0,10.0008730489,118.0,56.9157392687,186.285714286,332.0
11:27:18,3087.0,3091.95640789,3.08776946892,26.6666666667,12.0,0,10.0024926107,0.0,65.3211009174,129.80952381,232.0
11:27:18,3087.0,3091.95365509,3.0892685618,26.6666666667,182.0,0,10.0073487587,18.0,55.1656920078,129.904761905,282.0
11:27:19,3086.0,3091.95034843,3.09176493555,25.0,86.0,0,10.0186809318,40.0,25.6944444445,105.619047619,250.0
11:27:19,3087.0,3091.947599,3.09326149342,26.6666666667,10.0,0,10.0202834254,2.0,22.3048327138,81.0476190476,208.0
11:27:20,3086.0,3091.94429569,3.09543491031,25.0,134.0,0,10.0305732674,84.0,32.0512820513,93.7142857143,262.0
11:27:20,3086.0,3091.94099422,3.09792482066,25.0,46.0,0,10.0386416742,-18.0,27.6595744681,77.1428571429,126.0
11:27:21,3087.0,3091.93824999,3.09973563937,26.6666666667,106.0,0,10.0412557155,6.0,22.695035461,85.0476190476,132.0
11:27:21,3087.0,3091.93550728,3.10154500279,26.6666666667,482.0,0,10.047116951,-90.0,60.6481481482,195.904761905,24.0
11:27:22,3086.0,3091.93221069,3.10402839613,25.0,214.0,0,10.0584199486,16.0,52.4193548387,215.904761905,0.0
11:27:22,3087.0,3091.92947133,3.10551718074,26.6666666667,372.0,0,10.0599843885,58.0,64.9926144756,274.952380952,56.0
11:27:23,3087.0,3091.9267335,3.1073219857,26.6666666667,106.0,0,10.0658308575,58.0,60.0301659125,240.761904762,30.0
11:27:23,3087.0,3091.92399719,3.10912534592,26.6666666667,426.0,0,10.0716726463,-54.0,46.6588511137,299.333333333,-6.0
11:27:24,3087.0,3091.92126239,3.11061087248,26.6666666667,130.0,0,10.0764848477,-118.0,45.4335260116,255.238095238,-130.0
11:27:24,3086.0,3091.91797371,3.11308467908,25.0,44.0,0,10.0877662964,24.0,29.7213622291,185.428571429,-16.0
11:27:25,3087.0,3091.91524227,3.11488351396,26.6666666667,74.0,0,10.090325604,-14.0,39.2361111111,145.047619048,-46.0
11:27:25,3088.0,3091.91306774,3.11578239337,28.5714285714,32.0,0,10.0899688904,4.0,11.5763546798,99.3333333333,-100.0
11:27:26,3087.0,3091.91033901,3.11757907767,26.6666666667,76.0,0,10.0990575888,38.0,11.253196931,82.380952381,-120.0
11:27:26,3087.0,3091.9076118,3.11937433136,26.6666666667,208.0,0,10.1048731175,-96.0,14.5390070922,104.571428571,-162.0
11:27:27,3087.0,3091.90488611,3.12116815689,26.6666666667,10.0,0,10.1106840197,-2.0,19.8198198198,80.5714285714,-46.0
11:27:27,3087.0,3091.90216193,3.12296055673,26.6666666667,14.0,0,10.1164903036,-2.0,21.7391304348,63.4285714286,-72.0
11:27:28,3088.0,3091.89999466,3.12417055659,28.5714285714,1060.0,0,10.1171326314,382.0,72.4285714285,346.571428571,324.0
11:27:28,3087.0,3091.8972732,3.12596054373,26.6666666667,26.0,0,10.1262084345,-2.0,73.6011477762,287.333333333,318.0
11:27:29,3088.0,3091.89510865,3.12716886465,28.5714285714,34.0,0,10.1268421783,-16.0,77.5147928994,230.666666667,264.0
11:27:29,3088.0,3091.8929453,3.12860131994,28.5714285714,102.0,0,10.1314809584,-50.0,90.3691813804,195.428571429,310.0
11:27:30,3088.0,3091.89078315,3.12980810361,28.5714285714,94.0,0,10.1353889366,32.0,88.2706766917,162.952380952,344.0
11:27:30,3088.0,3091.88862221,3.13101420036,28.5714285714,94.0,0,10.1392946903,42.0,86.8085106383,126.476190476,388.0
11:27:31,3088.0,3091.88646246,3.13190657775,28.5714285714,62.0,0,10.1421845134,-8.0,68.9320388349,77.0476190476,-2.0
11:27:31,3088.0,3091.88430392,3.13311149727,28.5714285714,36.0,43.3333333333,10.1460864549,-14.0,69.1943127962,67.7142857143,-14.0
11:27:32,3087.0,3091.88159117,3.13489421327,30.7692307692,48.0,0,10.1551480832,10.0,68.8073394495,61.3333333333,12.0
11:27:32,3088.0,3091.87943533,3.13632127039,33.3333333333,142.0,0,10.1564807979,-32.0,61.7647058824,81.1428571429,30.0
11:27:33,3088.0,3091.87728068,3.13752368296,33.3333333333,68.0,0,10.160374621,-34.0,64.8888888889,77.9047619048,-36.0
11:27:33,3088.0,3091.87512724,3.13872541364,33.3333333333,10.0,0,10.1642662359,4.0,68.306010929,59.3333333333,-74.0
11:27:34,3088.0,3091.87297499,3.14014974676,33.3333333333,44.0,0,10.1688787136,-36.0,66.6666666667,54.4761904762,-102.0
11:27:34,3088.0,3091.87082393,3.14157304114,33.3333333333,36.0,0,10.1734878275,-28.0,64.367816092,48.1904761905,-116.0
11:27:35,3087.0,3091.86811867,3.14357161767,30.7692307692,50.0,0,10.1832575888,-22.0,58.2857142857,45.9047619048,-148.0
11:27:35,3087.0,3091.86541491,3.14556831113,30.7692307692,628.0,0,10.1897256596,-234.0,18.6602870814,208.666666667,-350.0
11:27:36,3087.0,3091.86271265,3.14756312511,30.7692307692,32.0,0,10.1961876421,-8.0,13.5,178.0,-324.0
11:27:36,3087.0,3091.8600119,3.14968986079,30.7692307692,90.0,0,10.2030769705,-66.0,21.3636363636,165.619047619,-394.0
11:27:37,3087.0,3091.85731264,3.15181428009,30.7692307692,66.0,0,10.2099587952,-34.0,23.5033259424,142.571428571,-392.0
11:27:37,3086.0,3091.85405948,3.15459805504,28.5714285714,62.0,0,10.2222879295,-54.0,26.9396551724,117.333333333,-418.0
11:27:38,3087.0,3091.85136353,3.15658422934,30.7692307692,20.0,0,10.2254105259,-18.0,28.5077951002,78.8571428571,-414.0
11:27:38,3086.0,3091.84811367,3.15936174989,28.5714285714,8.0,0,10.2377244002,0.0,85.6115107914,38.380952381,-180.0
11:27:39,3087.0,3091.84542103,3.16152066035,30.7692307692,18.0,0,10.241401556,-18.0,96.9696969697,30.2857142857,-190.0
11:27:39,3087.0,3091.84272987,3.16367690247,30.7692307692,1312.0,0,10.2483864673,-474.0,27.0524899058,392.571428571,-598.0
11:27:40,3086.0,3091.83948481,3.16648883516,28.5714285714,154.0,0,10.2608192974,-46.0,25.7941550191,365.80952381,-610.0
11:27:40,3087.0,3091.83679696,3.16863913959,30.7692307692,216.0,0,10.2644610936,42.0,23.6111111111,352.571428571,-514.0
11:27:41,3086.0,3091.83355519,3.17144375299,28.5714285714,104.0,0,10.2768754148,-22.0,21.7439293598,300.0,-518.0
11:27:41,3087.0,3091.83087063,3.17354456531,30.7692307692,30.0,0,10.2803516855,12.0,21.919302072,222.285714286,-506.0
11:27:42,3086.0,3091.82763216,3.17616789787,28.5714285714,46.0,0,10.2921837261,-4.0,20.9452201934,148.095238095,-492.0
11:27:42,3087.0,3091.82495088,3.17826383958,30.7692307692,30.0,0,10.29563926,-2.0,28.9655172414,68.0,-20.0
11:27:43,3087.0,3091.8222711,3.18035752659,30.7692307692,110.0,0,10.3024215309,24.0,19.4029850746,71.8095238095,50.0
11:27:43,3086.0,3091.8190374,3.18310276458,28.5714285714,116.0,0,10.3146557504,-80.0,11.0091743119,79.4285714286,-72.0
11:27:44,3086.0,3091.8158055,3.18584445024,28.5714285714,48.0,0,10.3235400202,46.0,11.5789473684,72.380952381,-4.0
11:27:44,3087.0,3091.8131308,3.18793025419,30.7692307692,74.0,0,10.3269525565,44.0,8.01886792455,75.4285714286,28.0
11:27:45,3086.0,3091.80990218,3.19053624455,28.5714285714,44.0,0,10.3387435015,-10.0,8.05687203793,67.8095238095,22.0
11:27:45,3086.0,3091.80667535,3.192923116,28.5714285714,244.0,0,10.3464780169,178.0,3.14465408806,117.428571429,202.0
11:27:46,3086.0,3091.80345032,3.19552344096,28.5714285714,20.0,0,10.3549042157,2.0,6.22710622712,92.8571428571,180.0
11:27:46,3085.0,3091.79967167,3.19885732637,26.6666666667,42.0,0,10.3690675085,-14.0,11.4406779661,78.8571428571,246.0
11:27:47,3086.0,3091.79645053,3.20145095144,28.5714285714,34.0,0,10.3741119619,-6.0,19.2139737991,66.0952380952,194.0
11:27:47,3085.0,3091.79267577,3.20477647956,26.6666666667,34.0,0,10.3882543908,0.0,17.2248803828,54.0,150.0
11:27:48,3085.0,3091.78890311,3.2080973819,26.6666666667,24.0,0,10.3990190661,14.0,21.608040201,40.9523809524,174.0
11:27:48,3086.0,3091.78568794,3.21068065887,28.5714285714,446.0,0,10.4040202815,-118.0,28.3333333333,149.428571429,-122.0
11:27:49,3086.0,3091.78247456,3.21326099456,28.5714285714,124.0,0,10.4123817063,12.0,26.1363636364,156.285714286,-112.0
11:27:49,3086.0,3091.77926297,3.21583839605,28.5714285714,48.0,0,10.420733623,-6.0,25.0704225352,136.476190476,-104.0
11:27:50,3086.0,3091.77605316,3.21819978816,28.5714285714,40.0,0,10.4283855741,12.0,24.5810055866,114.095238095,-86.0
11:27:50,3086.0,3091.77284513,3.22077165625,28.5714285714,10.0,0,10.4367195601,-4.0,28.323699422,82.8571428571,-90.0
11:27:51,3086.0,3091.76963889,3.22334061051,28.5714285714,38.0,0,10.445044104,0.0,27.4787535411,60.7619047619,-104.0
11:27:51,3086.0,3091.76643442,3.22569447734,28.5714285714,8.0,0,10.4526716699,0.0,43.2835820896,29.4285714286,14.0
11:27:52,3085.0,3091.76267634,3.2289860045,26.6666666667,168.0,0,10.4667293501,-130.0,74.358974359,64.6666666667,-128.0
11:27:52,3085.0,3091.75892034,3.23206155783,26.6666666667,108.0,0,10.4766987288,-20.0,82.7956989247,80.6666666667,-142.0
11:27:53,3085.0,3091.75516642,3.23513332868,26.6666666667,64.0,0,10.4866558466,-38.0,72.2222222222,81.2380952381,-192.0
11:27:53,3085.0,3091.7514146,3.23820132782,26.6666666667,216.0,0,10.4966007385,-22.0,80.73089701,124.095238095,-210.0
11:27:54,3085.0,3091.74766485,3.24126556597,26.6666666667,312.0,0,10.5065334391,-8.0,80.8219178082,184.571428571,-218.0
11:27:54,3086.0,3091.74447259,3.24381229572,28.5714285714,68.0,0,10.511381386,-24.0,78.6324786325,162.285714286,-242.0
11:27:55,3086.0,3091.7412821,3.24635617194,28.5714285714,56.0,0,10.519624666,28.0,72.3300970874,133.714285714,-84.0
11:27:55,3086.0,3091.73809339,3.24868766239,28.5714285714,88.0,0,10.5271797226,-34.0,69.6517412935,119.619047619,-98.0
11:27:56,3085.0,3091.73435104,3.25194794425,26.6666666667,78.0,0,10.5411602731,-2.0,67.7261613692,103.619047619,-62.0
11:27:56,3086.0,3091.73116618,3.25448290065,28.5714285714,36.0,0,10.5459588485,20.0,54.8589341693,74.9523809524,-20.0
11:27:57,3085.0,3091.72742768,3.25752670701,26.6666666667,32.0,0,10.5592437829,-2.0,31.2849162011,53.7142857143,-14.0
11:27:57,3086.0,3091.72424666,3.26005562135,28.5714285714,76.0,0,10.5640169195,-26.0,30.0546448087,58.380952381,-16.0
11:27:58,3085.0,3091.720512,3.26309252696,26.6666666667,12.0,0,10.5772853386,2.0,31.6770186335,44.380952381,-42.0
11:27:58,3085.0,3091.71677942,3.26633330451,26.6666666667,110.0,0,10.5877902902,62.0,14.5348837209,60.4761904762,54.0
11:27:59,3085.0,3091.71304891,3.26956971345,26.6666666667,64.0,0,10.5982810809,-58.0,28.4848484849,62.380952381,-2.0
11:27:59,3085.0,3091.70932048,3.27259496085,26.6666666667,56.0,0,10.6080873934,-48.0,27.4285714286,62.6666666667,-70.0
11:28:00,3085.0,3091.70559411,3.27561656622,26.6666666667,530.0,0,10.6178819002,-176.0,13.4433962264,197.428571429,-244.0
11:28:00,3085.0,3091.70186982,3.27863453963,26.6666666667,710.0,0,10.6276646341,310.0,5.9379217274,359.904761905,92.0
11:28:01,3085.0,3091.69814759,3.28185470324,26.6666666667,718.0,0,10.6381027658,58.0,4.20475319927,494.476190476,148.0
11:28:01,3085.0,3091.69442743,3.2850705594,26.6666666667,214.0,0,10.6485269349,-138.0,10.1221640489,451.428571429,-52.0
11:28:02,3085.0,3091.69070934,3.28807703944,26.6666666667,178.0,0,10.6582724131,-134.0,13.5494596841,393.142857143,-128.0
11:28:02,3084.0,3091.68643791,3.29187541532,25.0,296.0,0,10.6740447968,-216.0,18.5941043084,363.142857143,-296.0
11:28:03,3084.0,3091.68216885,3.29587254741,25.0,790.0,0,10.687005666,-614.0,17.756366139,462.857142857,-734.0
11:28:03,3084.0,3091.67790216,3.29965949422,25.0,526.0,0,10.6992850007,-164.0,20.3526818516,474.761904762,-1208.0
11:28:04,3084.0,3091.67363785,3.30344095529,25.0,76.0,0,10.7115465476,28.0,27.3076923077,366.857142857,-1238.0
11:28:04,3084.0,3091.6693759,3.30692986137,25.0,90.0,0,10.7228594727,50.0,21.7791411043,293.523809524,-1050.0
11:28:05,3084.0,3091.66511632,3.31070089741,25.0,398.0,0,10.735087216,284.0,30.4227941176,314.095238095,-632.0
11:28:05,3085.0,3091.6614145,3.31367741711,26.6666666667,116.0,0,10.7412558091,-44.0,28.2565130261,243.619047619,-460.0
11:28:06,3085.0,3091.65771475,3.31665042803,26.6666666667,372.0,0,10.7508927975,-136.0,53.865652725,254.857142857,18.0
11:28:06,3085.0,3091.65401704,3.31961993957,26.6666666667,50.0,0,10.7605184427,4.0,73.1397459165,194.0,186.0
11:28:07,3085.0,3091.65032139,3.32258596114,26.6666666667,62.0,0,10.7701327752,-40.0,72.6102941177,159.238095238,118.0
11:28:07,3085.0,3091.6466278,3.32554850205,26.6666666667,42.0,0,10.7797358251,-24.0,76.3461538462,119.428571429,44.0
11:28:08,3085.0,3091.64293625,3.32870835393,26.6666666667,30.0,0,10.7899784568,-12.0,63.3928571429,78.4761904762,-252.0
11:28:08,3085.0,3091.63924676,3.33186407434,26.6666666667,62.0,0,10.8002076964,-12.0,59.2233009709,64.1904761905,-220.0
11:28:09,3085.0,3091.63555931,3.335015675,26.6666666667,106.0,0,10.8104235818,-80.0,17.0454545455,65.0476190476,-164.0
11:28:09,3085.0,3091.63187391,3.33796343941,26.6666666667,194.0,0,10.8199787339,-160.0,33.8709677419,103.714285714,-328.0
11:28:10,3085.0,3091.62819056,3.3409077715,26.6666666667,358.0,0,10.8295227601,-222.0,20.7070707071,182.380952381,-510.0
11:28:10,3085.0,3091.62450925,3.34404778009,26.6666666667,40.0,0,10.83970107,-8.0,20.5063291139,156.095238095,-494.0
11:28:11,3086.0,3091.62138539,3.34628814768,28.5714285714,232.0,0,10.8434483074,184.0,17.9435483871,184.761904762,-298.0
11:28:11,3085.0,3091.61770787,3.34922267331,26.6666666667,248.0,0,10.8564754402,0.0,33.6162988115,208.380952381,-286.0
11:28:12,3085.0,3091.61403239,3.35235199358,26.6666666667,136.0,0,10.866619104,106.0,31.1258278146,191.142857143,-100.0
11:28:12,3086.0,3091.61091434,3.35478265565,28.5714285714,34.0,0,10.8709742568,4.0,28.0534351145,143.333333333,64.0
11:28:13,3085.0,3091.60724263,3.35770713765,26.6666666667,18.0,0,10.8839777558,-4.0,42.0903954802,98.5714285714,282.0
11:28:13,3085.0,3091.60357296,3.36062824814,26.6666666667,24.0,0,10.8934465094,-2.0,44.2196531792,71.7142857143,288.0
11:28:14,3085.0,3091.59990533,3.36374294343,26.6666666667,88.0,0,10.9035427664,12.0,55.8394160584,63.9047619048,116.0
11:28:14,3085.0,3091.59623973,3.36685363434,26.6666666667,184.0,0,10.9136260432,-118.0,18.5950413223,90.380952381,-2.0
11:28:15,3086.0,3091.59313158,3.36907311089,28.5714285714,42.0,0,10.9172816296,8.0,32.8205128205,79.3333333333,-100.0
11:28:15,3085.0,3091.58946974,3.37198094277,26.6666666667,168.0,0,10.9302461678,-22.0,24.427480916,108.761904762,-126.0
11:28:16,3085.0,3091.58580994,3.37508116043,26.6666666667,114.0,0,10.9402954957,-2.0,25.4838709677,116.380952381,-124.0
11:28:16,3085.0,3091.58215217,3.37798203878,26.6666666667,192.0,0,10.949698667,-56.0,22.3350253807,141.714285714,-178.0
11:28:17,3086.0,3091.57905184,3.38038660219,28.5714285714,62.0,0,10.9539423272,18.0,26.2467191601,121.904761905,-172.0
11:28:17,3086.0,3091.57595323,3.3825937775,28.5714285714,108.0,0,10.961094548,-80.0,42.2740524781,116.476190476,-134.0
11:28:18,3086.0,3091.57285634,3.38479894364,28.5714285714,596.0,0,10.9682402581,-220.0,67.9032258064,254.095238095,-362.0
11:28:18,3086.0,3091.56976116,3.38700210454,28.5714285714,32.0,0,10.9753794703,10.0,73.9130434783,204.19047619,-330.0
11:28:19,3086.0,3091.56666771,3.38920326411,28.5714285714,276.0,0,10.9825121974,34.0,63.3491311216,230.476190476,-294.0
11:28:19,3086.0,3091.56357598,3.39140242623,28.5714285714,130.0,0,10.9896384518,-2.0,64.1196013289,207.333333333,-240.0
11:28:20,3087.0,3091.56104136,3.39299658838,30.7692307692,20.0,0,10.9912425927,10.0,62.47848537,155.714285714,-248.0
11:28:20,3087.0,3091.55850815,3.39458963819,30.7692307692,10.0,0,10.996403104,4.0,58.8345864662,103.238095238,-164.0
11:28:21,3086.0,3091.55542095,3.39697713071,28.5714285714,36.0,0,11.0077029511,30.0,7.53968253969,62.8571428571,86.0
11:28:21,3086.0,3091.55233546,3.39936212925,28.5714285714,132.0,38.7096774194,11.0154313975,86.0,27.1523178808,76.5714285714,162.0
11:28:22,3086.0,3091.54925169,3.40155188802,23.0769230769,144.0,0,11.0225271809,-44.0,34.7457627119,88.9523809524,84.0
11:28:22,3086.0,3091.54616963,3.4037396713,23.0769230769,46.0,0,11.0296165629,18.0,46.9072164949,79.619047619,104.0
11:28:23,3086.0,3091.54308928,3.4059254829,23.0769230769,522.0,0,11.0366995557,312.0,19.7752808989,210.285714286,406.0
11:28:23,3086.0,3091.54001064,3.40810932661,23.0769230769,46.0,0,11.0437761718,12.0,22.6781857451,181.047619048,414.0
11:28:24,3086.0,3091.53693371,3.41048301085,23.0769230769,364.0,0,11.0514679548,2.0,43.5406698565,240.952380952,386.0
11:28:24,3086.0,3091.53385849,3.41266269453,23.0769230769,190.0,0,11.0585310905,-4.0,46.493902439,235.523809524,296.0
11:28:25,3086.0,3091.53078498,3.41484042204,23.0769230769,92.0,0,11.0655878874,-84.0,54.126984127,199.333333333,256.0
11:28:25,3086.0,3091.52771317,3.41701619712,23.0769230769,78.0,0,11.0726383575,-34.0,57.2755417957,161.619047619,204.0
11:28:26,3086.0,3091.52464307,3.41919002348,23.0769230769,32.0,0,11.0796825129,-10.0,95.0124688279,109.238095238,-118.0
11:28:26,3086.0,3091.52157468,3.42155250256,23.0769230769,136.0,0,11.0873379863,-56.0,98.2062780269,109.904761905,-186.0
11:28:27,3086.0,3091.51850799,3.42372220915,23.0769230769,0.0,0,11.0943687918,0.0,0,67.4285714286,-188.0
11:28:27,3086.0,3091.515443,3.42588997854,23.0769230769,10.0,0,11.10139332,-4.0,98.8505747126,45.1428571429,-188.0
11:28:28,3086.0,3091.51237972,3.4280558144,23.0769230769,4.0,0,11.1084115826,-2.0,96.9230769231,29.7142857143,-106.0
11:28:28,3087.0,3091.50987354,3.42962510999,28.5714285714,48.0,0,11.1098966958,-12.0,89.5652173913,31.0476190476,-84.0
11:28:29,3086.0,3091.50681335,3.43178757679,23.0769230769,18.0,0,11.1205041374,6.0,85.1851851852,25.2380952381,-68.0
11:28:29,3087.0,3091.50431026,3.43335435763,28.5714285714,162.0,0,11.121977187,-6.0,26.4462809918,61.2380952381,-18.0
11:28:30,3086.0,3091.50125316,3.43524352426,23.0769230769,60.0,0,11.1317029302,-30.0,33.1125827815,66.8571428571,-48.0
11:28:30,3087.0,3091.49875316,3.43680801116,28.5714285714,52.0,0,11.1331649211,-44.0,31.3953488372,67.3333333333,-88.0
11:28:31,3087.0,3091.49625454,3.43837142714,28.5714285714,56.0,0,11.1382294368,-20.0,36.3636363636,66.9523809524,-106.0
11:28:31,3086.0,3091.49320192,3.44052604182,23.0769230769,52.0,0,11.1488206151,-2.0,29.0,62.9523809524,-96.0
11:28:32,3087.0,3091.49070639,3.44208696205,28.5714285714,44.0,0,11.1502655071,10.0,30.5164319249,56.4761904762,-92.0
11:28:32,3087.0,3091.48821224,3.44364681625,28.5714285714,46.0,0,11.1553184848,-16.0,38.7096774194,49.3333333333,-102.0
11:28:33,3085.0,3091.48460868,3.44646822267,21.4285714286,16.0,0,11.1716960216,-6.0,33.4586466166,39.1428571429,-78.0
11:28:33,3086.0,3091.48156252,3.4486156531,23.0769230769,38.0,0,11.1750345208,0.0,45.6349206349,37.3333333333,-34.0
11:28:34,3086.0,3091.47851805,3.450948597,23.0769230769,6.0,0,11.1825942871,4.0,42.0792079208,27.0476190476,-10.0
11:28:34,3086.0,3091.47547528,3.4528243829,23.0769230769,6.0,0,11.1886726601,2.0,55.7692307692,19.1428571429,-6.0
11:28:35,3085.0,3091.47187879,3.45563548273,21.4285714286,190.0,0,11.2014116134,116.0,84.4370860927,66.0,100.0
11:28:35,3085.0,3091.4682843,3.45817652478,21.4285714286,18.0,0,11.2096483785,2.0,88.6861313868,56.7619047619,118.0
11:28:36,3086.0,3091.46524721,3.46031379036,23.0769230769,54.0,0,11.2129416408,8.0,84.6153846154,59.1428571429,132.0
11:28:36,3086.0,3091.4622118,3.46218271934,23.0769230769,42.0,0,11.2189977944,16.0,81.0126582278,56.2857142857,148.0
11:28:37,3085.0,3091.45862268,3.46498355464,21.4285714286,126.0,0,11.2317133052,22.0,58.2568807339,77.2380952381,166.0
11:28:37,3085.0,3091.45503556,3.46751552107,21.4285714286,52.0,0,11.2399206518,-2.0,60.9958506224,71.3333333333,162.0
11:28:38,3086.0,3091.45200582,3.46964481007,23.0769230769,48.0,0,11.2431782569,-22.0,35.2941176471,62.0952380952,24.0
11:28:38,3085.0,3091.44842237,3.47217226631,21.4285714286,80.0,0,11.2550154499,16.0,33.3333333333,68.7619047619,38.0
11:28:39,3085.0,3091.44484091,3.47469732895,21.4285714286,62.0,0,11.263200418,-4.0,38.5365853659,67.3333333333,26.0
11:28:39,3086.0,3091.44181684,3.47655586228,23.0769230769,104.0,0,11.2655731117,2.0,49.5762711864,77.5238095238,12.0
11:28:40,3086.0,3091.43879444,3.47841304768,23.0769230769,20.0,0,11.2715912109,4.0,67.7595628415,60.7619047619,-6.0
11:28:40,3085.0,3091.43521833,3.48093214244,21.4285714286,812.0,0,11.2834105103,-764.0,19.0053285968,275.333333333,-768.0
11:28:41,3086.0,3091.4321996,3.48305012804,23.0769230769,574.0,0,11.2866173948,-374.0,12.8329297821,385.714285714,-1120.0
11:28:41,3085.0,3091.42862715,3.48582835285,21.4285714286,938.0,0,11.2992815327,-130.0,7.33067729082,575.047619048,-1266.0
11:28:42,3085.0,3091.42505668,3.48834032312,21.4285714286,200.0,0,11.307424062,-40.0,10.7250755287,512.666666667,-1302.0
11:28:42,3085.0,3091.4214882,3.49084993321,21.4285714286,18.0,0,11.3155589407,-8.0,7.57220921154,391.714285714,-1312.0
11:28:43,3085.0,3091.4179217,3.49361983514,21.4285714286,202.0,0,11.3245375531,2.0,6.63265306121,327.428571429,-1314.0
11:28:43,3085.0,3091.41435717,3.49638674823,21.4285714286,126.0,0,11.3335064772,80.0,9.42662779397,232.761904762,-470.0
11:28:44,3085.0,3091.41079463,3.49888871247,21.4285714286,220.0,0,11.341616572,-68.0,13.1455399061,197.619047619,-164.0
11:28:44,3085.0,3091.40723407,3.50138833796,21.4285714286,28.0,0,11.3497190858,-10.0,30.9823677582,124.476190476,-44.0
11:28:45,3085.0,3091.40367548,3.50414700307,21.4285714286,410.0,0,11.3586612741,-44.0,47.8087649402,203.80952381,-48.0
11:28:45,3084.0,3091.39956347,3.507377927,20.0,60.0,0,11.372820775,-2.0,49.3307839388,173.142857143,-42.0
11:28:46,3085.0,3091.39600915,3.50986963811,21.4285714286,30.0,0,11.3772111446,12.0,61.3272311213,131.904761905,-32.0
11:28:46,3085.0,3091.39245679,3.51235903236,21.4285714286,126.0,0,11.3852804939,-58.0,61.3272311213,126.285714286,-170.0
11:28:47,3085.0,3091.38890641,3.51484611468,21.4285714286,14.0,0,11.393342349,2.0,76.6467065868,88.6666666667,-100.0
11:28:47,3085.0,3091.38535801,3.51759067201,21.4285714286,166.0,0,11.4022388072,92.0,65.5086848635,104.285714286,2.0
11:28:48,3084.0,3091.38125617,3.52080570885,20.0,22.0,0,11.4163609237,-8.0,34.4497607656,72.1904761905,38.0
11:28:48,3084.0,3091.37715661,3.52427602889,20.0,32.0,0,11.4276135826,14.0,28.717948718,61.4285714286,54.0
11:28:49,3085.0,3091.37361473,3.52701075432,21.4285714286,208.0,0,11.43277392,112.0,26.7605633803,102.285714286,154.0
11:28:49,3084.0,3091.36951942,3.53047298618,20.0,26.0,0,11.4477074779,20.0,28.6324786325,82.6666666667,232.0
11:28:50,3085.0,3091.36598178,3.53320121172,21.4285714286,40.0,0,11.4528402325,16.0,30.7692307692,71.8095238095,246.0
11:28:50,3084.0,3091.3618907,3.5363978674,20.0,56.0,0,11.466919155,36.0,40.1041666667,64.2857142857,190.0
11:28:51,3084.0,3091.3578019,3.53959085136,20.0,110.0,0,11.4772725401,20.0,39.8305084746,77.4285714286,218.0
11:28:51,3085.0,3091.35427077,3.54205282209,21.4285714286,248.0,0,11.4815326486,84.0,56.1046511628,125.80952381,288.0
11:28:52,3084.0,3091.35018619,3.54523927652,20.0,246.0,0,11.4955877968,-146.0,44.9035812672,163.333333333,30.0
11:28:52,3085.0,3091.34665929,3.5479523633,21.4285714286,30.0,0,11.5006559588,12.0,44.6575342466,137.333333333,22.0
11:28:53,3084.0,3091.34257895,3.55138779168,20.0,26.0,0,11.5155246164,2.0,43.8547486033,110.0,8.0
11:28:53,3084.0,3091.33850087,3.55456340324,20.0,64.0,0,11.5258216707,-2.0,39.226519337,94.1904761905,-30.0
11:28:54,3085.0,3091.33498046,3.55701175692,21.4285714286,22.0,0,11.5300219025,4.0,41.1949685535,66.0,-46.0
11:28:54,3085.0,3091.331462,3.5597127498,21.4285714286,12.0,0,11.5387771468,2.0,14.0,39.1428571429,-128.0
11:28:55,3085.0,3091.3279455,3.56215637286,21.4285714286,50.0,0,11.5466981292,26.0,42.1568627451,34.380952381,44.0
11:28:55,3084.0,3091.32387555,3.56531953618,20.0,12.0,0,11.5606988851,0.0,47.311827957,28.0952380952,32.0
11:28:56,3084.0,3091.31980786,3.56873294898,20.0,100.0,0,11.57176702,-16.0,32.3076923077,47.8095238095,14.0
11:28:56,3084.0,3091.31574243,3.57214204161,20.0,240.0,0,11.5828211466,-46.0,57.7981651376,104.0,-30.0
11:28:57,3085.0,3091.31223466,3.57457446962,21.4285714286,258.0,0,11.5869512792,-76.0,70.2380952381,156.952380952,-110.0
11:28:57,3085.0,3091.30872884,3.57725754284,21.4285714286,178.0,0,11.5956484371,-66.0,57.2792362768,175.80952381,-178.0
11:28:58,3085.0,3091.30522496,3.57993782922,21.4285714286,764.0,0,11.6043365615,302.0,28.7371134021,354.19047619,98.0
11:28:58,3086.0,3091.30227843,3.58197541023,23.0769230769,214.0,0,11.6071789055,100.0,26.4538198404,341.428571429,198.0
11:28:59,3085.0,3091.29877814,3.58465074835,21.4285714286,160.0,0,11.6196134468,48.0,30.8710033076,303.619047619,262.0
11:28:59,3085.0,3091.29527979,3.58732331694,21.4285714286,156.0,0,11.6282765541,146.0,22.1965317919,261.80952381,454.0
11:29:00,3085.0,3091.29178338,3.58999312218,21.4285714286,76.0,0,11.636930704,18.0,14.7286821705,201.142857143,548.0
11:29:00,3084.0,3091.28773352,3.59337498043,20.0,186.0,0,11.6516698458,-22.0,21.3367609255,180.571428571,592.0
11:29:01,3084.0,3091.2836859,3.5969258887,20.0,836.0,0,11.6631838155,220.0,21.4987714988,345.333333333,510.0
11:29:01,3084.0,3091.27964053,3.6002989845,20.0,246.0,0,11.6741212208,-114.0,19.6385542169,338.095238095,296.0
11:29:02,3083.0,3091.27504201,3.60445707458,18.75,406.0,0,11.6913949873,-118.0,33.8929695698,375.047619048,130.0
11:29:02,3084.0,3091.27100144,3.60782088355,20.0,1190.0,0,11.6985112956,-186.0,47.074829932,624.285714286,-202.0
11:29:03,3084.0,3091.26696312,3.61118051215,20.0,222.0,0,11.7094050329,-182.0,42.7738172391,547.714285714,-402.0
11:29:03,3083.0,3091.26237164,3.6153223308,18.75,84.0,0,11.7266374661,8.0,41.018766756,424.761904762,-372.0
11:29:04,3083.0,3091.2577827,3.61945804551,18.75,88.0,0,11.7400520451,-28.0,54.740608229,307.80952381,-620.0
11:29:04,3084.0,3091.25375172,3.62280345328,20.0,288.0,0,11.7470929095,12.0,67.3397717296,283.619047619,-494.0
11:29:05,3084.0,3091.24972298,3.62614473198,20.0,150.0,0,11.7579271465,-84.0,55.7863501484,218.0,-460.0
11:29:05,3084.0,3091.24569647,3.62965218719,20.0,544.0,0,11.7693002179,-42.0,28.3430232558,277.142857143,-316.0
11:29:06,3084.0,3091.2416722,3.63315489708,20.0,278.0,0,11.7806579023,98.0,28.9106145251,291.047619048,-36.0
11:29:06,3084.0,3091.23765017,3.63648324851,20.0,34.0,0,11.7914502221,24.0,28.509406657,232.571428571,-20.0
11:29:07,3084.0,3091.23363037,3.63980751763,20.0,82.0,0,11.8022293049,34.0,27.0348837209,190.19047619,42.0
11:29:07,3084.0,3091.2296128,3.64312771564,20.0,294.0,0,11.8129951869,198.0,25.3256150507,208.666666667,228.0
11:29:08,3084.0,3091.22559747,3.64644385364,20.0,96.0,0,11.8237479042,-50.0,32.8313253012,170.285714286,262.0
11:29:08,3084.0,3091.22158436,3.64992436079,20.0,438.0,0,11.8350335953,-186.0,68.5761047463,232.19047619,118.0
11:29:09,3085.0,3091.21812888,3.65253167739,21.4285714286,50.0,0,11.8396488732,26.0,77.0623742455,188.285714286,46.0
11:29:09,3084.0,3091.21411993,3.65583618266,20.0,40.0,0,11.8542029269,22.0,76.6,152.380952381,44.0
11:29:10,3084.0,3091.2101132,3.65913667042,20.0,620.0,0,11.8649048976,-168.0,50.5851755527,281.904761905,-158.0
11:29:10,3084.0,3091.20610869,3.66243315154,20.0,344.0,0,11.8755938766,324.0,31.7380352645,306.952380952,-32.0
11:29:11,3084.0,3091.20210641,3.66589258454,20.0,226.0,0,11.8868112339,-74.0,33.5273573923,295.904761905,-56.0
11:29:11,3085.0,3091.19866175,3.668484135,21.4285714286,94.0,38.7096774194,11.8913586224,88.0,13.1004366812,240.952380952,218.0
11:29:12,3084.0,3091.1946636,3.67176913493,20.0,78.0,0,11.9058661963,-36.0,16.119828816,197.80952381,156.0
11:29:12,3084.0,3091.19066768,3.67505016973,20.0,214.0,0,11.9165050899,-124.0,15.4822335025,192.19047619,10.0
11:29:13,3084.0,3091.18667397,3.67849303845,20.0,38.0,0,11.9276687369,-34.0,27.1629778672,128.0,144.0
11:29:13,3083.0,3091.18212708,3.68253484516,18.75,82.0,0,11.9446475678,-32.0,45.3551912568,104.095238095,-212.0
11:29:14,3084.0,3091.17813812,3.68580292608,20.0,108.0,0,11.9513713556,-86.0,31.2703583062,100.095238095,-224.0
11:29:14,3084.0,3091.17415137,3.68923191176,20.0,44.0,0,11.9624899863,-34.0,37.2340425532,83.4285714286,-346.0
11:29:15,3084.0,3091.17016684,3.69249187123,20.0,64.0,0,11.9730605423,-24.0,43.2727272727,74.8571428571,-334.0
11:29:15,3084.0,3091.16618452,3.69574793212,20.0,514.0,0,11.9836184569,-476.0,29.6470588235,195.523809524,-686.0
11:29:16,3084.0,3091.16220441,3.69900010472,20.0,338.0,0,11.9941637637,-234.0,33.7391304348,251.619047619,-886.0
11:29:16,3084.0,3091.15822652,3.70241203287,20.0,116.0,0,12.0052270845,-74.0,33.7837837838,230.0,-928.0
11:29:17,3084.0,3091.15425083,3.70565617055,20.0,48.0,0,12.0157463377,-20.0,33.2740213523,187.333333333,-862.0
11:29:17,3084.0,3091.15027735,3.70905947947,20.0,192.0,0,12.0267817103,-130.0,41.8238993711,188.666666667,-958.0
11:29:18,3084.0,3091.14630607,3.71229562558,20.0,518.0,0,12.0372750505,28.0,29.4322132097,276.095238095,-906.0
11:29:18,3084.0,3091.14233701,3.71569036131,20.0,108.0,0,12.0482826242,74.0,40.303030303,224.761904762,-356.0
11:29:19,3084.0,3091.13837014,3.71908067054,20.0,122.0,0,12.0592758448,-40.0,42.5724637681,196.761904762,-162.0
11:29:19,3083.0,3091.13385008,3.72306349324,18.75,168.0,0,12.0761060436,-86.0,42.7335640139,192.19047619,-174.0
11:29:20,3083.0,3091.12933253,3.7270407348,18.75,260.0,0,12.0890066001,242.0,35.3801169591,211.428571429,88.0
11:29:20,3084.0,3091.12537289,3.73041675716,20.0,60.0,0,12.0960335835,-6.0,26.6990291262,163.428571429,212.0
11:29:21,3084.0,3091.12141545,3.73378840439,20.0,130.0,0,12.1069662918,0.0,41.5094339623,141.714285714,184.0
11:29:21,3084.0,3091.11746021,3.73715568834,20.0,440.0,0,12.1178848519,250.0,33.8983050847,227.047619048,360.0
11:29:22,3084.0,3091.11350716,3.74035842839,20.0,20.0,0,12.1282698716,4.0,28.7569573284,176.571428571,404.0
11:29:22,3084.0,3091.10955631,3.74355741843,20.0,90.0,0,12.1386427316,8.0,23.0,150.952380952,498.0
11:29:23,3083.0,3091.10505225,3.74766491084,18.75,1668.0,0,12.1559030517,874.0,9.46843853821,579.904761905,1130.0
11:29:23,3083.0,3091.10055069,3.75185139483,18.75,778.0,0,12.1694823056,12.0,30.7741522713,687.523809524,1148.0
11:29:24,3083.0,3091.09605164,3.75594630405,18.75,90.0,0,12.1827645282,-26.0,32.1451717434,564.380952381,1122.0
11:29:24,3083.0,3091.09155508,3.76011966869,18.75,412.0,0,12.1963012283,114.0,30.6082406802,535.142857143,986.0
11:29:25,3083.0,3091.08706102,3.76428635663,18.75,118.0,0,12.2098162719,-14.0,29.9746514575,423.238095238,968.0
11:29:25,3083.0,3091.08256946,3.76844639002,18.75,332.0,0,12.2233097308,90.0,26.8393172454,367.80952381,1050.0
11:29:26,3083.0,3091.07808039,3.77251610703,18.75,122.0,0,12.2365102401,-12.0,54.3196544276,240.857142857,164.0
11:29:26,3083.0,3091.07359381,3.7765797835,18.75,146.0,0,12.2496911563,-72.0,32.6229508197,194.380952381,80.0
11:29:27,3083.0,3091.06910973,3.78072057563,18.75,66.0,0,12.2631222044,-56.0,27.7591973244,155.142857143,50.0
11:29:27,3082.0,3091.06407273,3.78567145079,17.6470588235,272.0,0,12.2831649928,-84.0,37.1212121212,175.904761905,-148.0
11:29:28,3083.0,3091.05959394,3.78971552362,18.75,744.0,0,12.2922981629,298.0,31.9857312723,338.19047619,164.0
11:29:28,3082.0,3091.05456223,3.79456798847,17.6470588235,354.0,0,12.3120311112,128.0,33.5680751174,359.238095238,202.0
11:29:29,3083.0,3091.05008871,3.7986810475,18.75,406.0,0,12.3213786815,-90.0,31.2877263582,394.095238095,124.0
11:29:29,3082.0,3091.04506228,3.80359961901,17.6470588235,130.0,0,12.3413355581,-8.0,25.0507099392,336.571428571,188.0
11:29:30,3083.0,3091.04059404,3.80769866662,18.75,226.0,0,12.3506281759,0.0,28.6116322702,307.238095238,244.0
11:29:30,3082.0,3091.03557289,3.81260092965,17.6470588235,66.0,0,12.3705416277,36.0,26.5835929387,224.571428571,364.0
11:29:31,3083.0,3091.03110992,3.81660536907,18.75,122.0,0,12.3795179016,-24.0,32.5153374233,167.714285714,42.0
11:29:31,3082.0,3091.02609403,3.82141137233,17.6470588235,46.0,0,12.3991283982,-6.0,40.9638554217,118.761904762,-92.0
11:29:32,3082.0,3091.02108092,3.82620932226,17.6470588235,106.0,0,12.4146960489,-28.0,42.816091954,101.619047619,-30.0
11:29:32,3083.0,3091.01662601,3.83019427633,18.75,116.0,0,12.4235947984,-40.0,49.2668621701,101.619047619,-62.0
11:29:33,3083.0,3091.01217356,3.83417345866,18.75,264.0,0,12.4365016499,94.0,33.8888888889,144.571428571,32.0
11:29:33,3082.0,3091.00716819,3.83894983068,17.6470588235,230.0,0,12.4560344928,-14.0,42.0814479638,176.0,-18.0
11:29:34,3083.0,3091.002721,3.84276520808,18.75,668.0,0,12.4643697959,288.0,54.1258741259,324.761904762,294.0
11:29:34,3083.0,3090.99827628,3.84672651239,18.75,84.0,0,12.4772186584,22.0,52.8610354223,280.666666667,322.0
11:29:35,3083.0,3090.99383402,3.85068211851,18.75,276.0,0,12.4900490383,226.0,46.7643467644,289.619047619,576.0
11:29:35,3083.0,3090.98939424,3.85463204398,18.75,176.0,0,12.5028609925,60.0,41.3427561838,261.904761905,676.0
11:29:36,3083.0,3090.98495692,3.85857630624,18.75,122.0,0,12.5156545775,12.0,44.087403599,215.904761905,594.0
11:29:36,3084.0,3090.98107746,3.8617898684,20.0,22.0,0,12.5220164345,4.0,41.0979228487,148.095238095,612.0
11:29:37,3083.0,3090.97664476,3.86572377353,18.75,106.0,0,12.5388380588,-50.0,12.4681933842,114.19047619,274.0
11:29:37,3083.0,3090.97221452,3.8696520643,18.75,88.0,0,12.5515798388,-80.0,10.3797468355,101.904761905,172.0
11:29:38,3083.0,3090.96778675,3.87357475781,18.75,44.0,0,12.5643034635,-16.0,11.1111111111,76.8571428571,-70.0
11:29:38,3083.0,3090.96336143,3.87749187103,18.75,82.0,0,12.5770089881,-68.0,27.5862068966,73.7142857143,-198.0
11:29:39,3083.0,3090.95893857,3.88147988673,18.75,74.0,0,12.5899444915,-34.0,30.2884615385,72.7619047619,-244.0
11:29:39,3083.0,3090.95451816,3.88538563437,18.75,648.0,0,12.6026131507,178.0,12.2840690979,238.095238095,-70.0
11:29:40,3083.0,3090.95010021,3.88936178672,18.75,12.0,0,12.6155101743,6.0,10.1265822785,191.904761905,-14.0
11:29:40,3084.0,3090.94624012,3.89261404917,20.0,64.0,0,12.62196514,-36.0,15.8008658009,165.047619048,30.0
11:29:41,3084.0,3090.94238217,3.89578654161,20.0,646.0,0,12.6322520804,-470.0,32.50327654,305.619047619,-424.0
11:29:41,3083.0,3090.93797096,3.89967154956,18.75,140.0,0,12.6489508581,-98.0,34.9747474748,272.952380952,-454.0
11:29:42,3084.0,3090.9341176,3.90291059481,20.0,822.0,0,12.6553521233,300.0,58.7478559177,432.380952381,-120.0
11:29:42,3084.0,3090.93026638,3.90614535415,20.0,38.0,0,12.6658409668,-30.0,79.4425087108,332.19047619,-328.0
11:29:43,3084.0,3090.9264173,3.9093013391,20.0,66.0,0,12.676074381,-50.0,76.9144144144,269.047619048,-384.0
11:29:43,3085.0,3090.92312576,3.91188548797,21.4285714286,94.0,0,12.6803419383,-58.0,75.5260243632,211.333333333,-406.0
11:29:44,3084.0,3090.91928065,3.91503432297,20.0,172.0,0,12.6946638228,-40.0,79.1291291291,174.476190476,24.0
11:29:44,3084.0,3090.91543767,3.91825322476,20.0,84.0,0,12.7051012476,-28.0,75.078369906,135.047619048,94.0
11:29:45,3085.0,3090.91215223,3.92075388592,21.4285714286,22.0,0,12.7090887712,-8.0,30.6722689076,80.5714285714,-214.0
11:29:45,3084.0,3090.90831321,3.9238918287,20.0,168.0,0,12.7233846586,-124.0,23.7623762376,105.904761905,-308.0
11:29:46,3084.0,3090.90447633,3.92702600656,20.0,202.0,0,12.7335473624,-74.0,23.7196765499,134.761904762,-332.0
11:29:46,3084.0,3090.90064157,3.9301564285,20.0,40.0,0,12.7436978875,-8.0,23.5465116279,110.857142857,-282.0
11:29:47,3084.0,3090.89680895,3.9331396688,20.0,44.0,0,12.7533711699,-34.0,28.2142857143,90.6666666667,-276.0
11:29:47,3084.0,3090.89297845,3.93633547349,20.0,24.0,0,12.7637337013,-12.0,29.6,70.8571428571,-260.0
11:29:48,3084.0,3090.88915008,3.93945473721,20.0,258.0,0,12.7738480454,-174.0,55.4347826087,120.761904762,-426.0
11:29:48,3083.0,3090.88476844,3.94327647027,18.75,96.0,0,12.790387513,-18.0,71.3855421687,113.142857143,-320.0
11:29:49,3084.0,3090.88094463,3.94645949117,20.0,86.0,0,12.7965612554,-68.0,95.2554744525,106.095238095,-314.0
11:29:49,3084.0,3090.87712294,3.94956669564,20.0,40.0,0,12.8066364969,-10.0,89.0510948905,91.4285714286,-316.0
11:29:50,3083.0,3090.87274798,3.95337408636,18.75,112.0,0,12.823140079,-34.0,87.012987013,97.3333333333,-316.0
11:29:50,3084.0,3090.86893085,3.95647320816,20.0,214.0,0,12.8290311549,-112.0,80.8933002481,129.142857143,-416.0
11:29:51,3084.0,3090.86511583,3.95956865714,20.0,66.0,0,12.8390682787,-46.0,64.4951140065,109.619047619,-288.0
11:29:51,3084.0,3090.86130294,3.9626604419,20.0,176.0,0,12.8490935211,-102.0,65.7060518732,130.666666667,-372.0
11:29:52,3084.0,3090.85749216,3.96581914966,20.0,572.0,0,12.8593357641,-224.0,50.6779661017,261.047619048,-528.0
11:29:52,3084.0,3090.8536835,3.96890342126,20.0,10.0,0,12.8693366448,-4.0,52.6956521739,207.714285714,-522.0
11:29:53,3084.0,3090.84987696,3.97205419225,20.0,42.0,0,12.8795531526,-38.0,49.4444444444,164.952380952,-526.0
11:29:53,3084.0,3090.84607253,3.97513098627,20.0,198.0,0,12.8895297869,-164.0,54.8872180451,170.095238095,-578.0
11:29:54,3083.0,3090.84171481,3.97890222119,18.75,24.0,0,12.9059429815,-6.0,57.3385518591,126.285714286,-538.0
11:29:54,3084.0,3090.83791491,3.98197108854,20.0,138.0,0,12.9117091068,-100.0,49.1869918699,117.047619048,-536.0
11:29:55,3084.0,3090.83411712,3.98503635337,20.0,256.0,0,12.9216483572,-110.0,71.2574850299,143.333333333,-422.0
11:29:55,3083.0,3090.82976605,3.98879387073,18.75,146.0,0,12.9380274756,-98.0,60.447761194,153.238095238,-516.0
11:29:56,3084.0,3090.82597278,3.99185126767,20.0,178.0,0,12.9437460041,-110.0,59.3617021277,165.80952381,-588.0
11:29:56,3084.0,3090.82218163,3.99490508857,20.0,308.0,0,12.9536481471,-66.0,45.5238095238,209.047619048,-490.0
11:29:57,3084.0,3090.81839258,3.99795534162,20.0,284.0,0,12.9635387212,-76.0,46.106870229,240.19047619,-560.0
11:29:57,3084.0,3090.81460564,4.00100203498,20.0,460.0,0,12.9734177529,-114.0,48.5294117647,309.238095238,-574.0
11:29:58,3084.0,3090.8108208,4.00411315338,20.0,394.0,0,12.9835056854,34.0,33.7853107344,344.095238095,-430.0
11:29:58,3085.0,3090.80759346,4.00653016345,21.4285714286,1338.0,0,12.9871318102,-878.0,81.7015530047,642.095238095,-1210.0
11:29:59,3086.0,3090.80492332,4.00845971734,26.6666666667,316.0,0,12.9891760121,50.0,81.2903225806,591.333333333,-1050.0
11:29:59,3085.0,3090.80169926,4.01093966046,21.4285714286,916.0,0,13.0014251555,-848.0,64.2394822006,705.428571429,-1832.0
11:30:00,3085.0,3090.79847698,4.01341684075,21.4285714286,112.0,0,13.0094549133,-60.0,64.8190045249,560.857142857,-1816.0
11:30:00,3085.0,3090.7952565,4.01588912099,21.4285714286,0.0,0,13.0174687877,0.0,0,392.476190476,-1702.0
13:30:03,3091.0,3090.79537022,4.01609228258,45.0,14548.0,0,12.9928575949,3278.0,226.244921648,4402.57142857,1542.0
13:30:03,3091.0,3090.79548387,4.01629311887,45.0,1088.0,45.7142857143,12.9935073402,24.0,222.296819788,3892.95238095,2444.0
13:30:04,3093.0,3090.79670826,4.01629086147,55.0,626.0,0,12.9850981619,170.0,222.082128398,3263.23809524,2564.0
13:30:04,3093.0,3090.79793197,4.01628858486,55.0,768.0,0,12.9850908014,-452.0,228.275580446,2659.33333333,2960.0
13:30:05,3094.0,3090.7997104,4.01628858486,57.1428571429,188.0,0,12.9808939394,-112.0,227.082123359,1896.76190476,2908.0
13:30:05,3092.0,3090.80037705,4.0163531363,52.6315789474,1188.0,0,12.9894991471,-218.0,217.521460393,1416.28571429,2690.0
13:30:05,3092.0,3090.80104332,4.01641760984,52.6315789474,0.0,0,12.9897076644,0.0,0,539.80952381,-588.0
13:30:06,3093.0,3090.80226462,4.01641760984,55.0,254.0,0,12.9855079529,72.0,87.8637566138,428.666666667,-540.0
13:30:06,3092.0,3090.80292985,4.01648439728,52.6315789474,316.0,0,12.9899236652,50.0,66.5806927045,374.952380952,-660.0
13:30:06,3092.0,3090.8035947,4.01655116439,52.6315789474,0.0,0,12.9901396002,0.0,0,245.714285714,-208.0
13:30:07,3093.0,3090.80481459,4.01654875346,55.0,188.0,0,12.9859319543,44.0,61.0483042138,206.761904762,-52.0
13:30:07,3093.0,3090.80603379,4.01654875346,55.0,0.0,0,12.9859319543,0.0,0,114.095238095,166.0
13:30:07,3093.0,3090.80725233,4.01654875346,55.0,808.0,0,12.9859319543,-376.0,43.4227330779,308.857142857,-210.0
13:30:07,3093.0,3090.80847018,4.01654875346,55.0,0.0,0,12.9859319543,0.0,0,234.285714286,-282.0
13:30:08,3093.0,3090.80968736,4.01654875346,55.0,348.0,0,12.9859319543,-12.0,65.3273809524,271.238095238,-344.0
13:30:08,3093.0,3090.81090386,4.01654875346,55.0,460.0,0,12.9859319543,200.0,47.7827050998,338.666666667,-144.0
13:30:08,3093.0,3090.81211969,4.01654875346,55.0,0.0,0,12.9859319543,0.0,0,252.761904762,-188.0
13:30:09,3093.0,3090.81333484,4.01654875346,55.0,256.0,0,12.9859319543,-42.0,57.3717948718,248.952380952,-230.0
13:30:09,3092.0,3090.81399392,4.01661303176,52.6315789474,344.0,0,12.9903396887,-30.0,50.7102272727,258.095238095,116.0
13:30:10,3094.0,3090.81576343,4.01661548108,57.1428571429,498.0,0,12.9819504883,100.0,58.814270724,333.333333333,216.0
13:30:10,3093.0,3090.81697656,4.01661548108,55.0,132.0,0,12.9861476918,0.0,51.7159763314,280.285714286,228.0
13:30:11,3094.0,3090.81874441,4.01661791118,57.1428571429,450.0,0,12.9819583425,-152.0,67.1428571429,328.380952381,-124.0
13:30:11,3093.0,3090.81995588,4.01661548108,55.0,410.0,0,12.9861476918,-116.0,58.9473684211,365.523809524,-240.0
13:30:12,3094.0,3090.82172208,4.01661791118,57.1428571429,1462.0,0,12.9819583425,424.0,99.5145631068,683.714285714,226.0
13:30:12,3094.0,3090.8234873,4.01662032208,57.1428571429,520.0,0,12.9819661347,50.0,95.3917050691,675.333333333,306.0
13:30:13,3094.0,3090.82525154,4.01662271376,57.1428571429,1630.0,0,12.9819738648,-182.0,58.3622936577,975.714285714,24.0
13:30:13,3094.0,3090.8270148,4.01662508623,57.1428571429,414.0,0,12.9819815327,-134.0,52.2717969709,874.761904762,-110.0
13:30:14,3094.0,3090.82877708,4.01662743949,57.1428571429,366.0,0,12.9819891386,10.0,50.583090379,746.666666667,52.0
13:30:14,3092.0,3090.82942758,4.01669187021,52.6315789474,158.0,0,12.9905946643,92.0,52.6813186813,563.142857143,260.0
13:30:15,3092.0,3090.83007772,4.01675863388,52.6315789474,464.0,0,12.9908105882,-166.0,16.7511261261,479.047619048,-330.0
13:30:15,3092.0,3090.83072749,4.01682294724,52.6315789474,254.0,0,12.9910185875,86.0,21.9415702982,382.476190476,-294.0
13:30:16,3093.0,3090.83193231,4.01682294724,55.0,318.0,0,12.9868184521,66.0,61.1448834853,316.857142857,-46.0
13:30:16,3094.0,3090.83369186,4.01682537722,57.1428571429,344.0,0,12.9826288857,80.0,75.9978991597,321.142857143,168.0
13:30:17,3092.0,3090.83433963,4.01682537722,52.6315789474,602.0,0,12.9910264464,28.0,88.2242990654,402.476190476,186.0
13:30:17,3093.0,3090.83554244,4.01682537722,55.0,388.0,0,12.9868263085,298.0,90.4641350211,411.428571429,392.0
13:30:18,3092.0,3090.83618918,4.01689210025,52.6315789474,180.0,0,12.9912422388,112.0,82.5503355705,350.0,670.0
13:30:18,3092.0,3090.83683556,4.01695880296,52.6315789474,48.0,0,12.9914579656,36.0,81.4893617021,264.380952381,620.0
13:30:19,3092.0,3090.83748159,4.01702299787,52.6315789474,228.0,0,12.9916655817,-14.0,79.6648044693,240.0,540.0
13:30:19,3092.0,3090.83812725,4.01708711492,52.6315789474,208.0,0,12.9918729461,56.0,81.4993954051,214.19047619,516.0
13:30:20,3093.0,3090.83932796,4.01708711492,55.0,170.0,0,12.9876725345,22.0,74.6317512275,184.0,510.0
13:30:20,3092.0,3090.8399726,4.01715371836,52.6315789474,588.0,0,12.9920883517,-78.0,41.0689170183,293.80952381,134.0
13:30:21,3092.0,3090.84061688,4.01721771808,52.6315789474,818.0,0,12.9922953366,698.0,47.572815534,459.80952381,720.0
13:30:21,3093.0,3090.8418162,4.01721771808,55.0,1210.0,0,12.9880947885,-86.0,70.6393544382,707.428571429,598.0
13:30:22,3093.0,3090.84301486,4.01721771808,55.0,230.0,0,12.9880947885,18.0,71.8982630273,619.714285714,630.0
13:30:22,3093.0,3090.84421285,4.01721771808,55.0,1200.0,0,12.9880947885,524.0,82.1631878558,809.047619048,1098.0
13:30:23,3091.0,3090.84429937,4.01741728809,50.0,2360.0,0,12.9971442514,-664.0,20.7305650952,1282.57142857,412.0
13:30:23,3092.0,3090.84494125,4.01748109155,52.6315789474,1226.0,0,12.9931471266,628.0,10.8461101647,1327.80952381,1118.0
13:30:24,3092.0,3090.84558277,4.01754481718,52.6315789474,1348.0,0,12.993353225,-1020.0,7.60496435174,1377.52380952,-600.0
13:30:24,3092.0,3090.84622394,4.01760846497,52.6315789474,1050.0,0,12.9935590717,-682.0,-18.2087941732,1316.85714286,-1196.0
13:30:25,3091.0,3090.84630935,4.01780749705,50.0,210.0,0,12.998406655,42.0,-21.0440898025,1023.80952381,-1172.0
13:30:25,3091.0,3090.84639471,4.01800634644,50.0,446.0,0,12.9990499723,232.0,-40.4819277108,799.142857143,-1464.0
13:30:26,3091.0,3090.84648002,4.01820501316,50.0,378.0,0,12.9996926987,190.0,-6.26878488621,590.952380952,-610.0
13:30:26,3091.0,3090.84656528,4.01840349724,50.0,446.0,0,13.0003348342,32.0,16.5549252192,496.571428571,-1206.0
13:30:27,3092.0,3090.8472059,4.01846659379,52.6315789474,278.0,0,12.9963343913,-44.0,28.1339031339,391.333333333,-230.0
13:30:27,3091.0,3090.84729076,4.01866477695,50.0,28.0,0,13.001180126,-24.0,77.9395296753,265.619047619,428.0
13:30:28,3091.0,3090.84737558,4.01886277754,50.0,548.0,0,13.0018206973,62.0,70.4331450094,337.142857143,448.0
13:30:28,3091.0,3090.84746035,4.01906379216,50.0,292.0,0,13.0024710196,-58.0,69.9492385787,319.428571429,158.0
13:30:29,3092.0,3090.84810047,4.01912649437,52.6315789474,456.0,0,12.9984686105,188.0,67.3828125,355.904761905,156.0
13:30:29,3092.0,3090.84874024,4.01918911882,52.6315789474,1376.0,0,12.9986711475,92.0,22.3640026864,651.523809524,216.0
13:30:30,3090.0,3090.84826884,4.0195938984,47.3684210526,812.0,0,13.0083944932,-154.0,-9.68109339408,741.714285714,106.0
13:30:30,3091.0,3090.84835312,4.01979116219,50.0,698.0,0,13.0048242064,12.0,11.2864658058,773.904761905,142.0
13:30:31,3091.0,3090.84843734,4.01999166973,50.0,568.0,0,13.0054728882,204.0,25.9876249405,737.047619048,284.0
13:30:31,3091.0,3090.84852152,4.02019209049,50.0,228.0,0,13.0061212892,-32.0,30.2561623973,602.095238095,310.0
13:30:32,3091.0,3090.84860565,4.0203889219,50.0,322.0,0,13.006758078,310.0,29.8201798202,497.047619048,432.0
13:30:32,3091.0,3090.84868973,4.02058557095,50.0,170.0,0,13.0073942768,116.0,59.8999285204,354.952380952,456.0
13:30:33,3091.0,3090.84877377,4.02078203767,50.0,440.0,0,13.0080298857,138.0,107.337180544,347.428571429,748.0
13:30:33,3091.0,3090.84885776,4.02098199687,50.0,142.0,0,13.0086767935,60.0,107.700534759,272.476190476,796.0
13:30:34,3091.0,3090.84894171,4.02117815639,50.0,140.0,0,13.0093114086,126.0,105.963938974,223.428571429,718.0
13:30:34,3091.0,3090.84902561,4.02137413366,50.0,268.0,0,13.009945434,38.0,97.5708502024,231.333333333,788.0
13:30:35,3091.0,3090.84910946,4.02157375643,50.0,244.0,0,13.0105912534,144.0,106.552706553,230.476190476,622.0
13:30:35,3091.0,3090.84919326,4.02177329255,50.0,114.0,0,13.0112367925,50.0,112.908011869,196.19047619,556.0
13:30:36,3092.0,3090.84983242,4.02183849459,52.6315789474,166.0,0,13.0072396332,-10.0,105.2141527,179.428571429,408.0
13:30:36,3091.0,3090.84991583,4.02203397925,50.0,36.0,0,13.0120801658,26.0,94.0082644628,138.571428571,374.0
13:30:37,3091.0,3090.84999918,4.02222928176,50.0,60.0,0,13.0127120083,18.0,78.8288288288,109.619047619,266.0
13:30:37,3091.0,3090.85008249,4.02242844008,50.0,74.0,0,13.0133563251,14.0,88.1844380404,88.4761904762,242.0
13:30:38,3091.0,3090.85016576,4.02262343571,50.0,18.0,0,13.0139871747,-6.0,52.1367521368,60.5714285714,92.0
13:30:38,3091.0,3090.85024898,4.02281824927,50.0,118.0,0,13.0146174354,10.0,40.2542372881,72.0,52.0
13:30:39,3091.0,3090.85033215,4.02301288078,50.0,842.0,0,13.015247107,-760.0,14.6341463415,290.095238095,-698.0
13:30:39,3091.0,3090.85041527,4.02320733026,50.0,34.0,0,13.0158761898,-2.0,16.5794066318,245.142857143,-726.0
13:30:40,3091.0,3090.85049835,4.02340159774,50.0,148.0,0,13.0165046837,-104.0,24.9594813614,232.857142857,-848.0
13:30:40,3091.0,3090.85058139,4.02352226343,50.0,124.0,0,13.0168950612,92.0,31.1526479751,209.523809524,-770.0
13:30:41,3091.0,3090.85066437,4.02364261868,50.0,24.0,0,13.0172844344,2.0,32.4031007752,155.238095238,-762.0
13:30:41,3090.0,3090.85019191,4.02396520706,47.3684210526,1084.0,0,13.0225411232,-314.0,16.7553191489,403.523809524,-1086.0
13:30:42,3091.0,3090.85027512,4.02408485877,50.0,114.0,0,13.0187151691,-30.0,29.1884816754,328.666666667,-356.0
13:30:42,3090.0,3090.84980287,4.02426375446,47.3684210526,132.0,0,13.023507296,88.0,27.3062730627,293.619047619,-266.0
13:30:43,3091.0,3090.84988629,4.02423973918,50.0,32.0,0,13.019216238,10.0,21.9867549669,225.333333333,-152.0
13:30:43,3091.0,3090.84996967,4.02421524441,50.0,416.0,0,13.0191369926,-304.0,34.7391786904,272.285714286,-548.0
13:30:44,3091.0,3090.85005299,4.02397813115,50.0,164.0,0,13.018369884,40.0,39.5468589084,233.333333333,-510.0
13:30:44,3091.0,3090.85013627,4.02395258015,50.0,70.0,0,13.0182872214,4.0,75.2155172414,160.857142857,-192.0
13:30:45,3091.0,3090.85021951,4.0239265496,50.0,248.0,0,13.0182030074,20.0,75.5178907721,187.523809524,-142.0
13:30:45,3091.0,3090.8503027,4.02404344128,50.0,1140.0,0,13.0185811753,-470.0,5.60386473431,462.666666667,-700.0
13:30:46,3091.0,3090.85038584,4.02401654844,50.0,76.0,0,13.0184941716,-20.0,7.56859035005,385.80952381,-730.0
13:30:46,3091.0,3090.85046893,4.02398917604,50.0,94.0,0,13.0184056164,-4.0,-8.70535714285,312.0,-430.0
13:30:47,3090.0,3090.84999658,4.02416278387,47.3684210526,166.0,0,13.0231805303,86.0,-9.81047937569,274.095238095,-384.0
13:30:47,3090.0,3090.84952449,4.0241228532,47.3684210526,38.0,0,13.0230513049,28.0,-8.2860385925,199.523809524,-360.0
13:30:48,3091.0,3090.84960807,4.02388078719,50.0,30.0,0,13.0180549569,22.0,-18.6528497409,124.19047619,-358.0
13:30:48,3090.0,3090.84913619,4.02355693593,47.3684210526,908.0,0,13.0212198574,-538.0,27.8963414634,310.095238095,-426.0
13:30:49,3090.0,3090.84866458,4.02323183116,47.3684210526,24.0,0,13.0201677384,-22.0,24.9206349206,254.476190476,-428.0
13:30:49,3090.0,3090.84819323,4.02255385373,47.3684210526,64.0,0,13.0179736367,-22.0,21.9512195122,212.761904762,-446.0
13:30:50,3090.0,3090.84772215,4.02187420801,47.3684210526,8.0,0,13.015774136,-8.0,12.5,156.476190476,-540.0
13:30:50,3090.0,3090.84725132,4.02077167483,47.3684210526,34.0,0,13.0122060674,-18.0,12.9213483146,115.142857143,-586.0
13:30:51,3090.0,3090.84678076,4.02008844568,47.3684210526,74.0,42.8571428571,13.0099949698,-4.0,12.5899280576,85.4285714286,-612.0
13:30:51,3089.0,3090.84575505,4.01876017365,38.8888888889,186.0,0,13.0099066806,22.0,36.9230769231,85.619047619,-52.0
13:30:52,3089.0,3090.84472992,4.01623829743,38.8888888889,36.0,0,13.0017426268,6.0,32.3383084577,77.3333333333,-24.0
13:30:52,3090.0,3090.84426075,4.01344191091,41.1764705882,126.0,0,12.9884851486,-70.0,39.224137931,94.1904761905,-72.0
13:30:53,3089.0,3090.84323645,4.01090941898,38.8888888889,168.0,0,12.9844914826,82.0,31.7307692308,120.095238095,18.0
13:30:53,3090.0,3090.84276811,4.00929691198,41.1764705882,46.0,0,12.9750709125,-10.0,32.0754716981,103.523809524,26.0
13:30:54,3090.0,3090.84230004,4.00768142654,41.1764705882,48.0,0,12.9698428044,-4.0,32.131147541,86.9523809524,26.0
13:30:54,3090.0,3090.84183222,4.00549960471,41.1764705882,34.0,0,12.9627818923,0.0,45.8515283843,67.619047619,4.0
13:30:55,3090.0,3090.84136467,4.0033138183,41.1764705882,62.0,0,12.9557081498,0.0,54.132231405,63.5238095238,-2.0
13:30:55,3089.0,3090.84034197,4.0013926588,38.8888888889,18.0,0,12.9536829356,-6.0,47.3404255319,45.619047619,62.0
13:30:56,3089.0,3090.83931985,4.00003225296,38.8888888889,652.0,0,12.9492789024,-514.0,23.488372093,214.0,-534.0
13:30:56,3090.0,3090.83885369,3.99840028775,41.1764705882,360.0,0,12.9398067565,-216.0,16.3543441227,275.904761905,-740.0
13:30:57,3090.0,3090.83838779,3.99676532019,41.1764705882,94.0,0,12.9345155993,26.0,15.737704918,246.857142857,-710.0
13:30:57,3090.0,3090.83792214,3.99562399521,41.1764705882,118.0,0,12.930821991,52.0,13.6503067485,222.476190476,-658.0
13:30:58,3090.0,3090.83745676,3.99448041245,41.1764705882,70.0,0,12.9271210759,-2.0,10.5182926829,180.380952381,-660.0
13:30:58,3089.0,3090.83643624,3.99403011296,38.8888888889,296.0,0,12.9298482129,34.0,8.05031446541,202.476190476,-620.0
13:30:59,3089.0,3090.83541628,3.99357783058,38.8888888889,20.0,0,12.928384042,2.0,10.0208768267,132.476190476,-104.0
13:30:59,3089.0,3090.83439688,3.99312356464,38.8888888889,118.0,0,12.9269134498,-24.0,10.0558659218,120.571428571,88.0
13:31:00,3089.0,3090.83337806,3.99266731446,38.8888888889,58.0,0,12.925436434,-38.0,12.9411764706,103.047619048,24.0
13:31:00,3089.0,3090.8323598,3.99220907936,38.8888888889,58.0,0,12.9239529924,8.0,13.5483870968,87.2380952381,-20.0
13:31:01,3089.0,3090.8313421,3.99210810016,38.8888888889,206.0,0,12.9236260931,162.0,11.1111111111,116.571428571,144.0
13:31:01,3090.0,3090.83088037,3.9917386814,41.1764705882,76.0,0,12.9182481599,32.0,17.5373134328,102.285714286,142.0
13:31:02,3089.0,3090.8298635,3.99192470944,38.8888888889,42.0,0,12.9230324035,6.0,15.770609319,88.7619047619,146.0
13:31:02,3090.0,3090.82940259,3.99155279935,41.1764705882,58.0,0,12.9176465998,-46.0,18.0722891566,78.7619047619,124.0
13:31:03,3089.0,3090.82838654,3.9914460621,38.8888888889,88.0,0,12.9214828815,24.0,10.2272727273,80.1904761905,186.0
13:31:03,3090.0,3090.82792645,3.99107147809,41.1764705882,38.0,0,12.9160889259,-20.0,14.5669291339,65.9047619048,158.0
13:31:04,3090.0,3090.82746662,3.99069562147,41.1764705882,10.0,0,12.9148725614,-4.0,19.2307692308,44.5714285714,-8.0
13:31:04,3089.0,3090.82645164,3.99058451078,38.8888888889,18.0,0,12.9186937869,-4.0,23.6220472441,34.8571428571,-44.0
13:31:05,3089.0,3090.82543723,3.99076285871,38.8888888889,126.0,0,12.9192711515,-58.0,43.7869822485,58.7619047619,-108.0
13:31:05,3089.0,3090.82442338,3.99064879158,38.8888888889,48.0,0,12.9189018828,4.0,55.4878048781,56.380952381,-58.0
13:31:06,3090.0,3090.82396549,3.99026763544,41.1764705882,98.0,0,12.9134874933,-14.0,76.9230769231,68.7619047619,-96.0
13:31:06,3090.0,3090.82350786,3.99017674003,41.1764705882,42.0,0,12.9131933334,14.0,76.0233918129,64.6666666667,-62.0
13:31:07,3090.0,3090.82305049,3.98979321806,41.1764705882,70.0,0,12.911952162,-4.0,64.6766169154,68.380952381,-62.0
13:31:07,3090.0,3090.82259336,3.98940842137,41.1764705882,992.0,0,12.9107068653,394.0,90.5523255814,332.666666667,336.0
13:31:08,3090.0,3090.82213649,3.98902234959,41.1764705882,110.0,0,12.909457442,84.0,84.4117647059,298.571428571,478.0
13:31:08,3091.0,3090.82223528,3.98843973794,44.4444444444,24.0,0,12.9033961111,22.0,82.9341317365,240.666666667,496.0
13:31:09,3091.0,3090.82233401,3.98785609308,44.4444444444,24.0,0,12.9015079039,8.0,82.4088748019,183.904761905,518.0
13:31:09,3090.0,3090.82187728,3.98746646528,41.1764705882,2.0,0,12.9044222177,2.0,83.4697217676,124.380952381,506.0
13:31:10,3091.0,3090.82197621,3.98651816543,44.4444444444,214.0,0,12.8971794417,-138.0,81.4055636896,127.333333333,372.0
13:31:10,3091.0,3090.82207509,3.98556840092,44.4444444444,30.0,0,12.8941067645,0.0,35.6435643564,70.8571428571,-22.0
13:31:11,3090.0,3090.82161851,3.98517483197,41.1764705882,28.0,0,12.8970059287,-12.0,50.9316770186,59.619047619,-118.0
13:31:11,3090.0,3090.82116218,3.98477998486,41.1764705882,72.0,0,12.8957281064,-44.0,45.9459459459,64.8571428571,-184.0
13:31:12,3091.0,3090.82126151,3.98418943226,44.4444444444,250.0,0,12.8896455265,-130.0,68.1208053691,118.666666667,-322.0
13:31:12,3091.0,3090.82136078,3.98359784299,44.4444444444,50.0,0,12.8877316176,8.0,68.6335403727,104.571428571,-316.0
13:31:13,3091.0,3090.82145999,3.98300521661,44.4444444444,26.0,0,12.8858143533,10.0,77.1929824561,81.3333333333,-168.0
13:31:13,3090.0,3090.82100375,3.98224174374,41.1764705882,146.0,0,12.8875137338,14.0,62.9370629371,101.333333333,-154.0
13:31:14,3090.0,3090.82054777,3.98147655469,41.1764705882,140.0,0,12.8850373938,-96.0,59.3567251462,114.095238095,-238.0
13:31:14,3090.0,3090.82009203,3.98070964849,41.1764705882,18.0,0,12.8825554967,4.0,64.7619047619,86.6666666667,-190.0
13:31:15,3090.0,3090.81963655,3.97994102413,41.1764705882,20.0,0,12.8800680393,6.0,40.5,62.380952381,-54.0
13:31:15,3090.0,3090.81918133,3.97917068063,41.1764705882,10.0,0,12.8775750182,8.0,36.1111111111,46.1904761905,-54.0
13:31:16,3091.0,3090.81928175,3.9777701738,44.4444444444,2.0,0,12.8688779482,0.0,36.3095238095,29.619047619,-64.0
13:31:16,3091.0,3090.81938212,3.97586231814,44.4444444444,92.0,0,12.8627056556,42.0,57.4468085106,39.9047619048,-36.0
13:31:17,3090.0,3090.81892704,3.97414482415,41.1764705882,424.0,0,12.8613101105,-300.0,21.2014134276,147.619047619,-240.0
13:31:17,3090.0,3090.81847221,3.97242423729,41.1764705882,2.0,0,12.8557418682,-2.0,20.0,121.238095238,-246.0
13:31:18,3091.0,3090.81857303,3.97050759419,44.4444444444,184.0,0,12.8453820582,6.0,38.9355742297,147.619047619,-246.0
13:31:18,3091.0,3090.81867379,3.96858808117,44.4444444444,42.0,0,12.8391720517,12.0,41.018766756,125.619047619,-242.0
13:31:19,3090.0,3090.8182191,3.96628087137,41.1764705882,50.0,0,12.8358604252,0.0,39.2947103275,104.380952381,-242.0
13:31:19,3090.0,3090.81776466,3.96454766581,41.1764705882,40.0,0,12.8302513456,0.0,36.6576819407,78.0,-284.0
13:31:20,3091.0,3090.81786587,3.96261883998,44.4444444444,36.0,0,12.8198603688,-20.0,71.7514124294,52.9523809524,-4.0
13:31:20,3090.0,3090.81741163,3.96087953196,41.1764705882,22.0,0,12.8183803623,4.0,71.1229946524,42.380952381,2.0
13:31:21,3091.0,3090.81751304,3.95836525328,44.4444444444,20.0,0,12.8060991695,14.0,51.4285714286,30.2857142857,10.0
13:31:21,3091.0,3090.81761439,3.95584701642,44.4444444444,116.0,0,12.7979521722,104.0,65.4929577465,53.4285714286,102.0
13:31:22,3091.0,3090.81771569,3.95332481379,44.4444444444,2.0,0,12.7897923448,2.0,76.2711864407,40.4761904762,104.0
13:31:22,3091.0,3090.81781693,3.95137996484,44.4444444444,20.0,0,12.7835003715,8.0,75.9259259259,34.9523809524,112.0
13:31:23,3091.0,3090.81791812,3.9488503953,44.4444444444,14.0,0,12.7753167108,6.0,86.5979381443,28.6666666667,138.0
13:31:23,3090.0,3090.81746384,3.94650865393,41.1764705882,90.0,0,12.7718726664,84.0,90.0763358779,45.1428571429,218.0
13:31:24,3090.0,3090.81700982,3.94474567512,41.1764705882,140.0,0,12.7661672334,74.0,59.1623036649,72.6666666667,278.0
13:31:24,3090.0,3090.81655605,3.94239609373,41.1764705882,20.0,0,12.7585634101,12.0,41.9580419581,60.1904761905,186.0
13:31:25,3090.0,3090.81610254,3.94062632109,41.1764705882,24.0,0,12.7528359906,24.0,44.8051948052,53.4285714286,208.0
13:31:25,3091.0,3090.81620467,3.93807755905,44.4444444444,66.0,0,12.7404644421,6.0,51.9774011299,57.619047619,206.0
13:31:26,3090.0,3090.81575135,3.93571599797,41.1764705882,106.0,0,12.7369449772,48.0,57.8475336323,71.0476190476,248.0
13:31:26,3091.0,3090.81585369,3.93374478976,44.4444444444,90.0,0,12.7264470714,-50.0,59.6412556054,75.5238095238,114.0
13:31:27,3090.0,3090.81540056,3.93137544452,41.1764705882,274.0,0,12.7228978787,22.0,83.7931034483,132.571428571,62.0
13:31:27,3091.0,3090.81550309,3.92939773878,44.4444444444,44.0,0,12.7123834965,12.0,86.7549668874,117.523809524,62.0
13:31:28,3091.0,3090.81560556,3.92682980074,44.4444444444,30.0,0,12.704075706,-4.0,87.2131147541,97.3333333333,34.0
13:31:28,3091.0,3090.81570797,3.92425780315,44.4444444444,108.0,0,12.6957547821,42.0,87.7300613497,99.1428571429,70.0
13:31:29,3091.0,3090.81581032,3.92227021335,44.4444444444,50.0,0,12.6893245337,-4.0,85.2348993288,82.380952381,18.0
13:31:29,3090.0,3090.81535722,3.91988117694,41.1764705882,64.0,0,12.6856996018,10.0,80.0,72.2857142857,78.0
13:31:30,3091.0,3090.81545977,3.91729746693,44.4444444444,18.0,0,12.6732367096,4.0,78.9808917197,50.2857142857,60.0
13:31:30,3090.0,3090.81500687,3.91489995615,41.1764705882,32.0,0,12.6695791461,24.0,77.4834437086,44.4761904762,72.0
13:31:31,3091.0,3090.81510961,3.91230796673,44.4444444444,6.0,0,12.6570946837,4.0,76.2589928058,31.8095238095,80.0
13:31:31,3091.0,3090.8152123,3.90971187092,44.4444444444,2.0,0,12.6486957972,0.0,62.7906976744,19.1428571429,38.0
13:31:32,3091.0,3090.81531493,3.90711166052,44.4444444444,246.0,0,12.6402835992,-140.0,90.2173913043,81.2380952381,-98.0
13:31:32,3091.0,3090.81541751,3.9038434587,44.4444444444,70.0,0,12.6297103161,-36.0,96.7914438503,83.7142857143,-144.0
13:31:33,3090.0,3090.81496462,3.90142415237,41.1764705882,426.0,0,12.6259681306,-168.0,98.4654731458,187.619047619,-316.0
13:31:33,3091.0,3090.81506739,3.89881079527,44.4444444444,188.0,0,12.6134286485,-78.0,99.1471215352,204.095238095,-418.0
13:31:34,3091.0,3090.8151701,3.89552731022,44.4444444444,208.0,0,12.6028059211,-6.0,81.0526315789,218.857142857,-428.0
13:31:34,3091.0,3090.81527276,3.89223820056,44.4444444444,244.0,0,12.5921649969,164.0,68.3068017366,234.285714286,-264.0
13:31:35,3091.0,3090.81537535,3.888943452,44.4444444444,10.0,0,12.5815058298,4.0,61.780104712,171.333333333,-120.0
13:31:35,3092.0,3090.8160333,3.88619351036,47.3684210526,6.0,0,12.5685430478,-4.0,59.8890942699,118.476190476,-88.0
13:31:36,3091.0,3090.81613547,3.88288838653,44.4444444444,36.0,0,12.5619164883,30.0,35.838150289,77.2380952381,110.0
13:31:36,3092.0,3090.81679299,3.8801297786,47.3684210526,68.0,0,12.5489320136,28.0,21.3286713287,63.7142857143,216.0
13:31:37,3092.0,3090.81745015,3.87669667157,47.3684210526,1598.0,0,12.5378288214,-738.0,87.6656472987,493.047619048,-516.0
13:31:37,3092.0,3090.81810694,3.87325811108,47.3684210526,106.0,0,12.5267079919,82.0,98.9035087719,429.904761905,-598.0
13:31:38,3092.0,3090.81876336,3.87048626001,47.3684210526,634.0,0,12.5177434023,-194.0,73.6111111111,524.19047619,-796.0
13:31:38,3093.0,3090.81997482,3.86699216382,50.0,816.0,0,12.5023994951,14.0,61.4487415592,640.761904762,-778.0
13:31:39,3092.0,3090.82063021,3.86353815606,47.3684210526,50.0,0,12.4952721735,-32.0,60.4523227384,499.904761905,-840.0
13:31:39,3092.0,3090.82128523,3.86007863894,47.3684210526,120.0,0,12.4840835671,-96.0,61.1913357401,378.380952381,-964.0
13:31:40,3092.0,3090.82193989,3.85728891552,47.3684210526,84.0,0,12.4750611757,-74.0,28.729281768,244.095238095,-300.0
13:31:40,3092.0,3090.82259419,3.85449517119,47.3684210526,36.0,0,12.46602578,6.0,25.2873563219,168.19047619,-376.0
13:31:41,3092.0,3090.82324812,3.85169739719,47.3684210526,208.0,39.3939393939,12.4569773518,80.0,48.8584474886,144.761904762,-102.0
13:31:41,3091.0,3090.82334629,3.84901212875,45.0,62.0,0,12.4523200542,46.0,86.0714285714,99.9047619048,-70.0
13:31:42,3092.0,3090.82399981,3.84552806661,47.3684210526,14.0,0,12.437024795,8.0,94.6564885496,77.2380952381,-30.0
13:31:42,3091.0,3090.82409756,3.84283362809,45.0,70.0,0,12.4323313753,8.0,94.0928270042,72.2857142857,74.0
13:31:43,3091.0,3090.82419525,3.84013486774,45.0,152.0,0,12.4236003486,86.0,69.3726937269,93.1428571429,234.0
13:31:43,3092.0,3090.8248483,3.83731576547,47.3684210526,46.0,0,12.4104649595,-6.0,65.5797101449,80.4761904762,222.0
13:31:44,3092.0,3090.82550098,3.83449257834,47.3684210526,24.0,0,12.4013343413,-8.0,44.5652173913,61.0476190476,134.0
13:31:44,3092.0,3090.82615329,3.83166529731,47.3684210526,18.0,0,12.3921904829,-12.0,41.975308642,48.6666666667,76.0
13:31:45,3092.0,3090.82680525,3.8294436687,47.3684210526,26.0,0,12.3850053968,-16.0,42.8571428571,40.6666666667,52.0
13:31:45,3092.0,3090.82745684,3.82660882611,47.3684210526,108.0,0,12.3758370831,0.0,48.6631016043,55.5238095238,44.0
13:31:46,3092.0,3090.82810808,3.82438081005,47.3684210526,54.0,0,12.3686313391,10.0,63.0434782609,53.1428571429,-32.0
13:31:46,3092.0,3090.82875895,3.82153837552,47.3684210526,62.0,0,12.3594384719,-28.0,71.9178082192,57.7142857143,-54.0
13:31:47,3092.0,3090.82940946,3.81930394691,47.3684210526,8.0,0,12.3522119887,-8.0,75.3623188406,46.0952380952,-54.0
13:31:47,3092.0,3090.8300596,3.81706657294,47.3684210526,10.0,0,12.3449759797,0.0,73.8805970149,35.8095238095,-42.0
13:31:48,3091.0,3090.83015399,3.81548152997,45.0,22.0,0,12.3438418957,-8.0,68.9393939394,29.3333333333,-34.0
13:31:48,3091.0,3090.83024832,3.81335347662,45.0,6.0,0,12.3369572197,-2.0,46.9135802469,18.4761904762,-36.0
13:31:49,3092.0,3090.830898,3.81110750729,47.3684210526,284.0,0,12.3257034518,-278.0,88.2653061224,91.9047619048,-324.0
13:31:49,3091.0,3090.83099192,3.80835840619,45.0,4.0,0,12.3207971731,-2.0,89.8203592814,74.380952381,-298.0
13:31:50,3091.0,3090.83108579,3.80560486586,45.0,20.0,0,12.3118889222,4.0,87.2832369942,64.1904761905,-286.0
13:31:50,3091.0,3090.8311796,3.80346296887,45.0,14.0,0,12.3049594593,-2.0,85.7142857143,51.7142857143,-288.0
13:31:51,3091.0,3090.83127337,3.80070119221,45.0,120.0,0,12.2960245623,102.0,65.625,69.3333333333,-178.0
13:31:51,3092.0,3090.83192248,3.79843823494,47.3684210526,134.0,0,12.284729091,-54.0,69.0972222222,86.2857142857,-230.0
13:31:52,3091.0,3090.83201583,3.79566832995,45.0,120.0,0,12.2797422515,94.0,33.0097087379,93.1428571429,142.0
13:31:52,3091.0,3090.83210913,3.79289394057,45.0,2.0,0,12.2707665499,2.0,32.6829268293,74.0952380952,146.0
13:31:53,3091.0,3090.83220238,3.79073427689,45.0,82.0,0,12.2637796082,-40.0,39.406779661,78.0,102.0
13:31:53,3091.0,3090.83229557,3.78857134544,45.0,34.0,0,12.2567820946,4.0,42.6829268293,65.2380952381,108.0
13:31:54,3092.0,3090.83294412,3.78629178464,47.3684210526,94.0,0,12.2454456165,0.0,65.2360515022,68.6666666667,6.0
13:31:54,3091.0,3090.8330369,3.78412243973,45.0,336.0,0,12.2423889995,-228.0,75.748502994,142.476190476,-168.0
13:31:55,3091.0,3090.83312963,3.78194981025,45.0,36.0,0,12.2353601108,-2.0,85.2739726027,120.952380952,-264.0
13:31:55,3092.0,3090.83377771,3.7796609277,47.3684210526,10.0,0,12.224000413,0.0,85.8108108108,96.0,-266.0
13:31:56,3092.0,3090.83442543,3.77674642785,47.3684210526,88.0,0,12.2145744756,68.0,85.9531772575,92.9523809524,-158.0
13:31:56,3091.0,3090.83451739,3.77394036105,45.0,784.0,0,12.209447949,222.0,36.2017804154,288.476190476,60.0
13:31:57,3090.0,3090.8340539,3.77131595029,42.8571428571,34.0,0,12.204905988,22.0,32.6086956522,234.0,82.0
13:31:57,3091.0,3090.83414607,3.76912529354,45.0,12.0,0,12.1938702476,8.0,13.0705394191,176.095238095,318.0
13:31:58,3091.0,3090.83423818,3.76630611188,45.0,516.0,0,12.184749634,326.0,12.0498614959,277.619047619,646.0
13:31:58,3090.0,3090.83377485,3.76366825922,42.8571428571,1034.0,0,12.1801561787,126.0,6.6450567261,504.285714286,772.0
13:31:59,3090.0,3090.83331177,3.76165217469,42.8571428571,100.0,0,12.1736316333,58.0,7.01612903227,415.333333333,762.0
13:31:59,3090.0,3090.83284894,3.75900539076,42.8571428571,12.0,0,12.1650659895,8.0,10.5386416862,300.666666667,548.0
13:32:00,3089.0,3090.83183098,3.75661326328,40.9090909091,40.0,0,12.1612601595,4.0,10.5017502917,230.761904762,530.0
13:32:00,3090.0,3090.83136898,3.75395676028,42.8571428571,98.0,0,12.1487273795,22.0,14.7777777778,177.142857143,544.0
13:32:01,3090.0,3090.83090723,3.75192459872,42.8571428571,196.0,0,12.1421508049,120.0,22.5675675676,147.428571429,338.0
13:32:01,3089.0,3090.82989035,3.75014805263,40.9090909091,90.0,0,12.1403303743,68.0,78.3582089552,102.666666667,280.0
13:32:02,3089.0,3090.82887402,3.7483677003,40.9090909091,30.0,0,12.1345668511,-16.0,75.5364806867,85.7142857143,206.0
13:32:02,3090.0,3090.82841366,3.74632457744,42.8571428571,214.0,0,12.1240277587,0.0,82.9341317365,124.666666667,198.0
13:32:03,3090.0,3090.82795356,3.7448349615,42.8571428571,60.0,0,12.1192069952,-6.0,85.4651162791,110.0,188.0
13:32:03,3089.0,3090.82693831,3.74360144442,40.9090909091,48.0,0,12.1191370813,-20.0,78.0564263323,90.9523809524,146.0
13:32:04,3090.0,3090.82647903,3.7421064144,42.8571428571,12.0,0,12.1103767456,0.0,85.4625550661,64.0,26.0
13:32:04,3089.0,3090.8254646,3.74030886648,40.9090909091,46.0,0,12.1084780398,22.0,79.0243902439,55.5238095238,-20.0
13:32:05,3090.0,3090.82500614,3.73880797956,42.8571428571,134.0,0,12.0997021992,76.0,76.6536964981,74.2857142857,72.0
13:32:05,3090.0,3090.82454793,3.73730442529,42.8571428571,164.0,0,12.0948363278,34.0,71.9827586207,96.6666666667,106.0
13:32:06,3089.0,3090.82353457,3.73605638126,40.9090909091,12.0,0,12.0947114965,2.0,67.3076923077,78.0,114.0
13:32:06,3090.0,3090.82307718,3.73454738031,42.8571428571,28.0,0,12.0859138521,4.0,70.7070707071,66.1904761905,138.0
13:32:07,3089.0,3090.82206464,3.73273304532,40.9090909091,6.0,0,12.0839528822,2.0,69.7435897436,49.0476190476,140.0
13:32:07,3090.0,3090.82160807,3.7312181508,42.8571428571,12.0,0,12.0751396466,6.0,71.9101123596,33.9047619048,124.0
13:32:08,3089.0,3090.82059634,3.72995828552,40.9090909091,14.0,0,12.07497017,2.0,77.9661016949,20.9523809524,50.0
13:32:08,3089.0,3090.81958518,3.72869549061,40.9090909091,4.0,0,12.0708821321,2.0,44.7368421053,10.8571428571,18.0
13:32:09,3089.0,3090.81857458,3.7279175334,40.9090909091,50.0,0,12.0683636562,-10.0,57.8947368421,21.5238095238,6.0
13:32:09,3089.0,3090.81756454,3.72664926411,40.9090909091,22.0,0,12.0642578961,8.0,66.6666666667,22.380952381,10.0
13:32:10,3090.0,3090.81711047,3.72512091733,42.8571428571,8.0,0,12.0554074995,2.0,63.6363636363,19.5238095238,10.0
13:32:10,3089.0,3090.81610124,3.72433579089,40.9090909091,4.0,0,12.056768504,0.0,62.7450980392,15.4285714286,4.0
13:32:11,3090.0,3090.81564798,3.72329155453,42.8571428571,32.0,0,12.0494872315,24.0,58.3333333333,19.7142857143,26.0
13:32:11,3090.0,3090.81519497,3.72224534611,42.8571428571,20.0,0,12.0461014437,8.0,52.9411764706,19.7142857143,32.0
13:32:12,3089.0,3090.8141868,3.72096396643,40.9090909091,520.0,0,12.0458529182,-466.0,5.9405940594,161.80952381,-424.0
13:32:12,3089.0,3090.8131792,3.71967963533,40.9090909091,442.0,0,12.0416951613,88.0,5.06822612085,259.238095238,-344.0
13:32:13,3089.0,3090.81217216,3.71839234975,40.9090909091,94.0,0,12.0375278399,-10.0,9.89208633093,237.238095238,-356.0
13:32:13,3089.0,3090.81116568,3.71759314146,40.9090909091,94.0,0,12.034940568,50.0,9.15141430948,211.142857143,-306.0
13:32:14,3089.0,3090.81015975,3.71679168532,40.9090909091,534.0,0,12.0323460192,190.0,30.2816901408,306.476190476,-140.0
13:32:14,3089.0,3090.80915439,3.71598797989,40.9090909091,134.0,0,12.0297441887,0.0,35.5335533553,263.619047619,-148.0
13:32:15,3089.0,3090.80814958,3.71518202369,40.9090909091,258.0,0,12.0271350718,2.0,51.2853470437,250.761904762,320.0
13:32:15,3088.0,3090.80658993,3.71421190318,39.1304347826,38.0,0,12.0278882875,0.0,69.7916666667,187.523809524,232.0
13:32:16,3089.0,3090.80558655,3.71340099014,40.9090909091,126.0,0,12.0213693433,16.0,64.695945946,168.666666667,258.0
13:32:16,3088.0,3090.80402832,3.71291787979,39.1304347826,362.0,0,12.0236977973,-224.0,71.7630853995,215.714285714,-16.0
13:32:17,3089.0,3090.80302636,3.71210231898,40.9090909091,324.0,0,12.0171651634,-198.0,75.845410628,239.142857143,-404.0
13:32:17,3089.0,3090.80202496,3.71079090435,40.9090909091,246.0,0,12.0129197292,-212.0,77.5480059084,250.285714286,-616.0
13:32:18,3089.0,3090.80102411,3.70997050835,40.9090909091,18.0,0,12.0102638665,10.0,81.6876122083,190.952380952,-608.0
13:32:18,3089.0,3090.80002382,3.70914785062,40.9090909091,86.0,0,12.0076006818,12.0,79.17383821,162.476190476,-596.0
13:32:19,3089.0,3090.79902409,3.70832292966,40.9090909091,88.0,0,12.0049301705,32.0,83.9857651245,132.285714286,-580.0
13:32:19,3089.0,3090.79802491,3.70700079055,40.9090909091,68.0,0,12.000650018,30.0,88.4337349398,98.1904761905,-326.0
13:32:20,3089.0,3090.79702628,3.7061710196,40.9090909091,34.0,0,11.9979638058,30.0,76.6666666667,68.380952381,-98.0
13:32:20,3088.0,3090.79547281,3.70566795598,39.1304347826,772.0,0,12.0002200647,-446.0,-19.3245778612,263.238095238,-332.0
13:32:21,3090.0,3090.795031,3.70457965452,42.8571428571,138.0,0,11.9889309208,0.0,-18.3811129848,251.904761905,-342.0
13:32:21,3088.0,3090.79347864,3.70407179189,39.1304347826,114.0,0,11.9950511396,-2.0,-28.0065897858,228.0,-356.0
13:32:22,3089.0,3090.79248254,3.70323282192,40.9090909091,936.0,0,11.9884519971,322.0,-18.5257032008,437.619047619,-66.0
13:32:22,3088.0,3090.79093159,3.70222305589,39.1304347826,8.0,0,11.9890643002,8.0,-22.3776223776,341.714285714,-88.0
13:32:23,3088.0,3090.7893815,3.70170730338,39.1304347826,120.0,0,11.9873941172,22.0,-16.3793103448,280.666666667,-96.0
13:32:23,3088.0,3090.78783228,3.70118895645,39.1304347826,20.0,0,11.9857155325,-4.0,3.29341317364,186.952380952,346.0
13:32:24,3088.0,3090.78628391,3.70066801402,39.1304347826,14.0,0,11.9840285428,-6.0,4.2904290429,127.333333333,340.0
13:32:24,3087.0,3090.784181,3.70004900702,37.5,44.0,0,11.9859054325,16.0,12.6094570928,82.1904761905,358.0
13:32:25,3088.0,3090.78263467,3.69952239785,39.1304347826,22.0,0,11.9803186459,2.0,63.1578947368,34.0952380952,38.0
13:32:25,3088.0,3090.78108919,3.69899318968,39.1304347826,36.0,0,11.9786048889,12.0,60.15625,33.5238095238,42.0
13:32:26,3087.0,3090.77898917,3.69886352249,37.5,58.0,0,11.9820651846,32.0,36.0824742268,37.9047619048,52.0
13:32:26,3088.0,3090.77744571,3.69832894155,39.1304347826,30.0,0,11.9764538262,26.0,32.3529411765,37.2380952381,82.0
13:32:27,3087.0,3090.77534771,3.69819349251,37.5,136.0,0,11.9798946955,104.0,17.1779141104,66.380952381,192.0
13:32:27,3087.0,3090.77325088,3.69805503393,37.5,64.0,0,11.979446174,32.0,11.5606936416,69.1428571429,208.0
13:32:28,3087.0,3090.77115521,3.69791356547,37.5,214.0,0,11.9789879024,-14.0,7.06319702601,113.80952381,192.0
13:32:28,3087.0,3090.76906071,3.69776908678,37.5,66.0,0,11.9785198794,0.0,8.09859154928,107.047619048,180.0
13:32:29,3087.0,3090.76696737,3.69762159751,37.5,286.0,0,11.978042104,94.0,3.01507537687,161.714285714,242.0
13:32:29,3087.0,3090.76487519,3.69697006403,37.5,228.0,0,11.9759315323,-140.0,2.0120724346,188.952380952,76.0
13:32:30,3086.0,3090.76222877,3.69679035795,36.0,88.0,0,11.979229935,64.0,2.74841437631,166.761904762,36.0
13:32:30,3086.0,3090.75958382,3.69660655196,36.0,278.0,0,11.9786343226,-46.0,4.31034482758,201.142857143,-42.0
13:32:31,3086.0,3090.75694034,3.69641864546,36.0,164.0,33.3333333333,11.9780254227,-110.0,11.8918918919,192.761904762,-138.0
13:32:31,3086.0,3090.75429833,3.69672894071,33.3333333333,234.0,0,11.9790309161,170.0,9.85915492958,206.761904762,32.0
13:32:32,3086.0,3090.75165779,3.69703568275,33.3333333333,98.0,0,11.9800248955,16.0,13.2110091743,173.904761905,-46.0
13:32:32,3086.0,3090.74901871,3.69733887244,33.3333333333,58.0,0,11.9810073637,-10.0,17.3913043478,138.571428571,84.0
13:32:33,3086.0,3090.7463811,3.69763851067,33.3333333333,54.0,0,11.9819783236,-2.0,20.316027088,110.19047619,18.0
13:32:33,3086.0,3090.74374496,3.69793459829,33.3333333333,340.0,0,11.982937778,218.0,16.6666666667,165.142857143,282.0
13:32:34,3087.0,3090.74166568,3.69775406267,36.0,74.0,0,11.9784712105,34.0,13.986013986,141.142857143,426.0
13:32:34,3087.0,3090.73958755,3.69706673853,36.0,22.0,0,11.9762446988,2.0,18.5758513932,106.571428571,258.0
13:32:35,3086.0,3090.73695518,3.69735256261,33.3333333333,22.0,0,11.9810517259,8.0,20.350877193,82.0952380952,250.0
13:32:35,3086.0,3090.73432427,3.6971305085,33.3333333333,150.0,0,11.9803321727,12.0,15.7099697885,97.8095238095,272.0
13:32:36,3086.0,3090.73169482,3.69740900271,33.3333333333,36.0,0,11.9812346167,34.0,12.1118012422,76.5714285714,308.0
13:32:36,3086.0,3090.72906683,3.69768394938,33.3333333333,48.0,0,11.9821255651,18.0,25.5681818182,59.619047619,108.0
13:32:37,3086.0,3090.7264403,3.69838527286,33.3333333333,20.0,0,11.9843981622,4.0,19.4630872483,48.5714285714,78.0
13:32:37,3086.0,3090.72381523,3.69865336689,33.3333333333,150.0,0,11.985266905,104.0,11.2676056338,77.2380952381,180.0
13:32:38,3087.0,3090.72174701,3.69844707985,36.0,244.0,0,11.9807161641,190.0,6.48148148148,126.666666667,362.0
13:32:38,3087.0,3090.71967995,3.69823777688,36.0,190.0,0,11.9800381499,-14.0,9.59302325582,150.095238095,336.0
13:32:39,3086.0,3090.71705863,3.69849584666,33.3333333333,50.0,0,11.9847564701,-24.0,9.68660968662,131.619047619,278.0
13:32:39,3086.0,3090.71443877,3.69875037289,33.3333333333,70.0,0,11.9855812472,-14.0,7.45856353592,118.19047619,246.0
13:32:40,3086.0,3090.71182037,3.69900135631,33.3333333333,78.0,0,11.9863945441,-10.0,5.37084398978,106.0,232.0
13:32:40,3087.0,3090.70975882,3.69877931774,36.0,22.0,0,11.9817924125,-12.0,6.42201834863,75.0476190476,116.0
13:32:41,3087.0,3090.70769841,3.69855426167,36.0,2.0,0,11.9810633679,2.0,8.73786407768,44.4761904762,-72.0
13:32:41,3086.0,3090.70508375,3.69879522427,33.3333333333,36.0,0,11.9857265855,8.0,3.87596899225,35.1428571429,-50.0
13:32:42,3087.0,3090.70302594,3.69805628584,36.0,54.0,0,11.9794502295,26.0,4.58015267176,38.2857142857,0.0
13:32:42,3086.0,3090.70041388,3.69829022891,33.3333333333,46.0,0,11.9840901779,30.0,5.04201680672,38.9523809524,44.0
13:32:43,3086.0,3090.69780326,3.69801243747,33.3333333333,106.0,0,11.9831900112,104.0,42.1052631579,57.9047619048,158.0
13:32:43,3086.0,3090.6951941,3.69823906002,33.3333333333,6.0,0,11.9839243682,2.0,44.0,46.9523809524,172.0
13:32:44,3086.0,3090.69258638,3.69846214287,33.3333333333,212.0,0,11.9846472549,82.0,24.7826086957,95.619047619,252.0
13:32:44,3087.0,3090.69053551,3.6982142838,36.0,162.0,0,11.9799620466,32.0,36.1774744027,120.0,276.0
13:32:45,3086.0,3090.68793038,3.69792129629,33.3333333333,46.0,0,11.9828946737,4.0,35.9861591696,105.238095238,254.0
13:32:45,3087.0,3090.6858821,3.69766689036,36.0,44.0,0,11.9781888253,-10.0,36.4583333333,90.2857142857,214.0
13:32:46,3087.0,3090.68383496,3.69740946183,36.0,316.0,0,11.9773549136,4.0,52.417302799,153.142857143,114.0
13:32:46,3087.0,3090.68178895,3.69714901004,36.0,30.0,0,11.9765112084,-2.0,52.5925925926,124.285714286,110.0
13:32:47,3086.0,3090.67918868,3.69735181132,33.3333333333,98.0,0,11.9810492914,-80.0,60.3448275862,113.714285714,-52.0
13:32:47,3087.0,3090.67714525,3.69708509429,36.0,378.0,0,11.9763041603,-12.0,73.2456140351,188.571428571,-96.0
13:32:48,3087.0,3090.67510296,3.69681535244,36.0,1138.0,0,11.975430361,54.0,90.119760479,470.285714286,-46.0
13:32:48,3088.0,3090.67361721,3.69658825644,38.4615384615,500.0,0,11.9708168926,70.0,93.6585365854,517.714285714,34.0
13:32:49,3088.0,3090.67213228,3.69592267836,38.4615384615,114.0,0,11.9686615232,-6.0,88.7511071745,433.142857143,24.0
13:32:49,3088.0,3090.67064817,3.69525445381,38.4615384615,74.0,0,11.9664975836,-62.0,86.5334491746,346.761904762,-36.0
13:32:50,3088.0,3090.66916489,3.69502057955,38.4615384615,64.0,0,11.9657402188,18.0,87.8306878307,255.428571429,62.0
13:32:50,3088.0,3090.66768243,3.69478460213,38.4615384615,78.0,0,11.9649760432,62.0,84.4512195122,169.714285714,136.0
13:32:51,3088.0,3090.6662008,3.6941090491,38.4615384615,8.0,0,11.9627883714,4.0,62.5298329356,78.2857142857,86.0
13:32:51,3088.0,3090.66471999,3.69386862681,38.4615384615,276.0,0,11.9620098018,214.0,3.90879478827,117.238095238,230.0
13:32:52,3087.0,3090.6626846,3.6940153364,36.0,6.0,0,11.9663600143,6.0,4.74308300395,89.7142857143,242.0
13:32:52,3088.0,3090.66120574,3.69333228874,38.4615384615,82.0,0,11.9602729558,74.0,19.8443579767,89.0476190476,378.0
13:32:53,3088.0,3090.6597277,3.69308513005,38.4615384615,30.0,0,11.9594725714,0.0,27.5,73.1428571429,360.0
13:32:53,3088.0,3090.65825048,3.69239708308,38.4615384615,34.0,0,11.95724444,0.0,33.4862385321,60.0,298.0
13:32:54,3088.0,3090.65677409,3.69170637885,38.4615384615,8.0,0,11.9550077035,8.0,35.3211009174,41.5238095238,302.0
13:32:54,3088.0,3090.65529851,3.69145242251,38.4615384615,148.0,0,11.9541853061,-38.0,64.9350649351,63.0476190476,50.0
13:32:55,3088.0,3090.65382376,3.6911963583,38.4615384615,180.0,0,11.9533560826,98.0,43.153526971,99.8095238095,142.0
13:32:55,3087.0,3090.65179442,3.69132615895,36.0,568.0,0,11.957648717,-8.0,13.2231404959,239.142857143,60.0
13:32:56,3087.0,3090.64976621,3.69101335035,36.0,12.0,0,11.9566354077,2.0,11.5789473684,196.476190476,62.0
13:32:56,3087.0,3090.64773912,3.69113786866,36.0,22.0,0,11.9570387712,20.0,10.6609808102,157.523809524,82.0
13:32:57,3086.0,3090.64515776,3.6912817603,33.3333333333,34.0,0,11.961379651,32.0,10.5809128631,122.571428571,106.0
13:32:57,3087.0,3090.64313324,3.69140075123,36.0,136.0,0,11.9578903506,78.0,16.8067226891,115.523809524,222.0
13:32:58,3087.0,3090.64110984,3.69107615877,36.0,186.0,0,11.9568388687,4.0,34.8643006263,123.333333333,128.0
13:32:58,3087.0,3090.63908756,3.69074852724,36.0,174.0,0,11.9557775421,124.0,76.2411347518,127.428571429,260.0
13:32:59,3087.0,3090.6370664,3.69085948662,36.0,24.0,0,11.9561369829,16.0,73.6111111111,107.428571429,274.0
13:32:59,3087.0,3090.63504637,3.69096791314,36.0,34.0,0,11.9564882188,6.0,74.1496598639,89.7142857143,260.0
13:33:00,3087.0,3090.63302746,3.6906317419,36.0,32.0,0,11.9553992287,4.0,73.3788395904,70.8571428571,232.0
13:33:00,3087.0,3090.63100968,3.69073488575,36.0,28.0,0,11.955733352,16.0,70.2928870293,50.9523809524,170.0
13:33:01,3086.0,3090.62843761,3.690853518,33.3333333333,268.0,0,11.9599919572,92.0,31.0714285714,104.761904762,258.0
13:33:01,3087.0,3090.62642237,3.69095113666,36.0,54.0,0,11.9564338732,10.0,20.4545454545,93.5238095238,144.0
13:33:02,3086.0,3090.62385285,3.69150625644,33.3333333333,368.0,0,11.9621071174,124.0,25.5102040816,177.714285714,252.0
13:33:02,3086.0,3090.62128475,3.69161508199,33.3333333333,138.0,0,11.9624597602,70.0,19.5945945946,179.80952381,316.0
13:33:03,3086.0,3090.61871809,3.69216383242,33.3333333333,132.0,0,11.9642379534,-2.0,17.2064777328,175.238095238,310.0
13:33:03,3086.0,3090.61615284,3.69270949237,33.3333333333,30.0,0,11.9660061321,10.0,16.7676767677,136.761904762,304.0
13:33:04,3086.0,3090.61358903,3.69280823208,33.3333333333,26.0,0,11.9663260923,-6.0,21.3903743316,97.0476190476,206.0
13:33:04,3086.0,3090.61102663,3.69290343801,33.3333333333,8.0,0,11.9666346015,0.0,21.0826210826,63.7142857143,196.0
13:33:05,3087.0,3090.60902107,3.69298123698,36.0,22.0,0,11.9630101619,-10.0,12.3595505618,36.5714285714,62.0
13:33:05,3086.0,3090.60646121,3.6935144924,33.3333333333,196.0,0,11.968614687,-114.0,52.1739130435,75.619047619,-122.0
13:33:06,3086.0,3090.60390277,3.694044663,33.3333333333,100.0,0,11.9703326734,18.0,57.5916230366,84.4761904762,-102.0
13:33:06,3087.0,3090.60190116,3.69411439629,36.0,22.0,0,11.966680908,2.0,58.8235294118,72.5714285714,-110.0
13:33:07,3086.0,3090.59934526,3.6946387167,33.3333333333,120.0,0,11.9722576691,40.0,43.1623931624,89.0476190476,-64.0
13:33:07,3086.0,3090.59679078,3.69515995578,33.3333333333,48.0,0,11.9739467135,48.0,39.7637795276,80.4761904762,-16.0
13:33:08,3086.0,3090.59423771,3.69567811482,33.3333333333,72.0,0,11.9756257771,70.0,34.4086021505,76.8571428571,64.0
13:33:08,3086.0,3090.59168607,3.69619319514,33.3333333333,18.0,0,11.9772948644,0.0,4.21052631579,55.4285714286,178.0
13:33:09,3086.0,3090.58913584,3.69625927647,33.3333333333,28.0,0,11.977508997,-6.0,3.8961038961,45.3333333333,154.0
13:33:09,3087.0,3090.58714243,3.69631243502,36.0,104.0,0,11.9738012148,-12.0,18.4615384615,60.380952381,140.0
13:33:10,3086.0,3090.58459473,3.69637200133,33.3333333333,46.0,0,11.9778742752,-6.0,22.7848101266,54.9523809524,94.0
13:33:10,3086.0,3090.58204844,3.69642803892,33.3333333333,22.0,0,11.9780558617,-14.0,24.8275862069,46.1904761905,32.0
13:33:11,3086.0,3090.57950356,3.69692748637,33.3333333333,26.0,0,11.9796742916,-16.0,29.5081967213,39.8095238095,-54.0
13:33:11,3086.0,3090.5769601,3.69742386127,33.3333333333,64.0,0,11.981282765,-4.0,24.1379310345,46.4761904762,-58.0
13:33:12,3086.0,3090.57441805,3.69791716484,33.3333333333,102.0,0,11.9828812859,52.0,21.978021978,61.8095238095,0.0
13:33:12,3086.0,3090.57187741,3.69795988759,33.3333333333,18.0,0,11.9830197265,4.0,5.75539568345,49.619047619,16.0
13:33:13,3087.0,3090.56989359,3.69799328298,36.0,52.0,0,11.9792461386,20.0,7.74647887324,51.2380952381,42.0
13:33:13,3086.0,3090.56735546,3.6984774979,33.3333333333,38.0,0,11.984697012,34.0,7.33333333333,48.5714285714,90.0
13:33:14,3087.0,3090.56537415,3.69850561038,36.0,4.0,0,11.9809057673,0.0,7.91366906475,35.4285714286,106.0
13:33:14,3087.0,3090.56339393,3.69853119829,36.0,408.0,0,11.9809886566,230.0,67.845659164,138.761904762,340.0
13:33:15,3087.0,3090.56141482,3.69855426167,36.0,38.0,0,11.9810633679,-4.0,79.5698924731,120.0,284.0
13:33:15,3087.0,3090.55943681,3.69857480059,36.0,40.0,0,11.9811299015,2.0,77.9310344828,104.857142857,282.0
13:33:16,3086.0,3090.55690449,3.69859581922,33.3333333333,38.0,0,11.9850804252,24.0,80.5653710248,88.0952380952,286.0
13:33:16,3087.0,3090.55492898,3.69861085034,36.0,6.0,0,11.9812466807,0.0,86.5168539326,62.8571428571,252.0
13:33:17,3086.0,3090.55239917,3.69907495944,33.3333333333,506.0,0,11.9866330507,404.0,87.2586872587,182.0,656.0
13:33:17,3087.0,3090.55042616,3.6990847112,36.0,52.0,0,11.9827817013,0.0,76.7647058823,147.523809524,426.0
13:33:18,3087.0,3090.54845425,3.69909193895,36.0,0.0,0,11.9828051149,0.0,0,115.142857143,430.0
13:33:18,3087.0,3090.54648343,3.69864635732,36.0,38.0,0,11.9813617017,10.0,79.6875,95.4285714286,438.0
13:33:19,3087.0,3090.54451371,3.6986483079,36.0,48.0,0,11.9813680204,-46.0,84.3076923077,78.6666666667,368.0
13:33:19,3087.0,3090.54254508,3.6986477342,36.0,10.0,0,11.981366162,4.0,83.4862385321,50.5714285714,372.0
13:33:20,3087.0,3090.54057755,3.69864463622,36.0,14.0,0,11.9813561264,-10.0,70.3703703704,23.4285714286,-42.0
13:33:20,3087.0,3090.53861111,3.69863901396,36.0,32.0,0,11.9813379137,-30.0,88.7323943662,24.8571428571,-72.0
13:33:21,3087.0,3090.53664576,3.69817935687,36.0,4.0,37.8378378378,11.9798489047,-2.0,89.0410958904,19.2380952381,-74.0
13:33:21,3086.0,3090.5341261,3.6981662018,37.5,6.0,0,11.9836882755,-4.0,91.2280701754,14.0,-88.0
13:33:22,3087.0,3090.53216324,3.6977002258,39.1304347826,24.0,0,11.9782968118,4.0,73.3333333333,15.4285714286,-38.0
13:33:22,3087.0,3090.53020147,3.69723118581,39.1304347826,36.0,0,11.9767774079,-14.0,70.6896551724,21.4285714286,-56.0
13:33:23,3086.0,3090.52768539,3.69668009841,37.5,16.0,0,11.9788726455,10.0,64.406779661,20.4761904762,-36.0
13:33:23,3087.0,3090.52572611,3.69620441579,39.1304347826,2.0,0,11.9734512983,0.0,52.2727272727,15.4285714286,-6.0
13:33:24,3086.0,3090.52321252,3.69564557542,37.5,32.0,0,11.9755203351,32.0,36.2068965517,20.380952381,28.0
13:33:24,3086.0,3090.52070032,3.69561151157,37.5,18.0,0,11.9754099532,0.0,29.6875,20.0,32.0
13:33:25,3086.0,3090.51818952,3.69504468808,37.5,434.0,0,11.9735731953,76.0,79.9256505576,137.904761905,104.0
13:33:25,3086.0,3090.51568011,3.69500328898,37.5,74.0,0,11.973439044,2.0,71.1805555556,133.428571429,120.0
13:33:26,3087.0,3090.5137275,3.69451084944,39.1304347826,28.0,0,11.9679651747,6.0,69.387755102,114.0,116.0
13:33:26,3086.0,3090.51122057,3.6944626566,37.5,12.0,0,11.9716871568,10.0,68.2274247492,89.4285714286,126.0
13:33:27,3086.0,3090.50871503,3.69388044985,37.5,16.0,0,11.9698005504,2.0,70.4467353952,65.5238095238,96.0
13:33:27,3087.0,3090.50676628,3.69284717978,39.1304347826,12.0,0,11.9625758982,-2.0,71.875,41.2380952381,94.0
13:33:28,3087.0,3090.50481862,3.69181008834,39.1304347826,30.0,0,11.9592163536,20.0,8.13953488372,22.380952381,38.0
13:33:28,3086.0,3090.50231664,3.6912157571,37.5,8.0,0,11.9611657715,-2.0,15.0943396226,16.4761904762,34.0
13:33:29,3086.0,3090.49981605,3.69061723233,37.5,34.0,0,11.9592262875,20.0,12.5,21.1428571429,48.0
13:33:29,3087.0,3090.49787225,3.68956836739,39.1304347826,214.0,0,11.9519545429,82.0,7.64331210192,76.9523809524,120.0
13:33:30,3086.0,3090.49537412,3.68949455369,37.5,30.0,0,11.955588314,-24.0,6.70731707318,70.5714285714,94.0
13:33:30,3086.0,3090.49287738,3.68941720405,37.5,0.0,0,11.9553376671,0.0,0,54.9523809524,96.0
13:33:31,3087.0,3090.49093744,3.68835739143,39.1304347826,4.0,0,11.9480317183,-2.0,6.89655172415,41.0476190476,74.0
13:33:31,3086.0,3090.48844316,3.68827294682,37.5,72.0,0,11.9516297693,-2.0,5.64971751414,47.8095238095,74.0
13:33:32,3087.0,3090.48650568,3.68720573214,39.1304347826,4.0,0,11.9443010435,0.0,6.17283950619,32.0952380952,54.0
13:33:32,3086.0,3090.48401387,3.68657959846,37.5,6.0,0,11.9461425744,0.0,6.89655172414,18.380952381,-28.0
13:33:33,3086.0,3090.48152344,3.68594925543,37.5,22.0,0,11.9440999852,-8.0,14.8148148148,19.1428571429,-12.0
13:33:33,3086.0,3090.4790344,3.68531470087,37.5,48.0,0,11.9420437488,44.0,10.2564102564,27.7142857143,32.0
13:33:34,3086.0,3090.47654673,3.68467593262,37.5,6.0,0,11.9399738581,2.0,8.86075949367,22.0,36.0
13:33:34,3087.0,3090.47461586,3.68412506155,39.1304347826,10.0,0,11.934321547,6.0,16.6666666667,17.3333333333,44.0
13:33:35,3086.0,3090.47213065,3.68401492562,37.5,12.0,0,11.9378319042,12.0,13.4615384615,16.1904761905,56.0
13:33:35,3087.0,3090.47020222,3.68345767136,39.1304347826,92.0,0,11.9321596092,-34.0,17.8947368421,37.5238095238,22.0
13:33:36,3086.0,3090.46771947,3.68280362162,37.5,48.0,0,11.9339067454,-14.0,31.4814814815,42.1904761905,16.0
13:33:36,3087.0,3090.46579349,3.68223964616,39.1304347826,216.0,0,11.9282139493,-192.0,71.3541666667,93.619047619,-220.0
13:33:37,3086.0,3090.46331318,3.68257784065,37.5,2.0,0,11.9331751155,-2.0,71.5789473684,75.9047619048,-224.0
13:33:37,3086.0,3090.46083425,3.68245049752,37.5,2.0,0,11.9327624677,0.0,72.0430107527,58.380952381,-230.0
13:33:38,3087.0,3090.4589121,3.68187716314,39.1304347826,520.0,0,11.9270397251,178.0,84.3181818182,189.238095238,-64.0
13:33:38,3087.0,3090.45699102,3.68176385826,39.1304347826,102.0,0,11.9266726863,-4.0,89.8876404494,176.476190476,-34.0
13:33:39,3086.0,3090.4545156,3.68162667852,37.5,52.0,0,11.930092931,-20.0,90.1565995526,148.952380952,-40.0
13:33:39,3087.0,3090.45259696,3.68104416044,39.1304347826,54.0,0,11.9243413037,36.0,89.3442622951,121.80952381,188.0
13:33:40,3087.0,3090.45067938,3.68045853122,39.1304347826,458.0,0,11.9224442216,202.0,91.7508417508,217.80952381,392.0
13:33:40,3087.0,3090.44876287,3.67986978936,39.1304347826,8.0,0,11.9205370566,4.0,91.4572864321,163.523809524,396.0
13:33:41,3087.0,3090.44684742,3.67927793339,39.1304347826,6.0,0,11.9186198037,4.0,90.8823529412,108.380952381,222.0
13:33:41,3087.0,3090.44493304,3.67868296179,39.1304347826,12.0,0,11.916692458,12.0,91.5254237288,79.4285714286,238.0
13:33:42,3087.0,3090.44301972,3.67808487305,39.1304347826,4.0,0,11.9147550147,4.0,90.7749077491,52.4761904762,262.0
13:33:42,3087.0,3090.44110746,3.67794929736,39.1304347826,2.0,0,11.9143158321,2.0,89.387755102,27.2380952381,228.0
13:33:43,3087.0,3090.43919626,3.67734529809,39.1304347826,2.0,0,11.9123592423,2.0,5.88235294118,4.47619047619,28.0
13:33:43,3087.0,3090.43728613,3.67673817759,39.1304347826,22.0,0,11.9103925416,14.0,4.16666666666,9.14285714286,38.0
13:33:44,3087.0,3090.43537706,3.67612793432,39.1304347826,14.0,0,11.908415725,10.0,3.57142857143,10.8571428571,44.0
13:33:44,3087.0,3090.43346904,3.67551456673,39.1304347826,30.0,0,11.9064287876,22.0,2.7027027027,16.7619047619,54.0
13:33:45,3087.0,3090.43156209,3.67489807325,39.1304347826,4.0,0,11.9044317242,4.0,5.4054054054,14.380952381,54.0
13:33:45,3087.0,3090.4296562,3.67474598097,39.1304347826,20.0,0,11.9039390378,18.0,8.69565217391,16.5714285714,70.0
13:33:46,3087.0,3090.42775136,3.6745913416,39.1304347826,148.0,0,11.9034381004,88.0,3.36134453781,54.4761904762,156.0
13:33:46,3086.0,3090.42529218,3.67487329714,37.5,10.0,0,11.9082089991,0.0,6.19469026549,46.0,142.0
13:33:47,3087.0,3090.42338977,3.67471335071,39.1304347826,10.0,0,11.9038333356,-8.0,10.8108108108,38.0952380952,124.0
13:33:47,3087.0,3090.42148842,3.67455085649,39.1304347826,2.0,0,11.9033069533,0.0,13.4020618557,28.0952380952,102.0
13:33:48,3087.0,3090.41958812,3.67438581413,39.1304347826,10.0,0,11.9027723166,4.0,16.0,21.7142857143,102.0
13:33:48,3086.0,3090.41713347,3.67504974981,37.5,40.0,0,11.9087807836,0.0,12.7272727273,23.619047619,84.0
13:33:49,3087.0,3090.41523559,3.67487964865,39.1304347826,16.0,0,11.9043720397,2.0,50.0,17.7142857143,-2.0
13:33:49,3086.0,3090.41278336,3.67553841483,37.5,44.0,0,11.9103642736,0.0,62.2950819672,26.0952380952,-2.0
13:33:50,3087.0,3090.4108879,3.67575715514,39.1304347826,8.0,0,11.9072146263,-2.0,60.0,22.5714285714,4.0
13:33:50,3087.0,3090.40899349,3.67557969729,39.1304347826,10.0,0,11.9066397709,0.0,62.5,19.7142857143,4.0
13:33:51,3086.0,3090.40654473,3.67583663946,37.5,10.0,0,11.9113306528,2.0,56.25,16.4761904762,2.0
13:33:51,3086.0,3090.40409733,3.67609054114,37.5,36.0,0,11.9121534062,12.0,77.4193548387,20.6666666667,14.0
13:33:52,3086.0,3090.40165129,3.67634140296,37.5,18.0,0,11.912966309,12.0,63.4920634921,19.9047619048,24.0
13:33:52,3087.0,3090.39976201,3.67654813281,39.1304347826,12.0,0,11.9097769122,6.0,48.9361702128,17.3333333333,30.0
13:33:53,3086.0,3090.39731837,3.67718859623,37.5,20.0,0,11.9157115886,-4.0,52.8301886793,18.5714285714,28.0
13:33:53,3087.0,3090.3954315,3.67739087215,39.1304347826,2.0,0,11.9125068745,-2.0,48.9795918367,14.0952380952,26.0
13:33:54,3086.0,3090.39299027,3.67802634272,37.5,24.0,0,11.9184262564,20.0,42.8571428572,16.2857142857,44.0
13:33:54,3086.0,3090.3905504,3.67826347917,37.5,4.0,0,11.919194683,4.0,30.0,12.0952380952,36.0
13:33:55,3086.0,3090.38811188,3.67889349265,37.5,14.0,0,11.9212362043,6.0,31.5789473684,12.2857142857,30.0
13:33:55,3086.0,3090.38567472,3.67952086085,37.5,24.0,0,11.9232691538,18.0,22.7272727273,15.5238095238,42.0
13:33:56,3086.0,3090.38323891,3.68014558513,37.5,80.0,0,11.9252935358,8.0,18.9189189189,34.1904761905,54.0
13:33:56,3087.0,3090.38135985,3.68033386125,39.1304347826,84.0,0,11.9220403669,-2.0,21.7391304348,51.1428571429,54.0
13:33:57,3086.0,3090.37892644,3.68095360531,37.5,152.0,0,11.9279118772,78.0,15.0837988827,83.619047619,112.0
13:33:57,3086.0,3090.37649438,3.68157070906,37.5,18.0,0,11.9299115653,2.0,15.0537634409,71.7142857143,110.0
13:33:58,3086.0,3090.37406367,3.68218517382,37.5,2.0,0,11.931902702,0.0,15.5555555556,54.5714285714,104.0
13:33:58,3086.0,3090.37163431,3.68279700092,37.5,140.0,0,11.9338852914,126.0,11.7647058824,77.4285714286,212.0
13:33:59,3086.0,3090.36920629,3.68340619167,37.5,90.0,0,11.9358593379,38.0,6.99588477367,80.4761904762,242.0
13:33:59,3086.0,3090.36677963,3.68401274738,37.5,34.0,0,11.9378248457,2.0,2.29357798166,67.0476190476,246.0
13:34:00,3086.0,3090.36435432,3.68461666934,37.5,10.0,0,11.939781819,4.0,2.04081632654,49.1428571429,172.0
13:34:00,3086.0,3090.36193035,3.68521795886,37.5,78.0,0,11.941730262,54.0,1.12994350284,57.4285714286,224.0
13:34:01,3086.0,3090.35950773,3.68581661722,37.5,46.0,0,11.9436701789,20.0,1.50753768845,53.7142857143,244.0
13:34:01,3086.0,3090.35708645,3.68641264571,37.5,42.0,0,11.9456015739,0.0,1.33333333334,46.7619047619,118.0
13:34:02,3086.0,3090.35466652,3.68700604559,37.5,36.0,0,11.9475244511,18.0,0.81300813008,42.7619047619,98.0
13:34:02,3087.0,3090.35280333,3.68716655743,39.1304347826,24.0,0,11.9441741413,16.0,3.38983050847,37.9047619048,112.0
13:34:03,3086.0,3090.35038578,3.68775500269,37.5,56.0,0,11.9499514021,-4.0,3.54609929078,42.6666666667,104.0
13:34:03,3086.0,3090.34796957,3.68834082274,37.5,40.0,0,11.9518497172,12.0,7.37704918032,40.6666666667,62.0
13:34:04,3086.0,3090.3455547,3.68924759802,37.5,178.0,0,11.9547880688,102.0,51.5957446808,79.9047619048,144.0
13:34:04,3086.0,3090.34314118,3.6901520595,37.5,148.0,0,11.9577189225,46.0,59.3360995851,104.285714286,190.0
13:34:05,3086.0,3090.34072899,3.69105420887,37.5,6.0,0,11.9606422841,0.0,63.2743362832,83.0476190476,172.0
13:34:05,3086.0,3090.33831814,3.69163007883,37.5,48.0,0,11.9625083565,-12.0,58.8235294118,75.2380952381,144.0
13:34:06,3085.0,3090.33535324,3.69303080724,36.0,146.0,0,11.9709264416,-26.0,69.25795053,94.2857142857,122.0
13:34:06,3085.0,3090.33238997,3.69442847741,36.0,236.0,0,11.975456977,-32.0,58.1364829396,134.761904762,78.0
13:34:07,3086.0,3090.32998376,3.69532060413,37.5,84.0,0,11.9744672849,56.0,45.0598802395,122.476190476,32.0
13:34:07,3086.0,3090.32757888,3.69621042796,37.5,12.0,0,11.9773507063,8.0,39.6616541353,94.0952380952,-6.0
13:34:08,3086.0,3090.32517534,3.69709795058,37.5,24.0,0,11.9802266707,18.0,38.3636363636,75.619047619,12.0
13:34:08,3086.0,3090.32277313,3.69765841821,37.5,20.0,0,11.9820428328,-6.0,41.1877394636,55.1428571429,18.0
13:34:09,3086.0,3090.32037226,3.69821627633,37.5,48.0,0,11.983850539,-2.0,23.820754717,44.0,42.0
13:34:09,3086.0,3090.31797272,3.69909664273,37.5,42.0,0,11.9867033141,-40.0,18.2608695652,35.8095238095,34.0
13:34:10,3086.0,3090.31557451,3.69997471421,37.5,28.0,0,11.9895486527,-6.0,3.44827586207,32.8571428571,-28.0
13:34:10,3086.0,3090.31317763,3.70085049243,37.5,30.0,0,11.99238656,0.0,2.08333333333,33.1428571429,-36.0
13:34:11,3086.0,3090.31078209,3.70172397899,37.5,4.0,38.8888888889,11.9952170415,0.0,2.32558139535,25.1428571429,-54.0
13:34:11,3086.0,3090.30838787,3.70259517554,42.8571428571,2.0,0,11.9980401022,0.0,0,17.5238095238,-48.0
13:34:12,3086.0,3090.30599499,3.70346408368,42.8571428571,74.0,0,12.0008557475,-2.0,0,31.3333333333,-48.0
13:34:12,3086.0,3090.30360343,3.70433070503,42.8571428571,2.0,0,12.0036639826,0.0,0,23.3333333333,-8.0
13:34:13,3086.0,3090.30121321,3.70519504118,42.8571428571,2.0,0,12.0064648126,0.0,0,17.2380952381,-2.0
13:34:13,3087.0,3090.29937971,3.7053074942,45.4545454545,4.0,0,12.0029397285,-2.0,2.27272727273,12.9523809524,-4.0
13:34:14,3086.0,3090.29699183,3.70616743865,42.8571428571,282.0,0,12.009615809,-114.0,1.09289617487,89.3333333333,-118.0
13:34:14,3086.0,3090.29460527,3.70702510216,42.8571428571,22.0,0,12.0123950167,-8.0,1.03626943006,78.1904761905,-126.0
13:34:15,3086.0,3090.29222004,3.70788048629,42.8571428571,26.0,0,12.0151668383,20.0,1.775147929,67.2380952381,-104.0
13:34:15,3087.0,3090.29039154,3.70831131912,45.4545454545,82.0,0,12.0126702919,-38.0,16.7464114833,74.5714285714,-142.0
13:34:16,3087.0,3090.28856405,3.70874041669,45.4545454545,54.0,0,12.0140603067,-6.0,17.8723404255,70.0952380952,-148.0
13:34:16,3087.0,3090.28673758,3.70916777961,45.4545454545,2.0,0,12.0154447023,-2.0,17.9487179487,48.2857142857,-148.0
13:34:17,3086.0,3090.28435672,3.71001497451,42.8571428571,12.0,0,12.0220835208,12.0,41.4141414141,29.4285714286,-22.0
13:34:17,3087.0,3090.28253259,3.7104386346,45.4545454545,10.0,0,12.0195614985,-4.0,47.311827957,22.8571428571,-18.0
13:34:18,3087.0,3090.28070946,3.71086056207,45.4545454545,4.0,0,12.0209282866,-2.0,54.8780487805,15.1428571429,-40.0
13:34:18,3086.0,3090.27833195,3.71137389913,42.8571428571,44.0,0,12.0264870354,-4.0,23.8095238095,19.9047619048,-6.0
13:34:19,3086.0,3090.27595576,3.71221248419,42.8571428571,222.0,0,12.0292044206,198.0,5.44217687075,77.3333333333,198.0
13:34:19,3087.0,3090.27413629,3.7126285986,45.4545454545,20.0,0,12.0266556482,8.0,6.41025641026,69.0476190476,208.0
13:34:20,3086.0,3090.27176243,3.71346295239,42.8571428571,6.0,0,12.0332564886,4.0,6.53594771242,55.9047619048,200.0
13:34:20,3086.0,3090.26938989,3.71429504137,42.8571428571,62.0,0,12.0359528236,18.0,17.3184357542,59.0476190476,222.0
13:34:21,3087.0,3090.26757406,3.7147055011,45.4545454545,14.0,0,12.0333835474,-14.0,19.5652173913,46.0,210.0
13:34:21,3086.0,3090.26520385,3.71520482794,42.8571428571,12.0,0,12.0389009331,8.0,20.8333333333,31.9047619048,222.0
13:34:22,3087.0,3090.26339035,3.71561144919,45.4545454545,6.0,0,12.0363182675,2.0,61.6666666667,17.619047619,26.0
13:34:22,3087.0,3090.26157786,3.71601634403,45.4545454545,0.0,0,12.0376298803,0.0,0,11.9047619048,18.0
13:34:23,3087.0,3090.25976637,3.71641951304,45.4545454545,6.0,0,12.0389359023,-4.0,74.0,8.85714285714,10.0
13:34:23,3087.0,3090.2579559,3.71682095677,45.4545454545,2.0,0,12.0402363355,-2.0,70.0,4.66666666667,-10.0
13:34:24,3087.0,3090.25614642,3.71722067578,45.4545454545,4.0,0,12.0415311817,2.0,53.3333333334,3.90476190476,6.0
13:34:24,3087.0,3090.25433795,3.71728917516,45.4545454545,2.0,0,12.0417530779,0.0,80.0,3.04761904762,-2.0
13:34:25,3086.0,3090.25197509,3.71810276814,42.8571428571,40.0,0,12.0482915364,-24.0,22.2222222222,13.5238095238,-28.0
13:34:25,3087.0,3090.25016894,3.7181671008,45.4545454545,46.0,0,12.0445970224,2.0,54.0,24.0952380952,-26.0
13:34:26,3087.0,3090.24836379,3.71855939184,45.4545454545,2.0,0,12.0458678064,2.0,52.0833333333,19.9047619048,-20.0
13:34:26,3086.0,3090.24600424,3.71936669075,42.8571428571,20.0,0,12.0523872027,0.0,42.1052631579,21.0476190476,-18.0
13:34:27,3086.0,3090.24364601,3.71984143388,42.8571428571,6.0,0,12.0539255797,0.0,39.6551724138,17.3333333333,-20.0
13:34:27,3087.0,3090.24184448,3.72022794835,45.4545454545,132.0,0,12.0512729133,66.0,71.5447154472,49.5238095238,46.0
13:34:28,3087.0,3090.24004396,3.72028208143,45.4545454545,14.0,0,12.0514482716,8.0,85.4545454545,41.8095238095,78.0
13:34:28,3087.0,3090.23824443,3.72033413971,45.4545454545,6.0,0,12.0516169087,6.0,84.4444444444,33.0476190476,82.0
13:34:29,3086.0,3090.23589051,3.72113068573,42.8571428571,12.0,0,12.0581033238,-2.0,78.9473684211,27.9047619048,78.0
13:34:29,3087.0,3090.23409329,3.72117858504,45.4545454545,22.0,0,12.0543523973,-8.0,79.1666666667,25.1428571429,70.0
13:34:30,3087.0,3090.23229707,3.72155581721,45.4545454545,442.0,0,12.0555743998,440.0,94.2675159236,142.285714286,510.0
13:34:30,3087.0,3090.23050185,3.72159977175,45.4545454545,232.0,0,12.0557167857,28.0,80.7692307692,178.666666667,472.0
13:34:31,3087.0,3090.22870762,3.72197341623,45.4545454545,140.0,0,12.0569271663,10.0,72.131147541,184.0,474.0
13:34:31,3087.0,3090.2269144,3.72234534415,45.4545454545,94.0,0,12.0581319862,-56.0,73.0360934183,170.19047619,412.0
13:34:32,3087.0,3090.22512216,3.72271555603,45.4545454545,8.0,0,12.0593312473,8.0,74.2004264392,127.619047619,422.0
13:34:32,3087.0,3090.22333093,3.72308405238,45.4545454545,4.0,0,12.060524951,2.0,75.8695652174,84.0952380952,432.0
13:34:33,3087.0,3090.22154068,3.72345083372,45.4545454545,6.0,0,12.0617130992,6.0,54.5454545455,42.0,-2.0
13:34:33,3086.0,3090.21919603,3.72389679372,42.8571428571,50.0,0,12.0670667327,4.0,54.9668874172,33.2380952381,-26.0
13:34:34,3087.0,3090.21740809,3.72425976571,45.4545454545,106.0,0,12.0643335462,-52.0,86.5671641791,49.1428571429,-88.0
13:34:34,3087.0,3090.21562114,3.72428814973,45.4545454545,178.0,0,12.0644254931,68.0,93.1818181818,87.2380952381,36.0
13:34:35,3087.0,3090.21383518,3.72464754112,45.4545454545,26.0,0,12.0655897024,20.0,93.5135135135,77.9047619048,48.0
13:34:35,3086.0,3090.21149481,3.72541768932,42.8571428571,148.0,0,12.0719951047,-60.0,78.2101167315,102.571428571,-14.0
13:34:36,3086.0,3090.20915574,3.72618560757,42.8571428571,4.0,0,12.0744834983,-2.0,77.734375,79.2380952381,-22.0
13:34:36,3087.0,3090.20737337,3.726205901,45.4545454545,18.0,0,12.0706378393,6.0,80.4166666667,60.0,-20.0
13:34:37,3087.0,3090.20559199,3.72655783979,45.4545454545,22.0,0,12.0717779067,4.0,75.2525252525,43.4285714286,36.0
13:34:37,3087.0,3090.2038116,3.72690806836,45.4545454545,376.0,0,12.0729124339,-18.0,84.1750841751,132.0,-50.0
13:34:38,3087.0,3090.2020322,3.72725658718,45.4545454545,2.0,0,12.0740414227,-2.0,83.1578947368,104.285714286,-72.0
13:34:38,3088.0,3090.20080919,3.72693266418,47.8260869565,2.0,0,12.0690824617,0.0,98.1132075472,77.7142857143,-12.0
13:34:39,3087.0,3090.19903145,3.72727782705,45.4545454545,52.0,0,12.0741102269,-12.0,88.5593220339,72.380952381,-22.0
13:34:39,3088.0,3090.19781011,3.72728511399,47.8260869565,212.0,0,12.0702238147,-104.0,90.990990991,110.476190476,-132.0
13:34:40,3088.0,3090.19658944,3.72729107603,47.8260869565,104.0,0,12.0702431218,22.0,92.2459893048,108.476190476,-114.0
13:34:40,3087.0,3090.19481405,3.7276315483,45.4545454545,368.0,0,12.0752560683,-276.0,91.8918918919,178.0,-372.0
13:34:41,3088.0,3090.19359505,3.72763469464,47.8260869565,40.0,0,12.0713558764,24.0,92.5449871465,154.19047619,-346.0
13:34:41,3088.0,3090.19237672,3.72730130255,47.8260869565,10.0,0,12.0702762388,4.0,91.8575063613,120.0,-342.0
13:34:42,3088.0,3090.19115907,3.72730163377,47.8260869565,0.0,0,12.0702773114,0.0,0,82.5714285714,-330.0
13:34:42,3088.0,3090.1899421,3.72730064011,47.8260869565,24.0,0,12.0702740936,24.0,93.7728937729,54.4761904762,-202.0
13:34:43,3088.0,3090.18872581,3.72729832154,47.8260869565,44.0,0,12.0702665853,42.0,84.3621399177,41.0476190476,-182.0
13:34:43,3089.0,3090.18806559,3.72703435831,50.0,6.0,0,12.0655045591,6.0,38.7096774194,19.619047619,100.0
13:34:44,3089.0,3090.18740573,3.72676936187,50.0,28.0,0,12.0646466878,-2.0,32.1428571429,21.7142857143,74.0
13:34:44,3089.0,3090.18674625,3.72650333199,50.0,50.0,0,12.063785471,-4.0,44.7368421053,30.6666666667,66.0
13:34:45,3089.0,3090.18608713,3.72589983124,50.0,0.0,0,12.0618317619,0.0,0,23.4285714286,66.0
13:34:45,3088.0,3090.18487297,3.72589138187,47.8260869565,24.0,0,12.0657104335,12.0,46.052631579,23.0476190476,54.0
13:34:46,3089.0,3090.18421489,3.72562195487,50.0,4.0,0,12.0609321945,2.0,64.2857142857,16.9523809524,14.0
13:34:46,3088.0,3090.18300177,3.72561101957,47.8260869565,8.0,0,12.0648025245,6.0,64.9122807018,13.9047619048,14.0
13:34:47,3089.0,3090.18234473,3.7253393975,50.0,10.0,0,12.0600174733,6.0,56.25,11.3333333333,22.0
13:34:47,3089.0,3090.18168806,3.72506674064,50.0,12.0,0,12.059134803,-8.0,51.724137931,10.1904761905,18.0
13:34:48,3089.0,3090.18103175,3.72479304877,50.0,30.0,0,12.058248782,-28.0,68.1818181818,16.0,-10.0
13:34:48,3089.0,3090.1803758,3.72418065187,50.0,12.0,0,12.0562662735,-2.0,84.2105263158,15.2380952381,-24.0
13:34:49,3089.0,3090.17972022,3.72390471925,50.0,116.0,0,12.0553729985,-84.0,89.3617021277,44.7619047619,-110.0
13:34:49,3089.0,3090.179065,3.7236277508,50.0,408.0,0,12.0544763704,360.0,96.9387755102,152.380952381,244.0
13:34:50,3089.0,3090.17841015,3.72301151457,50.0,138.0,0,12.0524814327,-68.0,97.2067039106,163.80952381,170.0
13:34:50,3089.0,3090.17775566,3.72273230336,50.0,296.0,0,12.0515775441,86.0,93.2,214.285714286,264.0
13:34:51,3088.0,3090.17654613,3.72271041575,47.8260869565,22.0,0,12.0554093774,-2.0,92.7419354839,172.952380952,290.0
13:34:51,3089.0,3090.17589267,3.72242900545,50.0,60.0,0,12.0505956797,52.0,90.9615384615,142.857142857,344.0
13:34:52,3089.0,3090.17523958,3.7221465581,50.0,418.0,0,12.0496813147,100.0,93.5916542474,212.761904762,528.0
13:34:52,3089.0,3090.17458685,3.72152393948,50.0,318.0,0,12.0476657154,-118.0,93.2907348243,239.714285714,50.0
13:34:53,3089.0,3090.17393448,3.72123924624,50.0,14.0,0,12.0467440798,-2.0,92.7304964539,184.095238095,116.0
13:34:53,3090.0,3090.17383788,3.72043091225,52.0,2.0,0,12.0402294895,-2.0,95.9232613909,130.952380952,28.0
13:34:54,3090.0,3090.17374133,3.71962138613,52.0,156.0,0,12.0376096639,40.0,90.0826446281,135.80952381,70.0
13:34:54,3089.0,3090.17308943,3.71933349764,50.0,76.0,0,12.040574612,74.0,87.8048780488,111.428571429,92.0
13:34:55,3090.0,3090.1729933,3.71886183305,52.0,144.0,0,12.0351515633,46.0,66.1971830986,105.714285714,38.0
13:34:55,3090.0,3090.17289722,3.7183893616,52.0,16.0,0,12.0336225294,8.0,40.1960784314,76.4761904762,164.0
13:34:56,3089.0,3090.17224579,3.71809861761,50.0,116.0,0,12.0365769427,-74.0,31.7647058823,90.1904761905,92.0
13:34:56,3090.0,3090.17215012,3.71728378866,52.0,210.0,0,12.0300446235,190.0,23.3983286908,125.904761905,284.0
13:34:57,3090.0,3090.17205451,3.71680862542,52.0,2.0,0,12.0285068784,0.0,14.1843971631,92.2857142857,244.0
13:34:57,3089.0,3090.17140355,3.71651485116,50.0,242.0,0,12.0314498257,-56.0,35.6164383562,134.571428571,114.0
13:34:58,3089.0,3090.17075295,3.71622003628,50.0,12.0,0,12.0304954234,-8.0,41.4715719064,103.238095238,60.0
13:34:58,3089.0,3090.17010271,3.71592418053,50.0,72.0,0,12.0295376514,28.0,35.7798165138,95.3333333333,80.0
13:34:59,3090.0,3090.17000824,3.71544547908,52.0,6.0,0,12.0240954016,0.0,42.2794117647,65.9047619048,154.0
13:34:59,3090.0,3090.16991382,3.71496596822,52.0,254.0,0,12.0225435865,-96.0,77.5510204082,112.571428571,-132.0
13:35:00,3090.0,3090.16981945,3.71414376255,52.0,828.0,0,12.0198827267,42.0,90.5233380481,321.142857143,-90.0
13:35:00,3090.0,3090.16972513,3.71290338458,52.0,82.0,0,12.0158685585,32.0,88.8357256778,277.238095238,-2.0
13:35:01,3091.0,3090.17018626,3.71197195605,53.8461538462,156.0,47.5,12.0089678293,20.0,81.1158798283,262.095238095,26.0
13:35:01,3091.0,3090.17064714,3.71103954522,56.0,52.0,0,12.0059512948,2.0,85.7764876633,210.380952381,0.0
13:35:02,3091.0,3090.17110777,3.71010615135,56.0,90.0,0,12.0029315799,54.0,84.268125855,170.476190476,54.0
13:35:02,3091.0,3090.17156813,3.70917177371,56.0,202.0,0,11.9999086823,-178.0,85.1063829787,158.571428571,-28.0
13:35:03,3091.0,3090.17202825,3.70781822265,56.0,28.0,0,11.9955296754,2.0,65.5737704918,99.4285714286,-68.0
13:35:03,3091.0,3090.1724881,3.70646315722,56.0,8.0,0,11.9911457691,0.0,68.6567164179,72.6666666667,-100.0
13:35:04,3090.0,3090.1723923,3.70521254451,53.8461538462,52.0,0,11.9909791084,10.0,89.3518518519,62.0,-110.0
13:35:04,3091.0,3090.17285196,3.70427343303,56.0,112.0,0,11.9840615756,68.0,90.243902439,73.4285714286,-44.0
13:35:05,3091.0,3090.17331136,3.70291400725,56.0,162.0,0,11.9796635628,-60.0,97.5177304965,96.2857142857,-158.0
13:35:05,3091.0,3090.1737705,3.70155306077,56.0,32.0,0,11.9752606301,-10.0,92.8934010152,78.5714285714,10.0
13:35:06,3091.0,3090.17422939,3.70019059194,56.0,88.0,0,11.9708527724,-36.0,91.6299559471,84.9523809524,-28.0
13:35:06,3091.0,3090.17468802,3.69882659905,56.0,52.0,0,11.966439984,-22.0,92.3694779116,78.1904761905,-50.0
13:35:07,3091.0,3090.1751464,3.69746108044,56.0,82.0,0,11.9620222596,20.0,89.3939393939,77.9047619048,-40.0
13:35:07,3091.0,3090.17560453,3.6960940344,56.0,122.0,0,11.9575995937,-40.0,90.7063197026,87.619047619,-148.0
13:35:08,3091.0,3090.1760624,3.69514659159,56.0,268.0,0,11.9545344277,178.0,52.7950310559,138.571428571,90.0
13:35:08,3091.0,3090.17652001,3.69377678804,56.0,104.0,0,11.9501028406,48.0,58.6592178771,137.619047619,148.0
13:35:09,3090.0,3090.17642197,3.69251034378,53.8461538462,222.0,0,11.9498716627,8.0,40.4705882353,166.952380952,192.0
13:35:09,3090.0,3090.17632399,3.69124212717,53.8461538462,52.0,0,11.9457674018,-28.0,40.2352941176,141.333333333,186.0
13:35:10,3090.0,3090.17622606,3.68997213638,53.8461538462,12.0,0,11.9416573993,0.0,37.4358974359,104.285714286,166.0
13:35:10,3091.0,3090.17668358,3.6885958719,56.0,422.0,0,11.9333415461,134.0,65.0,187.714285714,340.0
13:35:11,3091.0,3090.17714085,3.68721806832,56.0,40.0,0,11.9288840774,34.0,85.4460093897,147.714285714,196.0
13:35:11,3090.0,3090.17704247,3.68594300672,53.8461538462,4.0,0,11.9286181447,-2.0,84.0425531915,108.285714286,146.0
13:35:12,3091.0,3090.17749954,3.68456201226,56.0,20.0,0,11.9202912076,8.0,117.090909091,78.1904761905,146.0
13:35:12,3090.0,3090.17740096,3.68370736118,53.8461538462,22.0,0,11.9213830459,0.0,114.615384615,58.2857142857,174.0
13:35:13,3091.0,3090.17785783,3.68274755481,56.0,22.0,0,11.9144210767,12.0,112.075471698,39.8095238095,186.0
13:35:13,3090.0,3090.17775905,3.68189057549,53.8461538462,32.0,0,11.9155034805,12.0,47.1428571429,23.7142857143,64.0
13:35:14,3091.0,3090.17821572,3.68092866033,56.0,10.0,0,11.9085365912,6.0,32.7272727273,19.9047619048,36.0
13:35:14,3091.0,3090.17867214,3.6799657389,56.0,16.0,0,11.9054213488,8.0,34.4262295082,19.2380952381,46.0
13:35:15,3090.0,3090.17857291,3.67868027698,53.8461538462,28.0,0,11.905114165,16.0,23.0769230769,21.4285714286,54.0
13:35:15,3091.0,3090.17902913,3.6777150045,56.0,44.0,0,11.8981397752,36.0,46.052631579,27.8095238095,90.0
13:35:16,3091.0,3090.1794851,3.6767487231,56.0,136.0,0,11.8950136626,0.0,69.9248120301,59.4285714286,78.0
13:35:16,3091.0,3090.17994081,3.67535560344,56.0,76.0,0,11.8905066433,4.0,81.935483871,68.4761904762,70.0
13:35:17,3090.0,3090.17984087,3.67406399225,53.8461538462,48.0,0,11.8901747322,6.0,72.9885057471,67.4285714286,70.0
13:35:17,3091.0,3090.18029639,3.67266764823,56.0,630.0,0,11.8818105734,246.0,91.0602910603,230.857142857,308.0
13:35:18,3092.0,3090.18130706,3.67124255717,57.6923076923,62.0,0,11.8733588524,6.0,92.1686746988,202.761904762,298.0
13:35:18,3092.0,3090.18231716,3.67024319467,57.6923076923,138.0,0,11.8701267615,42.0,87.3394495413,194.761904762,304.0
13:35:19,3091.0,3090.1827713,3.66927002487,56.0,110.0,0,11.8708185858,70.0,83.4586466165,174.285714286,374.0
13:35:19,3091.0,3090.18322519,3.66786832161,56.0,62.0,0,11.8662837969,24.0,79.8095238095,141.333333333,394.0
13:35:20,3092.0,3090.18423423,3.66686614567,57.6923076923,124.0,0,11.8592048696,-24.0,84.1918294849,126.761904762,364.0
13:35:20,3091.0,3090.18468731,3.66546175489,56.0,10.0,0,11.8584980747,2.0,64.0316205534,76.0,120.0
13:35:21,3092.0,3090.18569554,3.66402931245,57.6923076923,174.0,0,11.8500301179,-96.0,50.1618122977,101.619047619,18.0
13:35:21,3092.0,3090.1867032,3.66259555136,57.6923076923,24.0,0,11.8453931157,-2.0,50.7936507936,79.0476190476,-26.0
13:35:22,3091.0,3090.18715491,3.66118671942,56.0,184.0,0,11.8446674844,-164.0,62.6297577855,107.619047619,-260.0
13:35:22,3091.0,3090.18760636,3.66020557635,56.0,338.0,0,11.8414932913,162.0,77.0491803279,176.666666667,-122.0
13:35:23,3092.0,3090.18861297,3.65876791268,57.6923076923,96.0,0,11.8330139479,50.0,72.8813559322,163.428571429,-48.0
13:35:23,3092.0,3090.18961902,3.65732892438,57.6923076923,92.0,0,11.82836004,-4.0,75.7709251101,150.380952381,-54.0
13:35:24,3092.0,3090.1906245,3.65631868934,57.6923076923,186.0,0,11.8250927857,-82.0,91.3043478261,160.285714286,-40.0
13:35:24,3091.0,3090.19107403,3.65533332658,56.0,142.0,0,11.8257305939,-8.0,91.3294797688,157.047619048,-46.0
13:35:25,3092.0,3090.19207871,3.65389083169,57.6923076923,64.0,0,11.8172407234,14.0,91.5032679739,125.904761905,132.0
13:35:25,3092.0,3090.19308283,3.65287785034,57.6923076923,134.0,0,11.8139645871,38.0,82.9131652661,120.476190476,8.0
13:35:26,3091.0,3090.193531,3.65188940401,56.0,502.0,0,11.8145888192,192.0,88.0357142857,229.904761905,150.0
13:35:26,3092.0,3090.19453431,3.65087470493,57.6923076923,80.0,0,11.8074861091,-44.0,87.5451263538,199.428571429,110.0
13:35:27,3092.0,3090.19553707,3.6494276568,57.6923076923,46.0,0,11.8028061345,-4.0,84.0909090909,159.80952381,188.0
13:35:27,3091.0,3090.19598387,3.64843611855,56.0,218.0,0,11.8034167536,-32.0,79.3103448276,176.0,164.0
13:35:28,3091.0,3090.19643042,3.64779942754,56.0,28.0,0,11.8013569316,18.0,78.9682539682,134.285714286,168.0
13:35:28,3091.0,3090.19687672,3.64680605013,56.0,34.0,0,11.798143158,24.0,83.0396475771,96.0,154.0
13:35:29,3092.0,3090.19787818,3.64614322493,57.6923076923,92.0,0,11.7921837805,-10.0,77.5100401606,79.0476190476,-48.0
13:35:29,3092.0,3090.19887908,3.64512353937,57.6923076923,26.0,0,11.7888859617,-6.0,75.2252252252,62.7619047619,-10.0
13:35:30,3091.0,3090.19932403,3.64412752687,56.0,34.0,0,11.7894776023,-2.0,75.0,51.3333333333,-8.0
13:35:30,3091.0,3090.19976872,3.64348732986,56.0,72.0,0,11.7874064376,44.0,84.6153846154,51.3333333333,68.0
13:35:31,3092.0,3090.20076857,3.64282220628,57.6923076923,26.0,0,11.7814430992,14.0,81.6901408451,45.1428571429,64.0
13:35:31,3092.0,3090.20176787,3.64215662227,57.6923076923,76.0,0,11.7792904989,4.0,70.5521472393,53.3333333333,44.0
13:35:32,3092.0,3090.20276661,3.64177154693,57.6923076923,14.0,0,11.7780451065,6.0,61.2903225806,41.8095238095,60.0
13:35:32,3092.0,3090.2037648,3.64138624016,57.6923076923,44.0,0,11.7767989656,38.0,55.6390977444,42.5714285714,104.0
13:35:33,3091.0,3090.20420703,3.64102472306,56.0,36.0,0,11.7794394146,-12.0,52.2388059701,40.1904761905,94.0
13:35:33,3092.0,3090.20520441,3.64063889217,57.6923076923,70.0,0,11.7743819281,46.0,33.0827067669,47.4285714286,96.0
13:35:34,3091.0,3090.20564584,3.64027670736,56.0,142.0,0,11.777019435,-48.0,19.3717277487,75.3333333333,34.0
13:35:34,3091.0,3090.20608703,3.64011928944,56.0,126.0,0,11.7765101567,4.0,40.2777777778,93.1428571429,34.0
13:35:35,3091.0,3090.20652797,3.63996167393,56.0,86.0,0,11.7760002392,74.0,44.8412698413,97.1428571429,102.0
13:35:35,3091.0,3090.20696866,3.6398038608,56.0,202.0,0,11.7754896823,-166.0,61.3293051359,130.857142857,-102.0
13:35:36,3092.0,3090.20796451,3.63962222254,57.6923076923,842.0,0,11.7710938633,394.0,83.9237057221,339.904761905,304.0
13:35:36,3093.0,3090.20951521,3.63949320682,59.2592592593,20.0,0,11.7668710211,6.0,87.3765867419,275.714285714,264.0
13:35:37,3093.0,3090.21106505,3.63936416531,59.2592592593,270.0,0,11.7664538161,24.0,96.3130659767,285.333333333,336.0
13:35:37,3092.0,3090.21205863,3.63897688613,57.6923076923,38.0,0,11.7690067469,14.0,94.3072702332,222.571428571,346.0
13:35:38,3092.0,3090.21305165,3.63879490973,57.6923076923,52.0,0,11.7684182074,30.0,90.2387640449,168.0,302.0
13:35:38,3092.0,3090.21404413,3.6386128394,57.6923076923,290.0,0,11.7678293642,148.0,90.2777777778,183.047619048,616.0
13:35:39,3092.0,3090.21503605,3.63843067514,57.6923076923,64.0,0,11.7672402171,64.0,81.0626702997,129.333333333,286.0
13:35:39,3092.0,3090.21602742,3.63804272393,57.6923076923,34.0,0,11.7659855237,16.0,80.7486631016,104.095238095,296.0
13:35:40,3092.0,3090.21701824,3.63765454044,57.6923076923,22.0,0,11.764730079,6.0,74.4,74.7619047619,278.0
13:35:40,3092.0,3090.21800851,3.63747198878,57.6923076923,252.0,0,11.7641396791,14.0,57.4229691877,122.952380952,278.0
13:35:41,3092.0,3090.21899823,3.6372893431,57.6923076923,16.0,0,11.7635489751,16.0,66.3716814159,93.5238095238,264.0
13:35:41,3092.0,3090.2199874,3.63710660339,57.6923076923,44.0,0,11.762957967,30.0,48.1481481481,73.8095238095,146.0
13:35:42,3091.0,3090.22042062,3.63694688425,56.0,50.0,0,11.7662467947,42.0,36.3636363636,67.5238095238,124.0
13:35:42,3092.0,3090.221409,3.63676391517,57.6923076923,408.0,0,11.761849661,390.0,67.6767676768,164.19047619,498.0
13:35:43,3092.0,3090.22239684,3.63658085201,57.6923076923,254.0,0,11.7612576068,142.0,75.1953125,199.047619048,634.0
13:35:43,3093.0,3090.22393952,3.6362449152,59.2592592593,76.0,0,11.7563689467,68.0,85.3773584906,172.0,688.0
13:35:44,3092.0,3090.22492595,3.63606165614,57.6923076923,78.0,0,11.7595784481,14.0,78.4615384615,153.904761905,686.0
13:35:44,3092.0,3090.22591182,3.63567198774,57.6923076923,46.0,0,11.758318201,42.0,75.2192982456,123.714285714,698.0
13:35:45,3093.0,3090.22745256,3.63554204655,59.2592592593,70.0,0,11.7540964971,22.0,73.1759656652,100.285714286,678.0
13:35:45,3092.0,3090.22843703,3.63535849736,57.6923076923,136.0,0,11.7573043252,94.0,47.8787878788,94.7619047619,382.0
13:35:46,3093.0,3090.22997636,3.63522848128,59.2592592593,284.0,0,11.753082707,10.0,10.7246376812,144.476190476,250.0
13:35:46,3093.0,3090.23151484,3.63509843932,59.2592592593,92.0,0,11.7526622675,52.0,11.3314447592,137.904761905,234.0
13:35:47,3092.0,3090.23249706,3.63491469791,57.6923076923,272.0,0,11.7558690101,-116.0,11.5555555556,182.0,104.0
13:35:47,3093.0,3090.23403413,3.63478458105,59.2592592593,644.0,0,11.7516475301,374.0,88.6515353805,323.142857143,436.0
13:35:48,3092.0,3090.23501495,3.63460069639,57.6923076923,58.0,0,11.7548534812,22.0,91.6554508748,268.380952381,436.0
13:35:48,3092.0,3090.23599522,3.63441671751,57.6923076923,40.0,0,11.7542584654,-6.0,97.5539568345,209.047619048,336.0
13:35:49,3092.0,3090.23697496,3.63423264439,57.6923076923,12.0,0,11.7536631449,2.0,120.393559928,146.285714286,328.0
13:35:49,3092.0,3090.23795414,3.63404847702,57.6923076923,218.0,0,11.7530675195,90.0,108.038585209,155.333333333,366.0
13:35:50,3093.0,3090.23948819,3.63391813804,59.2592592593,30.0,0,11.7488462271,-4.0,131.936127744,104.666666667,478.0
13:35:50,3092.0,3090.24046598,3.63373382732,57.6923076923,76.0,0,11.7520498943,8.0,24.4239631336,78.6666666667,112.0
13:35:51,3093.0,3090.24199862,3.63360341334,59.2592592593,230.0,48.7804878049,11.7478286885,-168.0,14.8514851485,123.714285714,-78.0
13:35:51,3092.0,3090.24297502,3.6332120159,61.5384615385,1020.0,0,11.7503622765,282.0,67.5914249685,386.285714286,210.0
13:35:52,3093.0,3090.24450628,3.6328744932,64.0,36.0,0,11.7454720116,-18.0,68.6956521739,321.047619048,190.0
13:35:52,3093.0,3090.24603668,3.63274392093,64.0,198.0,0,11.7450498575,-114.0,78.9937106918,300.952380952,-14.0
13:35:53,3093.0,3090.24756624,3.63261332273,64.0,92.0,0,11.7446276196,-6.0,80.9927360775,251.523809524,-16.0
13:35:53,3093.0,3090.24909494,3.63248269859,64.0,1256.0,0,11.7442052977,-112.0,90.4661016949,531.714285714,-136.0
13:35:54,3093.0,3090.2506228,3.63235204851,64.0,108.0,0,11.743782892,-48.0,97.7859778598,427.714285714,-16.0
13:35:54,3093.0,3090.2521498,3.63222137249,64.0,920.0,0,11.7433604025,808.0,65.9003831418,561.523809524,510.0
13:35:55,3094.0,3090.25423137,3.63235204851,65.3846153846,78.0,0,11.7399872285,-22.0,65.1583710407,459.523809524,506.0
13:35:55,3094.0,3090.25631177,3.63253685417,65.3846153846,302.0,0,11.7405845319,-152.0,64.8766328012,419.523809524,468.0
13:35:56,3092.0,3090.25728022,3.63248269859,61.5384615385,982.0,0,11.748003553,-54.0,43.9385628086,568.857142857,420.0
13:35:56,3094.0,3090.25935893,3.63261332273,65.3846153846,154.0,0,11.740831683,-114.0,21.0691823899,439.238095238,418.0
13:35:57,3093.0,3090.26088108,3.63266745512,64.0,38.0,0,11.7448026354,8.0,18.593371059,328.952380952,474.0
13:35:57,3093.0,3090.26240239,3.63266745512,64.0,656.0,0,11.7448026354,-252.0,45.9728506787,398.571428571,-586.0
13:35:58,3094.0,3090.26447826,3.63266745512,65.3846153846,16.0,0,11.7410066423,4.0,45.7169459963,297.904761905,-560.0
13:35:58,3093.0,3090.26599757,3.63272156547,64.0,260.0,0,11.7449775799,30.0,38.1766381766,269.904761905,-378.0
13:35:59,3094.0,3090.26807144,3.6328521173,65.3846153846,98.0,0,11.7416034819,-6.0,81.178396072,197.619047619,-330.0
13:35:59,3094.0,3090.27014416,3.6329826432,65.3846153846,90.0,0,11.7420253497,-18.0,76.5112262522,165.142857143,-234.0
13:36:00,3094.0,3090.27221573,3.63311314317,65.3846153846,22.0,0,11.7424471337,-10.0,76.5323992995,116.285714286,-252.0
13:36:00,3094.0,3090.27428614,3.63324361722,65.3846153846,190.0,0,11.7428688339,150.0,61.2426035503,116.19047619,150.0
13:36:01,3093.0,3090.27580001,3.63324361722,64.0,1252.0,0,11.7466654291,848.0,82.949790795,441.714285714,994.0
13:36:01,3094.0,3090.27786843,3.63337406535,65.3846153846,352.0,0,11.7432904504,162.0,97.2055888224,451.238095238,1126.0
13:36:02,3094.0,3090.27993571,3.63355843679,65.3846153846,112.0,0,11.7438863503,62.0,92.467789891,387.80952381,1194.0
13:36:02,3094.0,3090.28200184,3.63368880991,65.3846153846,660.0,0,11.7443077243,192.0,91.7310664606,480.285714286,1404.0
13:36:03,3095.0,3090.28462222,3.63402591726,66.6666666667,370.0,0,11.7416023175,44.0,89.5776566758,462.761904762,1458.0
13:36:03,3095.0,3090.28724115,3.63436290841,66.6666666667,1238.0,0,11.7426911419,-810.0,98.343373494,676.666666667,498.0
13:36:04,3096.0,3090.29041402,3.63498280601,67.8571428571,1646.0,0,11.7409005362,2.0,46.3225216994,957.238095238,-348.0
13:36:04,3096.0,3090.29358513,3.63565607033,67.8571428571,1548.0,0,11.7430751626,-444.0,48.72622892,1191.04761905,-954.0
13:36:05,3097.0,3090.29730988,3.63663441612,68.9655172414,2154.0,0,11.7424424156,-1574.0,49.1071428571,1541.04761905,-2590.0
13:36:05,3097.0,3090.30103257,3.63766560227,68.9655172414,1636.0,0,11.7457720448,-362.0,36.312849162,1645.80952381,-3144.0
13:36:06,3097.0,3090.30475318,3.63869596605,68.9655172414,1394.0,0,11.7490990186,-252.0,33.0906821963,1634.95238095,-3440.0
13:36:06,3097.0,3090.30847173,3.63967230753,68.9655172414,220.0,0,11.752251558,20.0,21.1677134217,1239.9047619,-2610.0
13:36:07,3096.0,3090.31163281,3.64028971129,67.8571428571,532.0,0,11.7580417031,-288.0,33.8321753073,982.476190476,-2900.0
13:36:07,3096.0,3090.31479214,3.64090681962,67.8571428571,374.0,0,11.7600349471,-32.0,26.0855784469,732.952380952,-2488.0
13:36:08,3096.0,3090.31794971,3.64157661555,67.8571428571,206.0,0,11.7621983706,100.0,18.6611646034,491.333333333,-814.0
13:36:08,3096.0,3090.32110553,3.64224594935,67.8571428571,118.0,0,11.7643603015,92.0,32.1378340366,317.333333333,-360.0
13:36:09,3095.0,3090.32370419,3.64263326226,66.6666666667,188.0,0,11.7694128021,-44.0,46.5201465201,235.619047619,-152.0
13:36:09,3096.0,3090.32685681,3.64330180893,67.8571428571,240.0,0,11.7677707007,-56.0,53.0759951749,226.19047619,-228.0
13:36:10,3096.0,3090.33000769,3.64396989415,67.8571428571,38.0,0,11.7699285987,0.0,77.4914089347,158.095238095,60.0
13:36:10,3096.0,3090.33315681,3.64458498205,67.8571428571,392.0,0,11.7719153167,16.0,86.2944162436,214.666666667,108.0
13:36:11,3096.0,3090.33630418,3.64519977564,67.8571428571,20.0,0,11.7739010841,12.0,83.5341365462,164.095238095,20.0
13:36:11,3096.0,3090.3394498,3.64581427508,67.8571428571,330.0,0,11.7758859014,102.0,72.1854304636,210.952380952,30.0
13:36:12,3095.0,3090.34203828,3.64601904289,66.6666666667,898.0,0,11.7803523195,264.0,59.228362878,410.0,338.0
13:36:12,3095.0,3090.34462532,3.64635230169,66.6666666667,86.0,0,11.7814290846,36.0,53.514739229,343.238095238,430.0
13:36:13,3096.0,3090.34776632,3.6469662261,67.8571428571,84.0,0,11.7796066735,8.0,52.9281767956,283.238095238,438.0
13:36:13,3096.0,3090.35090558,3.6475798568,67.8571428571,360.0,0,11.7815886848,28.0,38.1327334083,299.904761905,450.0
13:36:14,3095.0,3090.35348769,3.64791263458,66.6666666667,298.0,0,11.7864705479,10.0,32.2957198444,300.380952381,448.0
13:36:14,3095.0,3090.35606837,3.6482452974,66.6666666667,318.0,0,11.7875453874,70.0,35.3228962818,293.333333333,416.0
13:36:15,3095.0,3090.35864761,3.64844965383,66.6666666667,78.0,0,11.7882056667,2.0,28.2679738562,218.285714286,154.0
13:36:15,3095.0,3090.36122543,3.64878214081,66.6666666667,34.0,0,11.789279938,16.0,28.4982935154,169.714285714,134.0
13:36:16,3095.0,3090.36380181,3.64898640374,66.6666666667,192.0,0,11.7899399152,28.0,37.96875,168.761904762,154.0
13:36:16,3095.0,3090.36637676,3.64931871496,66.6666666667,150.0,0,11.7910136186,-34.0,54.953271028,150.666666667,92.0
13:36:17,3095.0,3090.36895028,3.64952288443,66.6666666667,300.0,0,11.7916732938,-266.0,84.8880597015,185.428571429,-184.0
13:36:17,3095.0,3090.37152237,3.64972702133,66.6666666667,174.0,0,11.7923328638,-10.0,82.1120689655,184.095238095,-264.0
13:36:18,3095.0,3090.37409303,3.650059096,66.6666666667,148.0,0,11.7934058029,-102.0,69.3386773547,182.19047619,-368.0
13:36:18,3096.0,3090.37721767,3.6506711289,67.8571428571,14.0,0,11.7915734137,0.0,69.3251533742,138.666666667,-384.0
13:36:19,3095.0,3090.37978517,3.65100290636,66.6666666667,308.0,0,11.7964552709,112.0,43.8756855576,180.095238095,-300.0
13:36:19,3095.0,3090.38235124,3.65120679145,66.6666666667,836.0,0,11.7971140273,176.0,88.9887640449,366.857142857,-90.0
13:36:20,3096.0,3090.38547129,3.65169053316,67.8571428571,56.0,0,11.7948660632,14.0,82.9427083333,298.095238095,190.0
13:36:20,3096.0,3090.38858961,3.65217412629,67.8571428571,20.0,0,11.7964280565,12.0,91.8958031838,230.666666667,212.0
13:36:21,3095.0,3090.39115079,3.65237784038,66.6666666667,98.0,0,11.8008977072,16.0,95.1951951952,192.857142857,330.0
13:36:21,3095.0,3090.39371055,3.65258152198,66.6666666667,20.0,0,11.8015558061,-12.0,94.1704035874,135.142857143,318.0
13:36:22,3095.0,3090.39626889,3.6527851711,66.6666666667,36.0,0,11.8022138,14.0,120.825515947,81.7142857143,220.0
13:36:22,3096.0,3090.39938121,3.65339592362,67.8571428571,150.0,0,11.8003744303,40.0,18.4210526316,73.8095238095,84.0
13:36:23,3095.0,3090.4019364,3.65372690457,66.6666666667,56.0,0,11.8052565576,32.0,16.8421052631,71.7142857143,102.0
13:36:23,3096.0,3090.40504557,3.6542098059,67.8571428571,368.0,0,11.803003249,-124.0,42.5824175824,158.761904762,-34.0
13:36:24,3095.0,3090.40759761,3.65441319537,66.6666666667,462.0,0,11.8074739753,204.0,29.1208791209,256.095238095,154.0
13:36:24,3095.0,3090.41014824,3.65474387307,66.6666666667,34.0,0,11.8085424009,12.0,30.9222423146,213.80952381,178.0
13:36:25,3095.0,3090.41269745,3.65507443642,66.6666666667,40.0,0,11.8096104569,24.0,32.0720720721,172.571428571,188.0
13:36:25,3095.0,3090.41524524,3.65527767223,66.6666666667,14.0,0,11.8102671154,8.0,34.7022587269,123.714285714,156.0
13:36:26,3094.0,3090.41723622,3.65540488545,65.3846153846,52.0,0,11.8144954281,46.0,39.587628866,92.1904761905,170.0
13:36:26,3095.0,3090.41978149,3.65560806067,66.6666666667,22.0,0,11.8113346064,20.0,25.0,52.2857142857,314.0
13:36:27,3094.0,3090.42176995,3.65560806067,65.3846153846,52.0,0,11.815152103,36.0,89.7196261682,37.4285714286,146.0
13:36:27,3094.0,3090.4237573,3.65573522017,65.3846153846,36.0,0,11.8155630904,18.0,88.8888888889,37.5238095238,152.0
13:36:28,3095.0,3090.42629895,3.65593833482,66.6666666667,14.0,0,11.812401728,14.0,89.4736842105,31.2380952381,142.0
13:36:28,3095.0,3090.42883919,3.65626849473,66.6666666667,316.0,0,11.8134684805,280.0,85.3658536586,112.476190476,414.0
13:36:29,3095.0,3090.43137802,3.65659854042,66.6666666667,26.0,0,11.814534864,26.0,84.9785407726,96.4761904762,394.0
13:36:29,3094.0,3090.43336004,3.65672553888,65.3846153846,8.0,0,11.8187638619,4.0,83.185840708,76.5714285714,378.0
13:36:30,3094.0,3090.43534096,3.65672553888,65.3846153846,238.0,0,11.8187638619,158.0,73.0407523511,123.047619048,500.0
13:36:30,3095.0,3090.43787617,3.65692847192,66.6666666667,16.0,0,11.8156008786,0.0,73.4627831715,97.2380952381,482.0
13:36:31,3095.0,3090.44040998,3.65713137261,66.6666666667,22.0,0,11.8162564543,4.0,71.2460063898,74.0952380952,472.0
13:36:31,3094.0,3090.44238698,3.65713137261,65.3846153846,88.0,0,11.8200755417,10.0,57.7889447236,69.4285714286,202.0
13:36:32,3095.0,3090.44491829,3.65733424095,66.6666666667,424.0,0,11.8169119255,296.0,76.8844221106,171.619047619,472.0
13:36:32,3094.0,3090.44689278,3.65746112947,65.3846153846,136.0,0,11.8211413364,38.0,80.0865800866,172.571428571,506.0
13:36:33,3094.0,3090.44886619,3.65746112947,65.3846153846,80.0,0,11.8211413364,-10.0,82.5065274152,151.428571429,338.0
13:36:33,3095.0,3090.45139389,3.65779077222,66.6666666667,110.0,0,11.8183869862,-64.0,82.0930232558,146.380952381,274.0
13:36:34,3095.0,3090.45392019,3.65799351961,66.6666666667,44.0,0,11.8190420666,-2.0,81.179138322,118.0,268.0
13:36:34,3094.0,3090.45588969,3.65799351961,65.3846153846,30.0,0,11.8228620543,16.0,83.7378640777,84.5714285714,274.0
13:36:35,3094.0,3090.45785809,3.65799351961,65.3846153846,120.0,0,11.8228620543,28.0,56.5384615385,79.619047619,6.0
13:36:35,3095.0,3090.4603808,3.65832298784,66.6666666667,22.0,0,11.8201065843,14.0,43.3497536946,61.1428571429,-18.0
13:36:36,3094.0,3090.46234671,3.65844971552,65.3846153846,964.0,0,11.8243365078,-234.0,11.6279069767,317.238095238,-242.0
13:36:36,3094.0,3090.46431153,3.65844971552,65.3846153846,1340.0,0,11.8243365078,938.0,44.7619047619,638.666666667,760.0
13:36:37,3094.0,3090.46627526,3.65844971552,65.3846153846,46.0,0,11.8243365078,-20.0,44.0919904837,531.80952381,742.0
13:36:37,3094.0,3090.46823789,3.65844971552,65.3846153846,104.0,0,11.8243365078,36.0,42.0647149461,441.428571429,762.0
13:36:38,3094.0,3090.47019944,3.65844971552,65.3846153846,72.0,0,11.8243365078,36.0,43.7205651491,338.380952381,770.0
13:36:38,3094.0,3090.47215989,3.65857641772,65.3846153846,182.0,0,11.8247460172,178.0,40.7680945347,269.047619048,934.0
13:36:39,3094.0,3090.47411926,3.65857641772,65.3846153846,2.0,0,11.8247460172,0.0,63.2302405498,140.666666667,1168.0
13:36:39,3094.0,3090.47607754,3.65870309445,65.3846153846,14.0,0,11.8251554442,-4.0,10.4761904762,61.5238095238,226.0
13:36:40,3094.0,3090.47803473,3.65870309445,65.3846153846,46.0,0,11.8251554442,2.0,10.9523809524,54.6666666667,248.0
13:36:40,3094.0,3090.47999083,3.65870309445,65.3846153846,126.0,0,11.8251554442,-10.0,13.1221719457,70.6666666667,202.0
13:36:41,3093.0,3090.48139045,3.65857641772,64.0,14.0,51.2820512821,11.8285690841,6.0,8.33333333332,53.619047619,172.0
13:36:41,3093.0,3090.48278929,3.65857641772,66.6666666667,202.0,0,11.8285690841,-18.0,16.3366336634,93.0476190476,-24.0
13:36:42,3094.0,3090.48474275,3.65870309445,68.0,34.0,0,11.8251554442,4.0,16.5137614679,83.5238095238,-20.0
13:36:42,3094.0,3090.48669513,3.65870309445,68.0,630.0,0,11.8251554442,-4.0,63.8783269962,242.761904762,-20.0
13:36:43,3093.0,3090.48809102,3.65857641772,66.6666666667,200.0,0,11.8285690841,-92.0,56.5505804312,249.80952381,-114.0
13:36:43,3093.0,3090.48948614,3.65857641772,66.6666666667,34.0,0,11.8285690841,28.0,61.5798922801,202.095238095,-76.0
13:36:44,3093.0,3090.49088048,3.65857641772,66.6666666667,12.0,0,11.8285690841,12.0,60.9712230216,152.476190476,-70.0
13:36:44,3093.0,3090.49227405,3.65844971552,66.6666666667,354.0,0,11.8281594424,330.0,50.7911392405,200.666666667,278.0
13:36:45,3093.0,3090.49366685,3.65832298784,66.6666666667,28.0,0,11.8277497182,8.0,52.6232114467,148.476190476,282.0
13:36:45,3093.0,3090.49505887,3.65819623467,66.6666666667,168.0,0,11.8273399116,168.0,28.1407035176,136.571428571,454.0
13:36:46,3093.0,3090.49645011,3.65819623467,66.6666666667,44.0,0,11.8273399116,20.0,40.0,111.238095238,566.0
13:36:46,3093.0,3090.49784059,3.65806945602,66.6666666667,60.0,0,11.8269300227,2.0,39.6396396396,97.9047619048,540.0
13:36:47,3093.0,3090.49923029,3.65806945602,66.6666666667,12.0,0,11.8269300227,12.0,40.2402402402,69.619047619,540.0
13:36:47,3092.0,3090.50006382,3.65789176235,64.0,6.0,0,11.8301803439,0.0,84.9056603774,39.619047619,210.0
13:36:48,3093.0,3090.50145229,3.65776490986,66.6666666667,64.0,0,11.8259453924,44.0,75.7062146893,42.7619047619,246.0
13:36:48,3092.0,3090.50228458,3.65758707482,64.0,72.0,0,11.829194938,-22.0,40.3100775194,46.4761904762,56.0
13:36:49,3093.0,3090.50367182,3.65758707482,66.6666666667,44.0,0,11.8253704326,32.0,28.6821705426,46.7619047619,68.0
13:36:49,3092.0,3090.50450288,3.65753609595,64.0,68.0,0,11.8290300645,30.0,30.0751879699,53.9047619048,96.0
13:36:50,3092.0,3090.50533348,3.6573581232,64.0,42.0,0,11.8284544735,6.0,27.027027027,53.2380952381,90.0
13:36:50,3092.0,3090.50616362,3.65730707786,64.0,1166.0,0,11.828289385,834.0,83.6538461539,372.285714286,924.0
13:36:51,3093.0,3090.5075487,3.6571800574,66.6666666667,196.0,0,11.8240545018,-108.0,87.4055415617,358.952380952,772.0
13:36:51,3094.0,3090.50948841,3.65730707786,68.0,38.0,0,11.820643432,2.0,89.3178893179,294.19047619,796.0
13:36:52,3093.0,3090.51087165,3.65730707786,66.6666666667,210.0,0,11.8244651725,2.0,80.1162790698,280.19047619,766.0
13:36:52,3093.0,3090.51225411,3.6571800574,66.6666666667,134.0,0,11.8240545018,-40.0,75.4759238522,236.571428571,696.0
13:36:53,3093.0,3090.51363581,3.65705301143,66.6666666667,22.0,0,11.8236437486,22.0,76.1041902605,157.80952381,712.0
13:36:53,3093.0,3090.51501674,3.65692593995,66.6666666667,28.0,0,11.8232329129,16.0,33.1210191083,81.7142857143,-106.0
13:36:54,3093.0,3090.5163969,3.65679884295,66.6666666667,12.0,0,11.8228219947,12.0,2.70270270271,55.2380952381,14.0
13:36:54,3093.0,3090.5177763,3.65667172043,66.6666666667,378.0,0,11.822410994,18.0,1.5306122449,142.095238095,30.0
13:36:55,3093.0,3090.51915493,3.65667172043,66.6666666667,22.0,0,11.822410994,-20.0,5.03355704697,111.047619048,8.0
13:36:55,3093.0,3090.52053279,3.65667172043,66.6666666667,24.0,0,11.822410994,-24.0,11.1111111111,89.5238095238,24.0
13:36:56,3093.0,3090.52190989,3.65667172043,66.6666666667,60.0,0,11.822410994,-24.0,20.6106870229,83.5238095238,-22.0
13:36:56,3093.0,3090.52328623,3.65654457239,66.6666666667,890.0,0,11.8219999107,-878.0,71.2842712843,312.857142857,-916.0
13:36:57,3093.0,3090.5246618,3.65654457239,66.6666666667,16.0,0,11.8219999107,-12.0,72.2302158273,251.428571429,-940.0
13:36:57,3093.0,3090.5260366,3.65641739883,66.6666666667,14.0,0,11.821588745,2.0,98.6354775829,189.238095238,-956.0
13:36:58,3093.0,3090.52741064,3.65629019974,66.6666666667,178.0,0,11.8211774967,-158.0,98.4771573604,191.238095238,-1094.0
13:36:58,3092.0,3090.52822852,3.65623894955,64.0,90.0,0,11.824834895,60.0,91.5064102564,160.666666667,-1010.0
13:36:59,3092.0,3090.52904595,3.65606040713,64.0,38.0,0,11.8242574616,16.0,90.0489396411,112.095238095,-970.0
13:36:59,3092.0,3090.52986292,3.65588177158,64.0,52.0,0,11.823679727,20.0,59.793814433,68.5714285714,-72.0
13:37:00,3092.0,3090.53067943,3.65570304287,64.0,54.0,0,11.823101691,16.0,54.4600938967,65.5238095238,-44.0
13:37:00,3093.0,3090.5320509,3.65557565006,66.6666666667,74.0,0,11.8188672812,6.0,55.5555555556,66.380952381,-40.0
13:37:01,3092.0,3090.5328662,3.65552422099,64.0,12.0,0,11.8225233538,-2.0,32.5,46.6666666667,116.0
13:37:01,3092.0,3090.53368104,3.65534530593,64.0,52.0,0,11.8219447152,18.0,40.4255319149,46.2857142857,74.0
13:37:02,3093.0,3090.53505084,3.65534530593,66.6666666667,18.0,0,11.8181225539,2.0,41.2213740458,38.0,60.0
13:37:02,3093.0,3090.53641988,3.65534530593,66.6666666667,2.0,0,11.8181225539,-2.0,46.2264150943,26.0952380952,38.0
13:37:03,3092.0,3090.53723275,3.65529381028,64.0,152.0,0,11.8217781704,116.0,26.4516129032,59.4285714286,138.0
13:37:03,3092.0,3090.53804517,3.65524229281,64.0,18.0,0,11.821611555,-2.0,13.3858267717,49.8095238095,130.0
13:37:04,3092.0,3090.53885715,3.65506319506,64.0,232.0,0,11.8210323255,126.0,20.253164557,104.0,258.0
13:37:04,3092.0,3090.53966867,3.65488400409,64.0,8.0,0,11.8204527946,2.0,20.4651162791,83.7142857143,242.0
13:37:05,3092.0,3090.54047974,3.65483237527,64.0,66.0,0,11.8202858191,26.0,24.6861924686,82.0952380952,266.0
13:37:05,3093.0,3090.54184576,3.65483237527,66.6666666667,38.0,0,11.8164641942,12.0,27.2373540856,70.1904761905,280.0
13:37:06,3093.0,3090.54321102,3.65470471988,66.6666666667,12.0,0,11.8160514707,0.0,40.64171123,49.1428571429,164.0
13:37:06,3093.0,3090.54457552,3.65457703891,66.6666666667,40.0,0,11.8156386644,0.0,47.9797979798,42.7619047619,166.0
13:37:07,3092.0,3090.54538387,3.65439761296,64.0,26.0,0,11.8188797314,0.0,63.1578947369,31.3333333333,40.0
13:37:07,3093.0,3090.54674716,3.65439761296,66.6666666667,2.0,0,11.8150585611,0.0,64.1304347826,22.8571428571,38.0
13:37:08,3093.0,3090.5481097,3.65439761296,66.6666666667,106.0,0,11.8150585611,-102.0,82.1428571429,44.380952381,-90.0
13:37:08,3092.0,3090.54891609,3.65421809373,64.0,30.0,0,11.8182991388,10.0,78.7037037037,42.2857142857,-92.0
13:37:09,3092.0,3090.54972202,3.6541663077,64.0,72.0,0,11.8181316549,12.0,81.1594202899,52.5714285714,-80.0
13:37:09,3093.0,3090.55108291,3.65403848122,66.6666666667,84.0,0,11.8138974498,-18.0,83.125,63.4285714286,-98.0
13:37:10,3092.0,3090.55188764,3.65385877541,64.0,150.0,0,11.8171370485,26.0,79.7297297297,91.0476190476,-72.0
13:37:10,3092.0,3090.55269192,3.65367897628,64.0,86.0,0,11.8165555507,30.0,79.5454545455,94.4761904762,-42.0
13:37:11,3093.0,3090.55405116,3.65355102715,66.6666666667,16.0,0,11.8123214586,6.0,74.8858447489,73.9047619048,66.0
13:37:11,3093.0,3090.55540964,3.65355102715,66.6666666667,2.0,0,11.8123214586,2.0,78.0487804878,53.619047619,58.0
13:37:12,3092.0,3090.55621197,3.65337108616,64.0,18.0,0,11.8155597871,14.0,71.9101123596,39.2380952381,60.0
13:37:12,3093.0,3090.55756925,3.65324306289,66.6666666667,2.0,0,11.8113257772,-2.0,64.2335766423,22.8571428571,76.0
13:37:13,3092.0,3090.55837038,3.65319105182,64.0,16.0,0,11.8149775285,14.0,62.8571428572,14.380952381,64.0
13:37:13,3092.0,3090.55917106,3.65313901889,64.0,196.0,0,11.8148092461,-164.0,15.2,63.7142857143,-130.0
13:37:14,3092.0,3090.5599713,3.65295884638,64.0,4.0,0,11.8142265407,2.0,10.0840336135,52.9523809524,-134.0
13:37:14,3093.0,3090.5613265,3.65295884638,66.6666666667,40.0,0,11.8104068748,32.0,22.4637681159,53.0476190476,-104.0
13:37:15,3092.0,3090.56212554,3.65290674677,64.0,18.0,0,11.8140580426,12.0,26.8115942029,45.0476190476,-106.0
13:37:15,3092.0,3090.56292413,3.6528546253,64.0,62.0,0,11.8138894738,28.0,22.6190476191,49.619047619,-76.0
13:37:16,3092.0,3090.56372229,3.65280248196,64.0,4.0,0,11.8137208343,4.0,23.4567901235,34.7619047619,-86.0
13:37:16,3092.0,3090.56452,3.65275031675,64.0,2.0,0,11.813552124,0.0,44.6153846154,19.9047619048,78.0
13:37:17,3093.0,3090.56587267,3.65275031675,66.6666666667,6.0,0,11.8097326762,0.0,48.4848484848,15.4285714286,76.0
13:37:17,3092.0,3090.56666918,3.65256987157,64.0,24.0,0,11.8129685368,12.0,27.5862068965,16.0,56.0
13:37:18,3093.0,3090.56802066,3.65256987157,66.6666666667,416.0,0,11.8091492776,-20.0,82.4902723736,129.333333333,24.0
13:37:18,3093.0,3090.56937138,3.65256987157,66.6666666667,22.0,0,11.8091492776,10.0,91.9831223629,111.142857143,6.0
13:37:19,3092.0,3090.57016596,3.65251763966,64.0,534.0,0,11.8127996108,218.0,84.6613545817,241.142857143,220.0
13:37:19,3093.0,3090.57151549,3.65256987157,66.6666666667,6.0,0,11.8091492776,-4.0,84.9206349206,195.047619048,216.0
13:37:20,3093.0,3090.57286427,3.6526220816,66.6666666667,30.0,0,11.8093180782,10.0,82.5581395349,155.619047619,226.0
13:37:20,3093.0,3090.57421231,3.65265038857,66.6666666667,4.0,0,11.8094095977,0.0,83.5968379447,107.619047619,214.0
13:37:21,3093.0,3090.57555959,3.65267861082,66.6666666667,24.0,0,11.8095008433,4.0,70.9677419355,66.2857142857,238.0
13:37:21,3094.0,3090.57746153,3.6528348538,68.0,2.0,0,11.8061889263,2.0,71.0,37.3333333333,230.0
13:37:22,3094.0,3090.57936241,3.65299089999,68.0,4.0,0,11.8066932773,4.0,20.0,9.90476190476,16.0
13:37:22,3093.0,3090.58070684,3.65304287166,66.6666666667,198.0,0,11.8106785376,36.0,32.0610687023,63.1428571429,56.0
13:37:23,3094.0,3090.58260592,3.65319865552,68.0,44.0,0,11.807364756,-18.0,42.7536231884,63.2380952381,28.0
13:37:23,3093.0,3090.58394854,3.65322636662,66.6666666667,20.0,0,11.8112717964,-8.0,39.7260273973,55.8095238095,20.0
13:37:24,3093.0,3090.58529042,3.65325399304,66.6666666667,440.0,0,11.8113611155,318.0,77.4011299435,167.619047619,334.0
13:37:24,3094.0,3090.58718695,3.65340932437,68.0,250.0,0,11.8080456508,192.0,83.2635983264,205.333333333,524.0
13:37:25,3094.0,3090.58908244,3.65356445901,68.0,24.0,0,11.8085470556,22.0,81.5573770492,166.666666667,542.0
13:37:25,3095.0,3090.59153226,3.65392304606,69.2307692308,28.0,0,11.8058902942,22.0,92.0595533499,128.19047619,528.0
13:37:26,3094.0,3090.59342533,3.65407771546,68.0,6.0,0,11.8102059323,6.0,91.9270833333,91.5238095238,552.0
13:37:26,3095.0,3090.59587275,3.65443566095,69.2307692308,54.0,0,11.807546562,16.0,90.5236907731,70.380952381,576.0
13:37:27,3095.0,3090.59831881,3.65469255897,69.2307692308,86.0,0,11.8083766041,28.0,72.7678571429,56.7619047619,286.0
13:37:27,3094.0,3090.6002081,3.65474567819,68.0,68.0,0,11.8123648293,20.0,45.1127819549,54.8571428571,114.0
13:37:28,3095.0,3090.60265175,3.65500160443,69.2307692308,272.0,0,11.8093751355,-60.0,74.7081712062,119.904761905,32.0
13:37:28,3095.0,3090.60509405,3.65525698502,69.2307692308,32.0,0,11.8102002747,0.0,76.0617760618,104.571428571,10.0
13:37:29,3094.0,3090.60697958,3.65530891392,68.0,14.0,0,11.8141852421,0.0,76.8060836502,83.9047619048,4.0
13:37:29,3095.0,3090.60941947,3.65556332319,69.2307692308,16.0,0,11.8111900588,-2.0,81.1475409836,63.4285714286,-14.0
13:37:30,3094.0,3090.6113026,3.65561448787,68.0,22.0,0,11.8151728761,-2.0,86.320754717,46.4761904762,-44.0
13:37:30,3095.0,3090.61374009,3.65586792612,69.2307692308,14.0,0,11.8121742362,0.0,90.2702702703,30.2857142857,-64.0
13:37:31,3095.0,3090.61617623,3.65612081918,69.2307692308,48.0,52.5,11.8129913382,-8.0,65.7534246575,26.380952381,-12.0
13:37:31,3094.0,3090.61805561,3.65599329319,57.1428571429,170.0,0,11.8163971984,-4.0,61.9718309859,68.0,-16.0
13:37:32,3095.0,3090.62048934,3.6562451224,60.0,298.0,0,11.8133929641,-12.0,79.5774647887,139.619047619,-28.0
13:37:32,3095.0,3090.62292173,3.6564964067,60.0,1020.0,0,11.8142048682,438.0,92.6208651399,404.0,412.0
13:37:33,3095.0,3090.62535277,3.65674714622,60.0,178.0,0,11.815015012,18.0,94.4444444444,380.0,432.0
13:37:33,3095.0,3090.62778245,3.65709926034,60.0,122.0,0,11.816152699,-64.0,88.5620915033,332.571428571,368.0
13:37:34,3095.0,3090.63021079,3.65747702583,60.0,162.0,0,11.817373266,28.0,85.1282051282,291.428571429,404.0
13:37:34,3096.0,3090.63319317,3.65810612641,61.9047619048,234.0,0,11.8155882636,4.0,87.8848063555,265.428571429,412.0
13:37:35,3095.0,3090.6356185,3.65848328175,60.0,64.0,0,11.8206244968,12.0,83.7078651685,187.80952381,436.0
13:37:35,3095.0,3090.63804249,3.65886020841,60.0,42.0,0,11.8218423535,12.0,62.5935162095,115.047619048,10.0
13:37:36,3095.0,3090.64046512,3.65921060097,60.0,46.0,0,11.8229744781,-4.0,54.328358209,90.0,-12.0
13:37:36,3096.0,3090.64344182,3.65983782234,61.9047619048,1012.0,0,11.8211815967,408.0,87.1794871795,347.238095238,460.0
13:37:37,3096.0,3090.64641685,3.66049091653,61.9047619048,118.0,0,11.8232910741,44.0,88.7862796834,306.666666667,476.0
13:37:37,3095.0,3090.64883484,3.66086662478,60.0,52.0,0,11.8283251205,24.0,85.3073463268,249.333333333,496.0
13:37:38,3096.0,3090.65180688,3.66151894542,61.9047619048,226.0,0,11.8266115808,40.0,87.8342245989,250.380952381,524.0
13:37:38,3096.0,3090.65477728,3.66217081275,61.9047619048,10.0,0,11.8287170954,-2.0,88.3879781421,182.0,510.0
13:37:39,3096.0,3090.65774602,3.66282222701,61.9047619048,16.0,0,11.8308211467,-6.0,88.1450488145,116.857142857,508.0
13:37:39,3095.0,3090.66015771,3.66319674829,60.0,38.0,0,11.8358537909,-6.0,63.0434782609,59.4285714286,94.0
13:37:40,3095.0,3090.66256807,3.66357104173,60.0,160.0,0,11.8370631397,-140.0,79.2828685259,83.2380952381,-90.0
13:37:40,3096.0,3090.66553249,3.66417254188,61.9047619048,238.0,0,11.8351826288,32.0,85.1744186046,127.333333333,-82.0
13:37:41,3095.0,3090.66793985,3.66454635664,60.0,72.0,0,11.8402143995,40.0,79.7752808989,115.142857143,-82.0
13:37:41,3096.0,3090.67090129,3.66514731779,61.9047619048,62.0,0,11.8383311298,10.0,75.4266211604,107.428571429,-70.0
13:37:42,3095.0,3090.67330567,3.66552065424,60.0,348.0,0,11.8433623723,20.0,83.660130719,178.952380952,-44.0
13:37:42,3096.0,3090.67626413,3.66616962119,61.9047619048,6.0,0,11.8416331434,-2.0,83.7471783296,136.952380952,-40.0
13:37:43,3096.0,3090.67922094,3.666769685,61.9047619048,16.0,0,11.843571334,12.0,80.8625336927,99.3333333333,112.0
13:37:43,3095.0,3090.6816207,3.66709381982,60.0,42.0,0,11.8484452983,12.0,77.2893772894,76.0,92.0
13:37:44,3096.0,3090.68457454,3.66774175106,61.9047619048,36.0,0,11.8467110822,8.0,82.7450980392,60.2857142857,60.0
13:37:44,3095.0,3090.68697133,3.66811381375,60.0,124.0,0,11.8517409168,-64.0,69.5804195804,71.4285714286,-14.0
13:37:45,3096.0,3090.68992219,3.66876097597,61.9047619048,316.0,0,11.8500031523,20.0,14.4444444444,134.476190476,-14.0
13:37:45,3096.0,3090.69287142,3.66940768759,61.9047619048,100.0,0,11.8520920142,62.0,14.1955835962,137.333333333,50.0
13:37:46,3095.0,3090.6952636,3.66973087451,60.0,368.0,0,11.8569656689,-288.0,28.8032454361,212.285714286,-250.0
13:37:46,3095.0,3090.69765446,3.67010191561,60.0,64.0,0,11.8581645093,-48.0,26.1904761905,183.619047619,-310.0
13:37:47,3095.0,3090.70004399,3.67042483118,60.0,44.0,0,11.8592078552,10.0,24.0157480315,148.19047619,-308.0
13:37:47,3094.0,3090.70187679,3.67059628444,57.1428571429,28.0,0,11.8635949723,-2.0,28.4782608696,107.80952381,-246.0
13:37:48,3095.0,3090.70426397,3.67096679667,60.0,2.0,0,11.8609589553,0.0,40.9240924093,64.5714285714,-266.0
13:37:48,3095.0,3090.70664983,3.67128934192,60.0,144.0,0,11.8620011048,60.0,62.1538461539,76.8571428571,-268.0
13:37:49,3096.0,3090.70958976,3.67193409527,61.9047619048,30.0,0,11.8602522457,-4.0,64.7435897436,54.4761904762,16.0
13:37:49,3095.0,3090.71197266,3.67225630342,60.0,38.0,0,11.8651253745,-24.0,70.6293706294,50.4761904762,40.0
13:37:50,3096.0,3090.71490964,3.6728528518,61.9047619048,38.0,0,11.8632198056,-10.0,76.4285714286,47.7142857143,20.0
13:37:50,3095.0,3090.71728958,3.6731747693,60.0,222.0,0,11.8680929541,-212.0,43.4599156118,97.8095238095,-190.0
13:37:51,3095.0,3090.7196682,3.67349657456,60.0,66.0,0,11.8691327126,-64.0,37.9182156134,94.0952380952,-254.0
13:37:51,3095.0,3090.72204551,3.67386566016,60.0,24.0,0,11.8703252348,-2.0,8.6124401914,75.3333333333,-316.0
13:37:52,3096.0,3090.72497689,3.67450861752,61.9047619048,18.0,0,11.8685678861,-4.0,9.35960591134,60.5714285714,-316.0
13:37:52,3095.0,3090.72735124,3.67487716054,60.0,72.0,0,11.8735934105,-8.0,12.2727272727,61.8095238095,-300.0
13:37:53,3095.0,3090.72972428,3.67519831287,60.0,44.0,0,11.8746310593,-24.0,15.6950672646,53.4285714286,-314.0
13:37:53,3095.0,3090.73209599,3.67556647184,60.0,26.0,0,11.8758205875,2.0,24.8,39.619047619,-100.0
13:37:54,3095.0,3090.73446639,3.67593440502,60.0,10.0,0,11.8770093862,2.0,32.9896907216,30.5714285714,-34.0
13:37:54,3096.0,3090.73739088,3.67652878255,61.9047619048,72.0,0,11.8750929669,28.0,30.5785123967,41.9047619048,-4.0
13:37:55,3095.0,3090.73975833,3.6768962417,60.0,62.0,0,11.8801170976,52.0,25.1748251748,48.0952380952,52.0
13:37:55,3096.0,3090.74267988,3.6774900861,61.9047619048,68.0,0,11.8781979525,24.0,24.8226950355,53.9047619048,84.0
13:37:56,3095.0,3090.7450444,3.67781029694,60.0,44.0,0,11.8830704263,-10.0,24.8226950355,53.0476190476,98.0
13:37:56,3095.0,3090.74740761,3.67813039599,60.0,10.0,0,11.884104672,-2.0,27.8195488722,42.4761904762,94.0
13:37:57,3096.0,3090.7503249,3.67872360069,61.9047619048,40.0,0,11.8821821728,-4.0,30.4054054054,41.2380952381,88.0
13:37:57,3095.0,3090.75268518,3.67909002269,60.0,52.0,0,11.8872052429,-36.0,37.6811594203,42.0,24.0
13:37:58,3095.0,3090.75504414,3.67940967487,60.0,2.0,0,11.8882380448,-2.0,45.3703703704,29.4285714286,-30.0
13:37:58,3095.0,3090.7574018,3.67977571403,60.0,120.0,0,11.8894207238,26.0,35.0746268657,53.4285714286,-28.0
13:37:59,3095.0,3090.75975814,3.68009509698,60.0,172.0,0,11.8904526558,-102.0,16.1616161616,89.8095238095,-120.0
13:37:59,3095.0,3090.76211318,3.68041436836,60.0,64.0,0,11.8914842273,-58.0,27.1111111111,89.2380952381,-176.0
13:38:00,3095.0,3090.76446691,3.68077986738,60.0,626.0,0,11.8926651612,526.0,70.4633204633,246.666666667,354.0
13:38:00,3095.0,3090.76681933,3.68114514146,60.0,208.0,0,11.8938453682,102.0,76.1744966443,256.761904762,492.0
13:38:01,3095.0,3090.76917044,3.68146398642,60.0,40.0,0,11.894875562,-12.0,76.9105691057,211.428571429,482.0
13:38:01,3095.0,3090.77152025,3.68182887827,60.0,60.0,0,11.896054534,10.0,82.2222222222,170.0,466.0
13:38:02,3095.0,3090.77386875,3.68219354537,60.0,52.0,0,11.8972327799,-44.0,93.5238095238,129.142857143,524.0
13:38:02,3095.0,3090.77621595,3.68255798778,60.0,22.0,0,11.8984102998,-16.0,93.0555555556,85.4285714286,566.0
13:38:03,3095.0,3090.77856185,3.6828762495,60.0,62.0,0,11.899438609,-42.0,73.4234234234,55.1428571429,-2.0
13:38:03,3094.0,3090.78035104,3.68304356159,57.1428571429,40.0,0,11.9038253445,16.0,55.7971014493,45.4285714286,-88.0
13:38:04,3095.0,3090.78269463,3.68336161377,60.0,154.0,0,11.9010068296,-40.0,58.4615384615,76.2857142857,-116.0
13:38:04,3094.0,3090.78448153,3.68348289247,57.1428571429,28.0,0,11.9052452892,-4.0,58.1005586592,65.7142857143,-130.0
13:38:05,3094.0,3090.78626743,3.68348289247,57.1428571429,66.0,0,11.9052452892,24.0,63.4408602151,67.5238095238,-62.0
13:38:05,3095.0,3090.78860775,3.68380078105,60.0,62.0,0,11.9024257869,-16.0,62.6213592233,67.5238095238,-62.0
13:38:06,3095.0,3090.79094676,3.68411855842,60.0,46.0,0,11.9034525312,-14.0,62.6262626263,61.0476190476,-34.0
13:38:06,3095.0,3090.79328447,3.68431510294,60.0,832.0,0,11.9040875701,378.0,88.2154882155,279.904761905,328.0
13:38:07,3095.0,3090.79562089,3.68451161604,60.0,42.0,0,11.9047225074,24.0,86.9888475836,235.333333333,392.0
13:38:07,3096.0,3090.79851141,3.68497992984,61.9047619048,50.0,0,11.9023899543,44.0,84.6994535519,198.380952381,440.0
13:38:08,3095.0,3090.80084492,3.68517634468,60.0,50.0,0,11.9068702574,40.0,81.5157116451,160.380952381,456.0
13:38:08,3095.0,3090.80317713,3.68549371033,60.0,36.0,0,11.9078956715,4.0,79.7348484848,119.142857143,476.0
13:38:09,3095.0,3090.80550805,3.68581096492,60.0,60.0,0,11.9089207267,52.0,78.3177570093,86.0,542.0
13:38:09,3095.0,3090.80783768,3.68600723081,60.0,86.0,0,11.9095548653,84.0,3.08641975309,59.619047619,248.0
13:38:10,3096.0,3090.81072141,3.68647501972,61.9047619048,70.0,0,11.9072190559,-24.0,5.68181818182,64.1904761905,200.0
13:38:10,3095.0,3090.81304815,3.68667118746,60.0,8.0,0,11.911700121,-2.0,5.16129032259,49.7142857143,154.0
13:38:11,3095.0,3090.81537358,3.68686732384,60.0,20.0,0,11.9123338412,-6.0,7.14285714286,40.6666666667,108.0
13:38:11,3095.0,3090.81769773,3.68718416727,60.0,352.0,0,11.9133575679,-168.0,3.355704698,127.904761905,-64.0
13:38:12,3095.0,3090.82002059,3.68750089977,60.0,30.0,0,11.9143809363,-20.0,8.8339222615,108.095238095,-136.0
13:38:12,3094.0,3090.82178675,3.68750089977,57.1428571429,10.0,0,11.9182317381,-4.0,10.612244898,84.0,-224.0
13:38:13,3094.0,3090.82355193,3.68750089977,57.1428571429,16.0,0,11.9182317381,14.0,10.0917431193,65.2380952381,-186.0
13:38:13,3095.0,3090.82587154,3.68781752138,60.0,34.0,0,11.9154039463,-2.0,16.8831168831,54.1904761905,-186.0
13:38:14,3095.0,3090.82818986,3.68813403212,60.0,0.0,0,11.9164265981,0.0,0,32.1904761905,-180.0
13:38:14,3095.0,3090.83050688,3.68845043203,60.0,4.0,0,11.9174488918,0.0,80.8510638298,12.2857142857,-12.0
13:38:15,3094.0,3090.83226722,3.68845043203,57.1428571429,6.0,0,11.9213006853,6.0,65.7142857143,9.52380952381,14.0
13:38:15,3094.0,3090.83402659,3.68857093677,57.1428571429,14.0,0,11.9216901641,0.0,64.8648648649,10.1904761905,18.0
13:38:16,3095.0,3090.83634037,3.68888717369,60.0,12.0,0,11.9188600119,0.0,82.8571428571,10.0952380952,4.0
13:38:16,3095.0,3090.83865288,3.68920329985,60.0,32.0,0,11.9198814212,30.0,38.2352941176,15.9047619048,36.0
13:38:17,3094.0,3090.84040869,3.68932367543,57.1428571429,12.0,0,11.9241230622,12.0,32.5,16.0952380952,48.0
13:38:17,3095.0,3090.84271893,3.68963963872,60.0,32.0,0,11.9212912398,-30.0,48.1481481481,21.4285714286,18.0
13:38:18,3095.0,3090.84502789,3.6899554913,60.0,0.0,0,11.9223117651,0.0,0,16.2857142857,12.0
13:38:18,3095.0,3090.84733557,3.69027123321,60.0,826.0,0,11.9233319328,130.0,95.1859956236,247.428571429,142.0
13:38:19,3095.0,3090.84964197,3.69058686449,60.0,14.0,0,11.9243517431,6.0,93.6681222707,207.904761905,148.0
13:38:19,3095.0,3090.85194708,3.69094721691,60.0,16.0,0,11.9255160482,6.0,95.1111111111,168.857142857,124.0
13:38:20,3095.0,3090.85425091,3.69126258135,60.0,26.0,0,11.9265349963,24.0,93.6542669584,133.428571429,136.0
13:38:20,3095.0,3090.85655347,3.69157783523,60.0,62.0,0,11.9275535872,34.0,87.7118644068,107.619047619,200.0
13:38:21,3095.0,3090.85885474,3.6918929786,60.0,394.0,52.5,11.928571821,324.0,90.7324364723,175.238095238,524.0
13:38:21,3096.0,3090.86171014,3.69247833022,65.0,1540.0,0,11.9266095937,-128.0,93.9571150097,551.523809524,266.0
13:38:22,3096.0,3090.86456396,3.69306340102,65.0,898.0,0,11.9284993573,16.0,87.1934604905,710.380952381,276.0
13:38:22,3097.0,3090.86797158,3.69403789534,66.6666666667,948.0,0,11.927794302,-12.0,90.6928645295,841.428571429,258.0
13:38:23,3098.0,3090.87193272,3.69543177074,68.1818181818,378.0,0,11.9284434175,238.0,90.1421800948,765.238095238,472.0
13:38:23,3098.0,3090.87589166,3.69682436919,68.1818181818,868.0,0,11.9329385707,-412.0,91.961798647,812.285714286,26.0
13:38:24,3098.0,3090.8798484,3.69818457298,68.1818181818,866.0,0,11.9373291574,86.0,92.4336122226,820.380952381,-212.0
13:38:24,3098.0,3090.88380294,3.6995745084,68.1818181818,340.0,0,11.9418157147,-36.0,89.4834806887,655.714285714,-120.0
13:38:25,3099.0,3090.88831069,3.7014571601,69.5652173913,304.0,0,11.9440373027,6.0,87.0950323974,537.904761905,-130.0
13:38:25,3098.0,3090.89226053,3.70281274469,68.1818181818,904.0,0,11.9522683818,-196.0,80.4371584699,619.80952381,-314.0
13:38:26,3098.0,3090.89620818,3.70419844381,68.1818181818,524.0,0,11.9567412647,78.0,77.4040987914,595.238095238,-474.0
13:38:26,3099.0,3090.90070903,3.70604407075,69.5652173913,212.0,0,11.9588385632,-14.0,74.9206349206,474.571428571,-76.0
13:38:27,3098.0,3090.90465199,3.70739491872,68.1818181818,88.0,0,11.9670591308,-48.0,67.2849915683,349.714285714,-210.0
13:38:27,3099.0,3090.90914815,3.7092364589,69.5652173913,100.0,0,11.9691399125,-14.0,62.9455909944,265.333333333,-188.0
13:38:28,3099.0,3090.91364182,3.71107575457,69.5652173913,28.0,0,11.975075039,-16.0,71.875,171.80952381,-210.0
13:38:28,3099.0,3090.918133,3.71291280907,69.5652173913,444.0,0,11.9810029334,-248.0,77.6504297994,210.285714286,-262.0
13:38:29,3099.0,3090.92262168,3.71478012243,69.5652173913,424.0,0,11.9870284686,262.0,91.6666666667,264.952380952,-78.0
13:38:29,3099.0,3090.92710786,3.71664548034,69.5652173913,418.0,0,11.9930476939,258.0,95.0732356858,322.666666667,194.0
13:38:30,3099.0,3090.93159156,3.71850888574,69.5652173913,320.0,0,11.9990606187,-16.0,88.5813148789,342.571428571,226.0
13:38:30,3099.0,3090.93607276,3.72037034156,69.5652173913,958.0,0,12.0050672525,-160.0,88.1172839506,533.714285714,80.0
13:38:31,3100.0,3090.94110688,3.72279380976,70.8333333333,244.0,0,12.0090122896,-16.0,88.8888888889,480.0,80.0
13:38:31,3101.0,3090.9466936,3.7258522515,72.0,2124.0,0,12.0150024234,-260.0,89.2602495544,953.142857143,68.0
13:38:32,3101.0,3090.95227722,3.72890650862,72.0,1540.0,0,12.0248516885,-60.0,83.7259100642,1179.42857143,-254.0
13:38:32,3100.0,3090.95730234,3.73128664136,70.8333333333,530.0,0,12.0364085205,178.0,78.3764870539,1064.0,-334.0
13:38:33,3101.0,3090.96288006,3.73429943684,72.0,164.0,0,12.0422426212,-28.0,78.7050359712,838.666666667,-346.0
13:38:33,3100.0,3090.96789929,3.73670643749,70.8333333333,486.0,0,12.0538917338,-50.0,72.2091194969,712.761904762,-236.0
13:38:34,3100.0,3090.97291573,3.73911056797,70.8333333333,168.0,0,12.0616469935,-80.0,71.9074221868,518.476190476,-300.0
13:38:34,3100.0,3090.97792939,3.74147169128,70.8333333333,616.0,0,12.0692635203,162.0,65.3538812785,455.80952381,122.0
13:38:35,3100.0,3090.98294025,3.74387028857,70.8333333333,290.0,0,12.0770009309,86.0,58.4738243123,371.80952381,268.0
13:38:35,3100.0,3090.98794834,3.74626603194,70.8333333333,346.0,0,12.0847291353,246.0,66.6666666667,363.333333333,336.0
13:38:36,3099.0,3090.99239825,3.74810058892,69.5652173913,150.0,0,12.0945485283,-26.0,69.6498054475,307.619047619,338.0
13:38:36,3100.0,3090.99740108,3.75049116125,70.8333333333,482.0,0,12.0983585847,-18.0,83.918128655,347.428571429,370.0
13:38:37,3099.0,3091.00184573,3.75232149336,69.5652173913,122.0,0,12.1081687427,80.0,83.8484546361,284.571428571,530.0
13:38:37,3100.0,3091.00684332,3.75470691225,70.8333333333,142.0,0,12.1119577815,62.0,76.7624020888,229.619047619,430.0
13:38:38,3100.0,3091.01183813,3.75708950223,70.8333333333,518.0,0,12.1196435556,-390.0,89.5454545454,304.666666667,-46.0
13:38:38,3100.0,3091.01683017,3.75946926867,70.8333333333,104.0,0,12.1273202215,-34.0,83.6627140975,250.571428571,-326.0
13:38:39,3101.0,3091.02237483,3.76247538034,72.0,132.0,0,12.1331034516,-38.0,76.9333333333,216.0,-338.0
13:38:39,3101.0,3091.02791642,3.76547743231,72.0,1064.0,0,12.1427843673,-462.0,83.093179635,448.571428571,-782.0
13:38:40,3101.0,3091.03345492,3.76843738083,72.0,336.0,0,12.1523295093,-58.0,59.756097561,445.428571429,-920.0
13:38:40,3101.0,3091.03899036,3.7714315568,72.0,210.0,0,12.1619850268,20.0,58.4602368866,396.095238095,-962.0
13:38:41,3101.0,3091.04452271,3.77438405571,72.0,504.0,0,12.1715061455,206.0,54.6382978723,427.523809524,-366.0
13:38:41,3102.0,3091.0506074,3.77806959657,73.0769230769,264.0,0,12.1794635608,138.0,52.4302788845,391.047619048,-194.0
13:38:42,3101.0,3091.05613331,3.78105118598,72.0,1186.0,0,12.1930060818,104.0,60.7182940516,610.380952381,-52.0
13:38:42,3102.0,3091.06221154,3.78472636085,73.0769230769,1248.0,0,12.2009231491,352.0,64.3009605123,797.238095238,762.0
13:38:43,3102.0,3091.0682864,3.78835920051,73.0769230769,1842.0,0,12.212634431,206.0,71.0315949752,1145.04761905,1026.0
13:38:43,3103.0,3091.07491329,3.79275588751,74.0740740741,1000.0,0,12.2228678295,106.0,75.3474520185,1180.57142857,1112.0
13:38:44,3105.0,3091.0826473,3.79893624446,75.8620689655,3166.0,0,12.2348993381,470.0,83.9880542155,1797.33333333,1376.0
13:38:44,3106.0,3091.09093242,3.80605203574,76.6666666667,6950.0,0,12.2538700442,-1672.0,96.8425155925,3368.47619048,-434.0
13:38:45,3108.0,3091.10032374,3.81533406099,78.125,7054.0,0,12.2758496171,-602.0,118.466603951,4650.95238095,-1140.0
13:38:45,3109.0,3091.11026524,3.82567830668,78.7878787879,7644.0,0,12.3051730675,-1406.0,109.462684408,5822.57142857,-2898.0
13:38:46,3108.0,3091.11964582,3.83490377453,78.125,4212.0,0,12.3388152334,172.0,102.641044428,5709.04761905,-2932.0
13:38:46,3108.0,3091.12902119,3.84399602997,78.125,1482.0,0,12.3680695945,72.0,102.271535335,4702.66666667,-2966.0
13:38:47,3108.0,3091.13839136,3.85306290501,78.125,1768.0,0,12.3972422941,810.0,97.4888354517,3755.04761905,-2626.0
13:38:47,3107.0,3091.14720091,3.86099196459,77.4193548387,846.0,0,12.4267523804,230.0,91.7412848822,2610.57142857,-724.0
13:38:48,3107.0,3091.15600558,3.86900647597,77.4193548387,712.0,0,12.4525473961,210.0,64.8703792607,1718.47619048,88.0
13:38:48,3106.0,3091.16424995,3.87596438617,76.6666666667,2324.0,0,12.478958101,764.0,53.3762341326,1588.95238095,2258.0
13:38:49,3106.0,3091.17248975,3.88290646994,76.6666666667,520.0,0,12.5013086605,108.0,63.7872451647,1197.33333333,2194.0
13:38:49,3106.0,3091.18072496,3.88983281203,76.6666666667,542.0,0,12.5236085384,14.0,57.4344457688,987.80952381,2136.0
13:38:50,3108.0,3091.19006641,3.89887412524,78.125,700.0,0,12.5446400426,16.0,75.0708717222,868.19047619,1342.0
13:38:50,3106.0,3091.19829187,3.90576496001,76.6666666667,472.0,0,12.574903284,-22.0,73.4724857685,734.285714286,1090.0
13:38:51,3106.0,3091.20651276,3.91253800321,76.6666666667,1290.0,0,12.5967096047,-256.0,70.5882352941,851.904761905,624.0
13:38:51,3107.0,3091.21528448,3.92031965187,77.4193548387,360.0,0,12.6177008428,-172.0,74.5108135942,676.285714286,-312.0
13:38:52,3107.0,3091.22405133,3.9281839724,77.4193548387,492.0,0,12.6430124635,-40.0,58.5580912863,631.904761905,-460.0
13:38:52,3107.0,3091.23281331,3.93592780684,77.4193548387,410.0,0,12.6679362949,184.0,60.9559613319,565.428571429,-290.0
13:38:53,3106.0,3091.24101503,3.94263682173,76.6666666667,354.0,0,12.6936150088,150.0,52.8123149793,489.238095238,-156.0
13:38:53,3106.0,3091.24921218,3.94933162614,76.6666666667,342.0,0,12.7151694338,130.0,63.7931034483,426.095238095,-4.0
13:38:54,3106.0,3091.25740479,3.95601229222,76.6666666667,494.0,0,12.7366783394,76.0,52.2022838499,412.571428571,328.0
13:38:54,3107.0,3091.26614825,3.96378862873,77.4193548387,404.0,0,12.7576074307,-124.0,50.5608974359,411.238095238,376.0
13:38:55,3107.0,3091.27488685,3.97154593116,77.4193548387,344.0,0,12.7825746095,-2.0,56.132879046,390.666666667,414.0
13:38:55,3106.0,3091.2830652,3.97817998238,76.6666666667,550.0,0,12.8080488808,10.0,53.2154340836,436.0,240.0
13:38:56,3106.0,3091.291239,3.98480020062,76.6666666667,884.0,0,12.8293631701,212.0,59.4433399602,570.095238095,302.0
13:38:56,3106.0,3091.29940827,3.99140665472,76.6666666667,404.0,0,12.8506331446,68.0,71.3636363636,541.80952381,240.0
13:38:57,3106.0,3091.30757299,3.99783270761,76.6666666667,228.0,0,12.871322304,-16.0,68.9410092395,460.285714286,148.0
13:38:57,3106.0,3091.31573319,4.0042461163,76.6666666667,144.0,0,12.8919707543,50.0,66.4056382146,367.428571429,322.0
13:38:58,3106.0,3091.32388885,4.01064694144,76.6666666667,334.0,0,12.9125786911,28.0,79.1666666667,341.238095238,352.0
13:38:58,3106.0,3091.33203998,4.01703524319,76.6666666667,462.0,0,12.9331463078,-110.0,82.2475570032,352.095238095,232.0
13:38:59,3106.0,3091.34018658,4.02341108121,76.6666666667,296.0,0,12.9536737966,-80.0,70.6638115632,319.714285714,-60.0
13:38:59,3106.0,3091.34832866,4.02977451465,76.6666666667,1030.0,0,12.9741613479,172.0,32.0769847634,525.047619048,44.0
13:39:00,3106.0,3091.35646622,4.03628946421,76.6666666667,472.0,0,12.9951367167,-176.0,42.0745069394,541.142857143,-116.0
13:39:00,3106.0,3091.36459925,4.04262779714,76.6666666667,662.0,0,13.015543455,58.0,51.7813267813,599.904761905,-108.0
13:39:01,3107.0,3091.37328318,4.04993994773,77.4193548387,464.0,0,13.0348887922,-192.0,44.3000590667,577.428571429,-328.0
13:39:01,3106.0,3091.38140687,4.05625213767,76.6666666667,582.0,0,13.0594080414,-118.0,23.3884768968,582.476190476,-336.0
13:39:02,3105.0,3091.38897066,4.06163804721,75.8620689655,1050.0,0,13.0809598944,512.0,17.7464788732,715.523809524,256.0
13:39:02,3104.0,3091.39597484,4.06617024141,75.0,1610.0,0,13.0997752623,518.0,11.3223140496,972.666666667,602.0
13:39:03,3104.0,3091.40297513,4.07069585423,75.0,2030.0,0,13.1143552005,-414.0,6.84588934041,1322.19047619,364.0
13:39:03,3103.0,3091.40941613,4.07444042019,74.0740740741,298.0,0,13.1306491144,142.0,0.0165727543883,1102.66666667,448.0
13:39:04,3103.0,3091.41585356,4.078180337,74.0740740741,278.0,0,13.1427016984,0.0,3.77906976744,894.761904762,640.0
13:39:04,3102.0,3091.42173201,4.0812107484,73.0769230769,318.0,0,13.156707764,-156.0,15.3474212034,707.142857143,602.0
13:39:05,3102.0,3091.42760719,4.08439816048,73.0769230769,444.0,0,13.1669831092,-230.0,18.9031739654,568.095238095,-140.0
13:39:05,3103.0,3091.43403451,4.08812549486,74.0740740741,510.0,0,13.1747518365,-158.0,37.1067560598,476.761904762,-816.0
13:39:06,3102.0,3091.43990286,4.09130510585,73.0769230769,414.0,0,13.1892492129,-16.0,61.8479221927,410.380952381,-418.0
13:39:06,3103.0,3091.44632336,4.09518302362,74.0740740741,180.0,0,13.1974960477,36.0,65.0186567164,354.095238095,-524.0
13:39:07,3103.0,3091.45274028,4.09905574794,74.0740740741,318.0,0,13.2099766289,-36.0,49.5421245421,342.857142857,-560.0
13:39:07,3102.0,3091.45859824,4.1022229746,73.0769230769,312.0,0,13.2244454371,278.0,47.4747474747,328.0,-126.0
13:39:08,3102.0,3091.46445295,4.10538655493,73.0769230769,272.0,0,13.2346439553,-12.0,54.1375872383,302.0,92.0
13:39:08,3102.0,3091.47030441,4.10854649736,73.0769230769,290.0,0,13.2448307458,94.0,44.7928331467,289.333333333,344.0
13:39:09,3102.0,3091.47615261,4.11170281027,73.0769230769,50.0,0,13.2550058358,30.0,38.6779184248,218.571428571,390.0
13:39:09,3102.0,3091.48199757,4.11494557477,73.0769230769,168.0,0,13.2654596221,4.0,32.1985815603,198.857142857,358.0
13:39:10,3103.0,3091.48839469,4.1187912871,74.0740740741,212.0,0,13.2735781086,-20.0,53.0674846626,192.285714286,374.0
13:39:10,3103.0,3091.49478825,4.12263189601,74.0740740741,178.0,0,13.2859551918,-2.0,49.5726495727,181.047619048,94.0
13:39:11,3102.0,3091.50062285,4.12586152619,73.0769230769,350.0,62.2222222222,13.3006496654,4.0,49.358974359,225.333333333,110.0
13:39:11,3103.0,3091.50700962,4.12978159079,72.0,168.0,0,13.3089964254,104.0,49.0230905862,213.904761905,120.0
13:39:12,3103.0,3091.51339284,4.13371764006,72.0,726.0,0,13.321681083,-240.0,34.7391786904,367.714285714,-150.0
13:39:12,3103.0,3091.51977252,4.13762634547,72.0,100.0,0,13.3342776199,74.0,36.6782006921,310.476190476,-80.0
13:39:13,3102.0,3091.52559325,4.14083757258,70.8333333333,58.0,0,13.3489283449,36.0,31.8987341772,244.476190476,-24.0
13:39:13,3102.0,3091.53141075,4.14395677798,70.8333333333,74.0,0,13.3589838104,28.0,28.8617886179,190.380952381,6.0
13:39:14,3103.0,3091.53778042,4.14785081193,72.0,76.0,0,13.3672278825,8.0,27.4542429285,141.80952381,10.0
13:39:14,3102.0,3091.54359115,4.15104961254,70.8333333333,122.0,0,13.38184917,74.0,23.5294117647,119.428571429,-20.0
13:39:15,3102.0,3091.54939865,4.15424444557,70.8333333333,430.0,0,13.3921484383,260.0,60.9302325581,187.238095238,480.0
13:39:15,3102.0,3091.55520293,4.15743532017,70.8333333333,118.0,0,13.4024349457,88.0,64.4646924829,180.0,494.0
13:39:16,3103.0,3091.56155939,4.16130988066,72.0,156.0,0,13.410602258,54.0,67.4180327869,182.761904762,512.0
13:39:16,3103.0,3091.56791231,4.16517898442,72.0,190.0,0,13.4230711712,-38.0,67.7655677656,190.571428571,446.0
13:39:17,3102.0,3091.57370631,4.16835665727,70.8333333333,104.0,0,13.437642351,30.0,70.1785714286,168.285714286,468.0
13:39:17,3102.0,3091.57949708,4.17154987925,70.8333333333,94.0,0,13.4479364257,34.0,71.2454212454,141.80952381,428.0
13:39:18,3102.0,3091.58528464,4.17471954222,70.8333333333,82.0,0,13.4581545526,12.0,61.2903225806,113.238095238,180.0
13:39:18,3102.0,3091.59106899,4.17788530447,70.8333333333,58.0,0,13.4683601047,-10.0,55.5555555556,94.380952381,82.0
13:39:19,3103.0,3091.59740552,4.1817303997,72.0,180.0,0,13.476411214,26.0,42.6553672316,113.238095238,54.0
13:39:19,3102.0,3091.60318314,4.18488770555,70.8333333333,96.0,0,13.4909339315,-56.0,36.4820846906,106.952380952,36.0
13:39:20,3103.0,3091.60951294,4.18874137671,72.0,152.0,0,13.4990054035,42.0,36.5558912387,121.142857143,48.0
13:39:20,3102.0,3091.61528383,4.19189008866,70.8333333333,302.0,0,13.5135077004,22.0,28.0459770115,175.904761905,36.0
13:39:21,3102.0,3091.62105152,4.19505307394,70.8333333333,522.0,0,13.5237043003,414.0,50.534351145,283.619047619,438.0
13:39:21,3103.0,3091.6273714,4.19887344349,72.0,34.0,0,13.5316578907,14.0,51.7884914464,230.952380952,462.0
13:39:22,3102.0,3091.63313237,4.20202749968,70.8333333333,108.0,0,13.5461879422,44.0,59.6375617792,200.571428571,480.0
13:39:22,3103.0,3091.63944555,4.20583786481,72.0,110.0,0,13.5541020458,-10.0,61.7263843648,174.19047619,526.0
13:39:23,3103.0,3091.64575521,4.20966026018,72.0,136.0,0,13.5664204324,56.0,59.900990099,154.571428571,540.0
13:39:23,3103.0,3091.65206137,4.21345987708,72.0,60.0,0,13.5786654112,48.0,70.5154639175,114.0,566.0
13:39:24,3103.0,3091.65836403,4.21725424101,72.0,88.0,0,13.5908934612,56.0,55.9701492537,92.9523809524,208.0
13:39:24,3102.0,3091.66410779,4.22036851669,70.8333333333,134.0,0,13.6053143671,112.0,61.0062893082,105.714285714,306.0
13:39:25,3103.0,3091.67040376,4.22415320428,72.0,192.0,0,13.6131266654,102.0,64.4444444444,130.285714286,364.0
13:39:25,3103.0,3091.67669623,4.22793267894,72.0,216.0,0,13.625306732,-64.0,75.3026634383,157.714285714,310.0
13:39:26,3103.0,3091.68298521,4.23170695465,72.0,170.0,0,13.637470044,100.0,65.8139534884,166.952380952,354.0
13:39:26,3103.0,3091.68927069,4.23549197661,72.0,38.0,0,13.6496679878,12.0,66.5871121718,136.857142857,318.0
13:39:27,3103.0,3091.69555269,4.23925569987,72.0,978.0,0,13.6617972925,-142.0,78.9351851852,376.380952381,120.0
13:39:27,3104.0,3091.70238659,4.24374986136,73.0769230769,894.0,0,13.6718745534,16.0,86.4147909968,549.523809524,24.0
13:39:28,3105.0,3091.70977211,4.24905218189,74.0740740741,774.0,0,13.6845480898,600.0,86.6449511401,652.19047619,522.0
13:39:28,3105.0,3091.71715351,4.25432982057,74.0740740741,1038.0,0,13.7015453159,392.0,89.2086330935,802.571428571,978.0
13:39:29,3105.0,3091.72453082,4.25961308414,74.0740740741,272.0,0,13.7185606574,20.0,86.9303955934,694.952380952,898.0
13:39:29,3105.0,3091.73190404,4.26487222646,74.0740740741,140.0,0,13.7354983139,-40.0,87.060546875,544.761904762,846.0
13:39:30,3105.0,3091.73927315,4.2701222895,74.0740740741,162.0,0,13.7524067295,-82.0,86.7682926829,396.0,906.0
13:39:30,3105.0,3091.74663818,4.27537735682,74.0740740741,242.0,0,13.7693312619,86.0,82.4200913242,308.952380952,976.0
13:39:31,3106.0,3091.75455451,4.28148021594,75.0,410.0,0,13.7845467352,-196.0,71.8197879859,300.952380952,180.0
13:39:31,3105.0,3091.76191105,4.2867150417,74.0740740741,890.0,0,13.8058455449,-662.0,30.056710775,447.428571429,-874.0
13:39:32,3105.0,3091.7692635,4.29192716757,74.0740740741,314.0,0,13.8226317796,-90.0,40.500463392,436.380952381,-984.0
13:39:32,3105.0,3091.77661187,4.29714343101,74.0740740741,46.0,0,13.8394313398,4.0,38.3720930232,346.761904762,-940.0
13:39:33,3105.0,3091.78395616,4.30235033922,74.0740740741,260.0,0,13.8562007704,-114.0,42.1831637373,322.761904762,-972.0
13:39:33,3104.0,3091.79074096,4.30676147091,73.0769230769,38.0,0,13.8748758728,-10.0,37.0786516854,230.666666667,-1068.0
13:39:34,3105.0,3091.7980774,4.31195094912,74.0740740741,780.0,0,13.8871206091,204.0,59.1924398625,360.285714286,-668.0
13:39:34,3104.0,3091.80485437,4.3163469065,73.0769230769,158.0,0,13.9057567864,42.0,90.1002506266,294.571428571,36.0
13:39:35,3105.0,3091.81218297,4.32150722449,74.0740740741,202.0,0,13.9178976634,-4.0,82.3450134771,276.285714286,122.0
13:39:35,3104.0,3091.8189521,4.3258883338,73.0769230769,28.0,0,13.9364959208,0.0,83.2196452933,213.619047619,118.0
13:39:36,3105.0,3091.82627287,4.33104354566,74.0740740741,492.0,0,13.948610453,170.0,83.1566548881,284.380952381,402.0
13:39:36,3105.0,3091.83358957,4.33618962133,74.0740740741,22.0,0,13.9651839656,14.0,82.401902497,209.80952381,426.0
13:39:37,3105.0,3091.84090221,4.34132659328,74.0740740741,256.0,0,13.9817281587,6.0,52.677029361,202.857142857,228.0
13:39:37,3105.0,3091.84821079,4.3464438334,74.0740740741,56.0,0,13.9982088032,-14.0,49.8106060606,163.714285714,172.0
13:39:38,3105.0,3091.85551531,4.35156293761,74.0740740741,82.0,0,14.0146954512,-10.0,60.8974358974,136.857142857,166.0
13:39:38,3105.0,3091.86281578,4.35667303373,74.0740740741,692.0,0,14.0311530877,570.0,76.125,290.0,736.0
13:39:39,3105.0,3091.87011219,4.36177415342,74.0740740741,314.0,0,14.0475818146,-126.0,63.0098452883,303.523809524,440.0
13:39:39,3105.0,3091.87740454,4.36686632813,74.0740740741,406.0,0,14.0639817331,160.0,44.1860465116,351.80952381,586.0
13:39:40,3106.0,3091.88524825,4.37278493308,75.0,208.0,0,14.0785091213,18.0,45.9613196815,325.238095238,598.0
13:39:40,3105.0,3091.8925322,4.37784890488,74.0740740741,300.0,0,14.0993523507,76.0,46.8531468532,327.238095238,688.0
13:39:41,3105.0,3091.89981211,4.38290449071,74.0740740741,228.0,0,14.1156344306,32.0,40.5959031657,297.047619048,730.0
13:39:41,3105.0,3091.90708797,4.38795171956,74.0740740741,44.0,0,14.131889596,4.0,13.8666666667,207.333333333,164.0
13:39:42,3105.0,3091.91435979,4.39299062024,74.0740740741,98.0,0,14.1481179396,12.0,11.8380062305,163.904761905,302.0
13:39:42,3105.0,3091.92162757,4.39802122137,74.0740740741,48.0,0,14.1643195535,24.0,31.7494600432,116.476190476,166.0
13:39:43,3104.0,3091.92833591,4.4022864342,73.0769230769,32.0,0,14.1826238215,-8.0,39.2,81.5238095238,140.0
13:39:43,3104.0,3091.93504053,4.40653709116,73.0769230769,122.0,0,14.1963179483,-20.0,29.020979021,80.6666666667,44.0
13:39:44,3104.0,3091.94174142,4.41078924099,73.0769230769,38.0,0,14.2100168846,0.0,46.0732984293,64.2857142857,12.0
13:39:44,3105.0,3091.948994,4.41578971028,74.0740740741,70.0,0,14.2215449607,36.0,60.7843137255,66.0952380952,44.0
13:39:45,3105.0,3091.95624254,4.42078926218,74.0740740741,82.0,0,14.2376465771,32.0,55.1020408163,70.0952380952,64.0
13:39:45,3105.0,3091.96348706,4.42578021998,74.0740740741,270.0,0,14.2537205152,-24.0,35.8306188925,128.571428571,16.0
13:39:46,3104.0,3091.97017216,4.42999664709,73.0769230769,142.0,0,14.2718964146,-22.0,44.1988950276,139.904761905,2.0
13:39:46,3104.0,3091.97685354,4.43420695931,73.0769230769,80.0,0,14.2854605648,60.0,44.8680351906,128.285714286,82.0
13:39:47,3105.0,3091.98408661,4.4391685352,74.0740740741,132.0,0,14.2968390828,104.0,46.6494845361,133.523809524,186.0
13:39:47,3104.0,3091.99076026,4.4433657632,73.0769230769,84.0,0,14.3149670206,44.0,41.7721518987,120.571428571,194.0
13:39:48,3105.0,3091.99798561,4.44831233603,74.0740740741,126.0,0,14.3262877167,8.0,36.211031175,118.952380952,170.0
13:39:48,3105.0,3092.00520695,4.45325091927,74.0740740741,302.0,0,14.3421929767,-40.0,33.7182448037,165.523809524,154.0
13:39:49,3104.0,3092.01186887,4.45742822242,73.0769230769,510.0,0,14.3602713351,310.0,45.2188006483,270.0,486.0
13:39:49,3104.0,3092.01852709,4.46160489173,73.0769230769,286.0,0,14.3737270996,48.0,40.9722222222,292.952380952,474.0
13:39:50,3104.0,3092.02518162,4.46577000916,73.0769230769,96.0,0,14.3871456481,-26.0,37.1794871795,251.80952381,344.0
13:39:50,3104.0,3092.03183245,4.46993411964,73.0769230769,64.0,0,14.4005609525,12.0,36.2716763006,203.238095238,312.0
13:39:51,3104.0,3092.03847958,4.4740871198,73.0769230769,388.0,0,14.4139404633,36.0,32.1992709599,248.19047619,340.0
13:39:51,3104.0,3092.04512303,4.47823418373,73.0769230769,580.0,0,14.4273008496,344.0,30.1455301455,335.523809524,724.0
13:39:52,3104.0,3092.05176278,4.48237532791,73.0769230769,44.0,0,14.4406421647,36.0,15.7750342936,256.476190476,450.0
13:39:52,3105.0,3092.05895425,4.48725764503,74.0740740741,56.0,0,14.4517154429,26.0,17.1009771987,203.047619048,428.0
13:39:53,3105.0,3092.06614172,4.49213612437,74.0740740741,948.0,0,14.4674271316,758.0,54.4230769231,415.428571429,1212.0
13:39:53,3105.0,3092.0733252,4.49700269693,74.0740740741,90.0,0,14.4831004732,66.0,52.9914529915,342.095238095,1266.0
13:39:54,3105.0,3092.0805047,4.50186504561,74.0740740741,246.0,0,14.4987602113,16.0,51.4256619145,312.095238095,1246.0
13:39:54,3105.0,3092.0876802,4.50671925477,74.0740740741,102.0,0,14.5143937352,-44.0,65.6796769852,247.714285714,858.0
13:39:55,3106.0,3092.09540712,4.51236569172,75.0,172.0,0,14.5278998446,-96.0,60.4708798018,226.095238095,726.0
13:39:55,3105.0,3092.10257435,4.51720001634,74.0740740741,184.0,0,14.5481482008,-78.0,53.9609644087,201.80952381,622.0
13:39:56,3105.0,3092.10973759,4.52202671568,74.0740740741,130.0,0,14.5636931262,4.0,12.1212121212,156.0,-132.0
13:39:56,3105.0,3092.11689686,4.52684822599,74.0740740741,600.0,0,14.5792213397,-360.0,47.8382147838,283.428571429,-558.0
13:39:57,3104.0,3092.12349675,4.53092171012,73.0769230769,82.0,0,14.5970415919,-16.0,65.1968503937,238.571428571,-590.0
13:39:57,3105.0,3092.13064838,4.53572645848,74.0740740741,190.0,0,14.6078146811,58.0,70.2503681885,232.380952381,-488.0
13:39:58,3104.0,3092.13724063,4.53978948634,73.0769230769,1110.0,0,14.6256104586,-234.0,43.031358885,484.857142857,-626.0
13:39:58,3105.0,3092.14438463,4.54458155695,74.0740740741,568.0,0,14.6363335167,510.0,76.7910447761,537.80952381,-38.0
13:39:59,3104.0,3092.15096925,4.54863020352,73.0769230769,352.0,0,14.6540921505,-210.0,79.3246037216,510.761904762,-252.0
13:39:59,3105.0,3092.15810562,4.5534065053,74.0740740741,124.0,0,14.6647552505,-54.0,75.845012366,408.0,54.0
13:40:00,3105.0,3092.16523802,4.55817536459,74.0740740741,180.0,0,14.6801138956,-50.0,76.5451664025,343.904761905,20.0
13:40:00,3105.0,3092.17236647,4.56287514101,74.0740740741,364.0,0,14.6952500516,-2.0,76.8717568569,327.714285714,-40.0
13:40:01,3106.0,3092.18004635,4.56835916697,75.0,1222.0,63.829787234,14.7081750385,-18.0,101.067615658,548.380952381,176.0
13:40:01,3106.0,3092.18772197,4.5738341883,95.4545454545,1712.0,0,14.7258022804,24.0,86.5958523015,903.714285714,-310.0
13:40:02,3106.0,3092.19539333,4.57930023733,95.4545454545,658.0,0,14.7434006353,-192.0,93.1924882629,903.428571429,-292.0
13:40:02,3107.0,3092.20361582,4.58560546375,95.652173913,1394.0,0,14.7589490304,438.0,94.0325497288,1098.85714286,200.0
13:40:03,3108.0,3092.21238916,4.59280623756,95.8333333333,298.0,0,14.7773688467,80.0,92.7053824363,920.666666667,330.0
13:40:03,3108.0,3092.22115762,4.59999245168,95.8333333333,344.0,0,14.8004905138,110.0,91.4712153518,750.0,442.0
13:40:04,3108.0,3092.22992121,4.60722372114,95.8333333333,780.0,0,14.8237571465,-216.0,97.2232934825,704.857142857,244.0
13:40:04,3108.0,3092.23867993,4.61438069323,95.8333333333,2812.0,0,14.8467847273,-2358.0,96.8501431753,1261.33333333,-2138.0
13:40:05,3109.0,3092.24798919,4.62254251528,96.0,2026.0,0,14.868261548,8.0,94.3036320878,1540.85714286,-1938.0
13:40:05,3109.0,3092.25729327,4.63062720734,96.0,326.0,0,14.8942657039,2.0,92.1955663529,1269.52380952,-2374.0
13:40:06,3109.0,3092.26659219,4.63875219359,96.0,800.0,0,14.9203994648,-84.0,92.4661399548,1184.47619048,-2538.0
13:40:06,3110.0,3092.27644135,4.6478150648,96.1538461538,2432.0,0,14.9447429736,-1136.0,97.8639930253,1541.80952381,-3784.0
13:40:07,3110.0,3092.28628504,4.65685605675,96.1538461538,4988.0,0,14.9738136873,-2174.0,87.2235505081,2530.0,-5742.0
13:40:07,3110.0,3092.29612326,4.66587529666,96.1538461538,3118.0,0,15.0028144587,-962.0,78.1446311176,2783.52380952,-4346.0
13:40:08,3108.0,3092.30484521,4.67291724253,95.8333333333,1828.0,0,15.035126263,372.0,62.9854728728,2653.9047619,-3982.0
13:40:08,3109.0,3092.31411772,4.68089193483,96.0,1844.0,0,15.0559406074,-34.0,68.3011325783,2538.28571429,-4018.0
13:40:09,3109.0,3092.32338508,4.68884936134,96.0,1792.0,0,15.0815354176,322.0,61.0923634546,2335.52380952,-3612.0
13:40:09,3108.0,3092.33209189,4.69584673336,95.8333333333,434.0,0,15.1089019735,24.0,52.0279920023,1697.52380952,-2452.0
13:40:10,3109.0,3092.34134927,4.70377172505,96.0,228.0,0,15.1295327277,40.0,42.7304197317,1095.80952381,-238.0
13:40:10,3108.0,3092.35004611,4.7107402812,95.8333333333,2056.0,0,15.1568220116,-340.0,44.4879002689,1243.04761905,384.0
13:40:11,3108.0,3092.35873811,4.71769533836,95.8333333333,494.0,0,15.1791999304,12.0,60.2511682243,994.571428571,24.0
13:40:11,3108.0,3092.36742529,4.72463695614,95.8333333333,96.0,0,15.2015346079,18.0,44.2352941176,695.904761905,76.0
13:40:12,3108.0,3092.37610764,4.73156519369,95.8333333333,250.0,0,15.2238262345,76.0,64.3620011242,524.476190476,-170.0
13:40:12,3108.0,3092.38478517,4.7384801097,95.8333333333,418.0,0,15.246074999,104.0,64.4833427442,474.476190476,-90.0
13:40:13,3107.0,3092.39290248,4.74450868419,95.652173913,66.0,0,15.2703852082,-14.0,64.2603550296,324.666666667,-144.0
13:40:13,3108.0,3092.40157068,4.7513986245,95.8333333333,270.0,0,15.287640362,24.0,62.860727729,240.857142857,220.0
13:40:14,3107.0,3092.40967867,4.75740513584,95.652173913,88.0,0,15.311892938,-4.0,60.6060606061,190.095238095,204.0
13:40:14,3108.0,3092.41833755,4.76427030381,95.8333333333,342.0,0,15.3290550316,46.0,57.0432357043,231.238095238,232.0
13:40:15,3108.0,3092.42699163,4.77117473305,95.8333333333,130.0,0,15.3512700549,80.0,45.8143074581,200.095238095,236.0
13:40:15,3107.0,3092.43508549,4.77714756018,95.652173913,202.0,0,15.3754346964,-128.0,38.0692167577,195.238095238,4.0
13:40:16,3106.0,3092.44261946,4.78235517163,95.4545454545,114.0,0,15.3971512287,14.0,45.5497382199,175.523809524,32.0
13:40:16,3107.0,3092.45070465,4.78836008295,95.652173913,150.0,0,15.4115226358,22.0,38.5964912281,163.80952381,30.0
13:40:17,3106.0,3092.45822995,4.79354986343,95.4545454545,254.0,0,15.4331933787,44.0,52.0134228188,187.523809524,78.0
13:40:17,3107.0,3092.46630647,4.79953469163,95.652173913,136.0,0,15.4474885473,-18.0,55.7809330629,169.619047619,14.0
13:40:18,3106.0,3092.4738231,4.80465610561,95.4545454545,130.0,0,15.4689507586,-20.0,60.6490872211,159.80952381,-86.0
13:40:18,3107.0,3092.48189095,4.81062127831,95.652173913,66.0,0,15.4831711565,2.0,77.6470588235,131.714285714,44.0
13:40:19,3106.0,3092.48939893,4.81572590294,95.4545454545,366.0,0,15.5045908015,20.0,55.7168784029,195.80952381,50.0
13:40:19,3107.0,3092.49745814,4.8216216984,95.652173913,158.0,0,15.5185764351,4.0,58.3783783784,188.476190476,32.0
13:40:20,3107.0,3092.50551287,4.82750759217,95.652173913,150.0,0,15.5375204125,-110.0,43.1411530815,178.476190476,-122.0
13:40:20,3107.0,3092.51356312,4.83343294118,95.652173913,454.0,0,15.5565913781,74.0,50.1510574018,260.285714286,-30.0
13:40:21,3106.0,3092.52105351,4.83850354857,95.4545454545,68.0,0,15.5779251403,-44.0,47.2266244057,216.666666667,-54.0
13:40:21,3107.0,3092.52909513,4.84440965042,95.652173913,74.0,0,15.5919203425,-16.0,45.5118110236,177.714285714,-72.0
13:40:22,3107.0,3092.53713229,4.85030544253,95.652173913,70.0,0,15.6108961781,-40.0,62.0123203285,137.238095238,-132.0
13:40:22,3106.0,3092.54460959,4.85539905672,95.4545454545,454.0,0,15.6323214962,242.0,40.6299212598,220.571428571,106.0
13:40:23,3106.0,3092.55208273,4.86048465011,95.4545454545,796.0,0,15.6486949456,144.0,25.1565762004,387.523809524,360.0
13:40:23,3106.0,3092.55955172,4.86551450561,95.4545454545,262.0,0,15.6648889427,218.0,9.62877030162,371.142857143,504.0
13:40:24,3105.0,3092.56646116,4.86980492422,91.3043478261,572.0,0,15.6837517688,360.0,6.55296229802,452.476190476,908.0
13:40:24,3105.0,3092.57336676,4.87408965068,91.3043478261,208.0,0,15.6975512099,-40.0,14.9872988992,405.80952381,884.0
13:40:25,3105.0,3092.58026853,4.87836869997,91.3043478261,192.0,0,15.7113323671,-84.0,18.4380032206,348.19047619,840.0
13:40:25,3105.0,3092.58716646,4.88264208703,91.3043478261,186.0,0,15.7250952883,-72.0,26.714801444,283.047619048,526.0
13:40:26,3106.0,3092.59461597,4.88768517378,95.4545454545,112.0,0,15.7362690721,-14.0,41.5143603133,209.523809524,368.0
13:40:26,3105.0,3092.60150593,4.89199267006,91.3043478261,414.0,0,15.7552098875,46.0,50.0,254.857142857,196.0
13:40:27,3105.0,3092.60839207,4.89624792571,91.3043478261,36.0,0,15.7689144145,14.0,75.6097560976,184.952380952,-150.0
13:40:27,3106.0,3092.61582979,4.90122369924,95.4545454545,322.0,0,15.7798573704,262.0,66.7194928685,222.285714286,152.0
13:40:28,3105.0,3092.62270797,4.90551270115,91.3043478261,18.0,0,15.7987526607,6.0,63.7867647059,167.333333333,242.0
13:40:28,3105.0,3092.62958234,4.90979569331,91.3043478261,78.0,0,15.8125465163,-24.0,53.0612244898,137.80952381,290.0
13:40:29,3106.0,3092.63700828,4.914796223,95.4545454545,72.0,0,15.8235551288,16.0,54.8936170213,111.714285714,320.0
13:40:29,3105.0,3092.64387471,4.9190213994,91.3043478261,472.0,0,15.8422589353,-42.0,75.3507014028,201.80952381,232.0
13:40:30,3105.0,3092.65073731,4.92324105332,91.3043478261,308.0,0,15.855848803,-250.0,78.1102362205,242.285714286,-32.0
13:40:30,3105.0,3092.65759611,4.92749980426,91.3043478261,502.0,0,15.869564587,-232.0,83.8620689655,325.238095238,-526.0
13:40:31,3106.0,3092.6650065,4.93242847057,95.4545454545,276.0,0,15.8803234725,74.0,86.8852459016,335.047619048,-458.0
13:40:31,3106.0,3092.67241277,4.93734996647,95.4545454545,48.0,0,15.8961685978,16.0,87.7234803337,267.428571429,-418.0
13:40:32,3107.0,3092.68037033,4.94303880613,95.652173913,396.0,0,15.9093621053,204.0,90.5094905095,300.666666667,-230.0
13:40:32,3106.0,3092.68776807,4.94798871098,95.4545454545,162.0,0,15.9304208338,-40.0,79.9054373522,251.619047619,-228.0
13:40:33,3107.0,3092.6957171,4.95366006817,95.652173913,484.0,0,15.9435470491,30.0,84.1541755889,309.333333333,52.0
13:40:33,3107.0,3092.70366172,4.95936543102,95.652173913,666.0,0,15.9619099808,-76.0,87.2047244094,410.666666667,208.0
13:40:34,3107.0,3092.71160192,4.96506119186,95.652173913,32.0,0,15.9802420079,2.0,83.7807606264,323.047619048,136.0
13:40:34,3107.0,3092.71953772,4.97074738369,95.652173913,254.0,0,15.9985432369,42.0,77.1313941825,310.476190476,162.0
13:40:35,3108.0,3092.72802451,4.97724773964,95.8333333333,20.0,0,16.0143106166,0.0,71.6934487021,221.238095238,-42.0
13:40:35,3107.0,3092.73595118,4.98291373806,95.652173913,372.0,0,16.0377011203,-42.0,64.0043763676,250.476190476,-44.0
13:40:36,3107.0,3092.74387345,4.98857026946,95.652173913,60.0,0,16.0559068859,8.0,51.9943019943,180.571428571,-66.0
13:40:36,3108.0,3092.75234672,4.99503746788,95.8333333333,56.0,0,16.0715491245,0.0,14.8614609572,129.714285714,10.0
13:40:37,3107.0,3092.76025989,5.00067402093,95.652173913,84.0,0,16.0948632795,0.0,22.2222222222,115.904761905,8.0
13:40:37,3107.0,3092.76816866,5.00630120695,95.652173913,84.0,0,16.1129745959,2.0,24.2603550296,99.619047619,-32.0
13:40:38,3107.0,3092.77607304,5.0119190575,95.652173913,148.0,0,16.1310558658,34.0,27.8606965174,109.714285714,2.0
13:40:38,3108.0,3092.78452842,5.01834302003,95.8333333333,232.0,0,16.1465348135,44.0,33.4337349398,137.714285714,88.0
13:40:39,3107.0,3092.79242371,5.02394116969,95.652173913,434.0,0,16.1697495001,2.0,18.6897880539,230.095238095,82.0
13:40:39,3106.0,3092.79975922,5.02877214691,95.4545454545,76.0,0,16.1905091658,-46.0,22.8733459357,202.380952381,36.0
13:40:40,3107.0,3092.80764605,5.03435290599,95.652173913,72.0,0,16.2032600772,0.0,22.5621414914,172.571428571,36.0
13:40:40,3107.0,3092.8155285,5.03992448472,95.652173913,178.0,0,16.2211924195,18.0,33.8596491228,173.619047619,52.0
13:40:41,3107.0,3092.82340658,5.04547098586,95.652173913,228.0,0,16.2390440485,-28.0,43.7704918033,184.476190476,-10.0
13:40:41,3107.0,3092.83128027,5.05102409858,95.652173913,74.0,0,16.2569169571,2.0,54.6139359699,147.523809524,-52.0
13:40:42,3107.0,3092.8391496,5.05655178676,95.652173913,166.0,0,16.2747080359,80.0,90.6801007557,144.380952381,26.0
13:40:42,3108.0,3092.84756996,5.06289305744,95.8333333333,286.0,0,16.2898747022,74.0,87.2509960159,188.285714286,146.0
13:40:43,3107.0,3092.85543023,5.06840095044,95.652173913,100.0,0,16.3128450288,-16.0,78.488372093,169.047619048,130.0
13:40:43,3107.0,3092.86328615,5.07389944279,95.652173913,42.0,0,16.3305421397,-2.0,71.4285714286,131.904761905,110.0
13:40:44,3107.0,3092.87113769,5.07931668876,95.652173913,26.0,0,16.3479777559,4.0,62.2478386167,96.6666666667,142.0
13:40:44,3107.0,3092.87898488,5.08479632105,95.652173913,142.0,0,16.3656141649,-84.0,61.9422572178,104.19047619,56.0
13:40:45,3107.0,3092.88682771,5.09019445134,95.652173913,1150.0,0,16.3829882567,536.0,81.7869415808,396.476190476,512.0
13:40:45,3109.0,3092.89577699,5.09732711821,96.0,1048.0,0,16.3953911811,24.0,70.8931419458,612.761904762,462.0
13:40:46,3108.0,3092.90416589,5.10357517359,95.8333333333,208.0,0,16.4207695418,-150.0,68.4250764526,552.761904762,328.0
13:40:46,3108.0,3092.91255014,5.10981172342,95.8333333333,260.0,0,16.4408356609,8.0,63.2321806634,502.476190476,338.0
13:40:47,3108.0,3092.92092973,5.11605530791,95.8333333333,1166.0,0,16.4609244141,232.0,57.7755410166,700.666666667,566.0
13:40:47,3107.0,3092.92874926,5.12147438955,95.652173913,134.0,0,16.4836639509,22.0,58.3963691377,549.714285714,672.0
13:40:48,3108.0,3092.93711985,5.12769700189,95.8333333333,222.0,0,16.498381602,-6.0,44.8321263989,424.285714286,130.0
13:40:48,3108.0,3092.9454858,5.13388958025,95.8333333333,114.0,0,16.5183062428,-4.0,42.2053231939,312.19047619,102.0
13:40:49,3107.0,3092.95329169,5.13927949717,95.652173913,142.0,0,16.5409703803,96.0,44.3572129539,252.571428571,348.0
13:40:49,3107.0,3092.96109325,5.14466039264,95.652173913,232.0,0,16.5582890011,-58.0,44.776119403,221.80952381,282.0
13:40:50,3107.0,3092.96889048,5.15003229494,95.652173913,76.0,0,16.575578677,-24.0,50.2173913043,147.80952381,26.0
13:40:50,3107.0,3092.97668337,5.15539523218,95.652173913,108.0,0,16.5928394985,38.0,47.6510067114,134.857142857,42.0
13:40:51,3107.0,3092.98447194,5.16074923232,95.652173913,10.0,64.5833333333,16.6100715556,6.0,42.5219941349,95.1428571429,54.0
13:40:51,3107.0,3092.99225618,5.16609432314,95.4545454545,52.0,0,16.6272749377,2.0,34.5161290323,77.5238095238,60.0
13:40:52,3107.0,3093.0000361,5.17145107033,95.4545454545,48.0,0,16.6445158363,18.0,39.5437262357,61.7142857143,-18.0
13:40:52,3107.0,3093.0078117,5.17677862767,95.4545454545,316.0,0,16.6616627862,210.0,77.3770491803,126.952380952,250.0
13:40:53,3107.0,3093.01558298,5.1820973577,95.4545454545,58.0,0,16.6787813251,34.0,71.9594594594,114.476190476,308.0
13:40:53,3107.0,3093.02334994,5.18740728758,95.4545454545,58.0,0,16.6958715403,14.0,66.0516605166,102.857142857,284.0
13:40:54,3107.0,3093.03111259,5.19270844431,95.4545454545,64.0,0,16.7129335189,12.0,64.4295302013,95.3333333333,290.0
13:40:54,3107.0,3093.03887093,5.19800085473,95.4545454545,538.0,0,16.7299673471,170.0,80.5914972273,220.666666667,458.0
13:40:55,3108.0,3093.04718036,5.20406351646,95.652173913,244.0,0,16.7440911083,218.0,66.1971830986,238.857142857,658.0
13:40:55,3106.0,3093.05437437,5.20853759599,91.3043478261,112.0,0,16.7692775145,40.0,46.9273743017,210.0,488.0
13:40:56,3107.0,3093.06211979,5.21372828735,95.4545454545,124.0,0,16.7805866989,-8.0,45.6140350877,194.285714286,446.0
13:40:56,3106.0,3093.06930551,5.21826280161,91.3043478261,76.0,0,16.8005885435,2.0,46.6321243523,161.714285714,434.0
13:40:57,3107.0,3093.07704263,5.22351248097,95.4545454545,50.0,0,16.8120775055,-26.0,48.4265734266,120.857142857,396.0
13:40:57,3106.0,3093.08422006,5.22803251682,91.3043478261,146.0,0,16.8320428745,8.0,20.2127659575,108.095238095,234.0
13:40:58,3107.0,3093.0919489,5.23318995292,95.4545454545,58.0,0,16.8432248243,22.0,31.4487632509,88.8571428571,38.0
13:40:58,3106.0,3093.09911805,5.23761926409,91.3043478261,30.0,0,16.8629081265,26.0,55.7851239669,70.4761904762,24.0
13:40:59,3106.0,3093.10628322,5.24204152078,91.3043478261,152.0,0,16.8771459136,108.0,62.890625,90.8571428571,140.0
13:40:59,3107.0,3093.1139998,5.24717436453,95.4545454545,26.0,0,16.8882341954,20.0,67.0995670996,73.9047619048,158.0
13:41:00,3106.0,3093.1211567,5.25165840209,91.3043478261,72.0,0,16.9081081844,-20.0,66.9421487603,72.4761904762,164.0
13:41:00,3107.0,3093.12886503,5.25685161374,95.4545454545,156.0,0,16.9193807974,-40.0,70.04048583,94.0,116.0
13:41:01,3106.0,3093.13601368,5.26132144951,91.3043478261,84.0,0,16.9392190905,48.0,73.8461538462,94.4761904762,142.0
13:41:01,3106.0,3093.14315835,5.26578461906,91.3043478261,56.0,0,16.9535885997,16.0,76.9230769231,85.7142857143,132.0
13:41:02,3106.0,3093.15029906,5.27024113933,91.3043478261,180.0,0,16.967936701,124.0,79.4425087108,111.142857143,148.0
13:41:02,3106.0,3093.1574358,5.2746136641,91.3043478261,164.0,0,16.9820143725,2.0,64.0449438202,130.666666667,130.0
13:41:03,3106.0,3093.16456857,5.27897927844,91.3043478261,196.0,0,16.9960697954,60.0,46.8899521531,152.761904762,210.0
13:41:03,3106.0,3093.17169739,5.28341567292,91.3043478261,252.0,0,17.0103531002,-8.0,29.6137339056,184.952380952,242.0
13:41:04,3106.0,3093.17882224,5.28784548531,91.3043478261,90.0,0,17.0246152135,14.0,24.3070362473,166.285714286,208.0
13:41:04,3105.0,3093.18538774,5.29161180345,87.5,88.0,0,17.0422280304,-8.0,27.2164948454,146.761904762,184.0
13:41:05,3105.0,3093.19194959,5.29529489934,87.5,52.0,0,17.054089853,-32.0,20.9026128266,115.428571429,28.0
13:41:05,3105.0,3093.1985078,5.29905081181,87.5,200.0,0,17.0661861894,48.0,37.8132118451,132.476190476,74.0
13:41:06,3107.0,3093.20617317,5.3040854275,95.4545454545,254.0,0,17.0714046588,-72.0,63.8888888889,163.238095238,-58.0
13:41:06,3106.0,3093.21327887,5.30850993223,91.3043478261,242.0,0,17.0911459505,-94.0,65.4427645788,187.80952381,-144.0
13:41:07,3106.0,3093.22038063,5.31290194558,91.3043478261,62.0,0,17.105286367,48.0,66.1469933185,161.428571429,-110.0
13:41:07,3106.0,3093.22747845,5.31728748697,91.3043478261,480.0,0,17.1194059465,314.0,39.5348837209,255.80952381,212.0
13:41:08,3106.0,3093.23457233,5.32166657242,91.3043478261,216.0,0,17.1335047406,102.0,39.3397524072,256.095238095,346.0
13:41:08,3106.0,3093.24166226,5.32603921784,91.3043478261,144.0,0,17.1475828005,86.0,28.8984263233,228.0,384.0
13:41:09,3106.0,3093.24874826,5.33040543909,91.3043478261,8.0,0,17.1616401774,0.0,11.9791666667,163.714285714,456.0
13:41:09,3106.0,3093.25583032,5.33476525193,91.3043478261,94.0,0,17.1756769219,66.0,20.3187250996,135.714285714,616.0
13:41:10,3105.0,3093.26235305,5.33839024582,87.5,98.0,0,17.1928832394,16.0,22.6923076923,115.904761905,584.0
13:41:10,3105.0,3093.26887215,5.34200994881,87.5,32.0,0,17.2045408979,-24.0,41.8918918919,75.5238095238,246.0
13:41:11,3105.0,3093.27538763,5.34562437166,87.5,12.0,0,17.2161815512,2.0,40.7216494845,50.7619047619,146.0
13:41:11,3106.0,3093.2824549,5.34996047493,91.3043478261,142.0,0,17.2245990822,-96.0,50.7772020725,72.8571428571,-36.0
13:41:12,3105.0,3093.28896284,5.35364393615,87.5,92.0,0,17.2420094562,0.0,52.7659574468,80.7619047619,-36.0
13:41:12,3105.0,3093.29546716,5.35732243071,87.5,72.0,0,17.2538564596,36.0,45.9821428571,78.9523809524,-66.0
13:41:13,3106.0,3093.30252328,5.3616410144,91.3043478261,74.0,0,17.2622054552,44.0,52.8301886792,78.7619047619,-38.0
13:41:13,3105.0,3093.30902007,5.36530897825,87.5,366.0,0,17.2795780298,56.0,31.6622691293,163.142857143,42.0
13:41:14,3105.0,3093.31551326,5.36889141832,87.5,784.0,0,17.291115679,550.0,49.1503267974,351.047619048,590.0
13:41:14,3105.0,3093.32200284,5.37254939111,87.5,170.0,0,17.3028965897,44.0,46.7265725289,326.761904762,730.0
13:41:15,3105.0,3093.32848881,5.37620244948,87.5,70.0,0,17.314661673,44.0,44.53125,272.571428571,774.0
13:41:15,3106.0,3093.33552658,5.38049242778,91.3043478261,36.0,0,17.3228989948,10.0,42.8,209.714285714,748.0
13:41:16,3105.0,3093.34200505,5.38405393067,87.5,274.0,0,17.3399482469,74.0,48.8235294118,216.571428571,778.0
13:41:16,3105.0,3093.34847991,5.38769155513,87.5,106.0,0,17.3516636236,-30.0,55.6944444444,165.904761905,692.0
13:41:17,3106.0,3093.35550658,5.39196417835,91.3043478261,208.0,0,17.3598331563,-114.0,34.0277777778,156.761904762,28.0
13:41:17,3105.0,3093.36197395,5.39559145032,87.5,70.0,0,17.3771061202,-6.0,37.4345549738,135.619047619,-22.0
13:41:18,3106.0,3093.36899313,5.39985242139,91.3043478261,242.0,0,17.3852299465,-24.0,44.0170940171,168.380952381,-90.0
13:41:18,3105.0,3093.375453,5.4034693859,87.5,188.0,0,17.4024778934,24.0,40.625,177.523809524,-76.0
13:41:19,3106.0,3093.38246469,5.4077187561,91.3043478261,86.0,0,17.4105562012,52.0,29.3333333333,150.285714286,-98.0
13:41:19,3105.0,3093.38891708,5.41132545777,87.5,52.0,0,17.4277792521,-28.0,31.2056737589,122.285714286,-96.0
13:41:20,3106.0,3093.3959213,5.41556327793,91.3043478261,28.0,0,17.4358122277,0.0,38.7387387387,90.0,18.0
13:41:20,3105.0,3093.40236622,5.41915976102,87.5,56.0,0,17.4530105025,32.0,38.0368098159,74.2857142857,56.0
13:41:21,3105.0,3093.40880756,5.42278269388,87.5,102.0,0,17.4646785632,-48.0,22.65625,72.380952381,32.0
13:41:21,3106.0,3093.41580072,5.42700380442,91.3043478261,632.0,0,17.472645861,250.0,71.7573221757,228.571428571,258.0
13:41:22,3105.0,3093.4222346,5.43058550716,87.5,284.0,0,17.4898083967,90.0,58.7521663778,264.19047619,296.0
13:41:22,3105.0,3093.42866491,5.43416244952,87.5,142.0,0,17.5013283398,14.0,54.3408360129,249.80952381,338.0
13:41:23,3105.0,3093.43509164,5.43773464089,87.5,36.0,0,17.5128329819,30.0,53.5143769968,200.857142857,368.0
13:41:23,3105.0,3093.44151481,5.44130209062,87.5,248.0,0,17.524322353,-86.0,59.8337950139,212.095238095,250.0
13:41:24,3106.0,3093.4484898,5.44549575309,91.3043478261,104.0,0,17.5321820769,-72.0,66.2517289073,173.047619048,226.0
13:41:24,3106.0,3093.45546093,5.44968341333,91.3043478261,152.0,0,17.5456645632,-58.0,47.4120082816,147.619047619,-82.0
13:41:25,3107.0,3093.46298358,5.45457809047,95.4545454545,60.0,0,17.5557711312,-20.0,56.064690027,118.761904762,-192.0
13:41:25,3106.0,3093.46994666,5.45875324226,91.3043478261,632.0,0,17.5748655578,264.0,82.6298701299,264.0,58.0
13:41:26,3107.0,3093.47746127,5.46360133119,95.4545454545,232.0,0,17.5848127814,-50.0,75.2100840336,271.619047619,-22.0
13:41:26,3106.0,3093.4844163,5.46779696281,91.3043478261,92.0,0,17.6039824946,-30.0,69.4968553459,229.904761905,34.0
13:41:27,3107.0,3093.49192287,5.47263111839,95.4545454545,138.0,0,17.6138755018,40.0,70.1378254211,208.761904762,146.0
13:41:27,3107.0,3093.49942528,5.47745783802,95.4545454545,68.0,0,17.6294104861,-4.0,66.9394435352,166.0,200.0
13:41:28,3106.0,3093.50636811,5.48163499535,91.3043478261,38.0,0,17.6485350784,-22.0,67.3333333333,118.666666667,198.0
13:41:28,3106.0,3093.51330709,5.48580659492,91.3043478261,60.0,0,17.6619658562,-26.0,34.3949044586,78.6666666667,-92.0
13:41:29,3107.0,3093.52079762,5.49061308952,95.4545454545,74.0,0,17.6717511732,-14.0,37.4468085106,69.9047619048,-56.0
13:41:29,3106.0,3093.52772858,5.49473864508,91.3043478261,12.0,0,17.6907232617,0.0,42.5641025641,50.9523809524,-26.0
13:41:30,3107.0,3093.5352111,5.49956552717,95.4545454545,294.0,0,17.700564941,260.0,58.6080586081,116.380952381,194.0
13:41:30,3106.0,3093.54213406,5.50367887625,91.3043478261,274.0,0,17.7195070066,70.0,41.7553191489,168.666666667,268.0
13:41:31,3106.0,3093.54905317,5.50778640754,91.3043478261,26.0,0,17.7327315117,18.0,43.5135135135,140.285714286,308.0
13:41:31,3106.0,3093.55596845,5.51188813407,91.3043478261,56.0,0,17.745937328,-24.0,47.8260869565,121.047619048,310.0
13:41:32,3106.0,3093.56287988,5.51598406877,91.3043478261,26.0,0,17.759124497,-8.0,50.2906976744,93.4285714286,316.0
13:41:32,3107.0,3093.57034287,5.52074353526,95.4545454545,162.0,0,17.7687271814,18.0,56.0859188544,106.952380952,334.0
13:41:33,3107.0,3093.57780172,5.52549576012,95.4545454545,376.0,0,17.7840224014,-170.0,60.652173913,174.476190476,-96.0
13:41:33,3107.0,3093.58525642,5.53024076201,95.4545454545,36.0,0,17.799294374,-4.0,83.8709677419,140.952380952,-170.0
13:41:34,3107.0,3093.59270699,5.53501424017,95.4545454545,70.0,0,17.8146579986,-36.0,78.2369146006,128.476190476,-224.0
13:41:34,3107.0,3093.60015342,5.53978087518,95.4545454545,48.0,0,17.8299995983,-2.0,74.3732590529,107.619047619,-202.0
13:41:35,3107.0,3093.60759571,5.5445406847,95.4545454545,48.0,0,17.8453192298,12.0,74.0540540541,87.1428571429,-182.0
13:41:35,3108.0,3093.61558927,5.54997213178,95.652173913,298.0,0,17.8570531911,240.0,76.0273972603,137.047619048,40.0
13:41:36,3108.0,3093.62357839,5.55543108194,95.652173913,76.0,0,17.8746173808,-4.0,54.1666666667,117.047619048,206.0
13:41:36,3108.0,3093.63156307,5.56084500973,95.652173913,18.0,0,17.8920367108,6.0,54.4802867383,94.7619047619,216.0
13:41:37,3107.0,3093.63898792,5.56553824641,95.4545454545,230.0,0,17.9129006965,170.0,69.9164345404,133.904761905,422.0
13:41:37,3107.0,3093.64640864,5.570224412,95.4545454545,76.0,0,17.9279833022,44.0,67.8284182305,121.428571429,468.0
13:41:38,3107.0,3093.65382524,5.57490352433,95.4545454545,24.0,0,17.9430432067,-14.0,69.2520775623,92.7619047619,442.0
13:41:38,3108.0,3093.66179313,5.58032232243,95.652173913,452.0,0,17.9547050271,302.0,77.6255707763,187.523809524,504.0
13:41:39,3108.0,3093.66975659,5.58573275557,95.652173913,44.0,0,17.9721131132,4.0,82.2274881517,158.380952381,512.0
13:41:39,3108.0,3093.67771562,5.59113484803,95.652173913,84.0,0,17.989494363,-38.0,82.8571428571,142.19047619,468.0
13:41:40,3108.0,3093.68567024,5.59652862397,95.652173913,36.0,0,18.0068488545,14.0,80.4469273743,109.142857143,312.0
13:41:40,3108.0,3093.69362043,5.60187616692,95.652173913,122.0,0,18.0240545911,-48.0,78.7401574803,109.904761905,220.0
13:41:41,3108.0,3093.70156622,5.60725321171,95.652173913,256.0,64.5833333333,18.04135525,42.0,62.7766599598,146.761904762,276.0
13:41:41,3107.0,3093.70895218,5.6119178738,95.652173913,70.0,0,18.062175326,40.0,40.8496732026,119.428571429,14.0
13:41:42,3107.0,3093.71633405,5.61657596915,95.652173913,58.0,0,18.0771675866,28.0,39.9361022364,106.857142857,38.0
13:41:42,3107.0,3093.72371181,5.62122751411,95.652173913,88.0,0,18.0921387644,14.0,35.873015873,102.19047619,90.0
13:41:43,3107.0,3093.73108548,5.62583375851,95.652173913,58.0,0,18.1069641407,24.0,38.036809816,88.7619047619,100.0
13:41:43,3108.0,3093.73901045,5.63117312844,100.0,62.0,0,18.1183176591,26.0,38.5135135135,75.4285714286,174.0
13:41:44,3107.0,3093.74637562,5.63580419185,95.652173913,64.0,0,18.1390543671,-4.0,52.0,65.5238095238,128.0
13:41:44,3107.0,3093.7537367,5.64042877168,95.652173913,320.0,0,18.1539387566,-36.0,24.6153846154,137.904761905,52.0
13:41:45,3108.0,3093.7616491,5.64574552344,100.0,18.0,0,18.1652043869,10.0,23.606557377,112.095238095,34.0
13:41:45,3108.0,3093.7695571,5.65101459671,100.0,222.0,0,18.1821576471,-134.0,15.8602150537,146.476190476,-114.0
13:41:46,3108.0,3093.7774607,5.65627526937,100.0,38.0,0,18.1990838783,8.0,13.5359116022,121.904761905,-130.0
13:41:46,3108.0,3093.78535992,5.66152756483,100.0,68.0,0,18.2159831558,28.0,11.7808219178,106.857142857,-128.0
13:41:47,3107.0,3093.79269935,5.66611646975,95.652173913,66.0,0,18.2366156091,18.0,11.7486338798,90.9523809524,-106.0
13:41:47,3106.0,3093.7994793,5.67005345414,91.6666666667,26.0,0,18.2551624409,-8.0,20.0913242009,63.5238095238,-78.0
13:41:48,3107.0,3093.80681088,5.67463032461,95.652173913,88.0,0,18.2640177812,48.0,43.7007874016,67.8095238095,-40.0
13:41:48,3108.0,3093.8146938,5.67989386937,100.0,16.0,0,18.2750767998,2.0,69.5364238411,48.1904761905,96.0
13:41:49,3107.0,3093.82201693,5.68441653629,95.652173913,12.0,0,18.295515083,0.0,68.115942029,37.2380952381,88.0
13:41:49,3107.0,3093.829336,5.68897349655,95.652173913,364.0,0,18.3101818363,14.0,68.1818181818,128.095238095,74.0
13:41:50,3107.0,3093.83665101,5.69352415328,95.652173913,34.0,0,18.3248283015,14.0,68.1481481481,110.571428571,70.0
13:41:50,3108.0,3093.84451735,5.69875097318,100.0,80.0,0,18.335749592,52.0,71.7171717172,107.714285714,130.0
13:41:51,3107.0,3093.85182392,5.70328121256,95.652173913,84.0,0,18.3562317752,64.0,53.8983050847,103.428571429,146.0
13:41:51,3108.0,3093.85968184,5.70850110594,100.0,66.0,0,18.3671206755,40.0,54.6875,94.1904761905,184.0
13:41:52,3107.0,3093.86697998,5.71302561944,95.652173913,6.0,0,18.3875945267,4.0,54.8895899054,65.4285714286,188.0
13:41:52,3107.0,3093.87427408,5.71754390743,95.652173913,54.0,0,18.4021368118,40.0,44.4444444444,50.6666666667,214.0
13:41:53,3108.0,3093.88211953,5.72273557568,100.0,20.0,0,18.4129201277,14.0,49.6774193548,40.9523809524,214.0
13:41:53,3107.0,3093.88940521,5.72723458331,95.652173913,72.0,0,18.433326628,30.0,45.6953642384,46.7619047619,192.0
13:41:54,3107.0,3093.89668686,5.73173394331,95.652173913,258.0,0,18.4478079926,-4.0,26.0504201681,106.095238095,124.0
13:41:54,3107.0,3093.90396445,5.73622117193,95.652173913,1086.0,0,18.462250312,760.0,72.8609625668,393.714285714,844.0
13:41:55,3108.0,3093.91179341,5.74139156332,100.0,248.0,0,18.4729458279,52.0,76.5247410817,393.333333333,892.0
13:41:55,3108.0,3093.91961802,5.74654871597,100.0,234.0,0,18.4895389832,230.0,69.4473409802,377.428571429,1082.0
13:41:56,3108.0,3093.92743828,5.75169861518,100.0,454.0,0,18.5061088005,30.0,56.1224489796,415.80952381,1098.0
13:41:56,3108.0,3093.9352542,5.75684128041,100.0,414.0,0,18.5226553424,388.0,47.141796585,422.095238095,1456.0
13:41:57,3108.0,3093.94306578,5.76198171928,100.0,60.0,0,18.539194721,48.0,51.7628205128,310.952380952,1508.0
13:41:57,3108.0,3093.95087301,5.76711456594,100.0,44.0,0,18.5557096716,44.0,22.833562586,204.666666667,792.0
13:41:58,3108.0,3093.95867592,5.77223526226,100.0,50.0,0,18.5721855285,40.0,10.6687898089,149.714285714,780.0
13:41:58,3108.0,3093.96647449,5.77735318953,100.0,68.0,0,18.588652476,-4.0,16.5137614679,109.333333333,546.0
13:41:59,3108.0,3093.97426872,5.78246358467,100.0,26.0,0,18.6050951888,16.0,27.7945619335,64.8571428571,532.0
13:41:59,3107.0,3093.98150323,5.78684648871,95.652173913,142.0,0,18.6251898575,-40.0,53.8461538462,73.9047619048,104.0
13:42:00,3107.0,3093.98873372,5.79126347517,95.652173913,118.0,0,18.6394060997,-40.0,37.0535714286,89.0476190476,16.0
13:42:00,3107.0,3093.9959602,5.79567846,95.652173913,34.0,0,18.6536158996,-16.0,35.1598173516,77.4285714286,-44.0
13:42:01,3107.0,3094.00318266,5.80008747672,95.652173913,200.0,0,18.6678064909,-24.0,51.3605442177,113.714285714,-108.0
13:42:01,3107.0,3094.01040111,5.80449053894,95.652173913,72.0,0,18.6819779174,-28.0,55.0675675676,106.285714286,-132.0
13:42:02,3106.0,3094.01706014,5.80826292534,91.6666666667,48.0,0,18.7001382014,-16.0,57.003257329,91.8095238095,-164.0
13:42:02,3107.0,3094.02427089,5.81265477691,95.652173913,16.0,0,18.708254834,0.0,70.0819672131,67.1428571429,-124.0
13:42:03,3106.0,3094.03092222,5.81641721183,91.6666666667,18.0,0,18.7263915384,-16.0,87.1134020619,49.0476190476,-100.0
13:42:03,3106.0,3094.03756986,5.82017497404,91.6666666667,58.0,0,18.7384899357,-16.0,87.8640776699,47.1428571429,-100.0
13:42:04,3106.0,3094.04421381,5.82392807257,91.6666666667,24.0,0,18.750573318,-4.0,78.813559322,34.380952381,-80.0
13:42:04,3107.0,3094.05140947,5.82829829658,95.652173913,28.0,0,18.7586041087,6.0,65.625,31.1428571429,-46.0
13:42:05,3106.0,3094.05804573,5.83204152363,91.6666666667,8.0,0,18.7766951823,0.0,67.1052631579,24.2857142857,-30.0
13:42:05,3106.0,3094.06467831,5.83578011516,91.6666666667,18.0,0,18.7887318582,10.0,62.3376623377,22.1904761905,-20.0
13:42:06,3106.0,3094.0713072,5.83951408007,91.6666666667,60.0,0,18.8007536384,-16.0,57.1428571429,32.0,-20.0
13:42:06,3106.0,3094.07793241,5.84324342724,91.6666666667,174.0,0,18.8127605513,-18.0,26.9230769231,72.380952381,-22.0
13:42:07,3106.0,3094.08455395,5.8469681655,91.6666666667,238.0,0,18.8247526256,98.0,12.927756654,125.523809524,80.0
13:42:07,3107.0,3094.0917272,5.85130659673,95.652173913,102.0,0,18.8326572151,10.0,16.6666666667,129.619047619,84.0
13:42:08,3106.0,3094.09834107,5.85502157986,91.6666666667,18.0,0,18.8506811972,-4.0,17.7049180328,106.19047619,80.0
13:42:08,3106.0,3094.10495127,5.85873198159,91.6666666667,244.0,0,18.8626271139,-72.0,12.9186602871,146.857142857,-2.0
13:42:09,3107.0,3094.11211319,5.86305433821,95.652173913,28.0,0,18.8704677767,-8.0,12.9353233831,115.047619048,6.0
13:42:09,3107.0,3094.11927114,5.86737053201,95.652173913,64.0,0,18.8843596138,6.0,16.1383285303,95.0476190476,30.0
13:42:10,3106.0,3094.12586971,5.87106629535,91.6666666667,116.0,0,18.9023383624,30.0,26.2237762238,95.1428571429,-38.0
13:42:10,3106.0,3094.13246462,5.8747574418,91.6666666667,132.0,0,18.9142222853,0.0,25.5813953488,105.619047619,-48.0
13:42:11,3106.0,3094.13905587,5.87844429507,91.6666666667,34.0,0,18.9260923859,22.0,26.213592233,86.6666666667,-22.0
13:42:11,3106.0,3094.14564345,5.88212687635,91.6666666667,40.0,0,18.9379487326,34.0,38.6473429952,68.6666666667,84.0
13:42:12,3106.0,3094.15222737,5.88580526577,91.6666666667,56.0,0,18.9497915833,28.0,38.0090497738,64.9523809524,120.0
13:42:12,3106.0,3094.15880764,5.88947890126,91.6666666667,288.0,0,18.9616191283,-36.0,19.8198198198,126.19047619,78.0
13:42:13,3106.0,3094.16538426,5.89314877371,91.6666666667,52.0,0,18.973434558,-30.0,15.6146179402,109.333333333,18.0
13:42:13,3106.0,3094.17195722,5.89681447797,91.6666666667,12.0,0,18.9852365679,-2.0,11.6182572614,84.0952380952,16.0
13:42:14,3106.0,3094.17852653,5.90047602181,91.6666666667,70.0,0,18.9970251829,42.0,11.583011583,81.1428571429,36.0
13:42:14,3106.0,3094.18509219,5.90413220409,91.6666666667,18.0,0,19.008796536,0.0,14.1129032258,61.619047619,2.0
13:42:15,3105.0,3094.1910988,5.90722104011,88.0,56.0,0,19.0248664738,14.0,18.5483870968,54.0,-12.0
13:42:15,3105.0,3094.19710208,5.91030790282,88.0,62.0,0,19.0348080606,20.0,47.4074074074,48.0952380952,44.0
13:42:16,3105.0,3094.20310202,5.9133915753,88.0,36.0,0,19.0447393729,6.0,52.7559055118,45.5238095238,80.0
13:42:16,3106.0,3094.20965403,5.91703362842,91.6666666667,70.0,0,19.0503336395,22.0,57.6923076923,53.4285714286,104.0
13:42:17,3106.0,3094.21620241,5.9206715645,91.6666666667,56.0,0,19.0620462476,36.0,61.744966443,54.5714285714,98.0
13:42:17,3106.0,3094.22274714,5.92430539112,91.6666666667,86.0,0,19.073745625,-52.0,47.5409836066,64.9523809524,46.0
13:42:18,3105.0,3094.22873284,5.9273750514,88.0,108.0,0,19.0897747227,-30.0,37.3205741627,78.380952381,2.0
13:42:18,3105.0,3094.23471522,5.93043913495,88.0,70.0,0,19.0996429467,4.0,38.0281690141,78.4761904762,-14.0
13:42:19,3105.0,3094.24069427,5.93349976358,88.0,94.0,0,19.1095000437,-24.0,32.6446280992,85.0476190476,-44.0
13:42:19,3105.0,3094.24667,5.93655694265,88.0,676.0,0,19.1193460311,38.0,11.1926605505,255.142857143,-28.0
13:42:20,3105.0,3094.25264242,5.93961067748,88.0,92.0,0,19.1291809259,32.0,12.0781527531,229.523809524,-32.0
13:42:20,3105.0,3094.25861151,5.94266097337,88.0,150.0,0,19.1390047452,-16.0,11.0924369748,218.761904762,4.0
13:42:21,3105.0,3094.2645773,5.94570783563,88.0,1066.0,0,19.1488175061,-588.0,51.582867784,466.666666667,-554.0
13:42:21,3105.0,3094.27053976,5.94875126952,88.0,178.0,0,19.1586192255,24.0,48.5815602837,415.238095238,-534.0
13:42:22,3105.0,3094.27649892,5.95179128032,88.0,58.0,0,19.1684099205,38.0,49.3693693694,324.380952381,-472.0
13:42:22,3105.0,3094.28245476,5.95482787325,88.0,60.0,0,19.1781896079,44.0,67.2069825436,235.80952381,-466.0
13:42:23,3105.0,3094.2884073,5.95786105354,88.0,182.0,0,19.1879583045,-34.0,61.7473435655,211.428571429,-532.0
13:42:23,3105.0,3094.29435654,5.96089082642,88.0,56.0,0,19.1977160271,-18.0,66.625,146.761904762,-534.0
13:42:24,3105.0,3094.30030246,5.96391719706,88.0,88.0,0,19.2074627924,-64.0,10.6109324759,95.7142857143,-10.0
13:42:24,3105.0,3094.30624509,5.96694017064,88.0,118.0,0,19.2171986172,0.0,6.7615658363,99.8095238095,-34.0
13:42:25,3105.0,3094.31218441,5.96995975233,88.0,64.0,0,19.226923518,24.0,6.33802816901,91.3333333333,-48.0
13:42:25,3105.0,3094.31812044,5.97292486177,88.0,842.0,0,19.2364729848,522.0,2.51851851852,304.857142857,430.0
13:42:26,3105.0,3094.32405317,5.9759375459,88.0,210.0,0,19.2461756712,-42.0,1.59651669086,300.571428571,422.0
13:42:26,3105.0,3094.3299826,5.97894685362,88.0,260.0,0,19.2558674835,38.0,13.5271807838,309.238095238,478.0
13:42:27,3105.0,3094.33590875,5.98195279003,88.0,92.0,0,19.2655484381,20.0,18.15889029,260.19047619,562.0
13:42:27,3104.0,3094.34127619,5.98444998865,84.6153846154,76.0,0,19.2798002212,6.0,19.0414507772,206.380952381,568.0
13:42:28,3105.0,3094.34719606,5.98744960545,88.0,128.0,0,19.2832515473,82.0,19.776119403,169.428571429,626.0
13:42:28,3104.0,3094.35255724,5.9899412534,84.6153846154,118.0,0,19.2974911514,38.0,39.8190045249,126.571428571,142.0
13:42:29,3104.0,3094.35791545,5.99243030728,84.6153846154,28.0,0,19.3055100106,4.0,51.282051282,92.4761904762,188.0
13:42:29,3104.0,3094.36327067,5.9948646748,84.6153846154,36.0,0,19.3133526894,2.0,33.8912133891,69.3333333333,152.0
13:42:30,3104.0,3094.36862292,5.99729620149,84.6153846154,24.0,0,19.3211862161,14.0,23.9024390244,53.4285714286,146.0
13:42:30,3105.0,3094.3745276,6.00028044612,88.0,84.0,0,19.3245747057,4.0,28.7081339713,57.9047619048,144.0
13:42:31,3104.0,3094.3798736,6.00270607701,84.6153846154,84.0,62.0,19.3386149388,24.0,34.7593582888,62.0,86.0
13:42:31,3105.0,3094.38577203,6.00568393326,81.8181818182,624.0,0,19.3419772408,208.0,77.2727272727,222.476190476,256.0
13:42:32,3105.0,3094.39166719,6.00860570477,81.8181818182,112.0,0,19.3513871329,42.0,69.9170124481,212.571428571,294.0
13:42:32,3105.0,3094.39755907,6.01157678803,81.8181818182,88.0,0,19.3609558391,54.0,64.7637795276,191.80952381,346.0
13:42:33,3105.0,3094.40344768,6.01449152741,81.8181818182,64.0,0,19.3703430835,36.0,65.1515151515,161.714285714,368.0
13:42:33,3105.0,3094.40933302,6.01740268787,81.8181818182,88.0,0,19.3797188015,-6.0,62.2641509434,136.571428571,358.0
13:42:34,3105.0,3094.41521509,6.0203102746,81.8181818182,96.0,0,19.38908301,18.0,59.328358209,113.523809524,352.0
13:42:34,3105.0,3094.42109389,6.02321429277,81.8181818182,166.0,0,19.3984357255,96.0,23.4527687296,109.904761905,240.0
13:42:35,3105.0,3094.42696943,6.02611474755,81.8181818182,468.0,0,19.4077769647,188.0,16.0824742268,214.380952381,386.0
13:42:35,3105.0,3094.43284171,6.02901164407,81.8181818182,30.0,0,19.4171067442,18.0,17.1052631579,176.761904762,350.0
13:42:36,3105.0,3094.43871072,6.03190498746,81.8181818182,62.0,0,19.4264250804,42.0,14.5054945055,151.047619048,356.0
13:42:36,3105.0,3094.44457647,6.03469472568,81.8181818182,60.0,0,19.4354097445,12.0,15.1927437642,124.857142857,374.0
13:42:37,3105.0,3094.45043897,6.03748066991,81.8181818182,72.0,0,19.4443821897,0.0,14.4522144522,103.428571429,356.0
13:42:37,3105.0,3094.45629821,6.04026282541,81.8181818182,20.0,0,19.4533424329,16.0,4.77528089888,68.2857142857,276.0
13:42:38,3105.0,3094.46215419,6.04314165265,81.8181818182,92.0,0,19.4626140182,10.0,12.5,60.6666666667,98.0
13:42:38,3105.0,3094.46800693,6.04591637894,81.8181818182,92.0,0,19.4715503347,-2.0,30.6532663317,70.9523809524,78.0
13:42:39,3105.0,3094.47385641,6.04868733209,81.8181818182,8.0,0,19.4804744995,6.0,33.1395348837,54.2857142857,42.0
13:42:39,3104.0,3094.47914724,6.05095860174,80.9523809524,412.0,0,19.4940676603,294.0,70.1149425287,155.619047619,324.0
13:42:40,3105.0,3094.48499054,6.05372242896,81.8181818182,14.0,0,19.4966905925,10.0,77.8996865204,126.476190476,334.0
13:42:40,3105.0,3094.49083059,6.05648249786,81.8181818182,14.0,0,19.5055797033,14.0,78.6392405063,100.095238095,332.0
13:42:41,3105.0,3094.49666739,6.05923881358,81.8181818182,14.0,0,19.5144567265,2.0,86.1010830325,74.0,324.0
13:42:41,3105.0,3094.50250096,6.06199138124,81.8181818182,166.0,0,19.5233216787,70.0,79.4585987261,95.0476190476,396.0
13:42:42,3105.0,3094.50833128,6.06484170124,81.8181818182,172.0,0,19.5325014533,106.0,61.4898989899,114.285714286,496.0
13:42:42,3105.0,3094.51415837,6.06758692018,81.8181818182,160.0,0,19.5413427381,-56.0,50.1851851852,122.285714286,146.0
13:42:43,3106.0,3094.52053762,6.07086726267,82.6086956522,70.0,0,19.5456125649,-16.0,44.6308724832,116.571428571,120.0
13:42:43,3105.0,3094.52635792,6.07360460019,81.8181818182,36.0,0,19.5607233501,-18.0,43.0420711974,98.4761904762,88.0
13:42:44,3105.0,3094.532175,6.07633821566,81.8181818182,34.0,0,19.5695272646,-12.0,42.9467084639,78.7619047619,74.0
13:42:44,3105.0,3094.53798884,6.07917025867,81.8181818182,44.0,0,19.5786481761,-16.0,33.7209302326,60.9523809524,-12.0
13:42:45,3105.0,3094.54379946,6.08199883891,81.8181818182,54.0,0,19.5877579353,26.0,44.7236180904,51.8095238095,-92.0
13:42:45,3105.0,3094.54960684,6.08482396121,81.8181818182,186.0,0,19.5968565578,128.0,43.8679245283,86.0,92.0
13:42:46,3105.0,3094.55541101,6.08764563037,81.8181818182,226.0,0,19.6059440592,104.0,63.4482758621,130.380952381,212.0
13:42:46,3105.0,3094.56121194,6.09046385121,81.8181818182,66.0,0,19.6150204548,12.0,60.6557377049,121.619047619,242.0
13:42:47,3106.0,3094.56756506,6.09387123811,82.6086956522,112.0,0,19.6196755895,10.0,63.9534883721,124.571428571,264.0
13:42:47,3105.0,3094.57335925,6.09668230335,81.8181818182,20.0,0,19.6350476759,2.0,67.1686746988,97.5238095238,282.0
13:42:48,3105.0,3094.57915022,6.09938697967,81.8181818182,424.0,0,19.6437583886,196.0,47.582205029,187.047619048,452.0
13:42:48,3105.0,3094.58493797,6.10208797877,81.8181818182,114.0,0,19.6524572585,-26.0,33.6798336798,170.380952381,298.0
13:42:49,3105.0,3094.59072251,6.10488852387,81.8181818182,176.0,0,19.6614767274,12.0,22.3684210526,174.857142857,206.0
13:42:49,3105.0,3094.59650384,6.1075823145,81.8181818182,190.0,0,19.6701523816,-80.0,20.2702702703,185.714285714,114.0
13:42:50,3106.0,3094.60283735,6.11080539008,82.6086956522,140.0,0,19.6741963621,-26.0,21.992481203,176.380952381,78.0
13:42:50,3105.0,3094.60861195,6.1134914493,81.8181818182,120.0,0,19.6891834116,88.0,20.4467353952,160.0,164.0
13:42:51,3105.0,3094.61438334,6.11617385617,81.8181818182,34.0,0,19.6978224031,-4.0,25.0645994832,114.285714286,-36.0
13:42:51,3105.0,3094.62015153,6.1188526155,81.8181818182,22.0,0,19.7064496474,8.0,29.6187683284,83.7142857143,-2.0
13:42:52,3105.0,3094.62591651,6.12152773209,81.8181818182,22.0,0,19.7150651597,2.0,27.6515151515,57.5238095238,-12.0
13:42:52,3105.0,3094.63167829,6.12419921069,81.8181818182,84.0,0,19.7236689555,-34.0,32.7014218009,56.380952381,34.0
13:42:53,3105.0,3094.63743686,6.1269713129,81.8181818182,30.0,0,19.7325968209,6.0,12.1794871795,44.8571428571,66.0
13:42:53,3106.0,3094.64374765,6.13016569142,82.6086956522,80.0,0,19.7365283047,38.0,32.3529411765,52.8571428571,16.0
13:42:54,3105.0,3094.64949952,6.13293051717,81.8181818182,218.0,0,19.7517891052,84.0,20.6140350877,102.19047619,104.0
13:42:54,3106.0,3094.6558036,6.1362211398,82.6086956522,148.0,0,19.756024275,88.0,32.64604811,122.761904762,184.0
13:42:55,3106.0,3094.66210419,6.13950753544,82.6086956522,116.0,0,19.7666050723,96.0,42.0118343195,128.19047619,278.0
13:42:55,3105.0,3094.66784587,6.14215659637,81.8181818182,34.0,0,19.7815027258,-4.0,45.0479233227,105.714285714,308.0
13:42:56,3106.0,3094.67413976,6.14543489606,82.6086956522,36.0,0,19.7856886544,-6.0,44.9367088608,86.1904761905,296.0
13:42:56,3105.0,3094.67987476,6.14807648329,81.8181818182,504.0,0,19.8005683842,-164.0,20.8333333333,200.095238095,94.0
13:42:57,3105.0,3094.68560657,6.15071447722,81.8181818182,136.0,0,19.8090643389,62.0,42.9158110883,188.666666667,72.0
13:42:57,3105.0,3094.69133519,6.15334888245,81.8181818182,12.0,0,19.8175487357,4.0,38.6634844869,145.714285714,-12.0
13:42:58,3104.0,3094.69650524,6.15560409126,80.9523809524,140.0,0,19.8311987476,-78.0,40.6032482599,145.80952381,-186.0
13:42:58,3105.0,3094.70222781,6.158231844,81.8181818182,66.0,0,19.8332748599,-2.0,46.0850111857,123.619047619,-184.0
13:42:59,3105.0,3094.70794721,6.16085602117,81.8181818182,28.0,0,19.8417263162,-2.0,48.9841986456,89.0476190476,-180.0
13:42:59,3105.0,3094.71366343,6.16358250578,81.8181818182,88.0,0,19.850507265,-4.0,107.234042553,72.0,-20.0
13:43:00,3105.0,3094.71937647,6.16619967576,81.8181818182,6.0,0,19.8589361538,-2.0,89.4117647059,51.3333333333,-84.0
13:43:00,3105.0,3094.72508634,6.16891940835,81.8181818182,98.0,0,19.867695357,-16.0,90.6103286385,63.1428571429,-104.0
13:43:01,3105.0,3094.73079304,6.17163582948,81.8181818182,24.0,0,19.8764438953,16.0,87.7419354839,49.7142857143,-10.0
13:43:01,3104.0,3094.73594117,6.17376405885,80.9523809524,104.0,0,19.8897037978,40.0,70.1149425287,64.6666666667,32.0
13:43:02,3105.0,3094.74164184,6.17636764482,81.8181818182,24.0,0,19.8916832361,12.0,68.6046511628,54.9523809524,46.0
13:43:02,3105.0,3094.74733935,6.17896768616,81.8181818182,62.0,0,19.9000569603,54.0,71.0691823899,56.2857142857,104.0
13:43:03,3105.0,3094.75303369,6.18156418736,81.8181818182,428.0,0,19.908419283,-192.0,87.2972972973,163.428571429,-86.0
13:43:03,3105.0,3094.75872487,6.18415715287,81.8181818182,180.0,0,19.9167702186,10.0,86.3746958637,179.619047619,-60.0
13:43:04,3105.0,3094.76441289,6.18674658713,81.8181818182,30.0,0,19.9251097814,-10.0,84.0579710145,149.047619048,-86.0
13:43:04,3105.0,3094.77009774,6.18933249457,81.8181818182,302.0,0,19.9334379857,228.0,92.9824561403,195.904761905,102.0
13:43:05,3106.0,3094.77633485,6.19243564214,82.6086956522,232.0,0,19.9370110822,178.0,94.3273905997,213.333333333,268.0
13:43:05,3106.0,3094.78256848,6.19564183121,82.6086956522,338.0,0,19.9473336484,46.0,92.4503311258,251.142857143,260.0
13:43:06,3105.0,3094.78824326,6.19821653336,81.8181818182,120.0,0,19.9620500269,72.0,82.3627287854,213.523809524,524.0
13:43:06,3106.0,3094.79447028,6.20141485624,82.6086956522,60.0,0,19.9659203356,2.0,80.7763401109,173.428571429,516.0
13:43:07,3105.0,3094.80013845,6.20398228714,81.8181818182,770.0,0,19.9806192823,28.0,48.627881449,341.904761905,554.0
13:43:07,3105.0,3094.80580346,6.20665411046,81.8181818182,162.0,0,19.9892241883,118.0,36.8608799049,301.428571429,444.0
13:43:08,3105.0,3094.81146533,6.20932268403,81.8181818182,36.0,0,19.9978186281,-10.0,26.9179004038,231.619047619,256.0
13:43:08,3105.0,3094.81712406,6.21205140343,81.8181818182,124.0,0,20.0066067743,0.0,8.96226415094,196.285714286,210.0
13:43:09,3105.0,3094.82277964,6.2147136243,81.8181818182,438.0,0,20.0151807546,-168.0,30.3144654088,260.857142857,-30.0
13:43:09,3105.0,3094.82843208,6.21737260787,81.8181818182,52.0,0,20.0237443088,-2.0,27.8128950695,200.0,-34.0
13:43:10,3105.0,3094.83408138,6.22002835828,81.8181818182,246.0,0,20.0322974502,-100.0,56.1436672968,194.952380952,-162.0
13:43:10,3105.0,3094.83972755,6.22274479452,81.8181818182,86.0,0,20.0410460371,30.0,58.2484725051,169.142857143,-250.0
13:43:11,3105.0,3094.84537058,6.22539422496,81.8181818182,40.0,0,20.0495788243,-4.0,60.8519269777,133.80952381,-244.0
13:43:11,3105.0,3094.85101047,6.22810460412,81.8181818182,10.0,0,20.0583079038,8.0,68.3486238532,89.7142857143,-236.0
13:43:12,3106.0,3094.85720263,6.23132726682,82.6086956522,332.0,0,20.0622255854,-24.0,31.5926892951,143.047619048,-92.0
13:43:12,3105.0,3094.86283596,6.23396693527,81.8181818182,84.0,0,20.0771881973,70.0,31.328320802,130.571428571,-20.0
13:43:13,3105.0,3094.86846615,6.23660339557,81.8181818182,58.0,0,20.0856792128,-4.0,13.4426229508,109.142857143,76.0
13:43:13,3105.0,3094.87409322,6.23930133692,81.8181818182,22.0,0,20.0943682348,-2.0,17.9487179487,86.380952381,44.0
13:43:14,3105.0,3094.87971716,6.24193152655,81.8181818182,332.0,0,20.1028390549,-296.0,47.4940334129,155.238095238,-248.0
13:43:14,3105.0,3094.88533798,6.24455852011,81.8181818182,16.0,0,20.1112995817,-4.0,48.1042654029,119.904761905,-260.0
13:43:15,3105.0,3094.89095567,6.24718232165,81.8181818182,50.0,0,20.1197498282,-18.0,70.8185053381,94.0,-254.0
13:43:15,3105.0,3094.89657025,6.24980293516,81.8181818182,12.0,0,20.1281898073,-8.0,80.0,70.6666666667,-332.0
13:43:16,3106.0,3094.90273711,6.25293254658,82.6086956522,6.0,0,20.1317854043,-4.0,89.9543378995,49.0476190476,-332.0
13:43:16,3105.0,3094.90834514,6.25554642169,81.8181818182,14.0,0,20.1466873484,-6.0,89.3023255814,32.1904761905,-336.0
13:43:17,3105.0,3094.91395006,6.25822273291,81.8181818182,40.0,0,20.1553067082,-34.0,37.6811594203,23.1428571429,-74.0
13:43:17,3105.0,3094.91955186,6.26089612541,81.8181818182,6.0,0,20.163916668,0.0,34.375,18.2857142857,-70.0
13:43:18,3105.0,3094.92515056,6.26356660294,81.8181818182,120.0,0,20.1725172398,-4.0,9.09090909091,46.4761904762,-56.0
13:43:18,3106.0,3094.93130154,6.26676609826,82.6086956522,44.0,0,20.1763235617,-20.0,18.2608695652,49.619047619,-68.0
13:43:19,3105.0,3094.93689371,6.26945229655,81.8181818182,20.0,0,20.1914727747,-12.0,19.6721311475,44.380952381,-76.0
13:43:19,3106.0,3094.94303817,6.27262349248,82.6086956522,14.0,0,20.1951818818,-10.0,16.3934426229,36.7619047619,-80.0
13:43:20,3105.0,3094.94862382,6.27530393735,81.8181818182,18.0,0,20.2103186388,-6.0,19.8198198198,30.2857142857,-52.0
13:43:20,3105.0,3094.95420637,6.27795958439,81.8181818182,40.0,0,20.2188714473,-10.0,26.5625,31.1428571429,-62.0
13:43:21,3105.0,3094.95978582,6.28063464371,81.8181818182,36.0,66.6666666667,20.2274867752,-14.0,48.8372093023,29.2380952381,-72.0
13:43:21,3106.0,3094.96591757,6.28381513405,80.9523809524,10.0,0,20.2312142114,-2.0,46.3768115942,23.9047619048,-54.0
13:43:22,3106.0,3094.97204591,6.28699224811,80.9523809524,38.0,0,20.2414431684,-30.0,47.4358974359,28.1904761905,-72.0
13:43:22,3105.0,3094.97761545,6.28963726775,80.0,38.0,0,20.2564807335,0.0,57.7777777778,31.619047619,-62.0
13:43:23,3106.0,3094.98373729,6.29278687599,80.9523809524,32.0,0,20.2600994076,-10.0,50.5154639175,32.1904761905,-66.0
13:43:23,3105.0,3094.98930034,6.29542688714,80.0,26.0,0,20.2751268507,-4.0,42.2222222222,30.380952381,-60.0
13:43:24,3106.0,3094.9954157,6.29857077042,80.9523809524,12.0,0,20.2787210896,0.0,46.1538461538,25.2380952381,-46.0
13:43:24,3105.0,3095.00097225,6.30120578677,80.0,18.0,0,20.2937384437,-10.0,45.1219512195,22.9523809524,-54.0
13:43:25,3105.0,3095.00652573,6.30383847766,80.0,14.0,0,20.3022173194,-6.0,42.8571428571,19.1428571429,-30.0
13:43:25,3106.0,3095.01263152,6.30697399611,80.9523809524,40.0,0,20.3057759051,22.0,46.4788732394,23.9047619048,-8.0
13:43:26,3105.0,3095.01817851,6.30960171211,80.0,26.0,0,20.3207784609,6.0,51.4705882353,24.5714285714,8.0
13:43:26,3105.0,3095.02372243,6.31222711181,80.0,24.0,0,20.3292338545,-2.0,58.2089552239,24.9523809524,10.0
13:43:27,3106.0,3095.02981867,6.31535429907,80.9523809524,24.0,0,20.3327569191,-2.0,49.3150684931,25.4285714286,8.0
13:43:27,3106.0,3095.03591152,6.31849855558,80.9523809524,30.0,0,20.3428800888,2.0,44.3037974683,27.0476190476,20.0
13:43:28,3105.0,3095.04144559,6.32111623186,80.0,6.0,0,20.3578622604,0.0,45.3333333333,21.2380952381,26.0
13:43:28,3106.0,3095.04753198,6.32423459479,80.9523809524,26.0,0,20.3613476973,-4.0,30.8823529412,21.5238095238,0.0
13:43:29,3105.0,3095.0530596,6.32684733673,80.0,116.0,0,20.376319925,102.0,18.5840707965,48.1904761905,96.0
13:43:29,3105.0,3095.05858414,6.32945778108,80.0,38.0,0,20.3847271532,28.0,23.3333333333,48.2857142857,126.0
13:43:30,3105.0,3095.06410562,6.33208534853,80.0,106.0,0,20.3931895283,-2.0,15.5279503106,67.1428571429,126.0
13:43:30,3106.0,3095.07017943,6.33521194726,80.9523809524,34.0,0,20.3966901071,-4.0,22.6993865031,61.5238095238,120.0
13:43:31,3106.0,3095.07624986,6.33831614415,80.9523809524,12.0,0,20.4066843018,6.0,23.4939759036,49.4285714286,126.0
13:43:31,3105.0,3095.08176153,6.34091651279,80.0,42.0,0,20.4216312811,-18.0,19.5402298851,45.619047619,112.0
13:43:32,3105.0,3095.08727013,6.34351459911,80.0,14.0,0,20.4299987089,2.0,25.2032520325,33.0476190476,12.0
13:43:32,3106.0,3095.09333107,6.3466105893,80.9523809524,8.0,0,20.4333888902,2.0,19.4444444445,23.619047619,-14.0
13:43:33,3106.0,3095.09938865,6.34972216146,80.9523809524,6.0,0,20.4434068302,6.0,41.3793103448,15.0476190476,-6.0
13:43:33,3105.0,3095.10488746,6.35231263783,80.0,20.0,0,20.4583337772,16.0,17.6470588235,15.2380952381,14.0
13:43:34,3106.0,3095.11093862,6.35541821311,80.9523809524,28.0,0,20.4617456958,-16.0,11.8644067797,18.380952381,-8.0
13:43:34,3105.0,3095.11643102,6.35802183597,80.0,12.0,0,20.4767208888,8.0,25.0,16.1904761905,18.0
13:43:35,3105.0,3095.12192037,6.36062292523,80.0,62.0,0,20.4850979878,-46.0,26.4705882353,29.7142857143,-30.0
13:43:35,3105.0,3095.12740666,6.36320362841,80.0,42.0,0,20.4934094313,18.0,18.8235294118,35.2380952381,-14.0
13:43:36,3106.0,3095.13344532,6.36627977785,80.9523809524,38.0,0,20.4967153183,4.0,25.7425742574,38.0,-16.0
13:43:36,3106.0,3095.13948061,6.36935297579,80.9523809524,12.0,0,20.5066097096,4.0,30.9278350515,31.8095238095,-28.0
13:43:37,3106.0,3095.14551256,6.37242322651,80.9523809524,130.0,0,20.5164946121,-30.0,42.5675675676,59.7142857143,-42.0
13:43:37,3105.0,3095.15098576,6.37501125029,80.0,38.0,0,20.531437199,28.0,36.6459627329,56.4761904762,-22.0
13:43:38,3106.0,3095.15701131,6.3780758496,80.9523809524,42.0,0,20.5346936561,0.0,38.4105960265,53.1428571429,24.0
13:43:38,3105.0,3095.16247812,6.38064163343,80.0,28.0,0,20.5495704781,2.0,49.3055555556,46.7619047619,8.0
13:43:39,3105.0,3095.16794189,6.38322207015,80.0,48.0,0,20.5578810633,0.0,39.5973154363,46.7619047619,4.0
13:43:39,3105.0,3095.17340263,6.38580000209,80.0,30.0,0,20.5661835816,4.0,36.0759493671,41.1428571429,4.0
13:43:40,3105.0,3095.17886034,6.38835881859,80.0,10.0,0,20.5744245365,0.0,25.5102040816,28.9523809524,34.0
13:43:40,3106.0,3095.18487041,6.39140997963,80.9523809524,16.0,0,20.5776238881,4.0,29.8850574713,24.1904761905,10.0
13:43:41,3105.0,3095.19032175,6.39396401685,80.0,46.0,0,20.5924767048,36.0,25.8426966292,29.0476190476,46.0
13:43:41,3106.0,3095.19632545,6.39700971809,80.9523809524,42.0,0,20.5956526661,10.0,16.6666666667,32.5714285714,54.0
13:43:42,3106.0,3095.20232583,6.40005251112,80.9523809524,36.0,0,20.6054491665,2.0,23.3333333333,33.7142857143,56.0
13:43:42,3105.0,3095.20776747,6.40259924432,80.0,22.0,0,20.6202874213,-2.0,23.2558139535,31.4285714286,50.0
13:43:43,3105.0,3095.21320609,6.40514376025,80.0,10.0,0,20.6284823197,-2.0,23.2558139535,26.0952380952,48.0
13:43:43,3105.0,3095.21864169,6.40770174608,80.0,24.0,0,20.6367205993,6.0,25.5555555556,24.7619047619,50.0
13:43:44,3105.0,3095.22407427,6.41024170882,80.0,18.0,0,20.6449008335,6.0,30.2631578947,21.3333333333,20.0
13:43:44,3106.0,3095.23005923,6.41327134196,80.9523809524,26.0,0,20.648008184,-20.0,42.6470588235,21.5238095238,-10.0
13:43:45,3105.0,3095.23548547,6.41580657415,80.0,60.0,0,20.6628231052,6.0,42.5,32.1904761905,-6.0
13:43:45,3106.0,3095.24146409,6.41883080388,80.9523809524,40.0,0,20.6659072887,28.0,42.6966292135,36.0,24.0
13:43:46,3105.0,3095.24688399,6.42136131773,80.0,38.0,0,20.6807127785,8.0,48.5436893204,38.380952381,34.0
13:43:46,3106.0,3095.25285629,6.42438015817,80.9523809524,98.0,0,20.6837738512,44.0,64.2857142857,56.5714285714,72.0
13:43:47,3106.0,3095.25882527,6.42741086416,80.9523809524,32.0,0,20.6935314364,10.0,63.2653061225,52.380952381,76.0
13:43:47,3106.0,3095.26479093,6.43043841386,80.9523809524,26.0,0,20.7032788598,14.0,57.8231292517,45.8095238095,110.0
13:43:48,3105.0,3095.27019788,6.43297341154,80.0,102.0,0,20.7181108262,8.0,44.0476190476,60.9523809524,112.0
13:43:48,3105.0,3095.27560182,6.43549165004,80.0,50.0,0,20.7262210951,22.0,44.5086705202,59.2380952381,106.0
13:43:49,3105.0,3095.28100276,6.43800770502,80.0,10.0,0,20.7343243318,0.0,39.6226415094,45.619047619,98.0
13:43:49,3105.0,3095.28640071,6.44053563809,80.0,20.0,0,20.7424658232,4.0,16.6666666667,36.1904761905,58.0
13:43:50,3105.0,3095.29179565,6.44304720844,80.0,0.0,0,20.7505546166,0.0,0,24.7619047619,48.0
13:43:50,3105.0,3095.2971876,6.44555660303,80.0,10.0,0,20.7586364027,-4.0,10.4166666667,17.7142857143,30.0
13:43:51,3105.0,3095.30257656,6.44807749605,80.0,34.0,0,20.7667552208,-16.0,16.1290322581,18.2857142857,6.0
13:43:51,3105.0,3095.30796252,6.45058242179,80.0,4.0,0,20.7748226144,2.0,7.6923076923,13.5238095238,-14.0
13:43:52,3105.0,3095.31334549,6.45308517946,80.0,48.0,0,20.7828830256,6.0,8.62068965516,23.5238095238,-8.0
13:43:52,3105.0,3095.31872547,6.4555990568,80.0,6.0,0,20.7909792489,-2.0,9.80392156861,19.7142857143,-14.0
13:43:53,3105.0,3095.32410246,6.45809736128,80.0,6.0,0,20.7990253181,0.0,11.1111111111,16.5714285714,-14.0
13:43:53,3105.0,3095.32947647,6.46060652945,80.0,18.0,0,20.807106375,6.0,10.3448275862,16.5714285714,-4.0
13:43:54,3105.0,3095.33484749,6.46311327892,80.0,48.0,0,20.8151796423,12.0,20.0,24.7619047619,24.0
13:43:54,3105.0,3095.34021552,6.46560486104,80.0,18.0,0,20.8232040613,18.0,25.0,23.7142857143,40.0
13:43:55,3105.0,3095.34558058,6.46809429044,80.0,42.0,0,20.8312215473,0.0,23.1884057971,28.8571428571,34.0
13:43:55,3105.0,3095.35094266,6.47058156959,80.0,4.0,0,20.8392321082,2.0,22.0588235294,23.4285714286,38.0
13:43:56,3105.0,3095.35630176,6.47306670099,80.0,70.0,0,20.847235752,58.0,35.0,36.9523809524,96.0
13:43:56,3106.0,3095.36221328,6.4760460271,80.9523809524,4.0,0,20.8501159919,2.0,39.7849462366,28.5714285714,92.0
13:43:57,3105.0,3095.36756612,6.47853854881,80.0,32.0,0,20.8648584503,20.0,40.0,28.8571428571,100.0
13:43:57,3105.0,3095.37291599,6.48101670027,80.0,8.0,0,20.8728396144,2.0,37.5,23.0476190476,84.0
13:43:58,3106.0,3095.37881828,6.48397582625,80.9523809524,18.0,0,20.8756465752,4.0,55.8823529412,20.5714285714,88.0
13:43:58,3106.0,3095.3847173,6.48693216312,80.9523809524,102.0,0,20.8851647235,-44.0,75.2136752137,43.2380952381,42.0
13:43:59,3105.0,3095.39005764,6.48940330438,80.0,52.0,0,20.8998496115,2.0,66.6666666667,46.9523809524,-14.0
13:43:59,3105.0,3095.39539501,6.49187231643,80.0,158.0,0,20.9078013412,116.0,57.8378378378,81.8095238095,100.0
13:44:00,3105.0,3095.40072942,6.49433920169,80.0,174.0,0,20.9157462212,128.0,68.359375,113.904761905,208.0
13:44:00,3106.0,3095.40661627,6.49729666006,80.9523809524,238.0,0,20.9185339989,48.0,74.3935309973,157.523809524,254.0
13:44:01,3105.0,3095.41194445,6.49975887492,80.0,908.0,0,20.9332008854,404.0,83.9460784314,381.619047619,654.0
13:44:01,3106.0,3095.41782507,6.50269981324,80.9523809524,316.0,0,20.9359298559,264.0,88.1906825569,394.19047619,962.0
13:44:02,3107.0,3095.42425782,6.50616112918,81.8181818182,42.0,0,20.9403319253,30.0,90.3050108932,318.285714286,990.0
13:44:02,3107.0,3095.43068701,6.50961889779,81.8181818182,72.0,0,20.9514608876,18.0,93.7142857143,251.428571429,892.0
13:44:03,3107.0,3095.43711262,6.51307312471,81.8181818182,82.0,0,20.9625784509,58.0,91.435464415,191.523809524,822.0
13:44:03,3106.0,3095.44297926,6.51600193162,80.9523809524,18.0,0,20.9787570239,6.0,91.6550764951,117.714285714,780.0
13:44:04,3106.0,3095.44884264,6.51892799048,80.9523809524,160.0,0,20.9881776899,-14.0,70.1449275362,94.9523809524,362.0
13:44:04,3106.0,3095.45470277,6.52179862693,80.9523809524,8.0,0,20.9974199193,6.0,33.5078534031,64.380952381,104.0
13:44:05,3106.0,3095.46055964,6.5246668178,80.9523809524,56.0,0,21.006654275,48.0,22.2222222222,62.1904761905,122.0
13:44:05,3106.0,3095.46641326,6.52758496169,80.9523809524,12.0,0,21.0160494581,8.0,10.7142857143,46.7619047619,112.0
13:44:06,3106.0,3095.47226363,6.53050037195,80.9523809524,42.0,0,21.0254358401,0.0,5.4054054054,42.7619047619,54.0
13:44:06,3106.0,3095.47811074,6.53336096342,80.9523809524,14.0,0,21.034645729,4.0,3.42465753425,32.6666666667,52.0
13:44:07,3107.0,3095.48451002,6.53673853059,81.8181818182,12.0,0,21.0387464776,4.0,11.1111111111,22.1904761905,70.0
13:44:07,3106.0,3095.49035033,6.53964570693,80.9523809524,24.0,0,21.0548799322,4.0,13.75,22.1904761905,68.0
13:44:08,3106.0,3095.49618741,6.54249852578,80.9523809524,32.0,0,21.0640647965,-8.0,30.8823529412,23.7142857143,12.0
13:44:08,3106.0,3095.50202124,6.54534892236,80.9523809524,24.0,0,21.0732418621,4.0,28.3783783784,24.0952380952,8.0
13:44:09,3107.0,3095.50840723,6.54871486309,81.8181818182,8.0,0,21.0772927682,0.0,40.350877193,19.3333333333,8.0
13:44:09,3107.0,3095.51478967,6.55212883603,81.8181818182,32.0,0,21.0882807725,-10.0,46.9696969697,23.0476190476,-6.0
13:44:10,3107.0,3095.52116857,6.55548831769,81.8181818182,30.0,0,21.0990933946,-18.0,49.3333333333,25.3333333333,-28.0
13:44:10,3107.0,3095.52754393,6.55889551805,81.8181818182,50.0,0,21.1100596011,0.0,63.6363636364,32.4761904762,-32.0
13:44:11,3107.0,3095.53391575,6.56229925619,81.8181818182,528.0,69.387755102,21.1210146643,146.0,19.9404761905,174.952380952,122.0
13:44:11,3107.0,3095.54028403,6.56564900932,81.8181818182,48.0,0,21.1317959746,-4.0,22.7011494253,156.666666667,114.0
13:44:12,3106.0,3095.54609337,6.56853046849,78.2608695652,12.0,0,21.1478765888,0.0,23.4285714286,126.952380952,114.0
13:44:12,3106.0,3095.55189948,6.57135900572,78.2608695652,90.0,0,21.1569832766,34.0,23.2189973615,119.333333333,158.0
13:44:13,3106.0,3095.55770237,6.57423525102,78.2608695652,10.0,0,21.1662435641,2.0,21.6802168022,86.0952380952,178.0
13:44:13,3106.0,3095.56350203,6.57705887119,78.2608695652,48.0,0,21.1753344211,-18.0,20.1086956522,64.6666666667,160.0
13:44:14,3106.0,3095.56929848,6.57988010698,78.2608695652,22.0,0,21.1844176013,12.0,50.4347826087,35.9047619048,26.0
13:44:14,3107.0,3095.5756471,6.58321279191,81.8181818182,22.0,0,21.1883256901,16.0,50.0,31.2380952381,46.0
13:44:15,3107.0,3095.5819922,6.58654237306,81.8181818182,42.0,0,21.1990420761,14.0,47.8632478632,33.5238095238,60.0
13:44:15,3106.0,3095.58777838,6.58935580133,78.2608695652,26.0,0,21.2149253101,26.0,48.2352941176,29.8095238095,52.0
13:44:16,3107.0,3095.59411674,6.59267957639,81.8181818182,16.0,0,21.2187949031,16.0,52.2727272727,26.2857142857,66.0
13:44:16,3106.0,3095.59989618,6.59548792994,78.2608695652,20.0,0,21.2346681582,18.0,39.1891891892,23.619047619,102.0
13:44:17,3107.0,3095.60622781,6.59880591518,81.8181818182,70.0,0,21.2385127621,-6.0,59.1836734694,36.5714285714,84.0
13:44:17,3107.0,3095.61255593,6.60212081876,81.8181818182,4.0,0,21.2491819078,2.0,59.5505617977,28.380952381,70.0
13:44:18,3107.0,3095.61888053,6.60534196809,81.8181818182,14.0,0,21.2595493019,12.0,65.3333333333,23.9047619048,68.0
13:44:18,3106.0,3095.62464622,6.60804950117,78.2608695652,12.0,0,21.2751110791,0.0,73.5294117647,20.1904761905,42.0
13:44:19,3107.0,3095.6309641,6.61135591867,81.8181818182,118.0,0,21.278905435,14.0,85.7142857143,47.4285714286,40.0
13:44:19,3106.0,3095.63672308,6.61405888997,78.2608695652,52.0,0,21.2944587571,2.0,86.6666666667,50.9523809524,24.0
13:44:20,3107.0,3095.64303426,6.61726968052,81.8181818182,4.0,0,21.2979391069,4.0,83.3333333334,39.2380952381,34.0
13:44:20,3107.0,3095.64934193,6.62047774842,81.8181818182,88.0,0,21.3082643979,74.0,79.8611111111,54.6666666667,106.0
13:44:21,3106.0,3095.6550907,6.62317395636,78.2608695652,28.0,0,21.3238053972,18.0,74.1721854305,48.9523809524,112.0
13:44:21,3107.0,3095.66139168,6.62637695334,81.8181818182,14.0,0,21.3272512177,-2.0,77.6315789474,38.5714285714,110.0
13:44:22,3106.0,3095.66713375,6.62906877154,78.2608695652,34.0,0,21.3427841968,12.0,59.0909090909,33.8095238095,108.0
13:44:22,3106.0,3095.67287264,6.6317585547,78.2608695652,10.0,0,21.3514441555,-4.0,59.5505617978,26.1904761905,102.0
13:44:23,3107.0,3095.67916374,6.63495415127,81.8181818182,12.0,0,21.3548572619,2.0,60.2150537634,21.1428571429,100.0
13:44:23,3107.0,3095.68545135,6.63814704712,81.8181818182,222.0,0,21.365133721,-6.0,20.0,75.7142857143,20.0
13:44:24,3107.0,3095.69173546,6.64133724612,81.8181818182,12.0,0,21.3754015002,0.0,21.7105263158,63.9047619048,2.0
13:44:24,3107.0,3095.69801609,6.64452475216,81.8181818182,34.0,0,21.385660612,6.0,25.9259259259,59.1428571429,10.0
13:44:25,3107.0,3095.70429322,6.64770956912,81.8181818182,12.0,0,21.395911069,2.0,27.8145695364,47.1428571429,0.0
13:44:25,3106.0,3095.71001147,6.65038565205,78.2608695652,18.0,0,21.4114154928,2.0,24.5161290322,37.9047619048,6.0
13:44:26,3107.0,3095.71628195,6.65356546021,81.8181818182,30.0,0,21.4147584815,10.0,29.2682926829,31.7142857143,14.0
13:44:26,3107.0,3095.72254894,6.65674259031,81.8181818182,12.0,0,21.424984198,-2.0,76.2711864407,19.5238095238,18.0
13:44:27,3106.0,3095.72825705,6.65941201919,78.2608695652,130.0,0,21.4404765589,2.0,72.0338983051,51.0476190476,20.0
13:44:27,3107.0,3095.73451739,6.66258416087,81.8181818182,52.0,0,21.4437855194,28.0,65.3543307087,54.6666666667,42.0
13:44:28,3106.0,3095.74021885,6.66524927062,78.2608695652,116.0,0,21.4592700278,50.0,68.156424581,75.7142857143,90.0
13:44:28,3107.0,3095.74647255,6.66850390772,81.8181818182,30.0,0,21.4628384542,-10.0,70.8108108108,67.2380952381,78.0
13:44:29,3107.0,3095.75272277,6.67166825691,81.8181818182,90.0,0,21.4730230348,-18.0,58.6046511628,75.3333333333,50.0
13:44:29,3107.0,3095.75896952,6.67491709386,81.8181818182,16.0,0,21.4834795425,0.0,56.6820276498,59.4285714286,52.0
13:44:30,3107.0,3095.76521281,6.67816295224,81.8181818182,56.0,0,21.4939264636,-16.0,45.5555555555,54.7619047619,34.0
13:44:30,3106.0,3095.77089722,6.68094849849,78.2608695652,64.0,0,21.5098148696,-26.0,50.5376344086,55.9047619048,-20.0
13:44:31,3107.0,3095.77713388,6.68410199237,81.8181818182,56.0,0,21.5130414946,-40.0,48.0769230769,54.1904761905,-110.0
13:44:31,3107.0,3095.78336707,6.68733933117,81.8181818182,758.0,0,21.5234609951,-324.0,85.5769230769,255.904761905,-424.0
13:44:32,3107.0,3095.7895968,6.69057370808,81.8181818182,104.0,0,21.5338709626,44.0,82.5426944972,236.095238095,-362.0
13:44:32,3108.0,3095.79637848,6.69439234074,82.6086956522,36.0,0,21.5392288956,28.0,81.9366852886,196.19047619,-334.0
13:44:33,3107.0,3095.80260098,6.69762027021,81.8181818182,352.0,0,21.5565505961,-36.0,88.6131386861,245.619047619,-354.0
13:44:33,3108.0,3095.80937543,6.70138699482,82.6086956522,56.0,0,21.5617342176,24.0,88.1057268722,196.380952381,-304.0
13:44:34,3108.0,3095.81614612,6.70514994631,82.6086956522,58.0,0,21.5738415261,44.0,87.6832844575,148.095238095,-220.0
13:44:34,3107.0,3095.82235765,6.70836827113,81.8181818182,106.0,0,21.5911434539,10.0,62.9213483146,113.428571429,114.0
13:44:35,3108.0,3095.82912113,6.71212413597,82.6086956522,42.0,0,21.5962810038,-16.0,74.7692307692,91.5238095238,54.0
13:44:35,3108.0,3095.83588085,6.71587624588,82.6086956522,58.0,0,21.6083534295,24.0,74.1071428571,77.1428571429,50.0
13:44:36,3108.0,3095.84263682,6.71962460716,82.6086956522,40.0,0,21.6204137939,20.0,48.8888888889,56.5714285714,106.0
13:44:36,3108.0,3095.84938903,6.72336922607,82.6086956522,170.0,0,21.6324621173,10.0,64.5569620253,88.0,92.0
13:44:37,3107.0,3095.85558209,6.72657138922,81.8181818182,252.0,0,21.6497308955,142.0,46.1077844311,137.428571429,190.0
13:44:37,3108.0,3095.86232712,6.73030897884,82.6086956522,6.0,0,21.6547907942,2.0,52.8169014084,107.333333333,182.0
13:44:38,3108.0,3095.8690684,6.73404284399,82.6086956522,372.0,0,21.6668045173,2.0,65.9242761693,186.571428571,200.0
13:44:38,3108.0,3095.87580593,6.73777299087,82.6086956522,114.0,0,21.6788062769,42.0,68.7631027254,176.380952381,218.0
13:44:39,3107.0,3095.88198433,6.74096239397,81.8181818182,92.0,0,21.6960489024,38.0,71.5705765408,157.238095238,236.0
13:44:39,3108.0,3095.88871469,6.74472795944,82.6086956522,48.0,0,21.7011839107,-20.0,67.4208144796,123.047619048,206.0
13:44:40,3108.0,3095.89544131,6.74844726082,82.6086956522,78.0,0,21.7131507748,-8.0,84.5070422535,103.238095238,56.0
13:44:40,3108.0,3095.9021642,6.75216286793,82.6086956522,104.0,0,21.7251057527,-30.0,84.1584158416,99.1428571429,24.0
13:44:41,3108.0,3095.90888335,6.75587478687,82.6086956522,10.0,0,21.7370488638,2.0,80.269058296,63.5238095238,24.0
13:44:41,3108.0,3095.91559877,6.75962477386,82.6086956522,64.0,0,21.749114459,16.0,76.7676767677,60.5714285714,-2.0
13:44:42,3107.0,3095.92175506,6.762836303,81.8181818182,156.0,0,21.7664509269,60.0,80.4347826087,86.2857142857,20.0
13:44:42,3108.0,3095.92846334,6.76653730377,82.6086956522,42.0,0,21.7713555462,-6.0,80.6167400881,76.380952381,34.0
13:44:43,3108.0,3095.93516788,6.77027590298,82.6086956522,94.0,0,21.7833845012,-48.0,82.1276595745,81.619047619,-6.0
13:44:43,3108.0,3095.94186871,6.77401051382,82.6086956522,24.0,0,21.7954006236,-4.0,83.5897435897,66.0952380952,20.0
13:44:44,3108.0,3095.94856581,6.77770022155,82.6086956522,88.0,0,21.8072722701,16.0,85.0427350427,72.6666666667,34.0
13:44:44,3108.0,3095.95525919,6.78138628326,82.6086956522,74.0,0,21.8191321855,-6.0,89.539748954,71.5238095238,12.0
13:44:45,3108.0,3095.96194885,6.7850687049,82.6086956522,56.0,0,21.830980389,-14.0,86.7724867725,64.7619047619,-62.0
13:44:45,3108.0,3095.9686348,6.78874749239,82.6086956522,102.0,0,21.8428168996,44.0,84.0182648402,75.9047619048,-12.0
13:44:46,3107.0,3095.97476164,6.7918915891,81.8181818182,82.0,0,21.8599664921,-26.0,84.9765258216,78.4761904762,10.0
13:44:46,3108.0,3095.98144047,6.79556354916,82.6086956522,114.0,0,21.8647475842,22.0,86.4341085271,90.7619047619,36.0
13:44:47,3108.0,3095.98811559,6.79923189199,82.6086956522,32.0,0,21.876550489,26.0,85.2173913044,75.3333333333,46.0
13:44:47,3108.0,3095.99478701,6.80289662343,82.6086956522,110.0,0,21.8883417742,94.0,87.0967741936,84.8571428571,146.0
13:44:48,3107.0,3096.00089932,6.80602832258,81.8181818182,30.0,0,21.9054661171,4.0,85.5319148936,69.8095238095,164.0
13:44:48,3108.0,3096.00756363,6.80968626908,82.6086956522,18.0,0,21.910187481,-4.0,87.5647668394,52.5714285714,116.0
13:44:49,3107.0,3096.01366885,6.81273181166,81.8181818182,44.0,0,21.9270415567,6.0,89.0804597701,46.7619047619,148.0
13:44:49,3108.0,3096.02032607,6.81638317236,82.6086956522,98.0,0,21.9317347888,44.0,81.9277108434,58.1904761905,170.0
13:44:50,3107.0,3096.0264242,6.81950307737,81.8181818182,68.0,0,21.948835138,18.0,78.8043478261,61.8095238095,162.0
13:44:50,3107.0,3096.03251893,6.82262018723,81.8181818182,52.0,0,21.9588676769,2.0,74.8387096774,59.1428571429,70.0
13:44:51,3107.0,3096.03861029,6.82573450577,81.8181818182,170.0,0,21.9688912319,-116.0,83.5555555556,92.9523809524,-50.0
13:44:51,3107.0,3096.04469826,6.82876667642,81.8181818182,36.0,0,21.9786503908,-22.0,81.6239316239,81.8095238095,-68.0
13:44:52,3108.0,3096.05133825,6.83232281937,82.6086956522,140.0,0,21.9830206543,-122.0,80.8510638298,99.5238095238,-196.0
13:44:52,3107.0,3096.05741915,6.83542874377,81.8181818182,720.0,0,22.0000925129,506.0,54.8060708263,278.380952381,266.0
13:44:53,3107.0,3096.06349667,6.83845300533,81.8181818182,120.0,0,22.0098262161,54.0,56.3812600969,256.19047619,302.0
13:44:53,3108.0,3096.07012622,6.8420788661,82.6086956522,28.0,0,22.0144107661,-20.0,55.3542009885,205.238095238,280.0
13:44:54,3108.0,3096.07675209,6.84562263827,82.6086956522,60.0,0,22.0258128644,12.0,50.5434782609,164.571428571,408.0
13:44:54,3108.0,3096.08337427,6.84924159427,82.6086956522,140.0,0,22.037456867,-22.0,47.3509933775,152.0,408.0
13:44:55,3108.0,3096.08999278,6.85277881367,82.6086956522,68.0,0,22.0488378818,2.0,42.9577464789,113.904761905,532.0
13:44:55,3108.0,3096.09660762,6.85631284648,82.6086956522,336.0,0,22.0602086437,34.0,74.2021276596,155.80952381,60.0
13:44:56,3108.0,3096.10321878,6.8598436976,82.6086956522,220.0,0,22.0715691686,74.0,79.3427230047,182.857142857,80.0
13:44:56,3108.0,3096.10982626,6.86337137196,82.6086956522,208.0,0,22.0829194722,-142.0,83.3333333333,201.714285714,-42.0
13:44:57,3107.0,3096.11587468,6.86637332504,81.8181818182,66.0,0,22.0996888479,14.0,83.6223506744,171.428571429,-40.0
13:44:57,3108.0,3096.12247514,6.86977720248,82.6086956522,108.0,0,22.1035302525,-2.0,92.4453280318,152.857142857,-20.0
13:44:58,3107.0,3096.12851653,6.87265641312,81.8181818182,80.0,0,22.1199112106,10.0,93.9096267191,127.80952381,-12.0
13:44:58,3107.0,3096.13455457,6.87565105784,81.8181818182,46.0,0,22.1295495907,-20.0,90.3846153846,92.4761904762,-66.0
13:44:59,3108.0,3096.14114465,6.87916445701,82.6086956522,104.0,0,22.1337337742,40.0,87.5816993464,87.5238095238,-100.0
13:44:59,3108.0,3096.14773107,6.88255752399,82.6086956522,32.0,0,22.1446509781,28.0,81.6513761468,67.5238095238,70.0
13:45:00,3107.0,3096.15375844,6.88542735613,81.8181818182,106.0,0,22.1610149859,36.0,70.5882352941,77.0476190476,92.0
13:45:00,3107.0,3096.15978245,6.88841196826,81.8181818182,708.0,0,22.1706210758,-198.0,84.5724907063,256.666666667,-104.0
13:45:01,3107.0,3096.16580312,6.8911204047,81.8181818182,260.0,72.3404255319,22.1793382836,-100.0,85.1910828025,279.714285714,-214.0
13:45:01,3108.0,3096.17237585,6.89450344679,80.9523809524,160.0,0,22.1830870231,-52.0,83.0656934306,265.619047619,-246.0
13:45:02,3108.0,3096.17894493,6.89772703102,80.9523809524,110.0,0,22.1934589158,-44.0,77.6162790698,231.80952381,-330.0
13:45:02,3108.0,3096.18551036,6.90094820377,80.9523809524,80.0,0,22.2038230495,2.0,76.6853932584,189.142857143,-356.0
13:45:03,3107.0,3096.19151674,6.9036485031,80.0,740.0,0,22.2196604541,582.0,52.3809523809,332.761904762,190.0
13:45:03,3107.0,3096.19751979,6.90634703161,80.0,716.0,0,22.2283457728,-124.0,19.651500484,439.333333333,264.0
13:45:04,3107.0,3096.2035195,6.90904379137,80.0,132.0,0,22.2370253987,130.0,16.7182662539,378.666666667,494.0
13:45:04,3107.0,3096.20951588,6.91173878447,80.0,418.0,0,22.2456993385,202.0,28.5063752277,405.80952381,748.0
13:45:05,3106.0,3096.21495352,6.91411061651,76.1904761905,136.0,0,22.2604977994,-50.0,28.6228622862,340.095238095,742.0
13:45:05,3106.0,3096.22038815,6.9163252872,76.1904761905,30.0,0,22.2676280979,2.0,27.532228361,242.857142857,742.0
13:45:06,3106.0,3096.22581976,6.91869420863,76.1904761905,30.0,0,22.2752550181,4.0,40.4924760602,148.0,164.0
13:45:06,3107.0,3096.23180375,6.9215380213,80.0,194.0,0,22.2772385623,-28.0,68.9361702128,133.80952381,260.0
13:45:07,3106.0,3096.23722902,6.92390364366,76.1904761905,44.0,0,22.292027185,-2.0,64.3192488263,101.619047619,128.0
13:45:07,3107.0,3096.24320668,6.92658857743,80.0,44.0,0,22.2934939731,4.0,35.9832635983,73.619047619,-70.0
13:45:08,3107.0,3096.24918101,6.92927175818,80.0,228.0,0,22.3021298944,80.0,45.2631578947,116.0,60.0
13:45:08,3106.0,3096.25459663,6.93147784444,76.1904761905,118.0,0,22.3164128926,96.0,38.2978723404,122.571428571,154.0
13:45:09,3106.0,3096.26000924,6.93368268351,76.1904761905,22.0,0,22.3235115374,-14.0,36.6153846154,97.5238095238,136.0
13:45:09,3106.0,3096.26541884,6.93588627656,76.1904761905,20.0,0,22.3306061705,-6.0,40.3361344538,72.2857142857,158.0
13:45:10,3107.0,3096.27138085,6.93856328188,80.0,28.0,0,22.3320350238,6.0,39.1304347826,57.619047619,166.0
13:45:10,3106.0,3096.27678413,6.94056989135,76.1904761905,158.0,0,22.3456854197,-64.0,35.1916376307,80.8571428571,98.0
13:45:11,3107.0,3096.28273982,6.94324384622,80.0,140.0,0,22.3470996016,102.0,41.1522633745,93.5238095238,120.0
13:45:11,3106.0,3096.2881368,6.94524817016,76.1904761905,30.0,0,22.3607474892,2.0,54.2713567839,78.9523809524,26.0
13:45:12,3106.0,3096.29353078,6.94701765659,76.1904761905,28.0,0,22.3664444836,10.0,53.4653465347,68.0,50.0
13:45:12,3107.0,3096.29947717,6.94898628698,80.0,110.0,0,22.3655818699,-42.0,49.3927125506,80.1904761905,14.0
13:45:13,3106.0,3096.30486485,6.95048065995,76.1904761905,94.0,0,22.3775938826,-10.0,42.1428571429,83.5238095238,-2.0
13:45:13,3106.0,3096.31024954,6.95166105028,76.1904761905,126.0,0,22.3813942379,74.0,42.4242424242,92.8571428571,136.0
13:45:14,3107.0,3096.31618664,6.9533143354,80.0,140.0,0,22.3795118616,100.0,24.2424242424,107.714285714,134.0
13:45:14,3106.0,3096.32156504,6.95449401178,76.1904761905,932.0,0,22.3905151699,-324.0,7.69230769232,348.857142857,-192.0
13:45:15,3106.0,3096.32694046,6.95567338825,76.1904761905,34.0,0,22.3943122609,0.0,9.8885793872,290.476190476,-202.0
13:45:15,3105.0,3096.33175749,6.95673267795,72.7272727273,50.0,0,22.4049361609,-2.0,7.5581395349,236.380952381,-162.0
13:45:16,3105.0,3096.33657184,6.95806481518,72.7272727273,90.0,0,22.4092264579,18.0,8.45481049564,196.571428571,-134.0
13:45:16,3105.0,3096.34138352,6.95912350803,72.7272727273,224.0,0,22.4126360967,-56.0,19.7278911565,195.238095238,-264.0
13:45:17,3105.0,3096.34619253,6.96045487729,72.7272727273,98.0,0,22.4169239204,18.0,20.1680672269,153.238095238,-346.0
13:45:17,3105.0,3096.35099886,6.9615129739,72.7272727273,236.0,0,22.420331639,-94.0,39.6174863388,152.666666667,-116.0
13:45:18,3106.0,3096.35635793,6.96327588934,76.1904761905,66.0,0,22.4187890835,2.0,39.7905759162,136.666666667,-114.0
13:45:18,3105.0,3096.36115862,6.96433329145,72.7272727273,20.0,0,22.4294147873,16.0,41.416893733,106.0,-96.0
13:45:19,3106.0,3096.36651204,6.96609505009,76.1904761905,24.0,0,22.427865583,-2.0,45.2095808383,77.9047619048,-116.0
13:45:19,3105.0,3096.37130709,6.96742420124,72.7272727273,46.0,0,22.4393694082,8.0,18.7755102041,59.2380952381,-52.0
13:45:20,3106.0,3096.37665488,6.96918468029,76.1904761905,32.0,0,22.4378128792,22.0,19.8113207547,45.0476190476,-48.0
13:45:20,3105.0,3096.3814443,6.9705128438,72.7272727273,156.0,0,22.4493167272,-40.0,52.9069767442,69.4285714286,6.0
13:45:21,3105.0,3096.38623106,6.9718405772,72.7272727273,28.0,0,22.4535928412,-4.0,45.0980392157,61.0476190476,0.0
13:45:21,3105.0,3096.39101515,6.97316788076,72.7272727273,10.0,0,22.4578675709,-10.0,46.6216216216,49.3333333333,-26.0
13:45:22,3105.0,3096.3957966,6.9744947547,72.7272727273,200.0,0,22.4621409169,94.0,28.3898305085,92.380952381,70.0
13:45:22,3105.0,3096.40057538,6.97582119928,72.7272727273,10.0,0,22.4664128801,-4.0,30.7339449541,72.7619047619,58.0
13:45:23,3106.0,3096.40590691,6.97781006163,76.1904761905,284.0,0,22.4655829415,-104.0,44.4767441861,133.142857143,-68.0
13:45:23,3105.0,3096.41068008,6.97913543387,72.7272727273,134.0,0,22.4770867435,-14.0,32.1321321321,138.666666667,-42.0
13:45:24,3106.0,3096.416006,6.98089102523,76.1904761905,140.0,0,22.4755023349,-60.0,34.9614395887,146.952380952,-98.0
13:45:24,3105.0,3096.42077357,6.98221541481,72.7272727273,98.0,0,22.4870061668,16.0,34.1801385681,137.904761905,-72.0
13:45:25,3105.0,3096.42553848,6.98353937644,72.7272727273,54.0,0,22.4912701334,38.0,38.6111111111,112.095238095,-128.0
13:45:25,3105.0,3096.43030075,6.98486291036,72.7272727273,122.0,0,22.4955327226,92.0,33.6538461538,112.666666667,-32.0
13:45:26,3105.0,3096.43506037,6.98618601683,72.7272727273,108.0,0,22.499793935,8.0,17.3780487805,103.904761905,80.0
13:45:26,3105.0,3096.43981735,6.98750869608,72.7272727273,96.0,0,22.5040537716,-24.0,17.7993527508,100.095238095,70.0
13:45:27,3105.0,3096.44457168,6.98883094836,72.7272727273,918.0,0,22.508312233,-412.0,3.43839541547,332.952380952,-282.0
13:45:27,3105.0,3096.44932338,6.9901527739,72.7272727273,70.0,0,22.5125693201,-52.0,5.26315789473,286.476190476,-350.0
13:45:28,3105.0,3096.45407244,6.99147417296,72.7272727273,188.0,0,22.5168250337,-36.0,16.5113182423,275.047619048,-424.0
13:45:28,3105.0,3096.45881885,6.99279514576,72.7272727273,158.0,0,22.5210793744,-34.0,26.3979193758,248.666666667,-550.0
13:45:29,3105.0,3096.46356264,6.99411569257,72.7272727273,78.0,0,22.5253323432,-12.0,26.6578249337,197.714285714,-570.0
13:45:29,3105.0,3096.46830379,6.9954358136,72.7272727273,26.0,0,22.5295839407,-16.0,28.2336578581,133.333333333,-562.0
13:45:30,3105.0,3096.4730423,6.99698611816,72.7272727273,18.0,0,22.5345768701,-14.0,75.4646840149,70.0,-164.0
13:45:30,3106.0,3096.47833358,6.99873425505,76.1904761905,332.0,0,22.5329499519,10.0,84.5,139.238095238,-102.0
13:45:31,3106.0,3096.48362193,7.00071204491,76.1904761905,738.0,0,22.5393175947,12.0,91.7037037037,312.0,-54.0
13:45:31,3106.0,3096.48890734,7.0024586456,76.1904761905,188.0,0,22.5449409066,-158.0,87.3913043478,301.428571429,-178.0
13:45:32,3106.0,3096.49418981,7.00420453534,76.1904761905,28.0,0,22.5505619296,-12.0,90.0751879699,243.714285714,-178.0
13:45:32,3106.0,3096.49946935,7.00594971466,76.1904761905,64.0,0,22.5561806654,-32.0,89.7660818714,198.666666667,-194.0
13:45:33,3106.0,3096.50474596,7.00769418409,76.1904761905,44.0,0,22.5617971156,-32.0,88.2352941177,146.095238095,-212.0
13:45:33,3107.0,3096.51057504,7.00963608692,80.0,38.0,0,22.5607856032,-14.0,84.7272727273,90.5714285714,-236.0
13:45:34,3106.0,3096.51584547,7.01137908891,76.1904761905,28.0,0,22.573660943,-10.0,49.7435897436,46.1904761905,-258.0
13:45:34,3106.0,3096.52111299,7.01312138265,76.1904761905,32.0,0,22.5792703884,-12.0,27.3504273504,36.7619047619,-112.0
13:45:35,3106.0,3096.52637757,7.01486296866,76.1904761905,132.0,0,22.5848775553,28.0,48.5207100592,63.3333333333,-72.0
13:45:35,3106.0,3096.53163923,7.01633490902,76.1904761905,14.0,0,22.5896165777,-10.0,43.0555555555,51.2380952381,-50.0
13:45:36,3106.0,3096.53689797,7.01807520282,76.1904761905,28.0,0,22.5952195841,-28.0,44.8529411765,45.5238095238,-46.0
13:45:36,3106.0,3096.54215379,7.01954607388,76.1904761905,6.0,0,22.5999551638,-2.0,44.1666666667,34.2857142857,-34.0
13:45:37,3106.0,3096.54740669,7.02128507724,76.1904761905,4.0,0,22.6055540156,2.0,50.0,24.0,-22.0
13:45:37,3107.0,3096.55321208,7.02348960082,80.0,14.0,0,22.605373675,-2.0,56.5656565656,17.7142857143,-12.0
13:45:38,3107.0,3096.55901424,7.0256930373,80.0,866.0,0,22.6124655207,-374.0,87.5536480687,255.714285714,-414.0
13:45:38,3107.0,3096.56481317,7.02789538769,80.0,194.0,0,22.6195538709,26.0,84.7122302158,266.761904762,-378.0
13:45:39,3107.0,3096.57060889,7.03009665301,80.0,1758.0,0,22.6266387287,-1288.0,92.1885995778,716.095238095,-1638.0
13:45:39,3108.0,3096.57695679,7.03280166829,80.9523809524,138.0,0,22.6280619958,50.0,92.6025554808,620.19047619,-1586.0
13:45:40,3108.0,3096.58330116,7.03550510616,80.9523809524,440.0,0,22.6367603158,-66.0,84.3988269795,604.285714286,-1654.0
13:45:40,3108.0,3096.58964201,7.03820696842,80.9523809524,2484.0,0,22.6454535663,1414.0,89.0476190476,1151.61904762,-238.0
13:45:41,3109.0,3096.59653474,7.04145068154,81.8181818182,14.0,0,22.6486030284,-8.0,88.3054892602,875.619047619,128.0
13:45:41,3110.0,3096.60397904,7.04527466191,82.6086956522,620.0,0,22.6536162762,-490.0,89.732306564,813.333333333,-388.0
13:45:42,3110.0,3096.61141921,7.04909568121,82.6086956522,914.0,0,22.6659025119,-148.0,78.9587852495,814.761904762,752.0
13:45:42,3110.0,3096.61885524,7.05291374426,82.6086956522,204.0,0,22.678179242,46.0,78.8280581694,653.523809524,748.0
13:45:43,3109.0,3096.62573174,7.05614763483,81.8181818182,24.0,0,22.695875313,20.0,83.896713615,437.714285714,834.0
13:45:43,3109.0,3096.63260443,7.05937934442,81.8181818182,216.0,0,22.7062700046,20.0,65.7630522088,296.571428571,-560.0
13:45:44,3109.0,3096.6394733,7.06283543397,81.8181818182,464.0,0,22.7173864071,134.0,55.6920556921,334.285714286,-418.0
13:45:44,3109.0,3096.64633835,7.06606259975,81.8181818182,70.0,0,22.7277664836,-30.0,41.0147991543,238.0,42.0
13:45:45,3109.0,3096.65319959,7.06928759376,81.8181818182,446.0,0,22.7381395747,178.0,56.0393258427,275.333333333,368.0
13:45:45,3109.0,3096.66005702,7.072736387,81.8181818182,128.0,0,22.7492325088,-62.0,54.7477744807,244.095238095,260.0
13:45:46,3109.0,3096.66691064,7.07595685629,81.8181818182,84.0,0,22.7595910463,-72.0,57.2443181818,203.904761905,168.0
13:45:46,3109.0,3096.67376045,7.07940073295,81.8181818182,52.0,0,22.7706681664,14.0,59.3247588424,151.714285714,162.0
13:45:47,3108.0,3096.68005106,7.08248907823,80.9523809524,358.0,0,22.7879313971,-340.0,90.6854130053,194.761904762,-312.0
13:45:47,3108.0,3096.68633817,7.08538922234,80.9523809524,56.0,0,22.7972626202,26.0,93.5943060498,156.571428571,-256.0
13:45:48,3109.0,3096.6931772,7.08901175442,81.8181818182,312.0,0,22.8015817125,-300.0,92.1212121212,192.19047619,-734.0
13:45:48,3109.0,3096.70001242,7.09244576714,81.8181818182,126.0,0,22.8126271056,62.0,83.1983805668,181.047619048,-610.0
13:45:49,3108.0,3096.70628845,7.0955249112,80.9523809524,16.0,0,22.8298742317,6.0,81.5217391304,138.571428571,-532.0
13:45:49,3108.0,3096.71256099,7.09841659878,80.9523809524,70.0,0,22.8391782458,-6.0,83.5820895522,114.761904762,-552.0
13:45:50,3109.0,3096.71938545,7.10202857475,81.8181818182,186.0,0,22.8434499027,-2.0,66.8407310705,123.238095238,-214.0
13:45:50,3108.0,3096.72565072,7.10491605149,80.9523809524,716.0,0,22.8600902558,404.0,35.2033660589,291.333333333,164.0
13:45:51,3108.0,3096.73191251,7.10798637402,80.9523809524,52.0,74.4680851064,22.8699690284,10.0,18.6963979417,238.285714286,474.0
13:45:51,3108.0,3096.73817082,7.11086995576,80.9523809524,84.0,0,22.8792469619,78.0,23.8434163701,206.761904762,490.0
13:45:52,3108.0,3096.74442565,7.11393604913,80.9523809524,638.0,0,22.8891121272,254.0,50.744558992,335.523809524,738.0
13:45:52,3108.0,3096.75067701,7.11681574568,80.9523809524,662.0,0,22.8983775601,476.0,63.4730538922,441.523809524,1220.0
13:45:53,3109.0,3096.7574803,7.12041275333,81.8181818182,38.0,0,22.9025820307,-26.0,64.4748858448,341.047619048,1196.0
13:45:53,3109.0,3096.76427981,7.12382305094,81.8181818182,12.0,0,22.9135511449,-6.0,94.8855989233,240.19047619,786.0
13:45:54,3108.0,3096.77052014,7.12669641382,80.9523809524,28.0,0,22.9301686416,-8.0,95.8960328317,177.428571429,768.0
13:45:54,3108.0,3096.77675701,7.1293454585,80.9523809524,56.0,0,22.9386919514,-12.0,94.2817294282,123.80952381,678.0
13:45:55,3109.0,3096.78354582,7.13274914859,81.8181818182,1542.0,0,22.9422616552,384.0,96.749358426,496.095238095,808.0
13:45:55,3109.0,3096.79033085,7.13615033941,81.8181818182,222.0,0,22.9532014777,26.0,84.5100105374,448.19047619,358.0
13:45:56,3109.0,3096.79711212,7.13954903454,81.8181818182,410.0,0,22.9641332729,48.0,70.0440528634,474.952380952,432.0
13:45:56,3109.0,3096.80388962,7.14294523755,81.8181818182,226.0,0,22.9750570523,-82.0,63.6070853462,431.428571429,356.0
13:45:57,3109.0,3096.81066335,7.14611748166,81.8181818182,536.0,0,22.985260475,-422.0,71.5240641711,466.285714286,-58.0
13:45:57,3109.0,3096.81743332,7.14950891325,81.8181818182,22.0,0,22.9961689072,-8.0,71.3995943205,330.095238095,-54.0
13:45:58,3110.0,3096.82475494,7.15346841865,82.6086956522,796.0,0,23.0015061693,88.0,56.6003616637,416.666666667,-350.0
13:45:58,3110.0,3096.83207249,7.1574246556,82.6086956522,520.0,0,23.0142271884,-202.0,65.8167330677,459.904761905,-578.0
13:45:59,3110.0,3096.83938597,7.16115703373,82.6086956522,604.0,0,23.0262284043,-466.0,81.5828402367,512.952380952,-1092.0
13:45:59,3110.0,3096.84669539,7.16510697929,82.6086956522,378.0,0,23.0389291939,-136.0,89.3557422969,492.19047619,-1146.0
13:46:00,3110.0,3096.85400075,7.16905367225,82.6086956522,326.0,0,23.0516195249,82.0,85.4875283447,449.333333333,-642.0
13:46:00,3110.0,3096.86130206,7.17299711796,82.6086956522,1804.0,0,23.0642994147,624.0,90.0180668473,838.761904762,-10.0
13:46:01,3110.0,3096.86859931,7.1769373218,82.6086956522,560.0,0,23.0769688804,250.0,91.2690839695,787.904761905,152.0
13:46:01,3110.0,3096.87589251,7.18105506,82.6086956522,188.0,0,23.0902091961,52.0,93.0569948187,642.0,406.0
13:46:02,3109.0,3096.88262625,7.18460197077,81.8181818182,574.0,0,23.1090446149,172.0,92.4804177546,622.19047619,1044.0
13:46:02,3109.0,3096.88935626,7.18796568003,81.8181818182,1452.0,0,23.1198638792,738.0,81.8515497553,854.666666667,1918.0
13:46:03,3109.0,3096.89608252,7.19150714385,81.8181818182,1094.0,0,23.1312548853,-124.0,66.8899858956,933.714285714,1712.0
13:46:03,3109.0,3096.90280505,7.19504579211,81.8181818182,164.0,0,23.1426368354,-52.0,54.8115079365,710.476190476,1036.0
13:46:04,3109.0,3096.90952385,7.19840182344,81.8181818182,186.0,0,23.1534314038,-74.0,51.2848551121,571.619047619,712.0
13:46:04,3108.0,3096.91568352,7.20122862781,80.9523809524,60.0,0,23.16997628,-10.0,49.6317280453,414.571428571,650.0
13:46:05,3108.0,3096.92183976,7.20405363748,80.9523809524,830.0,0,23.1790657577,30.0,33.6502905441,483.619047619,508.0
13:46:05,3108.0,3096.92799258,7.20705619172,80.9523809524,204.0,0,23.1887264856,-8.0,25.6107171001,361.619047619,-238.0
13:46:06,3108.0,3096.93414199,7.21005662873,80.9523809524,276.0,0,23.1983804013,6.0,38.2558139535,319.619047619,-108.0
13:46:06,3108.0,3096.94028798,7.21319542189,80.9523809524,14.0,0,23.2084794784,4.0,33.5031847134,241.714285714,-52.0
13:46:07,3108.0,3096.94643056,7.21633178057,80.9523809524,10.0,0,23.2185707226,6.0,25.1076040172,169.80952381,28.0
13:46:07,3108.0,3096.95256973,7.21946570793,80.9523809524,20.0,0,23.2286541439,12.0,23.929098966,109.142857143,50.0
13:46:08,3107.0,3096.95815008,7.2219711014,77.2727272727,38.0,0,23.2441940824,26.0,60.1423487544,55.5238095238,46.0
13:46:08,3107.0,3096.96372734,7.22447494247,77.2727272727,22.0,0,23.252252792,0.0,42.6315789473,35.0476190476,54.0
13:46:09,3108.0,3096.9698569,7.22760256321,80.9523809524,86.0,0,23.254834502,-80.0,91.5789473684,41.5238095238,-32.0
13:46:09,3108.0,3096.97598305,7.23058823145,80.9523809524,70.0,0,23.2644408991,-4.0,80.4878048781,52.4761904762,-40.0
13:46:10,3108.0,3096.98210581,7.23371118231,80.9523809524,34.0,0,23.2744890036,20.0,81.4814814815,50.4761904762,-26.0
13:46:10,3108.0,3096.98822516,7.23669250703,80.9523809524,64.0,0,23.2840814255,34.0,82.1656050956,55.9047619048,-4.0
13:46:11,3107.0,3096.99378571,7.23932641297,77.2727272727,16.0,0,23.3000528258,6.0,80.1369863014,45.5238095238,-24.0
13:46:11,3107.0,3096.99934318,7.24181956536,77.2727272727,28.0,0,23.3080771335,-4.0,77.8523489933,39.619047619,-28.0
13:46:12,3107.0,3097.00489755,7.24444997763,77.2727272727,130.0,0,23.3165432174,-80.0,49.7076023392,62.5714285714,-28.0
13:46:12,3108.0,3097.01100425,7.24756216463,80.9523809524,136.0,0,23.3190545838,-82.0,59.3137254902,85.1428571429,-106.0
13:46:13,3108.0,3097.01710755,7.25053348399,80.9523809524,80.0,0,23.3286148134,-26.0,54.1850220264,88.5714285714,-152.0
13:46:13,3108.0,3097.02320746,7.25364103974,80.9523809524,30.0,0,23.338613384,-10.0,51.4285714286,75.5238095238,-196.0
13:46:14,3108.0,3097.02930399,7.25660805175,80.9523809524,34.0,0,23.3481597547,6.0,54.3378995434,65.2380952381,-196.0
13:46:14,3107.0,3097.03484173,7.25922860916,77.2727272727,86.0,0,23.3641088161,-12.0,60.8870967742,68.9523809524,-204.0
13:46:15,3108.0,3097.04093179,7.26232946932,80.9523809524,44.0,0,23.3665684341,-20.0,73.1707317073,57.9047619048,-144.0
13:46:15,3107.0,3097.04646307,7.26494614677,77.2727272727,14.0,0,23.3825109326,4.0,69.4444444444,42.380952381,-58.0
13:46:16,3107.0,3097.05199127,7.2675610221,77.2727272727,82.0,0,23.3909270103,-66.0,57.9310344828,52.0952380952,-98.0
13:46:16,3107.0,3097.05751641,7.27017409725,77.2727272727,10.0,0,23.399337294,4.0,54.8148148148,41.1428571429,-84.0
13:46:17,3108.0,3097.06359388,7.27326636571,80.9523809524,66.0,0,23.4017579334,32.0,52.3178807947,47.1428571429,-58.0
13:46:17,3108.0,3097.06966797,7.27621917153,80.9523809524,22.0,0,23.4112585956,22.0,43.6974789916,39.0476190476,-24.0
13:46:18,3108.0,3097.0757387,7.27930685803,80.9523809524,106.0,0,23.4211932369,0.0,28.6666666667,58.0,-4.0
13:46:18,3107.0,3097.08125064,7.28191209436,77.2727272727,60.0,0,23.437116493,32.0,31.2138728324,60.8571428571,24.0
13:46:19,3107.0,3097.08675953,7.28451554097,77.2727272727,16.0,0,23.4454957868,4.0,41.4285714286,48.9523809524,94.0
13:46:19,3107.0,3097.09226535,7.28711719978,77.2727272727,50.0,0,23.4538693266,-4.0,37.5,49.9047619048,86.0
13:46:20,3108.0,3097.09832352,7.29006001347,80.9523809524,46.0,0,23.4557915491,18.0,36.6666666667,47.8095238095,72.0
13:46:20,3108.0,3097.10437833,7.29313697346,80.9523809524,52.0,0,23.4656916778,6.0,35.7575757576,48.380952381,56.0
13:46:21,3108.0,3097.11042977,7.29621157828,80.9523809524,62.0,0,23.4755842287,-2.0,46.1538461538,50.380952381,54.0
13:46:21,3107.0,3097.11592245,7.29880545253,77.2727272727,14.0,0,23.4914884214,-2.0,45.0,40.7619047619,20.0
13:46:22,3108.0,3097.12196748,7.3019733296,80.9523809524,34.0,0,23.4941226821,2.0,38.7596899225,39.0476190476,18.0
13:46:22,3108.0,3097.12800916,7.30504104652,80.9523809524,34.0,0,23.5039930712,10.0,41.3223140496,36.4761904762,32.0
13:46:23,3107.0,3097.13349207,7.30772631459,77.2727272727,34.0,0,23.5202005619,-4.0,30.4347826087,34.6666666667,10.0
13:46:23,3107.0,3097.13897194,7.31040954081,77.2727272727,44.0,0,23.5288366296,10.0,23.4234234234,36.2857142857,14.0
13:46:24,3107.0,3097.14444877,7.31309072743,77.2727272727,10.0,0,23.5374661327,-4.0,22.3529411765,28.5714285714,12.0
13:46:24,3107.0,3097.14992256,7.3157698767,77.2727272727,64.0,0,23.5460890785,-50.0,14.5454545454,38.7619047619,-36.0
13:46:25,3108.0,3097.1559487,7.31892333692,80.9523809524,116.0,0,23.5486593852,10.0,43.7086092715,61.4285714286,-28.0
13:46:25,3107.0,3097.1614161,7.32159813876,77.2727272727,148.0,0,23.564847566,-60.0,33.6538461538,89.3333333333,-98.0
13:46:26,3107.0,3097.16688046,7.32427091029,77.2727272727,228.0,0,23.5734499848,-202.0,27.2131147541,134.666666667,-296.0
13:46:26,3107.0,3097.17234179,7.32694165371,77.2727272727,0.0,0,23.5820458761,0.0,0,105.619047619,-306.0
13:46:27,3108.0,3097.17835549,7.33008556028,80.9523809524,34.0,0,23.5845738748,-22.0,29.8305084746,88.380952381,-324.0
13:46:27,3107.0,3097.18381044,7.33265589779,77.2727272727,272.0,0,23.6004373923,-100.0,22.0551378446,138.0,-374.0
13:46:28,3107.0,3097.18926236,7.33532043259,77.2727272727,38.0,0,23.6090133009,-28.0,10.5555555556,110.857142857,-412.0
13:46:28,3107.0,3097.19471126,7.33798294833,77.2727272727,260.0,0,23.6175827111,154.0,31.9711538462,150.857142857,-198.0
13:46:29,3107.0,3097.20015713,7.34064344721,77.2727272727,186.0,0,23.6261456299,2.0,30.3797468355,164.380952381,6.0
13:46:29,3107.0,3097.20559998,7.34330193143,77.2727272727,24.0,0,23.6347020645,-14.0,29.9754299754,133.619047619,-8.0
13:46:30,3107.0,3097.2110398,7.34586301227,77.2727272727,614.0,0,23.6429450025,-610.0,16.9296987088,270.285714286,-596.0
13:46:30,3107.0,3097.2164766,7.34851761317,77.2727272727,1232.0,0,23.6514889384,300.0,10.1104502974,555.904761905,-196.0
13:46:31,3107.0,3097.22191038,7.35117020583,77.2727272727,1316.0,0,23.6600264108,132.0,6.00220264316,819.80952381,-36.0
13:46:31,3106.0,3097.22678574,7.35338583621,73.9130434783,34.0,0,23.674777322,4.0,0.763358778613,656.571428571,-186.0
13:46:32,3107.0,3097.2322138,7.35609176881,77.2727272727,66.0,0,23.6758666521,44.0,2.43457090686,513.238095238,-144.0
13:46:32,3106.0,3097.23708344,7.35836099571,73.9130434783,92.0,0,23.6907952212,0.0,4.5915324985,383.047619048,-130.0
13:46:33,3107.0,3097.24250577,7.3610058483,77.2727272727,34.0,0,23.6916828075,32.0,6.0562364816,233.047619048,512.0
13:46:33,3106.0,3097.2473697,7.36321474658,73.9130434783,56.0,0,23.7064222363,-2.0,10.2628285357,116.952380952,210.0
13:46:34,3106.0,3097.25223092,7.36547874095,73.9130434783,74.0,0,23.713711336,-18.0,52.808988764,62.0,60.0
13:46:34,3106.0,3097.25708944,7.36774099234,73.9130434783,28.0,0,23.720994824,0.0,52.5714285714,53.0476190476,56.0
13:46:35,3106.0,3097.26194527,7.37000150238,73.9130434783,20.0,0,23.7282727057,4.0,46.7105263158,42.0952380952,16.0
13:46:35,3106.0,3097.26679839,7.37220403163,73.9130434783,36.0,0,23.7353639138,-22.0,27.4193548387,37.9047619048,-6.0
13:46:36,3106.0,3097.27164882,7.37440505552,73.9130434783,86.0,0,23.7424502753,-38.0,14.0,50.6666666667,-76.0
13:46:36,3106.0,3097.27649656,7.37660457539,73.9130434783,76.0,0,23.7495317946,12.0,15.0,58.0952380952,-62.0
13:46:37,3106.0,3097.28134161,7.3788025926,73.9130434783,28.0,0,23.7566084759,-16.0,15.3284671533,50.8571428571,-60.0
13:46:37,3106.0,3097.28618396,7.38099910849,73.9130434783,22.0,0,23.7636803235,4.0,11.9402985074,44.0952380952,-56.0
13:46:38,3106.0,3097.29102362,7.38319412439,73.9130434783,18.0,0,23.7707473419,6.0,8.27067669172,36.4761904762,-54.0
13:46:38,3106.0,3097.2958606,7.3854432181,73.9130434783,330.0,0,23.7779884678,-96.0,58.9285714286,118.095238095,-128.0
13:46:39,3106.0,3097.30069489,7.38769058266,73.9130434783,22.0,0,23.7852240266,12.0,66.935483871,97.7142857143,-78.0
13:46:39,3106.0,3097.3055265,7.38993621963,73.9130434783,52.0,0,23.7924540233,-30.0,70.7627118644,88.9523809524,-120.0
13:46:40,3106.0,3097.31035542,7.39218013061,73.9130434783,16.0,0,23.799678463,-4.0,73.0434782609,71.0476190476,-108.0
13:46:40,3106.0,3097.31518166,7.39442231715,73.9130434783,18.0,0,23.8068973508,-6.0,72.8070175439,54.2857142857,-118.0
13:46:41,3106.0,3097.32000522,7.39666278082,73.9130434783,12.0,67.4418604651,23.8141106916,0.0,72.8888888889,36.0,-124.0
13:46:41,3106.0,3097.3248261,7.3989015232,62.5,224.0,0,23.8213184907,-80.0,9.88372093024,78.5714285714,-108.0
13:46:42,3106.0,3097.3296443,7.40113854584,62.5,34.0,0,23.8285207529,-18.0,8.42696629215,71.9047619048,-138.0
13:46:42,3106.0,3097.33445983,7.4033738503,62.5,408.0,0,23.8357174833,-10.0,5.8988764045,171.523809524,-118.0
13:46:43,3106.0,3097.33927268,7.40560743814,62.5,120.0,0,23.8429086869,12.0,4.90196078432,171.904761905,-102.0
13:46:43,3106.0,3097.34408286,7.4078393109,62.5,82.0,0,23.8500943687,2.0,4.54545454546,156.476190476,-94.0
13:46:44,3107.0,3097.34944577,7.41049855873,64.7058823529,98.0,0,23.8509770155,-80.0,4.34782608696,142.571428571,-174.0
13:46:44,3106.0,3097.3542503,7.41267266053,62.5,46.0,0,23.8656557004,16.0,3.04568527918,109.714285714,-78.0
13:46:45,3106.0,3097.35905216,7.41484528197,62.5,862.0,0,23.8726506181,604.0,53.5891089109,318.476190476,544.0
13:46:45,3107.0,3097.36440675,7.41749869969,64.7058823529,754.0,0,23.8735072407,-140.0,81.5494393476,456.952380952,414.0
13:46:46,3107.0,3097.36975837,7.4201499103,64.7058823529,92.0,0,23.8820402649,44.0,82.7300930714,389.80952381,446.0
13:46:46,3107.0,3097.37510702,7.42279891618,64.7058823529,52.0,0,23.890566193,-14.0,85.5042016807,312.571428571,430.0
13:46:47,3107.0,3097.3804527,7.42544571967,64.7058823529,54.0,0,23.8990850327,0.0,87.6344086022,237.333333333,510.0
13:46:47,3108.0,3097.38635081,7.42855499549,66.6666666667,70.0,0,23.9013995994,62.0,86.8365180467,168.761904762,556.0
13:46:48,3107.0,3097.39169024,7.43119712184,64.7058823529,12.0,0,23.9175961437,12.0,76.5957446808,82.4761904762,-36.0
13:46:48,3107.0,3097.39702671,7.43383705319,64.7058823529,18.0,0,23.9260928651,6.0,14.7651006711,38.380952381,110.0
13:46:49,3107.0,3097.40236021,7.43647479188,64.7058823529,610.0,0,23.9345825294,-582.0,6.61764705881,198.476190476,-516.0
13:46:49,3108.0,3097.40824615,7.43952107097,66.6666666667,82.0,0,23.9366829825,-24.0,4.4917257683,183.047619048,-526.0
13:46:50,3107.0,3097.41357343,7.4421016214,64.7058823529,4.0,0,23.9526926984,-2.0,4.52261306531,143.904761905,-528.0
13:46:50,3107.0,3097.41889774,7.4447327836,64.7058823529,102.0,0,23.961161196,8.0,7.00483091786,135.142857143,-582.0
13:46:51,3107.0,3097.4242191,7.44736176255,64.7058823529,10.0,0,23.9696226667,-10.0,7.02179176754,98.5714285714,-604.0
13:46:51,3107.0,3097.4295375,7.44998856056,64.7058823529,14.0,0,23.978077118,-2.0,6.32603406325,63.2380952381,-612.0
13:46:52,3107.0,3097.43485295,7.45261317994,64.7058823529,170.0,0,23.9865245573,-114.0,10.9947643979,72.6666666667,-144.0
13:46:52,3107.0,3097.44016544,7.45525036633,64.7058823529,42.0,0,23.9950124439,8.0,16.3742690059,66.4761904762,-112.0
13:46:53,3107.0,3097.44547498,7.45788513034,64.7058823529,2.0,0,24.0034925341,0.0,15.8823529412,50.7619047619,-110.0
13:46:53,3107.0,3097.45078158,7.46051747452,64.7058823529,66.0,0,24.0119648359,6.0,19.7368421053,53.4285714286,-112.0
13:46:54,3107.0,3097.45608523,7.46314740145,64.7058823529,26.0,0,24.0204293577,-4.0,18.75,46.380952381,-106.0
13:46:54,3107.0,3097.46138593,7.46577491368,64.7058823529,200.0,0,24.0288861078,12.0,12.2529644269,88.2857142857,-92.0
13:46:55,3108.0,3097.46723909,7.46886041165,66.6666666667,12.0,0,24.0310824056,2.0,18.3908045977,67.619047619,24.0
13:46:55,3107.0,3097.4725336,7.47148281658,64.7058823529,18.0,0,24.0472572146,16.0,11.7283950617,56.1904761905,32.0
13:46:56,3108.0,3097.47838057,7.47456260333,66.6666666667,62.0,0,24.0494292256,56.0,18.75,58.4761904762,88.0
13:46:56,3107.0,3097.48366889,7.47717991254,64.7058823529,38.0,0,24.0655935389,26.0,10.6741573034,51.0476190476,108.0
13:46:57,3107.0,3097.48895427,7.47978126021,64.7058823529,60.0,0,24.0739660773,18.0,13.3333333333,51.2380952381,130.0
13:46:57,3107.0,3097.49423671,7.48238045571,64.7058823529,38.0,0,24.0823316888,36.0,24.5614035088,43.5238095238,154.0
13:46:58,3107.0,3097.49951623,7.48499082527,64.7058823529,42.0,0,24.0907332645,26.0,22.480620155,44.6666666667,178.0
13:46:58,3107.0,3097.50479281,7.48759880085,64.7058823529,110.0,0,24.099127135,78.0,24.5714285714,63.8095238095,240.0
13:46:59,3107.0,3097.51006646,7.49019131746,64.7058823529,14.0,0,24.1074712503,12.0,17.880794702,51.1428571429,196.0
13:46:59,3108.0,3097.51589258,7.49325243794,66.6666666667,16.0,0,24.1095638287,16.0,22.1428571429,41.3333333333,186.0
13:47:00,3107.0,3097.52116007,7.49585309223,64.7058823529,50.0,0,24.1256938919,8.0,19.2592592593,42.2857142857,176.0
13:47:00,3107.0,3097.52642463,7.49845136275,64.7058823529,56.0,0,24.1340565264,44.0,25.0,45.4285714286,184.0
13:47:01,3107.0,3097.53168626,7.50104725199,64.7058823529,46.0,0,24.1424114966,44.0,25.3424657534,44.8571428571,202.0
13:47:01,3107.0,3097.53694498,7.50362833531,64.7058823529,156.0,0,24.1507188134,144.0,25.4437869822,75.5238095238,268.0
13:47:02,3107.0,3097.54220077,7.50620728727,64.7058823529,104.0,0,24.1590192703,34.0,21.9626168224,89.1428571429,290.0
13:47:02,3107.0,3097.54745364,7.50879630258,64.7058823529,88.0,0,24.1673521164,-44.0,18.4,93.9047619048,230.0
13:47:03,3107.0,3097.5527036,7.51138294626,64.7058823529,136.0,0,24.1756773295,48.0,18.4300341297,108.952380952,270.0
13:47:03,3107.0,3097.55795064,7.51396722079,64.7058823529,10.0,0,24.1839949172,-2.0,15.9259259259,83.9047619048,224.0
13:47:04,3107.0,3097.56319477,7.51654912859,64.7058823529,48.0,0,24.1923048876,26.0,15.1291512915,71.9047619048,206.0
13:47:04,3107.0,3097.56843598,7.5191286721,64.7058823529,126.0,0,24.2006072485,-22.0,8.203125,82.0952380952,40.0
13:47:05,3107.0,3097.57367428,7.52170585377,64.7058823529,250.0,0,24.2089020076,204.0,9.72644376899,129.142857143,210.0
13:47:05,3107.0,3097.57890968,7.52428067601,64.7058823529,886.0,0,24.2171891729,542.0,63.0494505495,350.952380952,796.0
13:47:06,3108.0,3097.58469756,7.52730727824,66.6666666667,446.0,0,24.2191353869,-136.0,75.0849377123,409.047619048,612.0
13:47:06,3108.0,3097.59048223,7.53030518765,66.6666666667,200.0,0,24.22878117,18.0,76.6871165644,382.095238095,632.0
13:47:07,3107.0,3097.59570829,7.53284640757,64.7058823529,78.0,0,24.2447583121,32.0,75.9315206445,311.238095238,638.0
13:47:07,3107.0,3097.60093145,7.53538503997,64.7058823529,40.0,0,24.2529289989,32.0,79.3684210526,228.095238095,692.0
13:47:08,3107.0,3097.6061517,7.53792108747,64.7058823529,32.0,0,24.2610913662,16.0,89.0606420928,146.761904762,504.0
13:47:08,3108.0,3097.61192446,7.540907185,66.6666666667,412.0,0,24.2628931306,384.0,53.642384106,184.380952381,346.0
13:47:09,3108.0,3097.61769401,7.54389009582,66.6666666667,116.0,0,24.2724906558,-90.0,38.2687927107,160.0,392.0
13:47:09,3108.0,3097.62346036,7.5468698237,66.6666666667,36.0,0,24.2820779398,22.0,24.0896358543,128.476190476,396.0
13:47:10,3108.0,3097.6292235,7.54987302138,66.6666666667,118.0,0,24.291740738,4.0,36.6047745358,128.19047619,368.0
13:47:10,3108.0,3097.63498344,7.55284652721,66.6666666667,12.0,0,24.3013080026,10.0,38.2920110193,95.7142857143,346.0
13:47:11,3108.0,3097.64074019,7.55575318369,66.6666666667,0.0,0,24.3106601792,0.0,0,61.1428571429,330.0
13:47:11,3107.0,3097.64593833,7.55829656163,64.7058823529,8.0,0,24.32667062,2.0,84.8275862069,30.380952381,-52.0
13:47:12,3107.0,3097.65113359,7.56074656236,64.7058823529,104.0,0,24.3345560424,100.0,47.4820143885,46.2857142857,138.0
13:47:12,3107.0,3097.65632596,7.56325779287,64.7058823529,60.0,0,24.3426385351,60.0,39.0728476821,50.1904761905,176.0
13:47:13,3107.0,3097.66151545,7.56576646628,64.7058823529,28.0,0,24.3507127978,24.0,7.54716981133,43.8095238095,196.0
13:47:13,3107.0,3097.66670206,7.56827258513,64.7058823529,58.0,0,24.3587788385,-2.0,5.42635658916,50.2857142857,184.0
13:47:14,3107.0,3097.67188578,7.57071179503,64.7058823529,28.0,0,24.3666295302,8.0,4.89510489511,46.0,192.0
13:47:14,3108.0,3097.67762203,7.57349605634,66.6666666667,60.0,0,24.367747929,28.0,7.69230769231,49.5238095238,218.0
13:47:15,3107.0,3097.68279969,7.57599392493,64.7058823529,28.0,0,24.3836302701,-4.0,16.7938931298,41.4285714286,114.0
13:47:15,3107.0,3097.68797447,7.57832312615,64.7058823529,6.0,0,24.3911268946,0.0,22.1153846154,30.6666666667,54.0
13:47:16,3108.0,3097.69370179,7.58109742679,66.6666666667,362.0,0,24.3922053629,-82.0,62.3616236162,124.19047619,-52.0
13:47:16,3108.0,3097.69942592,7.58396975351,66.6666666667,8.0,0,24.4014470834,0.0,69.918699187,100.666666667,-50.0
13:47:17,3107.0,3097.70459147,7.58645637259,64.7058823529,62.0,0,24.4173040637,42.0,65.3992395437,94.9523809524,-16.0
13:47:17,3107.0,3097.70975415,7.58887521859,64.7058823529,16.0,0,24.4250892134,2.0,68.8796680498,74.4761904762,-42.0
13:47:18,3107.0,3097.71491396,7.59129130165,64.7058823529,90.0,0,24.4328654704,-10.0,57.3529411765,77.2380952381,-48.0
13:47:18,3107.0,3097.72007091,7.59370462441,64.7058823529,56.0,0,24.4406328433,-2.0,58.2491582492,67.3333333333,-50.0
13:47:19,3107.0,3097.725225,7.5961151895,64.7058823529,36.0,0,24.4483913405,-4.0,26.8656716418,49.3333333333,28.0
13:47:19,3106.0,3097.72982082,7.59811347606,62.5,30.0,0,24.462696317,2.0,31.0344827586,45.1428571429,30.0
13:47:20,3106.0,3097.73441409,7.60010952143,62.5,74.0,0,24.4691227348,38.0,31.1258278146,52.4761904762,26.0
13:47:20,3106.0,3097.7390048,7.60210332737,62.5,18.0,0,24.4755419426,-14.0,30.9210526316,43.2380952381,10.0
13:47:21,3106.0,3097.74359297,7.60409489565,62.5,18.0,0,24.4819539461,-2.0,47.4137931035,33.9047619048,18.0
13:47:21,3107.0,3097.74873399,7.6064927949,64.7058823529,2.0,0,24.481792066,-2.0,42.6966292135,23.4285714286,18.0
13:47:22,3106.0,3097.75331675,7.60847965459,62.5,42.0,0,24.4960710064,0.0,25.0,26.9523809524,22.0
13:47:22,3106.0,3097.75789697,7.61046428213,62.5,26.0,0,24.5024606636,-6.0,15.5555555556,25.619047619,14.0
13:47:23,3107.0,3097.76303005,7.61285449924,64.7058823529,68.0,0,24.5022674581,-14.0,40.2298850575,36.4761904762,-38.0
13:47:23,3107.0,3097.76816027,7.61524198018,64.7058823529,12.0,0,24.5099516581,-4.0,44.0476190476,31.619047619,-28.0
13:47:24,3107.0,3097.77328765,7.61762672752,64.7058823529,10.0,0,24.5176270599,0.0,42.5,26.4761904762,-26.0
13:47:24,3107.0,3097.77841218,7.62000874384,64.7058823529,34.0,0,24.5252936718,-4.0,46.875,28.5714285714,-28.0
13:47:25,3106.0,3097.78297846,7.62198128871,62.5,8.0,0,24.5395405303,-4.0,58.2278481013,21.7142857143,-32.0
13:47:25,3106.0,3097.7875422,7.62395161281,62.5,14.0,0,24.5458841365,-10.0,58.904109589,18.1904761905,-36.0
13:47:26,3106.0,3097.79210341,7.62591971786,62.5,42.0,0,24.5522205984,-40.0,33.3333333333,23.2380952381,-62.0
13:47:26,3106.0,3097.79666209,7.62795295987,62.5,120.0,0,24.5587667736,-42.0,15.7894736842,51.8095238095,-100.0
13:47:27,3106.0,3097.80121823,7.6299167461,62.5,72.0,0,24.5650893307,-70.0,8.96551724138,61.5238095238,-170.0
13:47:27,3106.0,3097.80577185,7.6319458902,62.5,314.0,0,24.5716223123,-214.0,0.350877192982,137.428571429,-380.0
13:47:28,3106.0,3097.81032293,7.63397303947,62.5,474.0,0,24.5781488714,122.0,-0.386100386086,245.714285714,-254.0
13:47:28,3106.0,3097.81487149,7.63599819548,62.5,112.0,0,24.5846690131,-2.0,1.26719720353e-11,228.380952381,-246.0
13:47:29,3105.0,3097.81886212,7.63758493416,58.8235294118,1120.0,0,24.5976970504,-550.0,0.180831826405,494.380952381,-756.0
13:47:29,3105.0,3097.82285053,7.63923787082,58.8235294118,366.0,0,24.6030205179,-198.0,-3.66151342555,493.619047619,-912.0
13:47:30,3104.0,3097.82628133,7.64055739354,55.5555555556,418.0,0,24.6151977885,-338.0,8.70185449358,496.0,-1180.0
13:47:30,3105.0,3097.83026562,7.6421391873,58.8235294118,254.0,0,24.6123645324,-90.0,12.0991253644,435.047619048,-1056.0
13:47:31,3105.0,3097.8342477,7.6437874748,58.8235294118,52.0,67.4418604651,24.6176730267,-14.0,15.1593453919,319.238095238,-1192.0
13:47:31,3104.0,3097.83767217,7.64510288165,42.8571428571,32.0,0,24.6298417579,-12.0,15.8786797502,217.80952381,-1202.0
13:47:32,3105.0,3097.84165013,7.64674819938,46.1538461538,1076.0,0,24.6272083716,-392.0,18.1073703367,418.476190476,-1044.0
13:47:32,3103.0,3097.84451509,7.64776631131,40.0,256.0,0,24.6463625888,-10.0,22.3180076628,386.952380952,-856.0
13:47:33,3103.0,3097.84737845,7.64871484707,40.0,228.0,0,24.6494194234,18.0,10.5374077977,352.666666667,-500.0
13:47:33,3103.0,3097.85024022,7.64966225652,40.0,856.0,0,24.6524726282,-6.0,7.2,506.857142857,-416.0
13:47:34,3104.0,3097.85365581,7.65097161082,42.8571428571,766.0,0,24.6487487462,274.0,5.91163658992,606.666666667,-128.0
13:47:34,3103.0,3097.85651409,7.65198562143,40.0,580.0,0,24.6599601077,-156.0,3.88091440723,619.333333333,-272.0
13:47:35,3103.0,3097.85937079,7.65292970206,40.0,314.0,0,24.6630025848,50.0,11.8666666667,529.904761905,170.0
13:47:35,3103.0,3097.8622259,7.65394172939,40.0,44.0,0,24.6662640328,-8.0,14.7058823529,399.619047619,172.0
13:47:36,3103.0,3097.86507943,7.65488365359,40.0,100.0,0,24.6692995604,56.0,16.1654135338,295.428571429,210.0
13:47:36,3103.0,3097.86793137,7.65589369919,40.0,124.0,0,24.672554622,-48.0,22.4066390041,204.19047619,168.0
13:47:37,3103.0,3097.87078173,7.6569027953,40.0,748.0,0,24.6758066236,116.0,45.6544502618,326.095238095,10.0
13:47:37,3103.0,3097.8736305,7.65791094229,40.0,224.0,0,24.6790555665,102.0,65.8944658945,299.142857143,268.0
13:47:38,3102.0,3097.87592229,7.6586611988,37.5,450.0,0,24.6894300413,-66.0,44.4970414201,353.714285714,152.0
13:47:38,3102.0,3097.87821281,7.65941073709,37.5,684.0,0,24.6918463478,-416.0,37.1673819742,468.666666667,-256.0
13:47:39,3103.0,3097.88105746,7.66041628768,40.0,154.0,0,24.6871295124,-12.0,33.3053691275,401.714285714,-324.0
13:47:39,3103.0,3097.88390053,7.66135117161,40.0,532.0,0,24.6901423513,-86.0,27.5071633238,440.19047619,-362.0
13:47:40,3102.0,3097.88618661,7.66209827155,37.5,392.0,0,24.7005102242,182.0,12.6436781609,419.238095238,-296.0
13:47:40,3102.0,3097.88847143,7.6628446542,37.5,120.0,0,24.7029163578,30.0,10.2915951973,337.523809524,-368.0
13:47:41,3102.0,3097.89075498,7.66359031979,37.5,182.0,0,24.7053201798,-4.0,20.4457364341,278.476190476,-306.0
13:47:41,3101.0,3097.89248186,7.66411533635,35.2941176471,168.0,0,24.7149801237,34.0,22.2222222222,228.19047619,144.0
13:47:42,3101.0,3097.89420778,7.66463982367,35.2941176471,518.0,0,24.7166714726,-78.0,31.1715481172,302.476190476,78.0
13:47:42,3101.0,3097.89593274,7.66516378184,35.2941176471,188.0,0,24.7183611153,-50.0,36.6071428572,265.142857143,114.0
13:47:43,3101.0,3097.89765674,7.66568721099,35.2941176471,268.0,0,24.7200490519,-62.0,43.2132963989,267.047619048,-130.0
13:47:43,3101.0,3097.89937979,7.66624414597,35.2941176471,926.0,0,24.721845037,530.0,25.6888888889,462.857142857,370.0
13:47:44,3101.0,3097.90110187,7.6667665855,35.2941176471,184.0,0,24.7235297823,94.0,21.4920071048,408.285714286,468.0
13:47:44,3100.0,3097.9022676,7.66710528133,33.3333333333,342.0,0,24.7325976817,86.0,25.2267106348,398.761904762,520.0
13:47:45,3100.0,3097.90343269,7.66744359992,33.3333333333,1920.0,0,24.733689032,590.0,14.263322884,831.80952381,1188.0
13:47:45,3100.0,3097.90459712,7.66778154132,33.3333333333,814.0,0,24.7347791656,-16.0,18.320610687,882.095238095,1222.0
13:47:46,3101.0,3097.90631631,7.66830211522,35.2941176471,264.0,0,24.7284815067,-8.0,20.4494382022,745.428571429,1276.0
13:47:46,3101.0,3097.90803455,7.66882216076,35.2941176471,432.0,0,24.730158532,224.0,24.4186046512,656.952380952,970.0
13:47:47,3100.0,3097.90919643,7.66915883407,33.3333333333,1006.0,0,24.7392220454,-70.0,24.7802427794,756.0,806.0
13:47:47,3100.0,3097.91035767,7.66949513042,33.3333333333,510.0,0,24.7403068723,96.0,24.1811564901,674.19047619,816.0
13:47:48,3100.0,3097.91151826,7.66986563192,33.3333333333,232.0,0,24.7415020385,98.0,33.517495396,504.952380952,324.0
13:47:48,3100.0,3097.9126782,7.67023586403,33.3333333333,352.0,0,24.7426963356,164.0,31.1158798283,450.380952381,504.0
13:47:49,3101.0,3097.9143929,7.67078842504,35.2941176471,464.0,0,24.7364992746,108.0,30.7076101469,449.80952381,620.0
13:47:49,3101.0,3097.91610665,7.67130583774,35.2941176471,112.0,0,24.7381678096,4.0,32.9596412556,339.142857143,400.0
13:47:50,3101.0,3097.91781945,7.67182272272,35.2941176471,188.0,0,24.7398346428,120.0,37.1367061356,265.428571429,590.0
13:47:50,3100.0,3097.9189759,7.67215672995,33.3333333333,98.0,0,24.7488926773,42.0,36.3762102351,204.952380952,536.0
13:47:51,3101.0,3097.9206871,7.67267264246,35.2941176471,790.0,0,24.7425754352,-70.0,27.0459081836,361.80952381,368.0
13:47:51,3100.0,3097.92184196,7.67300582831,33.3333333333,70.0,0,24.7516317042,34.0,28.9198606272,286.380952381,238.0
13:47:52,3100.0,3097.92299617,7.6733386377,33.3333333333,170.0,0,24.7527052829,114.0,30.81232493,252.952380952,244.0
13:47:52,3100.0,3097.92414974,7.67367107066,33.3333333333,1322.0,0,24.7537776473,0.0,55.7240333586,562.666666667,240.0
13:47:53,3101.0,3097.92585807,7.67422030764,35.2941176471,124.0,0,24.7475662936,62.0,51.9813519814,472.476190476,182.0
13:47:53,3101.0,3097.92756545,7.67473389976,35.2941176471,844.0,0,24.7492225081,-194.0,39.156626506,591.047619048,-54.0
13:47:54,3102.0,3097.92982729,7.67546497968,37.5,38.0,0,24.7436008371,36.0,46.4174454829,443.80952381,52.0
13:47:54,3101.0,3097.93153246,7.67597743304,35.2941176471,842.0,0,24.7532326122,478.0,35.2694610778,562.095238095,496.0
13:47:55,3101.0,3097.9332367,7.67648935965,35.2941176471,136.0,0,24.7548834558,54.0,35.4506957048,441.904761905,436.0
13:47:55,3101.0,3097.93493998,7.67700075964,35.2941176471,538.0,0,24.7565326012,218.0,25.3766851705,438.19047619,654.0
13:47:56,3101.0,3097.93664232,7.67751163311,35.2941176471,416.0,0,24.7581800487,-80.0,39.8720682303,436.952380952,512.0
13:47:56,3101.0,3097.93834371,7.67802198016,35.2941176471,366.0,0,24.7598257986,66.0,52.654109589,407.523809524,772.0
13:47:57,3102.0,3097.94059956,7.67874929032,37.5,740.0,0,24.7541885568,-126.0,40.487162607,507.714285714,610.0
13:47:57,3102.0,3097.94285416,7.67947588855,37.5,84.0,0,24.7565309109,60.0,53.9473684211,387.047619048,192.0
13:47:58,3101.0,3097.9445521,7.68002037014,35.2941176471,22.0,0,24.7662701391,20.0,50.6925207756,284.761904762,158.0
13:47:58,3102.0,3097.9468045,7.68074572298,37.5,162.0,0,24.7606245099,42.0,41.0055865922,227.904761905,-18.0
13:47:59,3102.0,3097.94905565,7.68147036445,37.5,80.0,0,24.7629605559,50.0,20.4951856946,165.523809524,112.0
13:47:59,3102.0,3097.95130555,7.68223039806,37.5,46.0,0,24.7654106965,10.0,19.0476190476,109.428571429,56.0
13:48:00,3101.0,3097.9529988,7.6827729369,35.2941176471,826.0,0,24.7751465234,380.0,17.2131147541,291.428571429,562.0
13:48:00,3101.0,3097.95469111,7.68331513113,35.2941176471,438.0,0,24.776894973,182.0,38.1194409149,358.476190476,684.0
13:48:01,3101.0,3097.95638247,7.68385703606,35.2941176471,288.0,0,24.7786424897,-74.0,47.8260869565,365.80952381,590.0
13:48:01,3101.0,3097.9580729,7.6843984961,35.2941176471,294.0,0,24.7803885718,-176.0,51.2170385396,362.19047619,372.0
13:48:02,3101.0,3097.95976239,7.68493955654,35.2941176471,140.0,0,24.7821333652,-4.0,49.5078740157,308.285714286,318.0
13:48:02,3101.0,3097.96145095,7.68548021745,35.2941176471,24.0,0,24.7838768702,20.0,49.2537313433,218.380952381,328.0
13:48:03,3101.0,3097.96313856,7.68602081523,35.2941176471,136.0,0,24.7856201717,72.0,75.0,161.523809524,20.0
13:48:03,3101.0,3097.96482524,7.68656112404,35.2941176471,548.0,0,24.7873625412,232.0,79.4405594406,255.238095238,70.0
13:48:04,3101.0,3097.96651098,7.68710070729,35.2941176471,72.0,0,24.7891025711,-28.0,73.3113673806,207.714285714,116.0
13:48:04,3101.0,3097.96819578,7.68763989133,35.2941176471,98.0,0,24.7908413135,-66.0,66.6011787819,177.904761905,226.0
13:48:05,3101.0,3097.96987965,7.68817923327,35.2941176471,566.0,0,24.7925805652,-332.0,77.2853185596,291.142857143,-102.0
13:48:05,3100.0,3097.97100718,7.68853824164,33.3333333333,92.0,0,24.8017362634,-32.0,74.8677248677,248.666666667,-154.0
13:48:06,3101.0,3097.97268949,7.68907706899,35.2941176471,112.0,0,24.7954758755,4.0,78.8978494624,208.666666667,-222.0
13:48:06,3100.0,3097.97381546,7.68943498683,33.3333333333,858.0,0,24.8046289898,100.0,44.382647386,382.952380952,-354.0
13:48:07,3101.0,3097.9754962,7.68997250212,35.2941176471,94.0,0,24.798363438,-28.0,43.0769230769,324.19047619,-354.0
13:48:07,3101.0,3097.97717602,7.69050961864,35.2941176471,1518.0,0,24.8000955132,-822.0,23.7654320988,671.238095238,-1110.0
13:48:08,3099.0,3097.97774409,7.69072300198,31.5789473684,460.0,0,24.8167892933,-126.0,9.82769623486,648.380952381,-904.0
13:48:08,3100.0,3097.97886726,7.69107978982,33.3333333333,1586.0,0,24.8099348059,-180.0,19.9654278306,952.285714286,-1052.0
13:48:09,3099.0,3097.9794344,7.69129279618,31.5789473684,284.0,0,24.8186279322,160.0,18.3333333333,813.047619048,-896.0
13:48:09,3098.0,3097.97944582,7.69139923695,30.0,90.0,0,24.8269826887,-28.0,18.7996031746,610.19047619,-1024.0
13:48:10,3098.0,3097.97945723,7.69150464799,30.0,646.0,0,24.8273229438,-294.0,21.2914485166,602.761904762,-1290.0
13:48:10,3100.0,3097.98057945,7.69186173562,33.3333333333,416.0,0,24.8124572117,-154.0,31.4761631247,503.333333333,-622.0
13:48:11,3099.0,3097.98114563,7.69207526702,31.5789473684,664.0,0,24.8211528462,456.0,25.0678241997,527.238095238,-40.0
13:48:11,3098.0,3097.98115611,7.69218145623,30.0,518.0,0,24.8295076056,324.0,18.563789152,499.714285714,464.0
13:48:12,3099.0,3097.98172197,7.69239370987,31.5789473684,1176.0,0,24.8221804126,822.0,44.5014245014,711.047619048,1126.0
13:48:12,3098.0,3097.98173212,7.69249862581,30.0,946.0,0,24.8305313938,-736.0,55.6573522675,814.19047619,418.0
13:48:13,3099.0,3097.98229767,7.69271058985,31.5789473684,34.0,0,24.8232029359,2.0,58.5508790623,616.0,714.0
13:48:13,3098.0,3097.9823075,7.69281529083,30.0,118.0,0,24.8315535533,10.0,60.1273148148,470.952380952,878.0
13:48:14,3099.0,3097.98287273,7.69298958869,31.5789473684,544.0,0,24.8241032226,224.0,70.3836930456,461.80952381,646.0
13:48:14,3099.0,3097.98343765,7.69320105778,31.5789473684,520.0,0,24.8247856011,134.0,65.4284002397,451.523809524,456.0
13:48:15,3098.0,3097.98344684,7.69330539102,30.0,310.0,0,24.8331355424,58.0,48.2200647249,381.142857143,-308.0
13:48:15,3098.0,3097.98345604,7.69340963258,30.0,90.0,0,24.8334720225,-20.0,20.6683168317,289.142857143,408.0
13:48:16,3099.0,3097.98402063,7.69362068896,31.5789473684,1214.0,0,24.8261396869,-18.0,13.5908440629,559.047619048,388.0
13:48:16,3098.0,3097.9840295,7.69372471564,30.0,74.0,0,24.8344890757,4.0,12.2093023256,447.047619048,382.0
13:48:17,3098.0,3097.98403837,7.69382865065,30.0,168.0,0,24.8348245663,24.0,11.1952861953,364.0,182.0
13:48:17,3099.0,3097.98460264,7.69403929439,31.5789473684,818.0,0,24.8274904627,154.0,38.219895288,484.571428571,202.0
13:48:18,3099.0,3097.98516659,7.69424977191,31.5789473684,572.0,0,24.8281696415,-176.0,44.3460490463,520.666666667,-32.0
13:48:18,3099.0,3097.98573023,7.69446008322,31.5789473684,1514.0,0,24.828848284,-672.0,58.1192660551,813.428571429,-684.0
13:48:19,3100.0,3097.98684896,7.69477523858,33.3333333333,1114.0,0,24.8218556083,558.0,84.3192488263,924.095238095,-108.0
13:48:19,3100.0,3097.98796707,7.69509002005,33.3333333333,522.0,0,24.8228710324,270.0,85.0892098556,870.380952381,158.0
13:48:20,3100.0,3097.98908455,7.69540442768,33.3333333333,342.0,0,24.8238852506,30.0,87.6280213028,743.904761905,164.0
13:48:20,3100.0,3097.99020142,7.6956444311,33.3333333333,108.0,0,24.8246594552,14.0,85.6184084372,542.285714286,24.0
13:48:21,3100.0,3097.99131766,7.69588393575,33.3333333333,148.0,58.6956521739,24.8254320508,-80.0,88.2604055496,385.904761905,120.0
13:48:21,3100.0,3097.99243329,7.69612294167,29.4117647059,1154.0,0,24.8262030377,1028.0,60.0944510035,537.142857143,1820.0
13:48:22,3099.0,3097.99299289,7.69610880014,27.7777777778,354.0,0,24.8341684419,160.0,34.6270928462,476.952380952,1422.0
13:48:22,3101.0,3097.99466299,7.69641472969,33.3333333333,246.0,0,24.8191381157,88.0,30.9523809524,422.095238095,1240.0
13:48:23,3100.0,3097.99577675,7.69654161151,29.4117647059,78.0,0,24.8275535855,20.0,22.1264367816,332.380952381,1230.0
13:48:23,3100.0,3097.9968899,7.69666784964,29.4117647059,38.0,0,24.8279608053,36.0,18.3349851338,243.80952381,1252.0
13:48:24,3101.0,3097.99855783,7.6970821592,33.3333333333,170.0,0,24.8212904199,-8.0,20.4901960784,196.285714286,1324.0
13:48:24,3101.0,3098.00022484,7.69749580491,33.3333333333,164.0,0,24.8226243306,94.0,42.4761904762,146.0,390.0
13:48:25,3100.0,3098.00133551,7.69762010279,29.4117647059,68.0,0,24.8310325897,-20.0,66.4921465969,115.428571429,210.0
13:48:25,3100.0,3098.00244558,7.69774375714,29.4117647059,106.0,0,24.8314314747,-20.0,49.0384615385,109.333333333,102.0
13:48:26,3100.0,3098.00355502,7.69797772366,29.4117647059,76.0,0,24.8321862054,4.0,53.3762057878,101.333333333,86.0
13:48:26,3100.0,3098.00466385,7.69810016947,29.4117647059,348.0,0,24.8325811918,158.0,35.8369098712,171.142857143,208.0
13:48:27,3100.0,3098.00577206,7.69822197184,29.4117647059,194.0,0,24.8329741027,42.0,37.8661087866,182.19047619,258.0
13:48:27,3100.0,3098.00687966,7.69834313082,29.4117647059,12.0,0,24.8333649381,2.0,40.5472636816,140.095238095,166.0
13:48:28,3100.0,3098.00798664,7.6985749042,29.4117647059,100.0,0,24.8341125942,88.0,44.7368421053,130.380952381,274.0
13:48:28,3100.0,3098.00909301,7.6988061795,29.4117647059,246.0,0,24.8348586435,20.0,58.4016393443,160.857142857,314.0
13:48:29,3101.0,3098.01075416,7.69921420052,33.3333333333,178.0,0,24.8281657547,102.0,53.9888682746,165.238095238,412.0
13:48:29,3100.0,3098.01185899,7.69933293868,29.4117647059,348.0,0,24.8365578667,180.0,54.1743970315,213.333333333,434.0
13:48:30,3101.0,3098.01351861,7.69962809748,33.3333333333,952.0,0,24.8295004756,712.0,23.6383442266,434.0,1104.0
13:48:30,3101.0,3098.0151773,7.70003407079,33.3333333333,74.0,0,24.8308096446,14.0,23.4984193888,367.714285714,1116.0
13:48:31,3100.0,3098.01627967,7.70026249653,29.4117647059,352.0,0,24.8395564404,122.0,17.488372093,377.904761905,1150.0
13:48:31,3099.0,3098.01682603,7.7003496744,27.7777777778,218.0,0,24.8478530958,204.0,16.5881244109,337.80952381,1334.0
13:48:32,3100.0,3098.01792749,7.70057717895,29.4117647059,124.0,0,24.840571545,12.0,20.1160541586,272.19047619,1244.0
13:48:32,3100.0,3098.01902834,7.7008041858,29.4117647059,62.0,0,24.8413038252,6.0,25.2525252525,191.428571429,1070.0
13:48:33,3099.0,3098.01957317,7.70077819941,27.7777777778,126.0,0,24.8492358806,-72.0,57.5313807531,142.571428571,286.0
13:48:33,3100.0,3098.0206731,7.70100421843,29.4117647059,26.0,0,24.8419490917,16.0,60.3524229075,104.476190476,288.0
13:48:34,3100.0,3098.02177242,7.70122973986,29.4117647059,48.0,0,24.8426765802,6.0,92.7152317881,74.9523809524,172.0
13:48:34,3100.0,3098.02287113,7.70145476377,29.4117647059,120.0,0,24.8434024638,82.0,90.5138339921,80.4761904762,50.0
13:48:35,3100.0,3098.02396923,7.70167929019,29.4117647059,114.0,0,24.8441267425,112.0,90.7258064516,88.9523809524,150.0
13:48:35,3100.0,3098.02506672,7.70179101745,29.4117647059,28.0,0,24.8444871531,22.0,94.8051948052,73.3333333333,166.0
13:48:36,3100.0,3098.0261636,7.70190210193,29.4117647059,52.0,0,24.8448454901,14.0,92.2680412371,66.1904761905,252.0
13:48:36,3100.0,3098.02725987,7.70201254363,29.4117647059,38.0,0,24.8452017536,-30.0,85.5,58.5714285714,206.0
13:48:37,3099.0,3098.02780013,7.70209495311,27.7777777778,20.0,0,24.8534848438,-8.0,82.2580645161,45.2380952381,192.0
13:48:37,3099.0,3098.0283401,7.70206441281,27.7777777778,918.0,0,24.853386295,804.0,94.5299145299,289.80952381,914.0
13:48:38,3100.0,3098.02943516,7.70228583596,29.4117647059,22.0,0,24.8460833418,2.0,94.2486085343,240.380952381,804.0
13:48:38,3100.0,3098.03052961,7.70250676187,29.4117647059,86.0,0,24.846796006,-24.0,86.9718309859,213.619047619,758.0
13:48:39,3100.0,3098.03162346,7.7027271906,29.4117647059,152.0,0,24.8475070665,98.0,79.4498381877,202.952380952,842.0
13:48:39,3100.0,3098.0327167,7.70283425471,29.4117647059,366.0,0,24.8478524346,176.0,70.0767263427,248.666666667,1048.0
13:48:40,3100.0,3098.03380933,7.70294067624,29.4117647059,24.0,0,24.8481957298,2.0,70.1530612245,181.047619048,1058.0
13:48:40,3099.0,3098.03434595,7.70302007072,27.7777777778,82.0,0,24.8564700572,14.0,32.2404371585,129.80952381,268.0
13:48:41,3100.0,3098.03543768,7.7031253678,29.4117647059,30.0,0,24.848791509,4.0,31.3513513514,103.523809524,270.0
13:48:41,3100.0,3098.0365288,7.70334318456,29.4117647059,48.0,0,24.8494941437,14.0,34.4729344729,82.0,308.0
13:48:42,3100.0,3098.03761931,7.70344727527,29.4117647059,70.0,0,24.8498299202,70.0,44.1935483871,68.5714285714,280.0
13:48:42,3100.0,3098.03870922,7.70355072353,29.4117647059,120.0,0,24.8501636243,20.0,72.7272727273,73.3333333333,124.0
13:48:43,3100.0,3098.03979853,7.70365352937,29.4117647059,100.0,0,24.850495256,94.0,80.0,84.0952380952,216.0
13:48:43,3100.0,3098.04088723,7.70386915777,29.4117647059,442.0,0,24.8511908315,284.0,84.938271605,188.952380952,486.0
13:48:44,3100.0,3098.04197532,7.70408428937,29.4117647059,176.0,0,24.8518848044,-24.0,84.7280334728,200.666666667,458.0
13:48:44,3100.0,3098.04306281,7.70429892421,29.4117647059,512.0,0,24.8525771749,490.0,56.4788732394,301.428571429,934.0
13:48:45,3100.0,3098.04414969,7.70451306234,29.4117647059,292.0,0,24.853267943,268.0,61.2667478685,317.238095238,1132.0
13:48:45,3100.0,3098.04523598,7.7047267038,29.4117647059,4.0,0,24.853957109,0.0,58.1913499345,240.19047619,1112.0
13:48:46,3101.0,3098.04687706,7.70511446306,33.3333333333,306.0,0,24.8471927219,-66.0,49.6535796767,254.952380952,952.0
13:48:46,3101.0,3098.04851722,7.70550156194,33.3333333333,30.0,0,24.8484410253,8.0,38.0303030303,181.047619048,676.0
13:48:47,3100.0,3098.04960108,7.70571356383,29.4117647059,124.0,0,24.8571405285,56.0,36.7507886435,153.619047619,756.0
13:48:47,3100.0,3098.05068433,7.70592506925,29.4117647059,166.0,0,24.857822804,46.0,48.590021692,140.666666667,312.0
13:48:48,3101.0,3098.05232239,7.70631036518,33.3333333333,116.0,0,24.8510492266,94.0,39.1420911528,129.904761905,138.0
13:48:48,3100.0,3098.05340413,7.70652080292,29.4117647059,40.0,0,24.8597445255,8.0,37.8516624041,105.80952381,146.0
13:48:49,3100.0,3098.05448527,7.70680891333,29.4117647059,12.0,0,24.860673914,8.0,47.131147541,72.0,220.0
13:48:49,3101.0,3098.05612121,7.70719248314,33.3333333333,90.0,0,24.8538938508,20.0,42.700729927,74.4761904762,232.0
13:48:50,3100.0,3098.05720085,7.70740142515,29.4117647059,20.0,0,24.8625852424,-4.0,29.2792792793,54.0952380952,172.0
13:48:50,3100.0,3098.05827988,7.70760987095,29.4117647059,592.0,0,24.8632576482,464.0,18.6206896552,202.095238095,590.0
13:48:51,3100.0,3098.05935831,7.7078178206,29.4117647059,16.0,0,24.8639284535,10.0,7.79220779222,165.238095238,506.0
13:48:51,3100.0,3098.06043615,7.70802527412,29.4117647059,114.0,0,24.8645976585,8.0,20.1421800948,161.142857143,506.0
13:48:52,3100.0,3098.06151339,7.70823223157,29.4117647059,852.0,0,24.8652652631,710.0,59.9762470309,364.380952381,1208.0
13:48:52,3100.0,3098.06259002,7.70843869297,29.4117647059,40.0,0,24.8659312677,40.0,60.3427172583,295.619047619,1228.0
13:48:53,3100.0,3098.06366606,7.70872336851,29.4117647059,28.0,0,24.8668495758,12.0,61.5103532278,225.80952381,1244.0
13:48:53,3100.0,3098.06474151,7.70892890592,29.4117647059,38.0,0,24.8675125997,2.0,95.7720588235,158.476190476,782.0
13:48:54,3100.0,3098.06581635,7.70913394741,29.4117647059,312.0,0,24.8681740239,256.0,74.1329479769,195.80952381,1028.0
13:48:54,3100.0,3098.0668906,7.70933849302,29.4117647059,110.0,0,24.8688338485,84.0,73.768115942,161.333333333,1104.0
13:48:55,3100.0,3098.06796425,7.70954254279,29.4117647059,90.0,0,24.8694920735,38.0,42.071197411,121.333333333,432.0
13:48:55,3100.0,3098.06903731,7.70974609676,29.4117647059,48.0,0,24.8701486992,30.0,49.2012779553,105.619047619,422.0
13:48:56,3100.0,3098.07010976,7.70994915497,29.4117647059,16.0,0,24.8708037257,12.0,48.8599348534,80.380952381,422.0
13:48:56,3099.0,3098.07062623,7.71001472653,27.7777777778,28.0,0,24.8790407439,16.0,45.6953642384,59.1428571429,436.0
13:48:57,3099.0,3098.0711424,7.71007993726,27.7777777778,56.0,0,24.8792511689,16.0,87.3563218391,46.380952381,196.0
13:48:57,3100.0,3098.07221369,7.71028165568,29.4117647059,104.0,0,24.8718763086,54.0,85.9649122807,59.5238095238,166.0
13:48:58,3099.0,3098.07272899,7.71034608357,27.7777777778,84.0,0,24.8801099825,16.0,79.1666666667,67.2380952381,144.0
13:48:58,3099.0,3098.07324399,7.71041015066,27.7777777778,106.0,0,24.8803167172,30.0,71.5736040609,81.5238095238,144.0
13:48:59,3100.0,3098.07431412,7.7106105295,29.4117647059,126.0,0,24.8729371919,-2.0,55.5555555556,98.7619047619,130.0
13:48:59,3100.0,3098.07538364,7.71088996141,29.4117647059,80.0,0,24.8738385852,-40.0,58.6330935252,97.619047619,74.0
13:49:00,3100.0,3098.07645258,7.71116902296,29.4117647059,166.0,0,24.8747387837,-14.0,57.9579579579,118.571428571,44.0
13:49:00,3100.0,3098.07752092,7.71144771419,29.4117647059,60.0,0,24.8756377877,20.0,50.4823151125,104.0,10.0
13:49:01,3099.0,3098.07803327,7.71150991104,27.7777777778,30.0,0,24.8838654761,18.0,47.1830985915,82.9523809524,12.0
13:49:01,3100.0,3098.07910073,7.71170809008,29.4117647059,40.0,0,24.8764777099,24.0,47.8087649402,67.3333333333,6.0
13:49:02,3099.0,3098.0796122,7.71184934326,27.7777777778,24.0,0,24.8849607721,10.0,58.0,50.2857142857,18.0
13:49:02,3099.0,3098.08012338,7.71191045629,27.7777777778,46.0,0,24.8851579745,-32.0,55.1912568306,44.380952381,26.0
13:49:03,3099.0,3098.08063428,7.71197120864,27.7777777778,22.0,0,24.885354013,2.0,56.7567567568,33.2380952381,42.0
13:49:03,3100.0,3098.0817003,7.71224770982,29.4117647059,40.0,0,24.8782184188,-4.0,64.3564356436,34.0952380952,18.0
13:49:04,3100.0,3098.08276573,7.71252384093,29.4117647059,96.0,0,24.8791091643,6.0,80.5970149254,51.9047619048,6.0
13:49:04,3100.0,3098.08383056,7.712799602,29.4117647059,10.0,0,24.8799987161,6.0,78.9915966386,42.0,-12.0
13:49:05,3100.0,3098.0848948,7.71299480675,29.4117647059,52.0,0,24.8806284089,6.0,87.2180451128,45.5238095238,-16.0
13:49:05,3099.0,3098.08540305,7.71313393557,27.7777777778,28.0,0,24.8891059554,20.0,80.6451612903,40.8571428571,36.0
13:49:06,3100.0,3098.08646642,7.71340859446,29.4117647059,128.0,0,24.8819632079,122.0,87.0056497175,65.619047619,156.0
13:49:06,3099.0,3098.0869738,7.71346681416,27.7777777778,14.0,0,24.8901801038,2.0,87.8048780488,52.7619047619,162.0
13:49:07,3100.0,3098.0880363,7.7136603215,29.4117647059,26.0,0,24.8827752307,14.0,78.2945736434,44.5714285714,170.0
13:49:07,3099.0,3098.0885428,7.71371775908,27.7777777778,2.0,0,24.8909898647,0.0,77.6,32.8571428571,164.0
13:49:08,3099.0,3098.08904903,7.71385537443,27.7777777778,16.0,0,24.8914339285,-6.0,68.2242990654,25.5238095238,152.0
13:49:08,3100.0,3098.09011037,7.71412820719,29.4117647059,46.0,0,24.8842845393,18.0,71.5517241379,28.4761904762,150.0
13:49:09,3099.0,3098.09061573,7.71426526509,27.7777777778,126.0,0,24.8927565831,-16.0,29.5652173913,53.4285714286,12.0
13:49:09,3099.0,3098.0911208,7.71440207051,27.7777777778,8.0,0,24.8931980333,2.0,27.6785714286,44.7619047619,12.0
13:49:10,3099.0,3098.09162559,7.71445788223,27.7777777778,76.0,0,24.8933781292,-38.0,19.7080291971,55.8095238095,-40.0
13:49:10,3100.0,3098.09268551,7.71472937345,29.4117647059,118.0,0,24.8862237853,102.0,43.0769230769,76.4761904762,62.0
13:49:11,3100.0,3098.09374483,7.71500049507,29.4117647059,74.0,67.5,24.8870983712,52.0,41.9642857143,79.0476190476,120.0
13:49:11,3099.0,3098.09424817,7.71513613731,23.5294117647,10.0,0,24.8955667548,2.0,40.7766990291,60.5714285714,104.0
13:49:12,3100.0,3098.09530662,7.71540658458,25.0,82.0,0,24.8884083374,42.0,61.4130434783,64.380952381,162.0
13:49:12,3099.0,3098.09580909,7.71554166965,23.5294117647,38.0,0,24.8968753458,-20.0,59.7989949749,57.7142857143,140.0
13:49:13,3099.0,3098.09631128,7.71567650235,23.5294117647,34.0,0,24.8973104303,0.0,72.4719101124,48.4761904762,178.0
13:49:13,3100.0,3098.09736859,7.71586484415,25.0,34.0,0,24.889886594,-4.0,61.7647058824,41.2380952381,72.0
13:49:14,3100.0,3098.09842532,7.7161338859,25.0,16.0,0,24.8907544706,0.0,71.9626168224,32.8571428571,20.0
13:49:14,3099.0,3098.09892605,7.71618656514,23.5294117647,50.0,0,24.8989563251,-20.0,64.5669291339,36.9523809524,-2.0
13:49:15,3100.0,3098.09998191,7.71637356455,25.0,8.0,0,24.8915276276,6.0,51.1111111111,27.1428571429,-38.0
13:49:15,3099.0,3098.10048178,7.71642546219,23.5294117647,104.0,0,24.8997272094,-24.0,43.0894308943,48.2857142857,-42.0
13:49:16,3099.0,3098.10098138,7.71647699951,23.5294117647,32.0,0,24.8998935125,6.0,40.1639344262,45.7142857143,-36.0
13:49:16,3099.0,3098.10148069,7.7165281765,23.5294117647,50.0,0,24.9000586528,14.0,32.3076923077,48.380952381,-18.0
13:49:17,3099.0,3098.10197973,7.71657899318,23.5294117647,108.0,0,24.9002226305,40.0,23.2954545455,66.8571428571,22.0
13:49:17,3100.0,3098.10303389,7.71676381328,25.0,30.0,0,24.8927864945,24.0,27.7108433735,58.6666666667,66.0
13:49:18,3099.0,3098.10353207,7.71689552496,23.5294117647,42.0,0,24.9012440302,-16.0,22.9508196721,54.8571428571,44.0
13:49:18,3100.0,3098.10458537,7.7170794976,25.0,184.0,0,24.893804831,82.0,22.4215246637,90.0,150.0
13:49:19,3099.0,3098.10508268,7.71721060398,23.5294117647,108.0,0,24.9022607421,-18.0,22.2222222222,99.619047619,126.0
13:49:19,3100.0,3098.10613512,7.71747557955,25.0,22.0,0,24.8950825147,20.0,22.6720647773,81.0476190476,132.0
13:49:20,3100.0,3098.10718698,7.71774018611,25.0,42.0,0,24.8959360842,20.0,34.1121495327,69.5238095238,112.0
13:49:20,3100.0,3098.10823825,7.71800442368,25.0,24.0,0,24.8967884635,8.0,33.1753554502,56.0,96.0
13:49:21,3100.0,3098.10928894,7.71818627046,25.0,18.0,0,24.897375066,-12.0,38.6934673367,41.0476190476,100.0
13:49:21,3099.0,3098.10978364,7.71823377716,23.5294117647,88.0,0,24.9055623658,32.0,44.3708609271,47.2380952381,50.0
13:49:22,3099.0,3098.11027807,7.71828092367,23.5294117647,14.0,0,24.9057145004,-14.0,50.0,36.8571428571,54.0
13:49:22,3100.0,3098.11132762,7.71854364322,25.0,4.0,0,24.8985278813,-4.0,53.6842105263,28.0952380952,30.0
13:49:23,3099.0,3098.11182119,7.71859006807,23.5294117647,30.0,0,24.9067120622,4.0,38.202247191,27.619047619,14.0
13:49:23,3099.0,3098.11231449,7.71871844973,23.5294117647,46.0,0,24.9071263302,8.0,45.0,32.2857142857,14.0
13:49:24,3100.0,3098.11336291,7.71898013477,25.0,108.0,0,24.8999359186,104.0,62.0689655172,53.619047619,130.0
13:49:24,3099.0,3098.11385535,7.71910796016,23.5294117647,22.0,0,24.9083832209,16.0,72.3214285714,46.0952380952,114.0
13:49:25,3099.0,3098.11434751,7.71923553354,23.5294117647,6.0,0,24.9087948807,2.0,75.0,37.1428571429,130.0
13:49:25,3099.0,3098.11483941,7.71936285491,23.5294117647,4.0,0,24.9092057274,4.0,73.1481481481,28.0,138.0
13:49:26,3100.0,3098.11588643,7.71962325869,25.0,12.0,0,24.9020105119,6.0,81.8181818182,21.1428571429,140.0
13:49:26,3100.0,3098.11693287,7.71988329387,25.0,222.0,0,24.9028493351,154.0,36.3636363636,75.1428571429,286.0
13:49:27,3100.0,3098.11797872,7.72014296048,25.0,126.0,0,24.9036869693,106.0,40.306122449,93.3333333333,288.0
13:49:27,3100.0,3098.119024,7.7203195098,25.0,54.0,0,24.9042564832,28.0,46.2264150943,90.0952380952,300.0
13:49:28,3100.0,3098.1200687,7.72057838219,25.0,0.0,0,24.9050915555,0.0,0,69.9047619048,298.0
13:49:28,3100.0,3098.12111281,7.72083688613,25.0,228.0,0,24.9059254391,-124.0,65.4205607477,115.142857143,170.0
13:49:29,3099.0,3098.12160095,7.72096208243,23.5294117647,34.0,0,24.9143661905,-16.0,63.5542168675,94.2857142857,148.0
13:49:29,3100.0,3098.12264421,7.72113693413,25.0,32.0,0,24.9068933359,2.0,91.9831223629,71.8095238095,-4.0
13:49:30,3100.0,3098.1236869,7.72139434011,25.0,74.0,0,24.9077236778,-8.0,90.9952606635,70.380952381,-118.0
13:49:30,3100.0,3098.12472901,7.72156827267,25.0,118.0,0,24.9082847505,-32.0,93.8271604938,84.0,-178.0
13:49:31,3099.0,3098.12521513,7.7216090434,23.5294117647,20.0,0,24.9164538348,6.0,93.6758893281,66.5714285714,-172.0
13:49:31,3099.0,3098.12570099,7.72164945418,23.5294117647,118.0,0,24.9165842342,-56.0,92.4242424243,76.1904761905,-104.0
13:49:32,3100.0,3098.12674198,7.72182205198,25.0,232.0,0,24.9091033935,44.0,96.9696969697,123.619047619,-44.0
13:49:32,3100.0,3098.12778239,7.72187481233,25.0,172.0,0,24.9092735882,50.0,92.6430517711,144.476190476,4.0
13:49:33,3100.0,3098.12882222,7.72204635591,25.0,40.0,0,24.9098269546,-2.0,90.8571428572,120.952380952,10.0
13:49:33,3100.0,3098.12986147,7.72221740607,25.0,18.0,0,24.9103787293,6.0,89.3333333333,92.7619047619,48.0
13:49:34,3100.0,3098.13090015,7.72226840514,25.0,28.0,0,24.9105432424,4.0,89.4736842105,72.1904761905,46.0
13:49:34,3099.0,3098.13138285,7.72218660563,23.5294117647,46.0,0,24.91831754,16.0,86.5671641791,56.380952381,118.0
13:49:35,3099.0,3098.13186528,7.72210431565,23.5294117647,208.0,0,24.9180520027,0.0,86.71875,90.2857142857,74.0
13:49:35,3099.0,3098.13234744,7.72202153516,23.5294117647,250.0,0,24.9177848827,128.0,71.186440678,137.333333333,152.0
13:49:36,3099.0,3098.13282934,7.72193826416,23.5294117647,28.0,0,24.9175161799,8.0,67.4740484429,117.238095238,162.0
13:49:36,3100.0,3098.13386637,7.72198638729,25.0,10.0,0,24.9096335074,0.0,66.3157894737,92.5714285714,156.0
13:49:37,3099.0,3098.13434742,7.7219020667,23.5294117647,8.0,0,24.9173993763,6.0,65.0909090909,67.7142857143,158.0
13:49:37,3100.0,3098.13538361,7.72194899097,25.0,26.0,0,24.9095128741,20.0,65.2830188679,48.9523809524,162.0
13:49:38,3099.0,3098.13586382,7.72186362077,23.5294117647,26.0,0,24.9172753171,10.0,43.6781609195,31.1428571429,172.0
13:49:38,3099.0,3098.13634376,7.72177775999,23.5294117647,184.0,0,24.9169982575,-58.0,53.9007092199,67.1428571429,-14.0
13:49:39,3099.0,3098.13682343,7.72169140861,23.5294117647,16.0,0,24.9167196148,4.0,60.0,58.2857142857,-18.0
13:49:39,3100.0,3098.13785824,7.72173601587,25.0,2.0,0,24.9088258576,0.0,61.0687022901,46.0,-18.0
13:49:40,3100.0,3098.13889248,7.72190042795,25.0,2.0,0,24.9093562192,0.0,60.9375,34.0952380952,-24.0
13:49:40,3100.0,3098.13992614,7.72206434691,25.0,16.0,0,24.90988499,0.0,56.0975609756,26.4761904762,-44.0
13:49:41,3099.0,3098.14040383,7.72197597029,23.5294117647,712.0,0,24.9176378519,332.0,17.8111587983,218.19047619,278.0
13:49:41,3099.0,3098.14088125,7.72188710304,23.5294117647,756.0,0,24.9173510908,304.0,3.72340425532,389.80952381,640.0
13:49:42,3098.0,3098.140803,7.72170262041,22.2222222222,32.0,0,24.9247986456,20.0,4.47368421053,327.333333333,656.0
13:49:42,3099.0,3098.1412802,7.72161284066,23.5294117647,22.0,0,24.916466088,12.0,5.58441558442,261.238095238,668.0
13:49:43,3099.0,3098.14175714,7.72152257022,23.5294117647,44.0,0,24.916174799,2.0,8.09102402023,200.476190476,670.0
13:49:43,3099.0,3098.14223381,7.72143180907,23.5294117647,30.0,0,24.9158819266,16.0,9.3984962406,133.714285714,686.0
13:49:44,3099.0,3098.14271021,7.72134055718,23.5294117647,14.0,0,24.9155874707,2.0,13.8084632517,61.7142857143,356.0
13:49:44,3098.0,3098.14263095,7.72127507681,22.2222222222,58.0,0,24.9234185823,-26.0,70.0,35.5238095238,26.0
13:49:45,3099.0,3098.14310713,7.7213040971,23.5294117647,64.0,0,24.9154698196,-6.0,63.7931034483,44.2857142857,0.0
13:49:45,3098.0,3098.14302765,7.72111690231,22.2222222222,40.0,0,24.9229080126,20.0,63.2,44.6666666667,8.0
13:49:46,3099.0,3098.14350361,7.72114520367,23.5294117647,26.0,0,24.9149570948,24.0,60.3448275862,40.1904761905,30.0
13:49:46,3099.0,3098.14397931,7.72105184976,23.5294117647,48.0,0,24.914655856,2.0,62.4,42.8571428571,16.0
13:49:47,3099.0,3098.14445475,7.72095800503,23.5294117647,86.0,0,24.9143530333,-42.0,65.2173913043,55.5238095238,-28.0
13:49:47,3098.0,3098.14437452,7.7207692428,22.2222222222,136.0,0,24.9217858063,-8.0,80.0,79.0476190476,-10.0
13:49:48,3098.0,3098.14429433,7.72070160888,22.2222222222,24.0,0,24.9215674915,-4.0,86.1111111111,66.8571428571,-8.0
13:49:48,3099.0,3098.14476959,7.72060650064,23.5294117647,40.0,0,24.9132187823,10.0,88.8888888889,61.1428571429,-18.0
13:49:49,3099.0,3098.14524459,7.7205109015,23.5294117647,188.0,0,24.9129102985,-112.0,92.337164751,97.7142857143,-154.0
13:49:49,3099.0,3098.14571932,7.72041481147,23.5294117647,34.0,0,24.9126002306,-16.0,87.0078740157,82.5714285714,-172.0
13:49:50,3099.0,3098.14619379,7.7203182305,23.5294117647,56.0,0,24.9122885786,-42.0,79.0794979079,74.380952381,-172.0
13:49:50,3099.0,3098.14666799,7.7202211586,23.5294117647,16.0,0,24.9119753424,-10.0,70.3910614525,56.1904761905,-174.0
13:49:51,3099.0,3098.14714194,7.72012359573,23.5294117647,22.0,0,24.9116605219,-10.0,67.9775280899,45.4285714286,-180.0
13:49:51,3099.0,3098.14761561,7.72002554188,23.5294117647,8.0,0,24.9113441171,-4.0,62.962962963,30.7619047619,-194.0
13:49:52,3099.0,3098.14808903,7.72004904973,23.5294117647,4.0,0,24.9114199733,-2.0,11.4285714286,16.4761904762,-84.0
13:49:52,3099.0,3098.14856218,7.7200721977,23.5294117647,20.0,0,24.9114946683,-6.0,9.52380952381,15.5238095238,-74.0
13:49:53,3099.0,3098.14903507,7.71997281387,23.5294117647,0.0,0,24.9111739718,0.0,0,9.52380952381,-32.0
13:49:53,3099.0,3098.1495077,7.71999518247,23.5294117647,672.0,0,24.9112461519,598.0,1.65289256198,198.19047619,576.0
13:49:54,3099.0,3098.14998006,7.72001719118,23.5294117647,26.0,0,24.9113171706,12.0,0.821917808219,171.047619048,598.0
13:49:54,3100.0,3098.15100757,7.72016834697,25.0,76.0,0,24.9037688612,12.0,1.25313283208,158.0,614.0
13:49:55,3100.0,3098.1520345,7.72019657185,25.0,22.0,0,24.9038599092,2.0,1.96078431372,126.285714286,618.0
13:49:55,3100.0,3098.15306086,7.72034667471,25.0,24.0,0,24.904344112,-4.0,2.43902439024,94.2857142857,620.0
13:49:56,3099.0,3098.15353125,7.72024442598,23.5294117647,236.0,0,24.9120504227,176.0,2.08333333334,122.666666667,796.0
13:49:56,3100.0,3098.15455678,7.72027089155,25.0,18.0,0,24.9040996502,-4.0,6.46766169156,77.5238095238,194.0
13:49:57,3099.0,3098.15502634,7.72016759237,23.5294117647,4.0,0,24.9118024923,0.0,5.78947368423,59.5238095238,182.0
13:49:57,3099.0,3098.15549564,7.72006380207,23.5294117647,32.0,0,24.9114675769,8.0,7.73809523812,50.5714285714,178.0
13:49:58,3100.0,3098.15652008,7.72008850918,25.0,14.0,0,24.9035113199,0.0,6.7073170732,38.5714285714,176.0
13:49:58,3099.0,3098.15698855,7.71998366834,23.5294117647,36.0,0,24.9112089976,4.0,14.1176470588,33.2380952381,184.0
13:49:59,3099.0,3098.15745676,7.71987833633,23.5294117647,20.0,0,24.9108691072,-8.0,45.1612903226,22.7619047619,0.0
13:49:59,3100.0,3098.15848011,7.71990128491,25.0,102.0,0,24.9029073707,-98.0,74.0384615385,46.0,-94.0
13:50:00,3100.0,3098.1595029,7.71992359374,25.0,86.0,0,24.9029793347,-80.0,75.8620689655,60.6666666667,-174.0
13:50:00,3100.0,3098.16052511,7.72006852461,25.0,710.0,0,24.9034468536,168.0,93.1818181818,249.714285714,-14.0
13:50:01,3100.0,3098.16154676,7.72008963359,25.0,668.0,66.6666666667,24.9035149471,554.0,96.5474722565,394.476190476,540.0
13:50:01,3100.0,3098.16256784,7.72011010284,33.3333333333,126.0,0,24.9035809769,90.0,96.9626168224,353.238095238,626.0
13:50:02,3099.0,3098.16303295,7.7200015542,30.7692307692,54.0,0,24.9112667125,26.0,97.2508591065,287.142857143,660.0
13:50:02,3099.0,3098.1634978,7.71989251428,30.7692307692,152.0,0,24.9109148573,58.0,95.7683741648,247.428571429,816.0
13:50:03,3100.0,3098.1645178,7.71991122494,33.3333333333,868.0,0,24.9029394353,86.0,97.4398758728,409.904761905,982.0
13:50:03,3100.0,3098.16553722,7.72005300768,33.3333333333,218.0,0,24.903396799,2.0,87.3441994248,349.428571429,816.0
13:50:04,3100.0,3098.16655609,7.72007051857,33.3333333333,98.0,0,24.9034532857,20.0,76.3852242744,278.095238095,282.0
13:50:04,3100.0,3098.16757438,7.72008738976,33.3333333333,88.0,0,24.9035077089,64.0,71.1772665765,231.047619048,256.0
13:50:05,3100.0,3098.16859212,7.72010362125,33.3333333333,6.0,0,24.9035600685,4.0,70.3496503497,162.380952381,234.0
13:50:05,3100.0,3098.16960928,7.72024323163,33.3333333333,68.0,0,24.9040104246,24.0,65.676077266,113.714285714,200.0
13:50:06,3101.0,3098.17118129,7.72054610107,38.4615384615,30.0,0,24.8969561466,24.0,6.29921259841,58.1904761905,138.0
13:50:06,3100.0,3098.17219701,7.72056049267,33.3333333333,86.0,0,24.9050338473,32.0,23.4042553191,58.5714285714,168.0
13:50:07,3101.0,3098.17376758,7.72073782196,38.4615384615,156.0,0,24.8975744017,46.0,21.6589861751,85.2380952381,194.0
13:50:07,3101.0,3098.17533727,7.72103867329,38.4615384615,76.0,0,24.8985445769,8.0,35.0710900474,86.2857142857,138.0
13:50:08,3101.0,3098.17690609,7.72121446262,38.4615384615,48.0,0,24.8991114564,18.0,40.5172413793,79.9047619048,152.0
13:50:08,3101.0,3098.17847404,7.72151393634,38.4615384615,6.0,0,24.9000771891,4.0,47.7611940299,59.5238095238,132.0
13:50:09,3101.0,3098.18004112,7.72168818597,38.4615384615,64.0,0,24.9006391034,46.0,52.2935779817,58.6666666667,154.0
13:50:09,3101.0,3098.18160733,7.72198628237,38.4615384615,22.0,0,24.9016003946,16.0,51.0752688172,44.1904761905,138.0
13:50:10,3101.0,3098.18317267,7.72228372777,38.4615384615,6.0,0,24.9025595865,6.0,84.6846846847,28.1904761905,98.0
13:50:10,3101.0,3098.18473714,7.72258052226,38.4615384615,204.0,0,24.9035166793,100.0,91.4285714286,75.9047619048,190.0
13:50:11,3100.0,3098.18574534,7.72271379331,33.3333333333,28.0,0,24.9119799784,12.0,87.8787878788,67.2380952381,184.0
13:50:11,3101.0,3098.18730838,7.72309834658,38.4615384615,232.0,0,24.9051865417,198.0,92.8057553957,117.80952381,378.0
13:50:12,3101.0,3098.18887055,7.72348239118,38.4615384615,10.0,0,24.9064249958,4.0,96.015936255,94.1904761905,336.0
13:50:12,3101.0,3098.19043186,7.72377682194,38.4615384615,16.0,0,24.9073744661,8.0,96.3709677419,74.8571428571,328.0
13:50:13,3101.0,3098.19199229,7.72407060213,38.4615384615,24.0,0,24.9083218385,16.0,95.3307392996,58.0952380952,338.0
13:50:13,3101.0,3098.19355187,7.72445299014,38.4615384615,34.0,0,24.9095549505,34.0,92.4418604651,43.3333333333,272.0
13:50:14,3101.0,3098.19511057,7.72483486978,38.4615384615,58.0,0,24.910786423,26.0,95.1871657754,43.5238095238,286.0
13:50:14,3101.0,3098.19666841,7.72512685181,38.4615384615,34.0,0,24.9117279968,14.0,89.7727272727,35.4285714286,102.0
13:50:15,3101.0,3098.19822538,7.72550764943,38.4615384615,36.0,0,24.9129559801,16.0,86.1386138614,37.3333333333,114.0
13:50:15,3101.0,3098.19978149,7.72579840754,38.4615384615,106.0,0,24.913893607,60.0,89.7260273973,58.0,166.0
13:50:16,3101.0,3098.20133674,7.72617812344,38.4615384615,32.0,0,24.915118102,14.0,92.0,53.2380952381,164.0
13:50:16,3101.0,3098.20289112,7.72655733134,38.4615384615,34.0,0,24.9163409588,-6.0,92.0,48.6666666667,124.0
13:50:17,3101.0,3098.20444464,7.72693603132,38.4615384615,22.0,0,24.9175621777,0.0,91.6666666667,40.6666666667,98.0
13:50:17,3101.0,3098.20599729,7.72731422346,38.4615384615,48.0,0,24.918781759,-34.0,90.6474820144,41.8095238095,50.0
13:50:18,3100.0,3098.20699368,7.72753014521,33.3333333333,38.0,0,24.9275165974,2.0,93.5714285714,39.4285714286,36.0
13:50:18,3101.0,3098.20854492,7.72781747234,38.4615384615,48.0,0,24.920404619,-2.0,92.7927927928,39.8095238095,-26.0
13:50:19,3100.0,3098.2095399,7.72794254557,33.3333333333,14.0,0,24.9288469212,6.0,88.2352941177,33.2380952381,-34.0
13:50:19,3100.0,3098.21053432,7.72815719174,33.3333333333,1092.0,0,24.9295393282,24.0,98.0982567353,335.523809524,-4.0
13:50:20,3101.0,3098.2120836,7.72844281826,38.4615384615,788.0,0,24.9224212133,60.0,99.3096646943,500.571428571,56.0
13:50:20,3101.0,3098.21363201,7.72881800152,38.4615384615,52.0,0,24.9236310916,44.0,97.2440944882,418.857142857,134.0
13:50:21,3102.0,3098.21573496,7.72938991392,42.8571428571,76.0,0,24.9174400835,34.0,93.9130434783,343.80952381,166.0
13:50:21,3101.0,3098.21728135,7.72976400307,38.4615384615,16.0,0,24.9266817255,8.0,93.4249263984,249.80952381,176.0
13:50:22,3102.0,3098.21938227,7.7303346477,42.8571428571,72.0,0,24.920485647,-36.0,93.893129771,173.333333333,134.0
13:50:22,3101.0,3098.22092663,7.73070764313,38.4615384615,224.0,0,24.9297247441,18.0,72.6384364821,137.523809524,128.0
13:50:23,3102.0,3098.22302553,7.73127702047,42.8571428571,202.0,0,24.9235235992,30.0,17.1339563863,136.761904762,98.0
13:50:23,3101.0,3098.22456787,7.73164892256,38.4615384615,380.0,0,24.9327601501,-122.0,12.5773195876,214.761904762,-68.0
13:50:24,3102.0,3098.22666475,7.7322170331,42.8571428571,106.0,0,24.9265539429,80.0,13.0,198.857142857,-22.0
13:50:24,3101.0,3098.22820506,7.73249708122,38.4615384615,146.0,0,24.9354952635,-14.0,15.5752212389,192.952380952,-44.0
13:50:25,3102.0,3098.23029992,7.73297300705,42.8571428571,60.0,0,24.9289909963,28.0,13.9534883721,156.285714286,20.0
13:50:25,3102.0,3098.23239362,7.73353902484,42.8571428571,38.0,0,24.9308156829,24.0,18.025751073,113.904761905,26.0
13:50:26,3102.0,3098.23448615,7.7341043627,42.8571428571,18.0,0,24.9326381776,10.0,23.5294117647,74.6666666667,6.0
13:50:26,3101.0,3098.23602212,7.73447277685,38.4615384615,20.0,0,24.94186642,18.0,45.3608247423,44.7619047619,146.0
13:50:27,3102.0,3098.23811264,7.73503684941,42.8571428571,32.0,0,24.9356442599,20.0,63.0573248408,35.4285714286,86.0
13:50:27,3102.0,3098.240202,7.73550902804,42.8571428571,52.0,0,24.9371664347,0.0,84.5454545454,35.3333333333,100.0
13:50:28,3102.0,3098.24229019,7.73607166856,42.8571428571,116.0,0,24.9389802339,46.0,55.0724637681,58.0,118.0
13:50:28,3101.0,3098.24382183,7.73643775492,38.4615384615,12.0,0,24.9482030149,4.0,53.6,48.2857142857,98.0
13:50:29,3102.0,3098.24590802,7.73690769388,42.8571428571,30.0,0,24.941675351,22.0,55.7251908397,44.9523809524,110.0
13:50:29,3102.0,3098.24799304,7.73737679652,42.8571428571,2.0,0,24.9431876097,2.0,53.2786885246,33.0476190476,94.0
13:50:30,3101.0,3098.24952151,7.737649478,38.4615384615,74.0,0,24.9521105385,-10.0,45.4545454546,42.5714285714,64.0
13:50:30,3102.0,3098.25160453,7.73811701004,42.8571428571,116.0,0,24.9455738557,94.0,57.1428571429,62.0952380952,158.0
13:50:31,3101.0,3098.25313099,7.73848006817,38.4615384615,724.0,0,24.9547889976,-332.0,24.8434237996,252.285714286,-220.0
13:50:31,3101.0,3098.25465661,7.7388426207,38.4615384615,130.0,0,24.9559581448,-16.0,28.43866171,243.80952381,-240.0
13:50:32,3101.0,3098.25618138,7.73920466772,38.4615384615,132.0,0,24.9571256618,18.0,25.636672326,230.285714286,-244.0
13:50:32,3101.0,3098.2577053,7.73956620929,38.4615384615,214.0,0,24.9582915488,-174.0,36.8345323741,235.333333333,-420.0
13:50:33,3101.0,3098.25922837,7.73992724549,38.4615384615,140.0,0,24.9594558061,-98.0,42.5824175824,209.142857143,-508.0
13:50:33,3101.0,3098.2607506,7.74028777638,38.4615384615,124.0,0,24.960618434,4.0,43.1693989071,175.238095238,-598.0
13:50:34,3102.0,3098.26282738,7.74084273314,42.8571428571,466.0,0,24.9543608418,98.0,98.0099502488,238.666666667,-168.0
13:50:34,3101.0,3098.26434761,7.7412021748,38.4615384615,20.0,0,24.9635671551,6.0,102.554744526,186.952380952,-146.0
13:50:35,3102.0,3098.2664224,7.74166357194,42.8571428571,10.0,0,24.9570070017,10.0,113.141683778,137.619047619,-154.0
13:50:35,3102.0,3098.26849603,7.74212413431,42.8571428571,22.0,0,24.9584917289,14.0,115.089514066,97.5238095238,34.0
13:50:36,3101.0,3098.27001311,7.74248177246,38.4615384615,72.0,0,24.9676935584,2.0,114.845938375,80.8571428571,134.0
13:50:36,3102.0,3098.27208475,7.74303338313,42.8571428571,46.0,0,24.9614228985,-2.0,116.666666667,60.0,128.0
13:50:37,3101.0,3098.27359984,7.74338993299,38.4615384615,192.0,0,24.9706221638,-104.0,87.8453038674,84.5714285714,-74.0
13:50:37,3101.0,3098.27511409,7.74374597819,38.4615384615,96.0,0,24.9717703263,62.0,76.7123287671,94.7619047619,-18.0
13:50:38,3101.0,3098.27662749,7.74410151879,38.4615384615,200.0,0,24.9729168616,-60.0,52.8662420382,131.047619048,-88.0
13:50:38,3101.0,3098.27814005,7.74445655487,38.4615384615,92.0,0,24.97406177,-72.0,58.1661891117,127.428571429,-174.0
13:50:39,3101.0,3098.27965178,7.74471822707,38.4615384615,54.0,0,24.9749056016,-2.0,58.8235294118,109.619047619,-178.0
13:50:39,3101.0,3098.28116266,7.74507218881,38.4615384615,38.0,0,24.9760470455,-22.0,58.3333333333,88.0952380952,-198.0
13:50:40,3101.0,3098.28267271,7.74533264475,38.4615384615,28.0,0,24.976886955,-2.0,45.2755905512,64.0952380952,-96.0
13:50:40,3101.0,3098.28418192,7.74568553243,38.4615384615,10.0,0,24.9780249353,-6.0,48.3412322275,42.7619047619,-164.0
13:50:41,3100.0,3098.28513488,7.74588002297,33.3333333333,242.0,0,24.9867097515,-216.0,95.6896551724,91.8095238095,-320.0
13:50:41,3101.0,3098.28664272,7.74623197926,38.4615384615,30.0,0,24.9797870986,2.0,96.5174129353,78.2857142857,-246.0
13:50:42,3101.0,3098.28814973,7.74658343149,38.4615384615,64.0,0,24.9809204498,52.0,96.1165048544,77.4285714286,-192.0
13:50:42,3101.0,3098.28965589,7.74684104775,38.4615384615,6.0,0,24.981751202,6.0,95.7894736842,59.5238095238,-164.0
13:50:43,3101.0,3098.29116122,7.74709801801,38.4615384615,40.0,0,24.982579871,0.0,98.4693877551,52.8571428571,-162.0
13:50:43,3101.0,3098.29266571,7.74744782748,38.4615384615,20.0,0,24.9837079248,16.0,98.5074626866,39.9047619048,-140.0
13:50:44,3100.0,3098.29361397,7.74754616171,33.3333333333,24.0,0,24.9920843926,18.0,95.652173913,27.619047619,94.0
13:50:44,3101.0,3098.2951171,7.74780135579,38.4615384615,74.0,0,24.9848479709,14.0,97.3684210526,40.0,106.0
13:50:45,3101.0,3098.29661939,7.74814959989,38.4615384615,6.0,0,24.9859709767,2.0,97.6470588235,30.8571428571,56.0
13:50:45,3101.0,3098.29812085,7.74849734038,38.4615384615,4.0,0,24.9870923585,4.0,97.619047619,23.9047619048,54.0
13:50:46,3101.0,3098.29962148,7.74875075057,38.4615384615,728.0,0,24.9879095471,36.0,21.261682243,223.904761905,90.0
13:50:46,3101.0,3098.30112128,7.74909741857,38.4615384615,176.0,0,24.9890274704,36.0,33.3992094861,233.428571429,110.0
13:50:47,3101.0,3098.30262024,7.74944358317,38.4615384615,52.0,0,24.9901437703,0.0,34.4230769231,200.095238095,92.0
13:50:47,3100.0,3098.30356296,7.74963236384,33.3333333333,30.0,0,24.9988140769,-4.0,31.124497992,159.142857143,74.0
13:50:48,3101.0,3098.30506057,7.74988350669,38.4615384615,10.0,0,24.9915624208,-4.0,31.0,114.571428571,68.0
13:50:48,3100.0,3098.30600194,7.74997727993,33.3333333333,70.0,0,24.9999267095,-52.0,33.583489681,86.9523809524,12.0
13:50:49,3101.0,3098.30749819,7.75032145391,38.4615384615,8.0,0,24.9929746982,2.0,88.4393063584,38.4761904762,-22.0
13:50:49,3101.0,3098.30899361,7.75057082227,38.4615384615,60.0,0,24.9937788528,14.0,82.6086956522,39.1428571429,-44.0
13:50:50,3101.0,3098.3104882,7.75081954548,38.4615384615,20.0,0,24.994580927,14.0,77.7777777778,33.9047619048,-30.0
13:50:50,3101.0,3098.31198195,7.7510676236,38.4615384615,798.0,0,24.995380921,-416.0,94.8240165631,252.476190476,-442.0
13:50:51,3101.0,3098.31347488,7.75131505669,38.4615384615,126.0,69.2307692308,24.9961788349,-54.0,95.7486136784,242.476190476,-492.0
13:50:51,3102.0,3098.31552238,7.75175390349,38.4615384615,22.0,0,24.9895354722,22.0,97.2920696325,197.238095238,-418.0
13:50:52,3101.0,3098.31701335,7.75199996098,33.3333333333,22.0,0,24.9983874911,18.0,97.3282442748,154.285714286,-402.0
13:50:52,3101.0,3098.31850348,7.75224537365,33.3333333333,110.0,0,24.9991788896,20.0,87.4316939891,135.80952381,-396.0
13:50:53,3102.0,3098.32054819,7.75268192843,38.4615384615,10.0,0,24.9925271709,10.0,88.7867647059,86.380952381,-400.0
13:50:53,3101.0,3098.32203636,7.75292596598,33.3333333333,6.0,0,25.0013736407,0.0,61.4864864865,36.2857142857,16.0
13:50:54,3101.0,3098.3235237,7.75316935892,33.3333333333,114.0,0,25.002158526,-26.0,19.7183098592,54.7619047619,44.0
13:50:54,3101.0,3098.32501022,7.7534121073,33.3333333333,22.0,0,25.0029413328,-8.0,19.7183098592,47.5238095238,14.0
13:50:55,3101.0,3098.32649591,7.75365421118,33.3333333333,76.0,0,25.0037220612,-24.0,33.1360946746,55.7142857143,-28.0
13:50:55,3101.0,3098.32798078,7.75399090791,33.3333333333,8.0,0,25.0048078295,-2.0,50.8474576271,41.9047619048,-50.0
13:50:56,3101.0,3098.32946483,7.75432710245,33.3333333333,28.0,0,25.0058919782,0.0,54.3307086614,38.6666666667,-60.0
13:50:56,3101.0,3098.33094804,7.75456742651,33.3333333333,46.0,0,25.0066669671,-26.0,61.2244897959,39.7142857143,-86.0
13:50:57,3100.0,3098.33187504,7.75474724676,30.7692307692,18.0,0,25.0153136992,-4.0,91.9191919192,30.8571428571,-64.0
13:50:57,3100.0,3098.33280152,7.7548312102,30.7692307692,0.0,0,25.015584549,0.0,0,21.4285714286,-56.0
13:50:58,3101.0,3098.33428288,7.7550698471,33.3333333333,46.0,0,25.0082871561,-40.0,87.6712328767,26.1904761905,-72.0
13:50:58,3101.0,3098.33576342,7.75540348764,33.3333333333,48.0,0,25.0093630688,-28.0,90.3225806452,32.9523809524,-98.0
13:50:59,3101.0,3098.33724314,7.75564091305,33.3333333333,22.0,0,25.0101287103,-8.0,90.0,30.380952381,-106.0
13:50:59,3101.0,3098.33872204,7.75597348444,33.3333333333,6.0,0,25.0112011752,0.0,87.1428571429,23.5238095238,-80.0
13:51:00,3101.0,3098.34020012,7.75630555411,33.3333333333,46.0,0,25.0122720223,-24.0,98.8095238095,30.0,-100.0
13:51:00,3101.0,3098.34167738,7.7565412011,33.3333333333,386.0,0,25.0130319287,-48.0,96.3898916968,132.285714286,-148.0
13:51:01,3100.0,3098.34259841,7.75662152416,30.7692307692,138.0,0,25.0213597554,-8.0,91.0216718266,145.333333333,-116.0
13:51:01,3101.0,3098.34407434,7.75685596786,33.3333333333,44.0,0,25.014046978,4.0,85.9813084112,127.142857143,-84.0
13:51:02,3101.0,3098.34554944,7.75708976786,33.3333333333,86.0,0,25.0148009283,86.0,87.2521246459,121.142857143,10.0
13:51:02,3101.0,3098.34702373,7.75732292422,33.3333333333,26.0,0,25.015552803,12.0,86.914600551,94.9523809524,22.0
13:51:03,3102.0,3098.34905259,7.7577455868,38.4615384615,80.0,0,25.0088510213,74.0,84.3421052632,83.2380952381,120.0
13:51:03,3101.0,3098.35052493,7.7579773708,33.3333333333,26.0,0,25.0176632402,20.0,73.25,54.4761904762,188.0
13:51:04,3101.0,3098.35199645,7.75830496872,33.3333333333,54.0,0,25.0187196669,-14.0,61.7088607595,50.8571428571,182.0
13:51:04,3102.0,3098.35402256,7.75872542968,38.4615384615,86.0,0,25.0120097669,46.0,58.3798882682,60.380952381,224.0
13:51:05,3101.0,3098.35549214,7.75895527503,33.3333333333,102.0,0,25.0208167527,-32.0,33.422459893,72.4761904762,106.0
13:51:05,3101.0,3098.3569609,7.75918447712,33.3333333333,16.0,0,25.0215558759,-8.0,29.6703296703,59.2380952381,86.0
13:51:06,3102.0,3098.35898425,7.75960265306,38.4615384615,10.0,0,25.0148376952,2.0,19.7278911565,44.7619047619,14.0
13:51:06,3102.0,3098.36100648,7.76002000105,38.4615384615,22.0,0,25.0161831111,20.0,20.0,37.0476190476,14.0
13:51:07,3102.0,3098.36302758,7.76043652123,38.4615384615,4.0,0,25.0175258582,0.0,25.8333333333,24.380952381,28.0
13:51:07,3101.0,3098.36449216,7.76075990914,33.3333333333,8.0,0,25.0266362758,6.0,24.6913580247,15.2380952381,-12.0
13:51:08,3102.0,3098.36651132,7.76117495798,38.4615384615,4.0,0,25.0199063765,0.0,65.625,8.66666666667,20.0
13:51:08,3101.0,3098.36797396,7.76140003837,33.3333333333,6.0,0,25.0287005429,2.0,74.0740740741,7.33333333333,30.0
13:51:09,3102.0,3098.3699912,7.761813532,38.4615384615,20.0,0,25.0219649645,4.0,81.25,10.4761904762,32.0
13:51:09,3101.0,3098.37145191,7.76213456626,33.3333333333,36.0,0,25.0310692237,16.0,41.0256410256,17.7142857143,28.0
13:51:10,3102.0,3098.37346721,7.76264398686,38.4615384615,28.0,0,25.024642124,26.0,52.9411764706,22.0,54.0
13:51:10,3101.0,3098.37492599,7.76286648009,33.3333333333,202.0,0,25.0334294746,198.0,84.4594594595,74.8571428571,246.0
13:51:11,3101.0,3098.37638396,7.76308833082,33.3333333333,16.0,0,25.0341448914,4.0,83.1168831169,65.3333333333,250.0
13:51:11,3102.0,3098.37839652,7.76349815654,38.4615384615,44.0,0,25.0273957335,2.0,73.9884393064,63.2380952381,250.0
13:51:12,3102.0,3098.38040796,7.76400486397,38.4615384615,0.0,0,25.0290292198,0.0,0,46.7619047619,246.0
13:51:12,3102.0,3098.38241829,7.76451090233,38.4615384615,48.0,0,25.0306605491,34.0,84.6153846154,44.9523809524,264.0
13:51:13,3102.0,3098.3844275,7.76501627175,38.4615384615,4.0,0,25.032289722,0.0,84.076433121,30.0,238.0
13:51:13,3102.0,3098.38643559,7.76552097236,38.4615384615,6.0,0,25.0339167388,-2.0,59.3220338983,16.7619047619,38.0
13:51:14,3102.0,3098.38844257,7.76592700341,38.4615384615,24.0,0,25.0352256718,-2.0,66.6666666667,18.0,32.0
13:51:14,3102.0,3098.39044843,7.76643029365,38.4615384615,32.0,0,25.036848142,4.0,100.0,21.1428571429,34.0
13:51:15,3102.0,3098.39245318,7.76683475716,38.4615384615,0.0,0,25.0381520218,0.0,0,15.7142857143,34.0
13:51:15,3102.0,3098.39445682,7.76723839495,38.4615384615,34.0,0,25.0394532397,-16.0,100.0,20.0,-16.0
13:51:16,3102.0,3098.39645934,7.76764120714,38.4615384615,12.0,0,25.0407517961,12.0,100.0,18.6666666667,-4.0
13:51:16,3102.0,3098.39846075,7.76804319386,38.4615384615,8.0,0,25.0420476914,2.0,100.0,15.8095238095,0.0
13:51:17,3102.0,3098.40046105,7.7685428508,38.4615384615,4.0,0,25.0436584487,0.0,100.0,11.7142857143,2.0
13:51:17,3102.0,3098.40246024,7.76894327129,38.4615384615,8.0,0,25.0449492949,-4.0,100.0,9.71428571429,-6.0
13:51:18,3102.0,3098.40445832,7.76934286669,38.4615384615,6.0,0,25.0462374813,-2.0,100.0,8.28571428571,-8.0
13:51:18,3102.0,3098.40645529,7.76974163715,38.4615384615,4.0,0,25.0475230082,-2.0,100.0,6.0,6.0
13:51:19,3102.0,3098.40845114,7.77013958277,38.4615384615,10.0,0,25.0488058761,-2.0,100.0,6.85714285714,-8.0
13:51:19,3102.0,3098.4104459,7.7705367037,38.4615384615,10.0,0,25.0500860854,-10.0,100.0,7.80952380952,-20.0
13:51:20,3102.0,3098.41243954,7.77093300006,38.4615384615,2.0,0,25.0513636365,0.0,100.0,6.38095238095,-20.0
13:51:20,3101.0,3098.41387667,7.77114159353,33.3333333333,10.0,0,25.0601147808,-8.0,80.9523809524,7.33333333333,-24.0
13:51:21,3102.0,3098.41586841,7.77153633996,38.4615384615,628.0,0,25.0533086395,44.0,98.1927710843,184.761904762,22.0
13:51:21,3101.0,3098.41730364,7.77174356699,33.3333333333,308.0,0,25.0620560045,-102.0,67.7685950413,241.142857143,-78.0
13:51:22,3102.0,3098.41929347,7.77213676389,38.4615384615,38.0,0,25.0552442421,16.0,66.0642570281,205.904761905,-60.0
13:51:22,3102.0,3098.4212822,7.77239398984,38.4615384615,34.0,0,25.0560734682,2.0,66.862745098,168.19047619,-48.0
13:51:23,3102.0,3098.42326983,7.77278545632,38.4615384615,54.0,0,25.0573354491,6.0,68.4701492537,135.047619048,-42.0
13:51:23,3102.0,3098.42525635,7.77317609904,38.4615384615,150.0,0,25.0585947745,106.0,64.5214521452,126.857142857,72.0
13:51:24,3101.0,3098.42668636,7.77324430874,33.3333333333,598.0,0,25.0668955458,258.0,63.7901861252,240.0,286.0
13:51:24,3102.0,3098.42867099,7.77349782539,38.4615384615,12.0,0,25.0596319323,10.0,85.5530474041,187.142857143,398.0
13:51:25,3102.0,3098.43065451,7.7737503412,38.4615384615,140.0,0,25.0604459742,14.0,89.6761133603,184.952380952,396.0
13:51:25,3102.0,3098.43263693,7.77400185626,38.4615384615,30.0,0,25.06125679,24.0,88.8211382114,146.476190476,418.0
13:51:26,3102.0,3098.43461825,7.77438815027,38.4615384615,208.0,0,25.0625020963,42.0,89.9824253075,159.047619048,454.0
13:51:26,3102.0,3098.43659846,7.77463775902,38.4615384615,342.0,0,25.0633067667,-220.0,98.947368421,202.571428571,128.0
13:51:27,3102.0,3098.43857758,7.77502232441,38.4615384615,4.0,0,25.0645465004,2.0,97.8260869565,140.380952381,-128.0
13:51:27,3102.0,3098.4405556,7.77527002727,38.4615384615,6.0,0,25.0653450266,-4.0,97.2602739726,107.047619048,-142.0
13:51:28,3102.0,3098.44253252,7.7756528645,38.4615384615,36.0,0,25.0665791892,-34.0,91.054313099,82.5714285714,-190.0
13:51:28,3102.0,3098.44450834,7.77589866189,38.4615384615,26.0,0,25.0673715728,14.0,88.424437299,60.1904761905,-200.0
13:51:29,3103.0,3098.44703847,7.77650066896,42.8571428571,6.0,0,25.0612332226,-4.0,83.8095238095,32.2857142857,-246.0
13:51:29,3103.0,3098.44956719,7.77710163728,42.8571428571,196.0,0,25.0631699558,-10.0,61.3138686131,68.2857142857,-36.0
13:51:30,3102.0,3098.4515391,7.77748090207,38.4615384615,60.0,0,25.0724722826,18.0,63.0303030303,72.380952381,-20.0
13:51:30,3103.0,3098.45406532,7.77807990981,42.8571428571,26.0,0,25.0663226226,-2.0,66.2857142857,64.0952380952,-18.0
13:51:31,3103.0,3098.45659014,7.77867787946,42.8571428571,24.0,0,25.0682496921,4.0,73.9644970414,54.2857142857,20.0
13:51:31,3103.0,3098.45911356,7.77927481129,42.8571428571,36.0,0,25.070173417,0.0,79.8850574713,48.4761904762,6.0
13:51:32,3103.0,3098.46163557,7.77987070551,42.8571428571,40.0,0,25.072093798,-26.0,81.1518324607,43.3333333333,-16.0
13:51:32,3103.0,3098.46415618,7.78046556237,42.8571428571,22.0,0,25.0740108359,-18.0,82.6923076923,31.4285714286,-24.0
13:51:33,3103.0,3098.4666754,7.78105938212,42.8571428571,10.0,0,25.0759245315,-4.0,88.6075949367,24.380952381,-46.0
13:51:33,3103.0,3098.46919321,7.78165216498,42.8571428571,10.0,0,25.0778348855,-2.0,83.0985915493,19.7142857143,-46.0
13:51:34,3102.0,3098.47115423,7.78202415828,38.4615384615,614.0,0,25.0871184986,228.0,96.7213114754,188.380952381,178.0
13:51:34,3103.0,3098.47366955,7.782477702,42.8571428571,34.0,0,25.0804953335,18.0,96.7123287671,163.238095238,196.0
13:51:35,3103.0,3098.47618348,7.78306740267,42.8571428571,728.0,0,25.0823957546,76.0,98.4485190409,336.476190476,298.0
13:51:35,3103.0,3098.47869602,7.78365606734,42.8571428571,116.0,0,25.0842928371,-100.0,97.619047619,302.095238095,216.0
13:51:36,3103.0,3098.48120715,7.7841061358,42.8571428571,48.0,0,25.0857432671,-10.0,96.2580645161,243.80952381,210.0
13:51:36,3103.0,3098.4837169,7.78455497888,42.8571428571,30.0,0,25.0871897482,-16.0,95.0318471337,178.571428571,196.0
13:51:37,3104.0,3098.48678065,7.78525731138,46.6666666667,312.0,0,25.0813702042,18.0,90.6940063091,192.952380952,-14.0
13:51:37,3104.0,3098.4898427,7.78595815345,46.6666666667,62.0,0,25.0836280717,-36.0,91.049382716,150.285714286,-68.0
13:51:38,3104.0,3098.49290305,7.7866575055,46.6666666667,102.0,0,25.0858811389,-34.0,79.7014925373,117.714285714,-178.0
13:51:38,3103.0,3098.49540629,7.7871010787,42.8571428571,28.0,0,25.0953950329,-16.0,77.3195876289,93.8095238095,-94.0
13:51:39,3104.0,3098.49846355,7.78793578235,46.6666666667,1020.0,0,25.0899992988,356.0,92.5353925354,357.523809524,272.0
13:51:39,3103.0,3098.50096371,7.78851516281,42.8571428571,36.0,0,25.0999521844,14.0,93.7179487179,293.80952381,302.0
13:51:40,3104.0,3098.50401788,7.78920905488,46.6666666667,36.0,0,25.0941013366,16.0,95.1713395639,229.80952381,300.0
13:51:40,3104.0,3098.50707036,7.79003993714,46.6666666667,24.0,0,25.096778148,8.0,95.3451043339,175.523809524,344.0
13:51:41,3103.0,3098.50956574,7.7906158927,42.8571428571,20.0,66.6666666667,25.1067221808,14.0,96.5635738832,121.904761905,392.0
13:51:41,3103.0,3098.51205973,7.79119081534,33.3333333333,746.0,0,25.1085749769,-270.0,58.4484590861,279.619047619,138.0
13:51:42,3103.0,3098.51455234,7.79162596048,33.3333333333,74.0,0,25.1099773138,-50.0,16.0256410257,211.142857143,-268.0
13:51:42,3103.0,3098.51704356,7.79205988313,33.3333333333,148.0,0,25.111375711,12.0,25.7633587786,208.857142857,-270.0
13:51:43,3103.0,3098.5195334,7.79263153067,33.3333333333,220.0,0,25.1132179525,22.0,37.6623376623,221.80952381,-264.0
13:51:43,3103.0,3098.52202186,7.79320214619,33.3333333333,38.0,0,25.1150568682,0.0,38.3627608347,174.0,-272.0
13:51:44,3103.0,3098.52450893,7.79363260502,33.3333333333,60.0,0,25.1164441026,-56.0,40.4354587869,131.80952381,-342.0
13:51:44,3103.0,3098.52699463,7.79420106831,33.3333333333,54.0,0,25.1182760822,-42.0,89.2255892256,86.0,-114.0
13:51:45,3103.0,3098.52947894,7.79476850023,33.3333333333,126.0,0,25.1201047381,116.0,74.613003096,93.7142857143,52.0
13:51:45,3104.0,3098.53251727,7.79558746668,38.4615384615,10.0,0,25.1146503437,6.0,66.9291338583,65.8095238095,46.0
13:51:46,3103.0,3098.53499852,7.79615271927,33.3333333333,52.0,0,25.1245656438,8.0,35.294117647,56.4761904762,32.0
13:51:46,3104.0,3098.53803379,7.79682966197,38.4615384615,12.0,0,25.1186522615,10.0,28.6624203822,43.7142857143,42.0
13:51:47,3104.0,3098.54106737,7.79764481992,38.4615384615,250.0,0,25.1212784147,90.0,5.95238095237,100.19047619,188.0
13:51:47,3102.0,3098.54298847,7.79785044277,30.7692307692,46.0,0,25.1381381134,14.0,8.46774193548,89.3333333333,244.0
13:51:48,3103.0,3098.5454639,7.79827139361,33.3333333333,24.0,0,25.1313934696,18.0,13.1979695431,72.5714285714,146.0
13:51:48,3103.0,3098.54793795,7.79869112455,33.3333333333,124.0,0,25.1327461313,16.0,31.8897637795,89.2380952381,156.0
13:51:49,3103.0,3098.55041063,7.79910963579,33.3333333333,68.0,0,25.1340948624,44.0,36.2595419847,84.4761904762,192.0
13:51:49,3102.0,3098.55232654,7.799451147,30.7692307692,118.0,0,25.1432983462,10.0,46.0317460317,93.2380952381,192.0
13:51:50,3103.0,3098.55479678,7.7998674411,33.3333333333,322.0,0,25.1365370322,-158.0,86.8945868946,155.238095238,-56.0
13:51:50,3103.0,3098.55726565,7.8004228874,33.3333333333,52.0,0,25.1383270622,-6.0,85.593220339,136.666666667,-76.0
13:51:51,3103.0,3098.55973315,7.80097730503,33.3333333333,4.0,0,25.1401137771,0.0,84.8837209302,104.095238095,-94.0
13:51:51,3103.0,3098.56219928,7.801390145,33.3333333333,22.0,0,25.1414442314,-8.0,83.6177474403,77.619047619,-118.0
13:51:52,3102.0,3098.56410864,7.80172701679,30.7692307692,78.0,0,25.1506351283,72.0,77.8523489933,72.0,-90.0
13:51:52,3102.0,3098.56601694,7.80206307296,30.7692307692,22.0,0,25.1517184815,-2.0,72.8,49.9047619048,-102.0
13:51:53,3103.0,3098.56847958,7.80247270081,33.3333333333,224.0,0,25.1449329707,-62.0,66.6666666667,90.0952380952,-6.0
13:51:53,3103.0,3098.57094085,7.80288111062,33.3333333333,84.0,0,25.146249148,-4.0,78.801843318,94.9523809524,-4.0
13:51:54,3103.0,3098.57340076,7.80328830259,33.3333333333,0.0,0,25.1475614005,0.0,0,74.2857142857,-4.0
13:51:54,3103.0,3098.5758593,7.8036942769,33.3333333333,34.0,0,25.148869729,-2.0,79.6380090498,63.5238095238,2.0
13:51:55,3103.0,3098.57831647,7.80424025593,33.3333333333,32.0,0,25.1506292489,-2.0,96.4646464646,51.619047619,-72.0
13:51:55,3103.0,3098.58077228,7.80464389694,33.3333333333,16.0,0,25.1519300578,10.0,100.0,37.3333333333,-60.0
13:51:56,3102.0,3098.58267132,7.80483183675,30.7692307692,28.0,0,25.1606442191,0.0,96.9072164948,26.7619047619,2.0
13:51:56,3103.0,3098.58512471,7.80537467169,33.3333333333,100.0,0,25.1542851166,60.0,97.1428571429,46.0952380952,66.0
13:51:57,3103.0,3098.58757674,7.80577488324,33.3333333333,6.0,0,25.1555748735,2.0,97.2222222222,37.8095238095,68.0
13:51:57,3102.0,3098.589472,7.80595973153,30.7692307692,2.0,0,25.1642802435,2.0,95.652173913,28.0952380952,72.0
13:51:58,3102.0,3098.59136622,7.80628537513,30.7692307692,20.0,0,25.1653300294,10.0,90.6976744186,25.0476190476,84.0
13:51:58,3103.0,3098.59381478,7.80668227831,33.3333333333,78.0,0,25.1584991244,-36.0,93.1623931624,39.1428571429,38.0
13:51:59,3103.0,3098.59626198,7.80707796541,33.3333333333,114.0,0,25.1597743004,108.0,65.0,60.5714285714,146.0
13:51:59,3102.0,3098.59815242,7.80740080502,30.7692307692,14.0,0,25.1689258705,14.0,47.0085470085,49.3333333333,100.0
13:52:00,3103.0,3098.60059721,7.80779428156,33.3333333333,32.0,0,25.1620827637,16.0,51.5384615385,47.3333333333,114.0
13:52:00,3103.0,3098.60304064,7.80818654255,33.3333333333,22.0,0,25.1633468983,2.0,48.5714285714,41.2380952381,114.0
13:52:01,3102.0,3098.60492732,7.80836421888,30.7692307692,30.0,0,25.1720316534,4.0,44.8275862069,36.4761904762,108.0
13:52:01,3103.0,3098.60736835,7.80889663074,33.3333333333,110.0,0,25.1656352908,4.0,19.2546583851,54.0952380952,148.0
13:52:02,3103.0,3098.60980802,7.80928546707,33.3333333333,8.0,0,25.1668883889,4.0,26.8518518518,41.0476190476,44.0
13:52:02,3102.0,3098.61169094,7.80946005547,30.7692307692,162.0,0,25.175564331,2.0,15.9340659341,77.0476190476,32.0
13:52:03,3103.0,3098.61412821,7.8098465815,33.3333333333,6.0,0,25.1686966855,4.0,9.4674556213,61.4285714286,20.0
13:52:03,3102.0,3098.61600873,7.81001908263,30.7692307692,24.0,0,25.1773664817,24.0,8.82352941177,52.1904761905,42.0
13:52:04,3102.0,3098.6178882,7.810190592,30.7692307692,6.0,0,25.177919381,2.0,8.86075949368,37.7142857143,40.0
13:52:04,3102.0,3098.61976663,7.81036110968,30.7692307692,62.0,0,25.1784690834,8.0,7.46268656717,40.380952381,44.0
13:52:05,3102.0,3098.62164402,7.8106737668,30.7692307692,10.0,0,25.1794770045,2.0,5.18518518519,30.4761904762,42.0
13:52:05,3102.0,3098.62352036,7.81084239699,30.7692307692,52.0,0,25.1800206221,-44.0,7.5,32.4761904762,-4.0
13:52:06,3102.0,3098.62539566,7.8110100357,30.7692307692,24.0,0,25.1805610435,0.0,7.86516853932,31.7142857143,-8.0
13:52:06,3103.0,3098.62782532,7.81153229068,33.3333333333,6.0,0,25.1741291998,2.0,10.0,24.9523809524,-30.0
13:52:07,3102.0,3098.62969823,7.81169793908,30.7692307692,4.0,0,25.1827786559,2.0,7.59493670886,18.4761904762,-30.0
13:52:07,3102.0,3098.6315701,7.81186259622,30.7692307692,58.0,0,25.1833094656,48.0,27.2727272727,27.5238095238,10.0
13:52:08,3102.0,3098.63344093,7.81216994858,30.7692307692,60.0,0,25.1843002856,0.0,19.6078431373,37.3333333333,8.0
13:52:08,3102.0,3098.63531072,7.8123327192,30.7692307692,0.0,0,25.1848250135,0.0,0,27.619047619,52.0
13:52:09,3103.0,3098.63773488,7.81270617506,33.3333333333,26.0,0,25.1779122625,20.0,31.1688311688,27.8095238095,72.0
13:52:09,3103.0,3098.64015769,7.81307841809,33.3333333333,74.0,0,25.1791118856,2.0,36.9369369369,41.619047619,72.0
13:52:10,3102.0,3098.64202375,7.81323800959,30.7692307692,238.0,0,25.1877434223,110.0,65.350877193,99.0476190476,180.0
13:52:10,3102.0,3098.64388877,7.81339661028,30.7692307692,32.0,0,25.1882547075,-12.0,61.8604651163,86.4761904762,120.0
13:52:11,3103.0,3098.64630816,7.81376545307,33.3333333333,220.0,0,25.1813259847,-66.0,78.9830508475,128.857142857,54.0
13:52:11,3103.0,3098.64872621,7.81427745212,33.3333333333,16.0,0,25.1829759978,6.0,77.8877887789,105.333333333,60.0
13:52:12,3102.0,3098.65058751,7.81457742256,30.7692307692,18.0,0,25.1920613235,2.0,77.9264214047,81.619047619,42.0
13:52:12,3102.0,3098.65244778,7.81487658173,30.7692307692,1304.0,0,25.1930257309,-410.0,23.52297593,425.714285714,-370.0
13:52:13,3101.0,3098.65375161,7.8148550327,28.5714285714,70.0,0,25.2010804021,20.0,15.9036144578,358.666666667,-460.0
13:52:13,3102.0,3098.65561012,7.81500787402,30.7692307692,86.0,0,25.1934489814,4.0,18.6697782964,304.19047619,-444.0
13:52:14,3101.0,3098.6569122,7.814984637,28.5714285714,36.0,0,25.2014983457,-14.0,9.15032679739,232.857142857,-392.0
13:52:14,3102.0,3098.65876895,7.81528049286,30.7692307692,8.0,0,25.19432783,-2.0,9.32982917214,162.285714286,-400.0
13:52:15,3101.0,3098.66006927,7.81540062696,28.5714285714,22.0,0,25.2028398161,-10.0,8.78112712975,96.0952380952,-412.0
13:52:15,3102.0,3098.66192428,7.81554990344,30.7692307692,10.0,0,25.1951963361,2.0,59.4827586207,26.2857142857,0.0
13:52:16,3101.0,3098.66322285,7.81552346927,28.5714285714,50.0,0,25.2032359538,44.0,43.3962264151,29.5238095238,24.0
13:52:16,3101.0,3098.6645207,7.81549623532,28.5714285714,34.0,0,25.2031481307,-8.0,23.75,29.1428571429,12.0
13:52:17,3101.0,3098.66581782,7.81546820158,28.5714285714,126.0,0,25.2030577284,0.0,47.2,57.5238095238,26.0
13:52:17,3102.0,3098.66766963,7.81575924114,30.7692307692,56.0,0,25.1958711836,24.0,46.3087248322,61.619047619,52.0
13:52:18,3102.0,3098.66952041,7.81590396954,30.7692307692,172.0,0,25.1963377484,46.0,37.0535714286,96.5714285714,108.0
13:52:18,3102.0,3098.67137017,7.81604770806,30.7692307692,10.0,0,25.1968011221,2.0,37.9464285714,78.0952380952,108.0
13:52:19,3102.0,3098.67321889,7.81619045675,30.7692307692,614.0,0,25.1972613048,-224.0,56.9169960475,232.19047619,-160.0
13:52:19,3101.0,3098.67451119,7.81615816083,28.5714285714,6.0,0,25.2052826857,0.0,58.5365853659,185.714285714,-152.0
13:52:20,3101.0,3098.67580277,7.81612506514,28.5714285714,32.0,0,25.2051759598,26.0,54.1573033708,148.0,-126.0
13:52:20,3101.0,3098.67709363,7.81609116969,28.5714285714,2.0,0,25.2050666549,2.0,54.3062200957,106.19047619,-148.0
13:52:21,3101.0,3098.67838378,7.81587487106,28.5714285714,2.0,0,25.2043691424,0.0,63.963963964,66.9523809524,-194.0
13:52:21,3102.0,3098.68022861,7.81583127002,30.7692307692,8.0,0,25.196103385,4.0,63.5542168675,37.5238095238,-192.0
13:52:22,3101.0,3098.68151701,7.81579470774,28.5714285714,66.0,0,25.2041106344,16.0,18.9655172414,24.7619047619,48.0
13:52:22,3101.0,3098.6828047,7.81575734563,28.5714285714,8.0,0,25.2039901504,2.0,20.3389830508,21.5238095238,50.0
13:52:23,3101.0,3098.68409167,7.81571918367,28.5714285714,90.0,0,25.203867087,6.0,15.9090909091,41.619047619,30.0
13:52:23,3101.0,3098.68537793,7.81568022185,28.5714285714,40.0,0,25.2037414442,12.0,14.0186915888,44.6666666667,40.0
13:52:24,3102.0,3098.68721887,7.8156315156,30.7692307692,34.0,0,25.1954594313,-30.0,13.8211382114,44.1904761905,10.0
13:52:24,3101.0,3098.6885034,7.8154084907,28.5714285714,50.0,0,25.2028651748,-20.0,10.4166666667,46.7619047619,-14.0
13:52:25,3101.0,3098.6897872,7.81518447212,28.5714285714,2.0,0,25.2021427673,2.0,8.92857142856,33.619047619,-28.0
13:52:25,3101.0,3098.6910703,7.81495945978,28.5714285714,20.0,0,25.2014171551,6.0,7.62711864406,28.6666666667,-24.0
13:52:26,3101.0,3098.69235268,7.81473345359,28.5714285714,232.0,0,25.2006883379,-16.0,55.0264550265,83.7142857143,-46.0
13:52:26,3101.0,3098.69363435,7.81450645346,28.5714285714,14.0,0,25.1999563156,-14.0,59.6590909091,69.7142857143,-72.0
13:52:27,3101.0,3098.69491531,7.8142784593,28.5714285714,708.0,0,25.1992210877,352.0,20.0779727096,255.238095238,310.0
13:52:27,3101.0,3098.69619556,7.81423238077,28.5714285714,106.0,0,25.1990724952,2.0,28.8354898336,236.666666667,332.0
13:52:28,3101.0,3098.69747509,7.81418550213,28.5714285714,220.0,0,25.1989213226,0.0,40.9230769231,248.0,330.0
13:52:28,3101.0,3098.69875392,7.8139547337,28.5714285714,62.0,0,25.1981771483,-50.0,44.1132637854,203.80952381,274.0
13:52:29,3100.0,3098.69947663,7.81358621585,26.6666666667,40.0,0,25.2051168253,-8.0,34.7826086957,151.333333333,282.0
13:52:29,3100.0,3098.70019895,7.81321688069,26.6666666667,118.0,0,25.2039254216,-90.0,34.4497607655,130.285714286,206.0
13:52:30,3101.0,3098.70147626,7.81316670735,28.5714285714,22.0,0,25.1956359476,0.0,77.4647887324,76.8571428571,-146.0
13:52:30,3101.0,3098.70275286,7.81293225471,28.5714285714,20.0,0,25.1948798926,-8.0,71.7842323651,55.5238095238,-156.0
13:52:31,3100.0,3098.70347335,7.81256039977,26.6666666667,16.0,59.4594594595,25.2018077412,2.0,46.762589928,37.1428571429,-154.0
13:52:31,3100.0,3098.70419345,7.81237140141,26.6666666667,54.0,0,25.2011980691,-14.0,26.6666666667,39.3333333333,-118.0
13:52:32,3100.0,3098.70491314,7.8123299537,26.6666666667,40.0,0,25.2010643668,20.0,23.7037037037,37.9047619048,-90.0
13:52:32,3100.0,3098.70563243,7.81213976453,26.6666666667,6.0,0,25.2004508533,-2.0,20.253164557,26.7619047619,-2.0
13:52:33,3100.0,3098.70635132,7.81194893859,26.6666666667,104.0,0,25.1998352858,26.0,49.1666666667,48.9523809524,24.0
13:52:33,3101.0,3098.70762522,7.81189351226,31.25,26.0,0,25.1915301911,16.0,47.9674796748,44.9523809524,48.0
13:52:34,3100.0,3098.70834301,7.81170133695,26.6666666667,122.0,0,25.1990365708,38.0,64.2045454545,68.0952380952,84.0
13:52:34,3100.0,3098.70906039,7.81150852474,26.6666666667,100.0,0,25.1984145959,40.0,55.7788944724,79.9047619048,138.0
13:52:35,3100.0,3098.70977738,7.8114637535,26.6666666667,6.0,0,25.1982701726,4.0,60.989010989,62.6666666667,122.0
13:52:35,3100.0,3098.71049398,7.81126975005,26.6666666667,258.0,0,25.197644355,-236.0,75.3246753247,119.047619048,-112.0
13:52:36,3101.0,3098.71176557,7.81121076276,31.25,8.0,0,25.1893284836,0.0,71.5384615385,92.0,-138.0
13:52:36,3100.0,3098.71248106,7.81101540956,26.6666666667,12.0,0,25.1968239018,2.0,71.1462450593,70.6666666667,-152.0
13:52:37,3100.0,3098.71319615,7.81081941924,26.6666666667,12.0,0,25.196191675,8.0,63.1313131313,50.0,-182.0
13:52:37,3100.0,3098.71391084,7.81062279175,26.6666666667,410.0,0,25.1955573928,0.0,35.4107648725,148.285714286,-222.0
13:52:38,3100.0,3098.71462513,7.81042552705,26.6666666667,214.0,0,25.194921055,196.0,28.6652078775,175.80952381,-30.0
13:52:38,3100.0,3098.71533903,7.81022762508,26.6666666667,774.0,0,25.1942826615,240.0,1.25874125873,353.428571429,446.0
13:52:39,3100.0,3098.71605254,7.8100290858,26.6666666667,294.0,0,25.1936422122,122.0,1.16550116549,369.333333333,568.0
13:52:39,3100.0,3098.71676564,7.80982990915,26.6666666667,964.0,0,25.1929997069,536.0,0.749625187401,563.047619048,1102.0
13:52:40,3100.0,3098.71747835,7.8097795955,26.6666666667,3478.0,0,25.1928374048,2028.0,0.326051516139,1429.71428571,3122.0
13:52:40,3100.0,3098.71819067,7.8097287974,26.6666666667,108.0,0,25.19267354,14.0,0.0685871056234,1168.47619048,3136.0
13:52:41,3099.0,3098.71834718,7.80942853203,25.0,1404.0,0,25.1998339207,-400.0,-0.11392765594,1291.9047619,2540.0
13:52:41,3099.0,3098.71850361,7.80927747859,25.0,68.0,0,25.1993464943,-4.0,0.284990500318,976.952380952,2296.0
13:52:42,3098.0,3098.71810456,7.80906239926,23.5294117647,150.0,0,25.2067863114,50.0,1.23136746598,719.047619048,2224.0
13:52:42,3098.0,3098.71770572,7.80884706698,23.5294117647,302.0,0,25.2060912427,-156.0,2.35934664247,511.428571429,1532.0
13:52:43,3098.0,3098.71730711,7.80848161348,23.5294117647,424.0,0,25.2049115993,-298.0,5.86319218241,370.19047619,-794.0
13:52:43,3099.0,3098.71746411,7.8081792941,25.0,36.0,0,25.1958028206,10.0,7.46644295302,263.523809524,-798.0
13:52:44,3098.0,3098.71706563,7.80781303852,23.5294117647,180.0,0,25.2027535136,-96.0,18.6206896552,201.428571429,-494.0
13:52:44,3098.0,3098.71666737,7.80744640996,23.5294117647,340.0,0,25.2015700773,170.0,13.5474860335,243.333333333,-320.0
13:52:45,3098.0,3098.71626934,7.80722955063,23.5294117647,114.0,0,25.2008700795,40.0,9.59885386818,207.714285714,-330.0
13:52:45,3098.0,3098.71587152,7.80686224235,23.5294117647,86.0,0,25.1996844492,-14.0,6.77966101694,165.80952381,-188.0
13:52:46,3098.0,3098.71547392,7.80664482317,23.5294117647,68.0,0,25.1989826442,-18.0,8.49514563106,129.047619048,92.0
13:52:46,3098.0,3098.71507655,7.80642715082,23.5294117647,68.0,0,25.198280022,-52.0,6.30841121495,109.238095238,30.0
13:52:47,3098.0,3098.71467939,7.80605885586,23.5294117647,526.0,0,25.1970912068,116.0,10.149750416,218.761904762,242.0
13:52:47,3098.0,3098.71428246,7.80569018765,23.5294117647,132.0,0,25.1959011867,-104.0,11.8712273642,199.238095238,-32.0
13:52:48,3098.0,3098.71388575,7.80547164842,23.5294117647,36.0,0,25.1951957664,-14.0,12.8820960699,162.19047619,-86.0
13:52:48,3098.0,3098.71348925,7.80510230001,23.5294117647,34.0,0,25.1940035507,-20.0,14.1203703704,128.285714286,-92.0
13:52:49,3098.0,3098.71309298,7.80488320058,23.5294117647,72.0,0,25.1932963221,-8.0,13.5944700461,107.714285714,-82.0
13:52:49,3098.0,3098.71269693,7.80466384784,23.5294117647,148.0,0,25.1925882758,-26.0,24.0506329114,108.666666667,-56.0
13:52:50,3098.0,3098.71230109,7.80455936704,23.5294117647,182.0,0,25.1922510234,-108.0,20.1986754967,115.523809524,-280.0
13:52:50,3098.0,3098.71190548,7.80445472664,23.5294117647,54.0,0,25.1919132558,10.0,22.8136882129,102.19047619,-166.0
13:52:51,3099.0,3098.71206549,7.80429746682,25.0,22.0,0,25.1832767564,8.0,23.828125,83.4285714286,-144.0
13:52:51,3098.0,3098.71167001,7.80407715833,23.5294117647,30.0,0,25.1906945072,0.0,24.0157480315,67.619047619,-124.0
13:52:52,3098.0,3098.71127475,7.80385659644,23.5294117647,42.0,0,25.1899825579,-4.0,25.5230125523,55.4285714286,-120.0
13:52:52,3098.0,3098.7108797,7.80375115562,23.5294117647,318.0,0,25.1896422066,-18.0,2.16049382716,123.523809524,-112.0
13:52:53,3099.0,3098.71104028,7.80359269507,25.0,40.0,0,25.1810025656,-20.0,3.55731225296,104.095238095,-24.0
13:52:53,3099.0,3098.71120077,7.80343387535,25.0,298.0,0,25.1804900786,-194.0,6.66666666667,165.142857143,-228.0
13:52:54,3099.0,3098.71136117,7.80327469641,25.0,220.0,0,25.1799764324,84.0,22.3628691983,192.285714286,-152.0
13:52:54,3098.0,3098.71096608,7.80305277689,23.5294117647,136.0,0,25.1873879176,-26.0,21.2523719165,186.0,-178.0
13:52:55,3098.0,3098.71057121,7.80283060383,23.5294117647,328.0,0,25.1866707677,132.0,18.3582089552,229.523809524,-42.0
13:52:55,3098.0,3098.71017655,7.80272388336,23.5294117647,38.0,0,25.1863262859,-22.0,22.8301886793,176.571428571,-46.0
13:52:56,3098.0,3098.70978212,7.80261700321,23.5294117647,26.0,0,25.1859812886,-24.0,22.7533460803,133.523809524,-50.0
13:52:56,3098.0,3098.70938791,7.80250996336,23.5294117647,64.0,0,25.1856357759,10.0,25.3694581281,102.0,154.0
13:52:57,3098.0,3098.70899391,7.80240276382,23.5294117647,336.0,0,25.1852897476,50.0,39.6551724138,159.333333333,120.0
13:52:57,3099.0,3098.70915554,7.80224166506,25.0,272.0,0,25.1766429979,8.0,57.5187969925,192.857142857,154.0
13:52:58,3099.0,3098.70931707,7.80208020694,25.0,258.0,0,25.1761219972,24.0,85.1106639839,215.904761905,46.0
13:52:58,3099.0,3098.70947852,7.80191838944,25.0,152.0,0,25.1755998369,-6.0,78.880866426,212.0,62.0
13:52:59,3099.0,3098.70963987,7.80187227747,25.0,20.0,0,25.1754510406,-14.0,79.4918330309,164.952380952,72.0
13:52:59,3099.0,3098.70980114,7.80182591797,25.0,10.0,0,25.1753014455,-2.0,83.5877862595,115.333333333,60.0
13:53:00,3099.0,3098.70996232,7.80177931094,25.0,24.0,0,25.1751510518,0.0,75.8152173913,72.2857142857,10.0
13:53:00,3099.0,3098.7101234,7.80173245638,25.0,46.0,0,25.1749998593,-2.0,60.7843137255,50.380952381,0.0
13:53:01,3099.0,3098.7102844,7.80168535429,25.0,34.0,0,25.174847868,-4.0,18.1818181818,35.8095238095,-28.0
13:53:01,3099.0,3098.71044531,7.80152168898,25.0,10.0,0,25.174319745,0.0,16.6666666667,25.0476190476,-22.0
13:53:02,3099.0,3098.71060613,7.80147404163,25.0,60.0,0,25.1741659943,-30.0,31.5217391304,35.3333333333,-38.0
13:53:02,3099.0,3098.71076686,7.80142614673,25.0,8.0,0,25.1740114447,-6.0,31.8681318681,28.8571428571,-42.0
13:53:03,3099.0,3098.7109275,7.80137800427,25.0,50.0,0,25.1738560964,-42.0,25.9615384615,34.4761904762,-84.0
13:53:03,3099.0,3098.71108805,7.80132961424,25.0,10.0,0,25.1736999491,-2.0,25.5813953488,27.4285714286,-84.0
13:53:04,3099.0,3098.71124851,7.80128097664,25.0,16.0,0,25.173543003,-4.0,28.5714285714,23.8095238095,-84.0
13:53:04,3100.0,3098.71196429,7.80132910487,26.6666666667,48.0,0,25.1655777576,-46.0,45.8333333333,30.1904761905,-130.0
13:53:05,3099.0,3098.71212426,7.80127992328,25.0,48.0,0,25.173539604,0.0,41.1111111111,34.7619047619,-100.0
13:53:05,3099.0,3098.71228415,7.80111375694,25.0,4.0,0,25.1730034106,0.0,42.0454545455,27.3333333333,-94.0
13:53:06,3099.0,3098.71244395,7.80106402999,25.0,94.0,0,25.1728429493,-46.0,36.3636363636,45.8095238095,-98.0
13:53:06,3099.0,3098.71260366,7.80101405544,25.0,516.0,0,25.1726816891,-334.0,12.6721763085,182.761904762,-430.0
13:53:07,3099.0,3098.71276328,7.80084693388,25.0,22.0,0,25.1721424133,-4.0,15.5737704918,154.476190476,-430.0
13:53:07,3099.0,3098.71292281,7.80079641392,25.0,14.0,0,25.1719793931,-2.0,11.7478510029,123.619047619,-386.0
13:53:08,3098.0,3098.71252685,7.80068460117,23.5294117647,110.0,0,25.1797437094,100.0,9.21052631578,121.80952381,-286.0
13:53:08,3099.0,3098.71268651,7.80063363503,25.0,36.0,0,25.1714541305,-8.0,10.6060606061,95.9047619048,-294.0
13:53:09,3098.0,3098.71229069,7.80040436986,23.5294117647,8.0,0,25.1788391538,2.0,10.1983002833,60.4761904762,-246.0
13:53:09,3098.0,3098.71189508,7.80029199754,23.5294117647,126.0,0,25.1784764285,20.0,51.2658227848,62.8571428571,108.0
13:53:10,3099.0,3098.71205509,7.8002403364,25.0,42.0,0,25.1701850158,2.0,48.2142857143,59.8095238095,114.0
13:53:10,3099.0,3098.71221502,7.80018842761,25.0,76.0,0,25.1700175141,-38.0,50.2512562814,65.5238095238,78.0
13:53:11,3098.0,3098.71181945,7.80007549821,23.5294117647,24.0,0,25.1777775927,-10.0,66.0256410256,53.4285714286,-32.0
13:53:11,3099.0,3098.71197951,7.80002314317,25.0,10.0,0,25.1694841664,0.0,70.6293706294,41.4285714286,-24.0
13:53:12,3099.0,3098.71213948,7.79985315132,25.0,14.0,0,25.1689356286,-6.0,73.2876712329,31.8095238095,-32.0
13:53:12,3098.0,3098.71174395,7.7997396235,23.5294117647,12.0,0,25.1766934264,-4.0,67.4157303371,21.3333333333,-56.0
13:53:13,3098.0,3098.71134865,7.79950845238,23.5294117647,160.0,0,25.1759472317,36.0,81.7567567568,58.5714285714,-22.0
13:53:13,3098.0,3098.71095356,7.7993945634,23.5294117647,38.0,0,25.1755796107,-8.0,75.9689922481,55.3333333333,8.0
13:53:14,3098.0,3098.7105587,7.79916293684,23.5294117647,648.0,0,25.1748319459,-488.0,21.3151927438,228.19047619,-470.0
13:53:14,3098.0,3098.71016405,7.79904868665,23.5294117647,352.0,0,25.174463159,-244.0,15.0326797386,286.761904762,-714.0
13:53:15,3098.0,3098.70976963,7.79893427647,23.5294117647,392.0,0,25.1740938556,34.0,10.7365792759,340.476190476,-674.0
13:53:15,3098.0,3098.70937542,7.79881970632,23.5294117647,310.0,0,25.1737240359,168.0,8.52631578948,352.761904762,-502.0
13:53:16,3098.0,3098.70898143,7.79870497618,23.5294117647,80.0,0,25.1733536998,-8.0,4.61538461539,285.142857143,-546.0
13:53:16,3098.0,3098.70858766,7.79847229025,23.5294117647,242.0,0,25.1726026154,-164.0,15.5138339921,267.619047619,-702.0
13:53:17,3097.0,3098.70763871,7.79821471734,22.2222222222,22.0,0,25.1798989905,8.0,22.6037195994,177.523809524,-206.0
13:53:17,3098.0,3098.70724569,7.79809946377,23.5294117647,404.0,0,25.1713991729,-268.0,24.1379310345,226.380952381,-230.0
13:53:18,3097.0,3098.70629748,7.79795948598,22.2222222222,60.0,0,25.179074866,-52.0,31.3059033989,174.476190476,-316.0
13:53:18,3097.0,3098.7053498,7.79770146075,22.2222222222,26.0,0,25.1782417202,-6.0,42.6858513189,128.666666667,-490.0
13:53:19,3097.0,3098.70440265,7.79744326865,22.2222222222,302.0,0,25.1774080357,118.0,27.8409090909,175.238095238,-364.0
13:53:19,3098.0,3098.70401142,7.79720935755,23.5294117647,66.0,0,25.1685260089,36.0,9.09090909091,143.80952381,-164.0
13:53:20,3097.0,3098.70306501,7.79695079288,22.2222222222,80.0,0,25.1758178653,18.0,11.7270788913,124.761904762,-154.0
13:53:20,3098.0,3098.70267453,7.79671642167,23.5294117647,628.0,0,25.1669348666,324.0,22.0309810671,259.523809524,438.0
13:53:21,3097.0,3098.70172886,7.79645748437,22.2222222222,42.0,55.0,25.174225006,0.0,24.3006993007,216.19047619,490.0
13:53:21,3097.0,3098.70078372,7.79631661606,17.6470588235,326.0,0,25.1737701519,70.0,25.2077562327,254.857142857,566.0
13:53:22,3098.0,3098.7003945,7.79619990923,22.2222222222,458.0,0,25.1652676218,72.0,23.25,316.952380952,520.0
13:53:22,3098.0,3098.7000055,7.7960830423,22.2222222222,548.0,0,25.1648903883,88.0,17.8674351585,397.333333333,572.0
13:53:23,3097.0,3098.69906132,7.79594184061,17.6470588235,148.0,0,25.1725600278,-24.0,15.5348837209,340.476190476,530.0
13:53:23,3097.0,3098.69811766,7.79580054727,17.6470588235,662.0,0,25.1721038013,-494.0,6.77655677656,427.238095238,-288.0
13:53:24,3097.0,3098.69717452,7.79554074812,17.6470588235,154.0,0,25.1712649277,-64.0,12.6306620209,367.238095238,-352.0
13:53:24,3097.0,3098.69623191,7.79528078193,17.6470588235,34.0,0,25.1704255148,28.0,10.1796407186,267.619047619,-394.0
13:53:25,3097.0,3098.69528982,7.79513914996,17.6470588235,140.0,0,25.1699681949,54.0,17.674970344,212.19047619,-412.0
13:53:25,3098.0,3098.69490365,7.79502143564,22.2222222222,324.0,0,25.1614636399,-82.0,41.1764705882,224.476190476,-582.0
13:53:26,3098.0,3098.6945177,7.79490356116,22.2222222222,84.0,0,25.1610831542,-26.0,43.0615164521,178.857142857,-584.0
13:53:26,3098.0,3098.69413197,7.79478552651,22.2222222222,70.0,0,25.1607021514,-22.0,75.1861042184,132.285714286,-112.0
13:53:27,3098.0,3098.69374645,7.79466733169,22.2222222222,20.0,0,25.1603206317,-10.0,66.0714285714,99.619047619,-58.0
13:53:27,3098.0,3098.69336114,7.79443026846,22.2222222222,22.0,0,25.1595554179,-10.0,66.3636363636,73.9047619048,-96.0
13:53:28,3098.0,3098.69297604,7.79419295052,22.2222222222,8.0,0,25.1587893819,-2.0,62.8787878788,44.7619047619,-152.0
13:53:28,3098.0,3098.69259116,7.79395537786,22.2222222222,158.0,0,25.1580225238,-54.0,2.20994475138,64.7619047619,-124.0
13:53:29,3098.0,3098.6922065,7.79371755045,22.2222222222,70.0,0,25.1572548433,-40.0,7.47126436782,67.5238095238,-138.0
13:53:29,3098.0,3098.69182205,7.79347946826,22.2222222222,284.0,0,25.1564863404,-2.0,4.27046263346,132.095238095,-118.0
13:53:30,3098.0,3098.69143781,7.79324113128,22.2222222222,244.0,0,25.1557170151,-10.0,2.7989821883,175.047619048,-118.0
13:53:30,3098.0,3098.69105378,7.79312156648,22.2222222222,34.0,0,25.1553310732,-32.0,5.51378446116,147.333333333,-140.0
13:53:31,3098.0,3098.69066997,7.79300184144,22.2222222222,44.0,0,25.1549446141,-4.0,5.27577937651,121.904761905,-142.0
13:53:31,3098.0,3098.69028637,7.79276284624,22.2222222222,88.0,0,25.1541731641,-18.0,6.54450261781,107.333333333,-106.0
13:53:32,3098.0,3098.68990299,7.79252359617,22.2222222222,1100.0,0,25.1534008915,640.0,61.872909699,385.238095238,574.0
13:53:32,3099.0,3098.69007521,7.79234310294,26.3157894737,382.0,0,25.1447018488,-174.0,78.7526427061,408.952380952,402.0
13:53:33,3099.0,3098.69024735,7.79228153644,26.3157894737,104.0,0,25.1445031831,8.0,89.1552511416,348.571428571,420.0
13:53:33,3099.0,3098.69041938,7.7922197219,26.3157894737,52.0,0,25.144303717,48.0,87.3446327684,280.0,500.0
13:53:34,3099.0,3098.69059132,7.79215765932,26.3157894737,106.0,0,25.1441034505,84.0,85.5895196507,226.0,588.0
13:53:34,3099.0,3098.69076317,7.79197590989,26.3157894737,26.0,0,25.1435169729,16.0,88.3615819209,146.19047619,622.0
13:53:35,3099.0,3098.69093492,7.79191330071,26.3157894737,466.0,0,25.1433149426,80.0,48.0633802817,195.047619048,62.0
13:53:35,3100.0,3098.69166198,7.79182523111,30.0,212.0,0,25.1349201003,2.0,18.0124223602,201.523809524,238.0
13:53:36,3099.0,3098.69183323,7.7916424044,26.3157894737,462.0,0,25.1424408015,-60.0,8.91238670695,287.523809524,170.0
13:53:36,3099.0,3098.69200439,7.79145921689,26.3157894737,28.0,0,25.1418496834,2.0,10.6153846154,232.476190476,124.0
13:53:37,3099.0,3098.69217545,7.79127566854,26.3157894737,30.0,0,25.1412574009,-10.0,11.9281045752,179.142857143,30.0
13:53:37,3100.0,3098.69290181,7.79118585861,30.0,172.0,0,25.1328576084,-82.0,20.2919708029,170.0,-68.0
13:53:38,3100.0,3098.69362778,7.79109556235,30.0,8.0,0,25.1325663302,2.0,24.5614035088,107.047619048,-146.0
13:53:38,3099.0,3098.69379794,7.79091081697,26.3157894737,14.0,0,25.1400800806,10.0,30.5322128852,67.619047619,-138.0
13:53:39,3099.0,3098.693968,7.79057003077,26.3157894737,24.0,0,25.1389804155,18.0,78.2608695652,40.4761904762,-60.0
13:53:39,3100.0,3098.69469337,7.79047834076,30.0,8.0,0,25.1305752928,6.0,75.0,29.619047619,-56.0
13:53:40,3099.0,3098.69486294,7.79013656495,26.3157894737,36.0,0,25.1375816875,14.0,70.9923664122,27.7142857143,-32.0
13:53:40,3100.0,3098.69558782,7.78988798771,30.0,94.0,0,25.1286709281,66.0,38.0434782609,42.0952380952,116.0
13:53:41,3100.0,3098.69631229,7.78963876859,30.0,10.0,0,25.1278669954,10.0,37.6344086022,36.1904761905,124.0
13:53:41,3099.0,3098.69648096,7.78945143297,26.3157894737,22.0,0,25.1353708711,-2.0,41.2371134021,33.619047619,112.0
13:53:42,3099.0,3098.69664953,7.78926373622,26.3157894737,18.0,0,25.1347652024,-18.0,39.3617021277,29.5238095238,76.0
13:53:42,3100.0,3098.69737341,7.78928965029,30.0,18.0,0,25.1267408074,-6.0,45.4545454546,25.7142857143,64.0
13:53:43,3100.0,3098.6980969,7.78919461676,30.0,2.0,0,25.1264342476,-2.0,41.4634146342,16.8571428571,48.0
13:53:43,3099.0,3098.69826457,7.78900578451,26.3157894737,54.0,0,25.1339328316,16.0,50.0,24.4761904762,-2.0
13:53:44,3100.0,3098.69898756,7.78890984603,30.0,134.0,0,25.1255156323,-116.0,74.1935483871,56.8571428571,-128.0
13:53:44,3100.0,3098.69971014,7.78881342094,30.0,22.0,0,25.1252045837,-20.0,77.4193548387,51.3333333333,-146.0
13:53:45,3100.0,3098.70043232,7.78871650923,30.0,14.0,0,25.1248919652,-10.0,81.1475409836,43.5238095238,-138.0
13:53:45,3100.0,3098.70115411,7.78861911088,30.0,208.0,0,25.124577777,-14.0,88.0184331797,91.3333333333,-146.0
13:53:46,3099.0,3098.70132009,7.78842824363,26.3157894737,40.0,0,25.1320691953,20.0,88.5593220339,82.0952380952,-124.0
13:53:46,3100.0,3098.70204137,7.78832994012,30.0,2.0,0,25.1236449681,0.0,97.1428571429,60.1904761905,-140.0
13:53:47,3100.0,3098.70276226,7.78823114991,30.0,102.0,0,25.12332629,100.0,97.9381443299,69.3333333333,76.0
13:53:47,3099.0,3098.70292735,7.78803908425,26.3157894737,16.0,0,25.1308134374,4.0,94.7643979058,55.4285714286,100.0
13:53:48,3099.0,3098.70309234,7.78796792285,26.3157894737,120.0,0,25.1305838104,120.0,71.3114754098,71.5238095238,230.0
13:53:48,3100.0,3098.70381265,7.78786787966,30.0,22.0,0,25.1221544505,12.0,55.6291390728,54.5714285714,256.0
13:53:49,3100.0,3098.70453255,7.78776734971,30.0,106.0,0,25.1218301604,2.0,63.5869565217,70.4761904762,238.0
13:53:49,3100.0,3098.70525206,7.78766633296,30.0,2.0,0,25.1215042999,0.0,63.5869565217,53.5238095238,238.0
13:53:50,3099.0,3098.70541576,7.78747235098,26.3157894737,18.0,0,25.1289846756,4.0,50.0,41.1428571429,142.0
13:53:50,3099.0,3098.70557937,7.78727800746,26.3157894737,34.0,0,25.1283575588,-24.0,56.2913907285,37.3333333333,114.0
13:53:51,3100.0,3098.70629829,7.78729732907,30.0,24.0,0,25.1203139647,24.0,94.1747572815,29.8095238095,18.0
13:53:51,3099.0,3098.70646142,7.787223981,26.3157894737,8.0,0,25.1281832236,6.0,91.6666666667,22.2857142857,12.0
13:53:52,3100.0,3098.70717985,7.78712087637,30.0,34.0,0,25.1197447625,2.0,88.3333333333,22.8571428571,12.0
13:53:52,3099.0,3098.70734248,7.78692509718,26.3157894737,12.0,0,25.1272187712,12.0,83.0769230769,20.5714285714,24.0
13:53:53,3100.0,3098.70806043,7.78682108687,30.0,32.0,0,25.1187776996,18.0,79.1666666667,23.5238095238,38.0
13:53:53,3100.0,3098.70877797,7.78671658961,30.0,148.0,0,25.1184406116,30.0,50.3875968992,58.9523809524,92.0
13:53:54,3099.0,3098.70893972,7.78664165057,26.3157894737,104.0,0,25.1263041322,104.0,31.9526627219,76.380952381,172.0
13:53:54,3100.0,3098.70965677,7.78653631851,30.0,8.0,0,25.117859092,2.0,31.9526627219,62.5714285714,168.0
13:53:55,3100.0,3098.71037343,7.78643049945,30.0,76.0,0,25.1175177402,62.0,38.947368421,68.1904761905,228.0
13:53:55,3099.0,3098.71053429,7.78635461624,26.3157894737,26.0,0,25.1253779162,14.0,39.5939086294,57.5238095238,230.0
13:53:56,3100.0,3098.71125046,7.78624796229,30.0,10.0,0,25.1169289106,10.0,39.7849462366,41.619047619,222.0
13:53:56,3100.0,3098.71196623,7.78626318379,30.0,4.0,0,25.1169780122,2.0,45.6140350877,25.0476190476,194.0
13:53:57,3099.0,3098.71212621,7.78606399379,26.3157894737,44.0,0,25.124440122,40.0,63.0952380952,26.7619047619,130.0
13:53:57,3099.0,3098.71228609,7.78586444192,26.3157894737,16.0,0,25.1237961985,8.0,62.5,23.3333333333,136.0
13:53:58,3099.0,3098.71244589,7.78566452816,26.3157894737,0.0,0,25.1231511073,0.0,0,14.9523809524,74.0
13:53:58,3100.0,3098.713161,7.78555571413,30.0,1010.0,0,25.114695852,656.0,95.3874538745,298.761904762,716.0
13:53:59,3100.0,3098.71387571,7.78544641294,30.0,312.0,0,25.1143432675,100.0,96.5367965368,336.285714286,806.0
13:53:59,3100.0,3098.71459003,7.78533662458,30.0,16.0,0,25.1139891115,-10.0,95.56509299,274.857142857,794.0
13:54:00,3101.0,3098.71585935,7.78535327505,33.3333333333,6.0,0,25.1059441311,-4.0,98.0882352941,210.0,750.0
13:54:00,3101.0,3098.71712796,7.78536929118,33.3333333333,42.0,0,25.1059957794,-32.0,96.9696969697,157.238095238,710.0
13:54:01,3101.0,3098.71839587,7.78550766183,33.3333333333,36.0,0,25.1064419924,-8.0,96.905766526,101.523809524,702.0
13:54:01,3101.0,3098.71966308,7.78552248835,33.3333333333,142.0,0,25.1064898044,-8.0,80.1444043321,74.380952381,38.0
13:54:02,3101.0,3098.72092958,7.78553668056,33.3333333333,50.0,0,25.106535571,2.0,54.7945205479,62.2857142857,-60.0
13:54:02,3100.0,3098.72163998,7.78542370216,30.0,36.0,0,25.114270007,-2.0,58.3333333333,58.6666666667,-52.0
13:54:03,3100.0,3098.72234998,7.78543351394,30.0,102.0,0,25.1143016579,0.0,66.6666666667,72.9523809524,-48.0
13:54:03,3101.0,3098.72361499,7.78556938596,33.3333333333,34.0,0,25.1066410382,2.0,71.0,63.2380952381,-14.0
13:54:04,3100.0,3098.72432389,7.78545502052,30.0,6.0,0,25.1143710339,-2.0,68.1081081081,45.9047619048,-8.0
13:54:04,3100.0,3098.72503241,7.78534016776,30.0,8.0,0,25.1140005412,4.0,75.4237288136,30.5714285714,4.0
13:54:05,3101.0,3098.72629593,7.78547458452,33.3333333333,26.0,0,25.1063353258,10.0,80.1886792453,26.7619047619,12.0
13:54:05,3101.0,3098.72755874,7.78560851333,33.3333333333,14.0,0,25.1067672149,6.0,84.2105263158,20.6666666667,20.0
13:54:06,3101.0,3098.72882086,7.78561826541,33.3333333333,192.0,0,25.106798663,-98.0,83.5714285714,66.4761904762,-78.0
13:54:06,3101.0,3098.73008228,7.7856273832,33.3333333333,40.0,0,25.1068280658,8.0,84.6153846154,64.5714285714,-72.0
13:54:07,3101.0,3098.73134299,7.78563586669,33.3333333333,52.0,0,25.1068554231,6.0,86.1445783132,65.8095238095,-64.0
13:54:07,3100.0,3098.73204761,7.78551789471,30.0,128.0,0,25.1145738539,52.0,90.7079646018,86.5714285714,-16.0
13:54:08,3101.0,3098.73330723,7.78552518904,33.3333333333,156.0,0,25.1064985135,122.0,93.1271477663,109.619047619,96.0
13:54:08,3101.0,3098.73456615,7.78553184907,33.3333333333,46.0,0,25.1065199905,-30.0,93.4853420195,95.0476190476,60.0
13:54:09,3101.0,3098.73582438,7.7855378748,33.3333333333,8.0,0,25.1065394221,6.0,95.3488372093,68.0952380952,164.0
13:54:09,3101.0,3098.7370819,7.78554326625,33.3333333333,40.0,0,25.1065568083,-10.0,95.8139534884,59.0476190476,146.0
13:54:10,3101.0,3098.73833873,7.7855480234,33.3333333333,8.0,0,25.106572149,0.0,96.8911917098,40.8571428571,140.0
13:54:10,3101.0,3098.73959486,7.78555214627,33.3333333333,84.0,0,25.1065854443,-32.0,93.567251462,46.4761904762,56.0
13:54:11,3100.0,3098.74029489,7.78543035733,30.0,4.0,56.0975609756,25.1142914752,0.0,89.4736842105,31.3333333333,-66.0
13:54:11,3101.0,3098.74154994,7.78555783502,36.8421052632,22.0,0,25.1066037892,-2.0,87.9518072289,28.5714285714,-38.0
13:54:12,3101.0,3098.74280428,7.78568482501,36.8421052632,468.0,0,25.1070133022,-414.0,97.7635782748,154.380952381,-458.0
13:54:12,3102.0,3098.74461333,7.78597206738,40.0,76.0,0,25.0998454783,-2.0,97.8851963746,146.285714286,-450.0
13:54:13,3101.0,3098.74586598,7.7859732566,36.8421052632,6.0,0,25.1079434266,-2.0,97.5757575758,116.476190476,-452.0
13:54:13,3102.0,3098.74767333,7.78625921986,40.0,288.0,0,25.1007711794,-228.0,99.0740740741,167.333333333,-648.0
13:54:14,3103.0,3098.75003507,7.78674068886,42.8571428571,1236.0,0,25.094233609,-16.0,99.713740458,479.333333333,-664.0
13:54:14,3102.0,3098.75184011,7.78702527634,40.0,46.0,0,25.1032407361,20.0,99.0566037736,392.666666667,-642.0
13:54:15,3103.0,3098.75419954,7.7873801043,42.8571428571,38.0,0,25.0962942453,16.0,97.2781065089,302.571428571,-212.0
13:54:15,3103.0,3098.75655767,7.78773392531,42.8571428571,224.0,0,25.0974344999,-28.0,97.1708378672,286.095238095,-238.0
13:54:16,3103.0,3098.75891448,7.78808673948,42.8571428571,204.0,0,25.0985715098,6.0,97.347740668,256.857142857,-230.0
13:54:16,3103.0,3098.76126998,7.78856390489,42.8571428571,36.0,0,25.1001092649,6.0,96.7488789238,170.19047619,4.0
13:54:17,3103.0,3098.76362418,7.78891479925,42.8571428571,76.0,0,25.1012400878,16.0,85.8974358974,106.952380952,36.0
13:54:17,3102.0,3098.76542167,7.78919479012,40.0,270.0,0,25.1102346554,66.0,83.2547169811,154.380952381,82.0
13:54:18,3103.0,3098.76777356,7.78966948062,42.8571428571,88.0,0,25.1036721902,22.0,86.859688196,139.142857143,88.0
13:54:18,3103.0,3098.77012414,7.79001765081,42.8571428571,242.0,0,25.104794234,36.0,87.5545851528,165.523809524,152.0
13:54:19,3103.0,3098.77247342,7.79036481499,42.8571428571,26.0,0,25.1059130357,-2.0,84.8238482385,129.333333333,144.0
13:54:19,3103.0,3098.77482139,7.79083684926,42.8571428571,20.0,0,25.1074342548,-2.0,85.595567867,99.9047619048,136.0
13:54:20,3102.0,3098.77661266,7.79111312651,40.0,46.0,0,25.1164188475,-4.0,83.8150289017,78.6666666667,116.0
13:54:20,3102.0,3098.77840293,7.79138876015,40.0,84.0,0,25.117307415,-2.0,86.1660079051,69.7142857143,48.0
13:54:21,3103.0,3098.78074761,7.79185850427,42.8571428571,56.0,0,25.1107267299,0.0,85.6540084388,61.619047619,26.0
13:54:21,3103.0,3098.78309099,7.79232741801,42.8571428571,62.0,0,25.1122378924,0.0,76.8707482993,56.7619047619,-10.0
13:54:22,3103.0,3098.78543307,7.79288611471,42.8571428571,106.0,0,25.1140383974,18.0,81.8181818182,73.0476190476,10.0
13:54:22,3103.0,3098.78777385,7.7933534518,42.8571428571,160.0,0,25.1155444789,-6.0,86.3813229572,100.952380952,6.0
13:54:23,3103.0,3098.79011332,7.79391072854,42.8571428571,70.0,0,25.1173404078,-18.0,84.7583643123,96.4761904762,-8.0
13:54:23,3103.0,3098.7924515,7.79446733187,42.8571428571,284.0,0,25.1191341665,-234.0,92.4119241192,152.0,-240.0
13:54:24,3103.0,3098.79478838,7.79493234693,42.8571428571,22.0,0,25.1206327648,-2.0,88.9204545455,123.142857143,-242.0
13:54:24,3103.0,3098.79712396,7.79539653249,42.8571428571,78.0,0,25.1221286899,-74.0,79.4444444444,111.904761905,-316.0
13:54:25,3102.0,3098.79890284,7.7956659176,40.0,190.0,0,25.1310958014,-14.0,58.2089552239,131.904761905,-348.0
13:54:25,3103.0,3098.80123613,7.7961285452,42.8571428571,64.0,0,25.1244877383,22.0,52.5423728814,111.904761905,-320.0
13:54:26,3103.0,3098.80356813,7.79659034371,42.8571428571,34.0,0,25.1259759707,0.0,57.4404761905,87.9047619048,-302.0
13:54:26,3103.0,3098.80589883,7.79692435009,42.8571428571,30.0,0,25.127052369,-2.0,31.5789473684,64.4761904762,-70.0
13:54:27,3103.0,3098.80822824,7.79738440931,42.8571428571,54.0,0,25.1285349962,-2.0,32.4444444444,60.0,-70.0
13:54:27,3104.0,3098.81111176,7.79807272308,45.4545454545,238.0,0,25.1226569687,-134.0,83.2786885246,106.571428571,-130.0
13:54:28,3103.0,3098.81343827,7.79840379659,42.8571428571,316.0,0,25.131820163,-66.0,96.1956521739,167.80952381,-182.0
13:54:28,3104.0,3098.8163189,7.79896271593,45.4545454545,94.0,0,25.1255242137,-16.0,88.5117493473,159.619047619,-220.0
13:54:29,3103.0,3098.81864252,7.79929167407,42.8571428571,12.0,0,25.1346815149,-2.0,87.3655913978,126.571428571,-222.0
13:54:29,3104.0,3098.82152025,7.79984824461,45.4545454545,42.0,0,25.1283770767,6.0,84.6560846561,103.142857143,-214.0
13:54:30,3104.0,3098.82439639,7.80040357851,45.4545454545,72.0,0,25.1301661679,8.0,87.338501292,87.7142857143,-204.0
13:54:30,3104.0,3098.82727092,7.80108539457,45.4545454545,162.0,0,25.1323627402,-6.0,49.2836676218,97.1428571429,-76.0
13:54:31,3104.0,3098.83014386,7.80176616202,45.4545454545,90.0,0,25.1345559344,4.0,47.8813559322,89.619047619,-6.0
13:54:31,3104.0,3098.83301521,7.80231798713,45.4545454545,138.0,0,25.1363337214,-30.0,62.7906976744,106.571428571,-20.0
13:54:32,3103.0,3098.83532956,7.80276856136,42.8571428571,172.0,0,25.1458864369,-72.0,55.6213017751,131.142857143,-90.0
13:54:32,3104.0,3098.83819802,7.80331814018,45.4545454545,78.0,0,25.139555864,-36.0,60.6741573034,121.238095238,-132.0
13:54:33,3103.0,3098.84050949,7.80376687691,42.8571428571,38.0,0,25.1491036961,4.0,57.5221238938,98.1904761905,-136.0
13:54:33,3104.0,3098.84337508,7.80431421031,45.4545454545,22.0,0,25.1427648528,-14.0,69.5167286245,72.1904761905,-144.0
13:54:34,3104.0,3098.84623907,7.80486030909,45.4545454545,32.0,0,25.1445241917,10.0,63.3333333333,55.7142857143,-138.0
13:54:34,3104.0,3098.84910148,7.80540517352,45.4545454545,78.0,0,25.1462795539,-42.0,58.5714285714,55.1428571429,-150.0
13:54:35,3104.0,3098.8519623,7.80594880385,45.4545454545,546.0,0,25.1480309403,408.0,88.4130982368,191.142857143,330.0
13:54:35,3104.0,3098.85482152,7.80661985627,45.4545454545,56.0,0,25.1501928359,16.0,83.6787564767,169.333333333,382.0
13:54:36,3104.0,3098.85767916,7.80728986269,45.4545454545,36.0,0,25.1523513617,12.0,87.012987013,142.857142857,390.0
13:54:36,3104.0,3098.86053521,7.80782999188,45.4545454545,68.0,0,25.1540914687,38.0,87.9901960784,125.619047619,442.0
13:54:37,3104.0,3098.86338968,7.80836888802,45.4545454545,78.0,0,25.1558276031,42.0,87.2389791183,109.047619048,474.0
13:54:37,3104.0,3098.86624256,7.80890655135,45.4545454545,28.0,0,25.157559766,10.0,86.6995073892,76.0,526.0
13:54:38,3103.0,3098.86853845,7.80921641613,42.8571428571,194.0,0,25.1666658593,28.0,73.4782608696,92.7619047619,146.0
13:54:38,3103.0,3098.87083307,7.80952528058,42.8571428571,204.0,0,25.1676612329,92.0,85.1973684211,129.142857143,222.0
13:54:39,3104.0,3098.87368182,7.81005949536,45.4545454545,36.0,0,25.1612741474,-8.0,81.9078947368,110.476190476,202.0
13:54:39,3103.0,3098.87597358,7.81049566388,42.8571428571,42.0,0,25.1707884753,-4.0,79.7250859107,93.5238095238,160.0
13:54:40,3104.0,3098.87881947,7.81115713891,45.4545454545,24.0,0,25.1648103702,-8.0,83.3333333333,72.6666666667,110.0
13:54:40,3104.0,3098.88166378,7.81181757019,45.4545454545,288.0,0,25.1669380483,-58.0,89.0862944162,129.80952381,42.0
13:54:41,3104.0,3098.88450651,7.81247695799,45.4545454545,24.0,0,25.1690623647,24.0,93.5275080906,99.1428571429,38.0
13:54:41,3103.0,3098.88679226,7.81277976783,42.8571428571,4.0,0,25.178149429,4.0,90.9090909091,70.8571428571,-50.0
13:54:42,3104.0,3098.88963214,7.81330724225,45.4545454545,18.0,0,25.1717372495,8.0,96.0,56.0952380952,-34.0
13:54:42,3103.0,3098.89191505,7.81360794613,42.8571428571,104.0,0,25.1808183891,52.0,76.1904761905,66.7619047619,22.0
13:54:43,3103.0,3098.89419668,7.81403769559,42.8571428571,172.0,0,25.1822033374,0.0,75.4098360656,93.9047619048,30.0
13:54:43,3103.0,3098.89647705,7.81446662161,42.8571428571,2.0,0,25.183585632,0.0,53.7037037037,65.4285714286,88.0
13:54:44,3104.0,3098.89931155,7.81511996069,45.4545454545,32.0,0,25.1775771929,30.0,53.6144578313,59.1428571429,94.0
13:54:44,3104.0,3098.90214448,7.81577225792,45.4545454545,550.0,0,25.179678666,-302.0,89.7494305239,200.476190476,-212.0
13:54:45,3104.0,3098.90497584,7.81642351355,45.4545454545,38.0,0,25.1817767834,34.0,89.7550111359,169.523809524,-186.0
13:54:45,3104.0,3098.90780562,7.81694325006,45.4545454545,814.0,0,25.1834511922,-48.0,75.1243781094,359.333333333,-286.0
13:54:46,3104.0,3098.91063383,7.81746175771,45.4545454545,16.0,0,25.1851216421,4.0,74.9311294766,287.333333333,-282.0
13:54:46,3104.0,3098.91346047,7.81810971439,45.4545454545,8.0,0,25.1872091314,8.0,75.1714677641,220.476190476,-274.0
13:54:47,3103.0,3098.91573014,7.81853211078,42.8571428571,40.0,0,25.196687434,20.0,74.0791268758,162.476190476,-284.0
13:54:47,3103.0,3098.91799855,7.81882284385,42.8571428571,6.0,0,25.1976243759,0.0,51.6268980477,94.380952381,18.0
13:54:48,3103.0,3098.9202657,7.8191125793,42.8571428571,76.0,0,25.1985581028,-54.0,46.875,72.1904761905,-70.0
13:54:48,3103.0,3098.92253159,7.81940131723,42.8571428571,26.0,0,25.199488615,24.0,39.5348837209,33.9047619048,2.0
13:54:49,3104.0,3098.92535162,7.81991314956,45.4545454545,12.0,0,25.1930191674,12.0,39.2857142857,29.1428571429,10.0
13:54:49,3104.0,3098.92817009,7.82042375454,45.4545454545,596.0,0,25.1946641577,194.0,86.5079365079,191.428571429,196.0
13:54:50,3104.0,3098.93098699,7.82106446116,45.4545454545,58.0,0,25.1967282898,2.0,89.6640826873,172.0,178.0
13:54:50,3104.0,3098.93380233,7.82170412879,45.4545454545,34.0,0,25.1987890747,4.0,87.0324189526,144.857142857,182.0
13:54:51,3104.0,3098.9366161,7.82234275771,45.4545454545,48.0,0,25.2008465132,28.0,92.2480620155,120.380952381,264.0
13:54:51,3105.0,3098.93998371,7.82310774166,47.8260869565,56.0,0,25.195194015,10.0,86.5671641791,99.5238095238,250.0
13:54:52,3105.0,3098.94334945,7.82400293415,47.8260869565,144.0,0,25.1980770826,-4.0,87.6068376068,102.380952381,234.0
13:54:52,3105.0,3098.94671332,7.82476503414,47.8260869565,134.0,0,25.2005315109,16.0,72.5738396624,96.0952380952,56.0
13:54:53,3104.0,3098.94951992,7.82526707922,45.4545454545,214.0,0,25.2102676521,80.0,68.5714285714,134.666666667,134.0
13:54:53,3104.0,3098.95232497,7.82589989599,45.4545454545,150.0,0,25.212306366,-12.0,61.9302949062,147.523809524,118.0
13:54:54,3103.0,3098.95457305,7.82617674957,42.8571428571,36.0,0,25.2213237176,14.0,62.6702997275,122.285714286,104.0
13:54:54,3104.0,3098.95737529,7.82680752109,45.4545454545,646.0,0,25.2152304159,4.0,37.915407855,271.904761905,98.0
13:54:55,3104.0,3098.96017597,7.82743725602,45.4545454545,92.0,0,25.2172592011,58.0,37.7358490566,235.142857143,160.0
13:54:55,3105.0,3098.96353049,7.82832393016,47.8260869565,110.0,0,25.2119933339,-20.0,41.0256410256,206.0,124.0
13:54:56,3104.0,3098.96632775,7.8289514734,45.4545454545,60.0,0,25.2221374787,8.0,33.2723948812,163.714285714,52.0
13:54:56,3104.0,3098.96912346,7.82957798084,45.4545454545,56.0,0,25.2241558661,50.0,37.8,127.619047619,114.0
13:54:57,3104.0,3098.97191762,7.83020345273,45.4545454545,8.0,0,25.2261709173,6.0,37.2427983539,82.2857142857,106.0
13:54:57,3104.0,3098.97471022,7.83069517731,45.4545454545,88.0,0,25.2277550815,-10.0,97.5845410628,61.1428571429,92.0
13:54:58,3104.0,3098.97750127,7.8311856788,45.4545454545,24.0,0,25.2293353054,12.0,91.3294797688,48.2857142857,46.0
13:54:58,3104.0,3098.98029078,7.83180786959,45.4545454545,136.0,0,25.2313397861,112.0,80.6451612903,70.6666666667,178.0
13:54:59,3104.0,3098.98307873,7.83229602568,45.4545454545,234.0,0,25.2329124539,192.0,98.5347985348,119.80952381,362.0
13:54:59,3105.0,3098.98642053,7.83317304801,47.8260869565,18.0,0,25.2276104606,18.0,99.2125984252,98.9523809524,330.0
13:55:00,3104.0,3098.98920508,7.83379192905,45.4545454545,12.0,0,25.2377317302,6.0,97.265625,78.1904761905,330.0
13:55:00,3104.0,3098.99198808,7.83440977631,45.4545454545,92.0,0,25.2397222175,36.0,91.4728682171,80.0952380952,376.0
13:55:01,3105.0,3098.99532494,7.83528320393,47.8260869565,36.0,60.8695652174,25.2344064539,22.0,89.3939393939,65.8095238095,386.0
13:55:01,3105.0,3098.99865995,7.83615534274,50.0,70.0,0,25.2372152745,-36.0,82.683982684,60.6666666667,238.0
13:55:02,3105.0,3099.0019931,7.83689263108,50.0,48.0,0,25.2395897941,-6.0,60.8695652174,52.380952381,40.0
13:55:02,3105.0,3099.0053244,7.83776210009,50.0,152.0,0,25.2423900164,22.0,54.6341463415,82.6666666667,44.0
13:55:03,3105.0,3099.00865385,7.83849652042,50.0,140.0,0,25.2447552993,-32.0,58.3643122677,103.142857143,6.0
13:55:03,3104.0,3099.01142605,7.83910740206,47.8260869565,126.0,0,25.2548563211,28.0,55.2447552448,113.523809524,-2.0
13:55:04,3104.0,3099.01419671,7.83958330258,47.8260869565,62.0,0,25.2563895057,-4.0,50.8361204013,104.0,-28.0
13:55:04,3104.0,3099.01696583,7.8401920328,47.8260869565,10.0,0,25.2583506211,6.0,49.4423791822,78.380952381,14.0
13:55:05,3105.0,3099.02028882,7.8409211477,50.0,46.0,0,25.2525640828,-28.0,46.6417910448,65.9047619048,-8.0
13:55:05,3104.0,3099.02305455,7.84152760927,47.8260869565,36.0,0,25.2626533804,-10.0,42.380952381,50.6666666667,-40.0
13:55:06,3104.0,3099.02581876,7.84199870888,47.8260869565,38.0,0,25.2641710982,12.0,32.7044025157,41.5238095238,4.0
13:55:06,3104.0,3099.02858142,7.84246858969,47.8260869565,466.0,0,25.2656848895,38.0,8.51063829789,159.523809524,14.0
13:55:07,3104.0,3099.03134255,7.84293725193,47.8260869565,144.0,0,25.2671947549,74.0,17.027027027,169.333333333,92.0
13:55:07,3104.0,3099.03410215,7.8435393275,47.8260869565,210.0,0,25.2691344314,50.0,34.8936170213,194.095238095,136.0
13:55:08,3104.0,3099.03686022,7.8441403732,47.8260869565,46.0,0,25.2710707899,-2.0,37.2340425532,162.476190476,162.0
13:55:08,3104.0,3099.03961675,7.84460558144,47.8260869565,376.0,0,25.2725695278,70.0,52.03125,225.142857143,242.0
13:55:09,3103.0,3099.04181636,7.84485039869,45.8333333333,16.0,0,25.2815030573,8.0,52.4642289348,168.761904762,238.0
13:55:09,3103.0,3099.04401474,7.84522922086,45.8333333333,38.0,0,25.2827238829,12.0,80.2409638554,119.714285714,212.0
13:55:10,3103.0,3099.04621189,7.84560722811,45.8333333333,26.0,0,25.2839420822,0.0,85.1123595506,87.619047619,138.0
13:55:10,3104.0,3099.04896324,7.84606813047,47.8260869565,28.0,0,25.2772813482,20.0,75.8490566038,61.7142857143,108.0
13:55:11,3103.0,3099.05115765,7.84630906683,45.8333333333,26.0,0,25.2862038892,26.0,73.3333333333,43.9047619048,136.0
13:55:11,3103.0,3099.05335084,7.84654901242,45.8333333333,108.0,0,25.2869771589,102.0,26.4462809917,50.4761904762,168.0
13:55:12,3103.0,3099.05554281,7.84678796734,45.8333333333,10.0,0,25.287747236,2.0,23.7288135593,41.8095238095,162.0
13:55:12,3103.0,3099.05773357,7.84702593166,45.8333333333,2.0,0,25.2885141207,2.0,17.0,31.1428571429,152.0
13:55:13,3104.0,3099.06047851,7.84731018141,47.8260869565,20.0,0,25.2812828009,0.0,17.5257731959,27.3333333333,152.0
13:55:13,3103.0,3099.06266653,7.84754596677,45.8333333333,16.0,0,25.2901900315,4.0,19.7802197802,22.6666666667,136.0
13:55:14,3103.0,3099.06485333,7.84760950863,45.8333333333,8.0,0,25.2903948071,4.0,23.1707317073,16.2857142857,114.0
13:55:14,3104.0,3099.06759431,7.84788984377,47.8260869565,22.0,0,25.2831502699,16.0,43.5897435897,14.7619047619,28.0
13:55:15,3104.0,3099.07033378,7.84816875314,47.8260869565,8.0,0,25.2840488181,-4.0,50.0,13.3333333333,22.0
13:55:15,3104.0,3099.07307172,7.84823924088,47.8260869565,2.0,0,25.2842759049,0.0,52.6315789474,10.2857142857,20.0
13:55:16,3103.0,3099.07525274,7.84809046819,45.8333333333,4.0,0,25.2919447895,4.0,33.3333333333,7.80952380952,24.0
13:55:16,3103.0,3099.07743255,7.84794027688,45.8333333333,72.0,0,25.2914607698,50.0,12.0689655172,25.5238095238,70.0
13:55:17,3103.0,3099.07961115,7.84778866687,45.8333333333,70.0,0,25.2909721781,4.0,30.3370786517,40.0,70.0
13:55:17,3104.0,3099.08234394,7.84806038297,47.8260869565,60.0,0,25.2836996874,24.0,50.0,48.6666666667,78.0
13:55:18,3104.0,3099.08507521,7.84833067393,47.8260869565,172.0,0,25.2845704701,-60.0,61.5789473684,87.5238095238,22.0
13:55:18,3104.0,3099.08780497,7.8485995399,47.8260869565,8.0,0,25.285436662,4.0,61.1398963731,71.7142857143,26.0
13:55:19,3104.0,3099.09053321,7.84886698102,47.8260869565,18.0,0,25.2862982636,14.0,63.0,58.4761904762,36.0
13:55:19,3104.0,3099.09325993,7.84892506598,47.8260869565,22.0,0,25.286485393,18.0,75.4285714286,45.7142857143,4.0
13:55:20,3104.0,3099.09598514,7.84898148913,47.8260869565,28.0,0,25.2866671686,28.0,74.025974026,37.0476190476,28.0
13:55:20,3103.0,3099.09815344,7.84881975381,45.8333333333,28.0,0,25.2942950493,26.0,65.2173913044,30.380952381,30.0
13:55:21,3103.0,3099.10032053,7.84865659949,45.8333333333,22.0,0,25.2937692539,22.0,38.0952380952,23.5238095238,112.0
13:55:21,3103.0,3099.10248641,7.84849202607,45.8333333333,0.0,0,25.2932388852,0.0,0,17.5238095238,108.0
13:55:22,3104.0,3099.1052065,7.84854218987,47.8260869565,34.0,0,25.2852519004,30.0,43.2835820896,21.619047619,124.0
13:55:22,3104.0,3099.10792507,7.84859069189,47.8260869565,0.0,0,25.2854081569,0.0,0,15.2380952381,106.0
13:55:23,3103.0,3099.11008674,7.848421634,45.8333333333,4.0,0,25.2930120335,2.0,45.4545454545,11.0476190476,80.0
13:55:23,3103.0,3099.1122472,7.84825115673,45.8333333333,8.0,0,25.2924626385,6.0,47.0588235294,9.14285714286,60.0
13:55:24,3103.0,3099.11440646,7.84807925998,45.8333333333,10.0,0,25.291908669,4.0,71.4285714286,8.7619047619,42.0
13:55:24,3104.0,3099.11711993,7.84833067393,47.8260869565,26.0,0,25.2845704701,8.0,53.6585365854,13.5238095238,50.0
13:55:25,3104.0,3099.11983188,7.84837138095,47.8260869565,74.0,0,25.2847016139,36.0,57.3770491803,30.7619047619,56.0
13:55:25,3104.0,3099.12254234,7.84861983621,47.8260869565,30.0,0,25.2855020496,18.0,60.5263157895,33.5238095238,74.0
13:55:26,3103.0,3099.12469588,7.84882579486,45.8333333333,4.0,0,25.2943145178,0.0,59.2105263158,27.4285714286,72.0
13:55:26,3103.0,3099.12684823,7.84885656039,45.8333333333,24.0,0,25.2944136654,6.0,54.7619047619,27.0476190476,72.0
13:55:27,3104.0,3099.12955478,7.84910110742,47.8260869565,18.0,0,25.2870525368,-4.0,55.6818181818,24.1904761905,64.0
13:55:27,3104.0,3099.13225984,7.84934423128,47.8260869565,20.0,0,25.2878357966,-2.0,65.8823529412,21.5238095238,54.0
13:55:28,3103.0,3099.13440798,7.84937121017,45.8333333333,20.0,0,25.296072221,0.0,50.0,19.1428571429,18.0
13:55:28,3103.0,3099.13655494,7.84939699953,45.8333333333,16.0,0,25.296155332,-10.0,49.0196078431,18.1904761905,-10.0
13:55:29,3103.0,3099.1387007,7.84942159936,45.8333333333,20.0,0,25.2962346096,-10.0,50.8474576271,19.0476190476,-20.0
13:55:29,3103.0,3099.14084527,7.84944500967,45.8333333333,2.0,0,25.2963100537,0.0,60.4166666667,14.0,-26.0
13:55:30,3104.0,3099.14354405,7.84968151729,47.8260869565,16.0,0,25.2889224139,-12.0,63.829787234,14.0,-34.0
13:55:30,3103.0,3099.14568593,7.84970243991,45.8333333333,250.0,0,25.297139671,236.0,12.962962963,80.9523809524,204.0
13:55:31,3103.0,3099.14782662,7.84972217307,45.8333333333,72.0,0,25.2972032648,72.0,10.6382978723,86.0952380952,276.0
13:55:31,3104.0,3099.15052153,7.84995466194,47.8260869565,246.0,0,25.2898023903,138.0,5.2805280528,138.476190476,424.0
13:55:32,3103.0,3099.15265953,7.84997190763,45.8333333333,424.0,0,25.2980080813,402.0,2.37623762377,230.761904762,836.0
13:55:32,3103.0,3099.15479635,7.84998796394,45.8333333333,472.0,0,25.2980598258,68.0,1.75675675675,317.523809524,904.0
13:55:33,3103.0,3099.15693198,7.85000283086,45.8333333333,582.0,0,25.2981077372,-70.0,9.87292277615,413.333333333,846.0
13:55:33,3103.0,3099.15906643,7.8500165084,45.8333333333,64.0,0,25.2981518157,18.0,11.1827956989,334.19047619,628.0
13:55:34,3103.0,3099.16119969,7.85002899657,45.8333333333,248.0,0,25.2981920611,230.0,11.1984282908,316.476190476,786.0
13:55:34,3103.0,3099.16333176,7.85004029537,45.8333333333,70.0,0,25.2982284736,46.0,12.1505376344,239.523809524,694.0
13:55:35,3103.0,3099.16546265,7.85005040481,45.8333333333,50.0,0,25.2982610532,-12.0,15.0740242261,165.238095238,280.0
13:55:35,3103.0,3099.16759236,7.85023548833,45.8333333333,70.0,0,25.2988575196,56.0,22.3247232472,114.476190476,268.0
13:55:36,3104.0,3099.17027628,7.85045628539,47.8260869565,32.0,0,25.2914184452,16.0,11.2359550562,72.0,354.0
13:55:36,3103.0,3099.17240332,7.85046282645,45.8333333333,12.0,0,25.2995901594,4.0,11.6182572614,50.0,340.0
13:55:37,3103.0,3099.17452917,7.85046817822,45.8333333333,28.0,0,25.2996074065,-4.0,15.2671755725,35.0476190476,106.0
13:55:37,3103.0,3099.17665384,7.85047234071,45.8333333333,32.0,0,25.2996208208,-4.0,16.9642857143,31.7142857143,56.0
13:55:38,3103.0,3099.17877733,7.85047531391,45.8333333333,16.0,0,25.2996304025,-2.0,22.1052631579,25.619047619,66.0
13:55:38,3103.0,3099.18089964,7.85047709783,45.8333333333,26.0,0,25.2996361516,-22.0,15.0684931507,24.0,-12.0
13:55:39,3103.0,3099.18302078,7.85047769247,45.8333333333,36.0,0,25.2996380679,-14.0,16.0,27.3333333333,-42.0
13:55:39,3103.0,3099.18514073,7.85047709783,45.8333333333,58.0,0,25.2996361516,-2.0,14.2857142857,36.7619047619,-48.0
13:55:40,3103.0,3099.18725951,7.85047531391,45.8333333333,40.0,0,25.2996304025,-12.0,13.4615384615,38.8571428571,-56.0
13:55:40,3104.0,3099.18993251,7.85068431003,47.8260869565,56.0,0,25.2921530607,6.0,33.6206896552,44.9523809524,-46.0
13:55:41,3103.0,3099.19204863,7.85046729363,45.8333333333,106.0,0,25.2996045557,46.0,22.9813664596,64.1904761905,2.0
13:55:41,3103.0,3099.19416357,7.85046172563,45.8333333333,20.0,0,25.2995866118,-16.0,26.582278481,54.5714285714,8.0
13:55:42,3103.0,3099.19627733,7.85045496834,45.8333333333,128.0,0,25.2995648351,-120.0,18.137254902,76.0952380952,-98.0
13:55:42,3103.0,3099.19838993,7.85044702175,45.8333333333,6.0,0,25.2995392258,0.0,19.6629213483,58.380952381,-96.0
13:55:43,3104.0,3099.20105675,7.8506492959,47.8260869565,20.0,0,25.2920402574,-2.0,21.4285714286,47.1428571429,-86.0
13:55:43,3103.0,3099.20316669,7.85063886289,45.8333333333,32.0,0,25.3001574698,-4.0,14.1025641026,40.2857142857,-96.0
13:55:44,3103.0,3099.20527545,7.85062724061,45.8333333333,30.0,0,25.3001200149,-12.0,24.5762711864,34.0,-154.0
13:55:44,3104.0,3099.20793845,7.85082550016,47.8260869565,26.0,0,25.2926079258,0.0,29.7520661157,30.1904761905,-138.0
13:55:45,3104.0,3099.21059997,7.85102233946,47.8260869565,44.0,0,25.293242073,8.0,46.835443038,31.2380952381,-10.0
13:55:45,3103.0,3099.2127046,7.85100693393,45.8333333333,20.0,0,25.3013436478,6.0,41.8604651163,29.4285714286,-4.0
13:55:46,3103.0,3099.21480807,7.85099033916,45.8333333333,8.0,0,25.3012901681,0.0,41.25,23.5238095238,-2.0
13:55:46,3104.0,3099.21746577,7.85118316455,47.8260869565,26.0,0,25.2937601951,14.0,31.1688311688,23.3333333333,16.0
13:55:47,3103.0,3099.2195666,7.8511640837,45.8333333333,10.0,0,25.3018500925,6.0,25.3731343284,18.8571428571,34.0
13:55:47,3103.0,3099.22166625,7.85114381362,45.8333333333,4.0,0,25.3017847683,4.0,8.92857142856,13.619047619,38.0
13:55:48,3103.0,3099.22376475,7.8511223543,45.8333333333,12.0,0,25.3017156117,2.0,7.49999999999,11.7142857143,32.0
13:55:48,3104.0,3099.22641747,7.85130986948,47.8260869565,14.0,0,25.294168394,6.0,18.9189189189,11.9047619048,32.0
13:55:49,3104.0,3099.22906873,7.85149596503,47.8260869565,0.0,0,25.2947679286,0.0,0,8.38095238095,32.0
13:55:49,3103.0,3099.23116311,7.85147072308,45.8333333333,122.0,0,25.3028382955,-118.0,79.012345679,40.0952380952,-100.0
13:55:50,3103.0,3099.23325632,7.85144429192,45.8333333333,98.0,0,25.3027531161,90.0,54.4,60.380952381,-16.0
13:55:50,3104.0,3099.23590378,7.85162637473,47.8260869565,2.0,0,25.2951880629,-2.0,55.6451612903,49.0476190476,-22.0
13:55:51,3103.0,3099.23799436,7.85159745777,45.8333333333,10.0,51.2195121951,25.3032467218,4.0,57.7235772358,40.0952380952,-20.0
13:55:51,3104.0,3099.24063919,7.85177682474,60.0,32.0,0,25.2956727601,10.0,55.303030303,37.5238095238,-16.0
13:55:52,3103.0,3099.24272714,7.85174542206,57.8947368421,6.0,0,25.3037235645,0.0,54.8148148148,26.6666666667,-16.0
13:55:52,3103.0,3099.24481394,7.85171283016,57.8947368421,6.0,0,25.303618531,0.0,18.1818181818,15.5238095238,102.0
13:55:53,3103.0,3099.24689957,7.85146364726,57.8947368421,24.0,0,25.3028154923,-2.0,47.5,15.0476190476,10.0
13:55:53,3103.0,3099.24898405,7.85142856782,57.8947368421,2.0,0,25.3027024422,0.0,45.0,11.8095238095,12.0
13:55:54,3103.0,3099.25106737,7.85117666341,57.8947368421,6.0,0,25.301890633,-2.0,44.7368421053,9.71428571429,6.0
13:55:54,3103.0,3099.25314953,7.85113909621,57.8947368421,26.0,0,25.3017695656,-24.0,34.2857142857,13.5238095238,-28.0
13:55:55,3103.0,3099.25523053,7.85088446991,57.8947368421,10.0,0,25.3009489846,-10.0,29.7297297297,13.0476190476,-38.0
13:55:55,3103.0,3099.25731038,7.85062842004,57.8947368421,4.0,0,25.3001238158,0.0,33.3333333333,10.6666666667,-38.0
13:55:56,3104.0,3099.25994448,7.85032789576,60.0,2.0,0,25.2910048188,-2.0,16.0,7.80952380952,-38.0
13:55:56,3104.0,3099.26257711,7.85002543343,60.0,10.0,0,25.2900303912,0.0,31.0344827586,8.28571428571,-38.0
13:55:57,3103.0,3099.26465288,7.84951282203,57.8947368421,6.0,0,25.2965285918,0.0,27.5862068965,7.2380952381,-36.0
13:55:57,3103.0,3099.2667275,7.84899851577,57.8947368421,12.0,0,25.2948711433,-4.0,45.4545454545,7.90476190476,-16.0
13:55:58,3103.0,3099.26880096,7.84848251433,57.8947368421,0.0,0,25.2932082318,0.0,0,5.80952380952,-6.0
13:55:58,3104.0,3099.27142868,7.8481726858,60.0,16.0,0,25.2840614878,-6.0,73.9130434783,8.7619047619,-12.0
13:55:59,3103.0,3099.27349953,7.84765317892,57.8947368421,40.0,0,25.2905355428,0.0,38.0952380952,18.0,-10.0
13:55:59,3103.0,3099.27556923,7.84713197588,57.8947368421,14.0,0,25.2888558681,-10.0,27.2727272727,18.0,-20.0
13:56:00,3104.0,3099.27819319,7.84681658735,60.0,50.0,0,25.2796926139,-8.0,45.4545454546,28.0952380952,-28.0
13:56:00,3103.0,3099.28026028,7.846291877,57.8947368421,54.0,0,25.2861484918,0.0,32.183908046,37.2380952381,-24.0
13:56:01,3103.0,3099.28232623,7.8457654695,57.8947368421,4.0,0,25.2844520448,0.0,31.4606741573,30.0952380952,-24.0
13:56:01,3104.0,3099.28494643,7.8454445184,60.0,22.0,0,25.2752722887,-16.0,30.4347826087,27.9047619048,-34.0
13:56:02,3104.0,3099.28756518,7.84512162642,60.0,12.0,0,25.2742320439,0.0,37.1794871795,22.5714285714,-34.0
13:56:02,3103.0,3099.28962707,7.8448433169,57.8947368421,54.0,0,25.2814802349,6.0,33.6734693878,30.5714285714,-18.0
13:56:03,3103.0,3099.29168782,7.84456358109,57.8947368421,24.0,0,25.2805787338,20.0,20.0,28.0952380952,10.0
13:56:03,3104.0,3099.29430282,7.84448909631,60.0,2.0,0,25.2721942536,2.0,28.813559322,20.5714285714,12.0
13:56:04,3103.0,3099.29636097,7.8436633572,57.8947368421,12.0,0,25.2776775933,12.0,26.9841269841,18.380952381,24.0
13:56:04,3104.0,3099.29897338,7.84304203312,60.0,28.0,0,25.2675323232,4.0,30.303030303,20.380952381,44.0
13:56:05,3103.0,3099.30102893,7.84221214697,57.8947368421,18.0,0,25.2730007959,18.0,27.5362318841,19.2380952381,62.0
13:56:05,3103.0,3099.30308335,7.84105505447,57.8947368421,2.0,0,25.2692718481,2.0,32.5581395349,13.2380952381,58.0
13:56:06,3104.0,3099.30569202,7.84010164156,60.0,4.0,0,25.2580594122,0.0,39.3939393939,10.2857142857,38.0
13:56:06,3103.0,3099.30774384,7.83893966044,57.8947368421,2.0,0,25.2624545937,0.0,36.3636363636,7.71428571429,36.0
13:56:07,3103.0,3099.30979453,7.83810107074,57.8947368421,20.0,0,25.259752081,18.0,32.4324324324,10.2857142857,42.0
13:56:07,3103.0,3099.31184407,7.83693451009,57.8947368421,56.0,0,25.2559926203,4.0,3.92156862745,22.7619047619,42.0
13:56:08,3104.0,3099.31444788,7.83629729189,60.0,4.0,0,25.2458031311,0.0,6.81818181818,19.0476190476,24.0
13:56:08,3104.0,3099.31705024,7.83533148274,60.0,4.0,0,25.2426916325,2.0,8.88888888888,16.0,24.0
13:56:09,3103.0,3099.31909576,7.83415771371,57.8947368421,2.0,0,25.2470438727,2.0,6.81818181818,12.2857142857,26.0
13:56:09,3103.0,3099.32114013,7.83298155238,57.8947368421,210.0,0,25.2432534721,-174.0,2.02702702703,68.0952380952,-148.0
13:56:10,3104.0,3099.32373878,7.83200808333,60.0,388.0,0,25.2319848045,-56.0,3.91566265061,164.857142857,-222.0
13:56:10,3103.0,3099.32578058,7.83082701729,57.8947368421,456.0,0,25.2363100783,314.0,2.25563909775,263.523809524,88.0
13:56:11,3102.0,3099.32726584,7.82980148906,55.0,6.0,0,25.2411395521,6.0,2.43902439025,214.571428571,94.0
13:56:11,3103.0,3099.32930569,7.82861595051,57.8947368421,32.0,0,25.2291845005,-2.0,3.10786106033,172.952380952,90.0
13:56:12,3102.0,3099.33078899,7.82758654447,55.0,30.0,0,25.2339991762,22.0,3.03030303031,129.428571429,110.0
13:56:12,3103.0,3099.33282688,7.82672437909,57.8947368421,30.0,0,25.2230885565,-12.0,4.24628450107,84.5714285714,272.0
13:56:13,3102.0,3099.33430823,7.8259837665,55.0,12.0,0,25.2288322582,0.0,4.24028268551,43.1428571429,328.0
13:56:13,3102.0,3099.33578876,7.82524166392,55.0,16.0,0,25.2264399224,-12.0,20.6349206349,20.7619047619,2.0
13:56:14,3102.0,3099.33726846,7.82420527558,55.0,110.0,0,25.2230988897,2.0,10.4347826087,46.1904761905,-2.0
13:56:14,3102.0,3099.33874735,7.82346004549,55.0,22.0,0,25.2206964716,-4.0,13.6363636364,41.5238095238,-4.0
13:56:15,3102.0,3099.34022541,7.8224202153,55.0,30.0,0,25.2173443433,-24.0,24.5454545455,39.619047619,-50.0
13:56:15,3103.0,3099.34225805,7.82154698396,57.8947368421,6.0,0,25.2064034288,-6.0,27.5510204082,30.8571428571,-44.0
13:56:16,3102.0,3099.34373417,7.82050343628,55.0,20.0,0,25.2111651718,-6.0,24.5098039216,27.2380952381,-50.0
13:56:16,3102.0,3099.34520946,7.81945808169,55.0,48.0,0,25.2077952343,4.0,38.1355932203,31.2380952381,-34.0
13:56:17,3102.0,3099.34668393,7.81870470154,55.0,10.0,0,25.2053665427,6.0,64.7058823529,22.8571428571,-30.0
13:56:17,3102.0,3099.34815759,7.81765589867,55.0,22.0,0,25.2019854889,0.0,52.9411764706,22.6666666667,-26.0
13:56:18,3103.0,3099.35018583,7.81677315236,57.8947368421,20.0,0,25.1910188603,0.0,53.9682539683,21.9047619048,-2.0
13:56:18,3103.0,3099.35221294,7.81618264315,57.8947368421,2.0,0,25.1891158336,-2.0,52.4590163934,16.4761904762,2.0
13:56:19,3102.0,3099.35368352,7.81512836774,55.0,30.0,0,25.1938374202,18.0,54.5454545455,19.2380952381,26.0
13:56:19,3102.0,3099.35515329,7.81407228129,55.0,48.0,0,25.1904328862,18.0,22.7272727273,26.6666666667,40.0
13:56:20,3103.0,3099.35717764,7.81318180235,57.8947368421,2.0,0,25.1794450607,0.0,25.8064516129,20.9523809524,34.0
13:56:20,3102.0,3099.35864547,7.81212198592,55.0,82.0,0,25.184145667,0.0,17.3913043478,38.4761904762,34.0
13:56:21,3102.0,3099.36011248,7.81106035624,55.0,14.0,0,25.1807232632,12.0,7.86516853933,33.7142857143,46.0
13:56:21,3102.0,3099.36157868,7.80999691259,55.0,40.0,0,25.1772950116,16.0,7.40740740741,36.6666666667,64.0
13:56:22,3102.0,3099.36304406,7.80922708727,55.0,24.0,0,25.1748133052,20.0,4.7619047619,33.2380952381,66.0
13:56:22,3102.0,3099.36450863,7.80816018228,55.0,32.0,0,25.1713738952,2.0,7.21649484536,32.380952381,50.0
13:56:23,3102.0,3099.36597239,7.80709146119,55.0,42.0,0,25.1679286305,2.0,22.2222222222,35.1428571429,52.0
13:56:23,3102.0,3099.36743533,7.80631684208,55.0,4.0,0,25.1654314703,2.0,34.6153846154,25.1428571429,54.0
13:56:24,3102.0,3099.36889746,7.8055407226,55.0,8.0,0,25.1629294733,4.0,34.6666666667,20.0,46.0
13:56:24,3102.0,3099.37035878,7.80476310232,55.0,6.0,0,25.160422638,-2.0,41.3793103448,14.5714285714,28.0
13:56:25,3102.0,3099.37181928,7.80398398078,55.0,88.0,0,25.1579109632,-42.0,27.7777777778,34.1904761905,-34.0
13:56:25,3102.0,3099.37327898,7.80290684597,55.0,30.0,0,25.154438575,-22.0,26.9662921348,34.1904761905,-58.0
13:56:26,3102.0,3099.37473786,7.80212457216,55.0,14.0,0,25.1519167381,0.0,5.33333333333,29.7142857143,-60.0
13:56:26,3102.0,3099.37619593,7.80104396603,55.0,36.0,0,25.1484331593,-24.0,3.2967032967,32.8571428571,-86.0
13:56:27,3102.0,3099.3776532,7.80025853778,55.0,8.0,0,25.1459011534,-2.0,5.4945054945,26.4761904762,-92.0
13:56:27,3102.0,3099.37910965,7.79917445774,55.0,2.0,0,25.1424063757,0.0,5.61797752809,18.380952381,-90.0
13:56:28,3102.0,3099.3805653,7.79838587287,55.0,14.0,0,25.1398641937,-2.0,9.61538461538,13.9047619048,-50.0
13:56:28,3102.0,3099.38202014,7.79759578332,55.0,18.0,0,25.1373171609,-4.0,19.5652173913,14.0952380952,-32.0
13:56:29,3102.0,3099.38347417,7.79650657267,55.0,6.0,0,25.1338058435,-2.0,26.1904761905,11.4285714286,-34.0
13:56:29,3102.0,3099.38492739,7.7957133233,55.0,4.0,0,25.1312486244,0.0,42.3076923077,8.57142857143,-10.0
13:56:30,3102.0,3099.3863798,7.79491856778,55.0,26.0,0,25.1286865499,-14.0,28.5714285714,13.5238095238,-22.0
13:56:30,3102.0,3099.38783141,7.79382422099,55.0,4.0,0,25.125158675,-2.0,27.7777777778,11.3333333333,-24.0
13:56:31,3102.0,3099.38928221,7.79302630245,55.0,14.0,0,25.1225864038,0.0,22.2222222222,11.9047619048,-22.0
13:56:31,3102.0,3099.39073221,7.79222687628,55.0,10.0,0,25.1200092723,0.0,9.37499999999,11.3333333333,-18.0
13:56:32,3102.0,3099.3921814,7.79112738775,55.0,12.0,0,25.1164648219,-4.0,5.71428571428,11.7142857143,-20.0
13:56:32,3103.0,3099.39418519,7.79019088321,57.8947368421,56.0,0,25.1053525079,8.0,34.4262295082,24.380952381,-12.0
13:56:33,3102.0,3099.39563246,7.78908763021,55.0,24.0,0,25.1098892012,-2.0,33.3333333333,25.4285714286,0.0
13:56:33,3102.0,3099.39707893,7.78798254653,55.0,66.0,0,25.1063267135,-16.0,23.0769230769,38.5714285714,-14.0
13:56:34,3102.0,3099.39852459,7.78687563139,55.0,30.0,0,25.1027583217,-14.0,21.2121212121,38.4761904762,-28.0
13:56:34,3102.0,3099.39996946,7.78606629789,55.0,44.0,0,25.1001492517,-36.0,18.9655172414,41.619047619,-64.0
13:56:35,3102.0,3099.40141352,7.78495588905,55.0,0.0,0,25.0965695972,0.0,0,30.5714285714,-60.0
13:56:35,3102.0,3099.40285677,7.78384364653,55.0,18.0,0,25.0929840314,-2.0,4.3956043956,25.2380952381,-70.0
13:56:36,3102.0,3099.40429923,7.78302947698,55.0,14.0,0,25.0903593713,0.0,4.6511627907,20.5714285714,-68.0
13:56:36,3102.0,3099.40574089,7.78191373663,55.0,2.0,0,25.0867625294,0.0,5.55555555555,12.9523809524,-52.0
13:56:37,3103.0,3099.40773714,7.78126025211,57.8947368421,42.0,0,25.0765718727,0.0,6.66666666667,19.8095238095,-38.0
13:56:37,3103.0,3099.40973229,7.78060503673,57.8947368421,2.0,0,25.0744603182,0.0,10.2564102564,14.6666666667,-2.0
13:56:38,3102.0,3099.41117093,7.77948392001,55.0,44.0,0,25.0789294649,-18.0,6.55737704919,23.5238095238,-20.0
13:56:38,3102.0,3099.41260877,7.77836096524,55.0,50.0,0,25.0753093657,30.0,28.5714285714,32.0,12.0
13:56:39,3103.0,3099.41460121,7.77739958902,57.8947368421,6.0,0,25.0641301612,-2.0,31.5068493151,26.380952381,10.0
13:56:39,3102.0,3099.41603714,7.77627285044,55.0,914.0,0,25.0685778544,190.0,4.34782608696,280.571428571,200.0
13:56:40,3102.0,3099.41747228,7.7748072899,55.0,86.0,0,25.0638532879,2.0,4.53720508167,254.761904762,202.0
13:56:40,3102.0,3099.41890662,7.7736766916,55.0,126.0,0,25.060208548,4.0,14.1924959217,238.285714286,206.0
13:56:41,3102.0,3099.42034016,7.77254425113,55.0,84.0,44.7368421053,25.0565578695,24.0,17.2195892575,203.904761905,248.0
13:56:41,3102.0,3099.42177291,7.77107242706,55.0,26.0,0,25.0518131111,4.0,16.2640901771,151.047619048,222.0
13:56:42,3102.0,3099.42320486,7.76993612137,55.0,4.0,0,25.0481499722,0.0,16.4516129032,93.0476190476,224.0
13:56:42,3101.0,3099.42408061,7.76833313468,52.380952381,28.0,0,25.0510581576,24.0,64.406779661,42.0,58.0
13:56:43,3101.0,3099.42495588,7.76706625502,52.380952381,12.0,0,25.0469727669,0.0,80.0,28.5714285714,56.0
13:56:43,3101.0,3099.42583066,7.76545944659,52.380952381,114.0,0,25.0417911854,4.0,44.0298507463,47.8095238095,56.0
13:56:44,3102.0,3099.42726036,7.76397723563,55.0,14.0,0,25.0289401536,12.0,42.4242424243,39.0476190476,44.0
13:56:44,3102.0,3099.42868926,7.76211828349,55.0,0.0,0,25.0229474,0.0,0,29.619047619,40.0
13:56:45,3101.0,3099.42956197,7.76013027684,52.380952381,6.0,0,25.0246058589,2.0,33.3333333333,23.1428571429,42.0
13:56:45,3101.0,3099.43043419,7.75813981141,52.380952381,58.0,0,25.0181870732,-20.0,17.6470588235,31.4285714286,-2.0
13:56:46,3101.0,3099.43130593,7.75614688529,52.380952381,6.0,0,25.0117603524,-2.0,17.1717171717,23.4285714286,-4.0
13:56:46,3101.0,3099.43217719,7.75415149659,52.380952381,0.0,0,25.0053256904,0.0,0,14.0,-8.0
13:56:47,3102.0,3099.43360336,7.75186803453,55.0,2.0,0,24.9899033995,0.0,8.33333333331,10.5714285714,-20.0
13:56:47,3102.0,3099.43502874,7.7495813507,55.0,14.0,0,24.982531756,0.0,23.2558139535,11.1428571429,-20.0
13:56:48,3102.0,3099.43645333,7.74729144226,55.0,8.0,0,24.9751497172,6.0,29.5454545454,9.33333333333,-16.0
13:56:48,3101.0,3099.43732172,7.74442443804,52.380952381,22.0,0,24.9739582007,4.0,53.8461538461,11.4285714286,8.0
13:56:49,3102.0,3099.43874504,7.74167927978,55.0,42.0,0,24.9570576395,-10.0,77.2727272727,20.9523809524,0.0
13:56:49,3102.0,3099.44016756,7.73937921694,55.0,48.0,0,24.9496428657,-14.0,70.5882352941,30.4761904762,-14.0
13:56:50,3102.0,3099.4415893,7.7370759173,55.0,24.0,0,24.9422176573,-24.0,74.6835443038,30.8571428571,-38.0
13:56:50,3101.0,3099.44245484,7.73464428544,52.380952381,24.0,0,24.9424194951,20.0,61.9047619047,30.1904761905,-18.0
13:56:51,3102.0,3099.4438753,7.73233462581,55.0,30.0,0,24.9269330297,0.0,66.3157894737,30.7619047619,-24.0
13:56:51,3102.0,3099.44529498,7.7300217207,55.0,14.0,0,24.9194768559,0.0,70.3296703297,25.7142857143,-28.0
13:56:52,3101.0,3099.44615846,7.72713041461,52.380952381,2.0,0,24.9181890184,0.0,61.9718309859,17.619047619,-18.0
13:56:52,3101.0,3099.44702147,7.72423546898,52.380952381,2.0,0,24.9088534956,0.0,62.5,11.4285714286,-4.0
13:56:53,3102.0,3099.4484394,7.72146138838,55.0,6.0,0,24.8918806847,4.0,48.7179487179,8.57142857143,24.0
13:56:53,3102.0,3099.44985654,7.71868342177,55.0,6.0,0,24.8829252797,0.0,70.0,6.57142857143,4.0
13:56:54,3101.0,3099.45071749,7.71577730656,52.380952381,2.0,0,24.8815778993,2.0,37.5,4.28571428571,6.0
13:56:54,3101.0,3099.45157796,7.71331960349,52.380952381,10.0,0,24.8736523815,-8.0,21.4285714286,5.61904761905,-2.0
13:56:55,3101.0,3099.45243796,7.71040650299,52.380952381,76.0,0,24.8642583134,-74.0,7.84313725491,26.0,-76.0
13:56:55,3101.0,3099.45329747,7.70748973862,52.380952381,54.0,0,24.8548524303,32.0,5.19480519481,36.5714285714,-44.0
13:56:56,3101.0,3099.45415651,7.70456930623,52.380952381,190.0,0,24.8454347186,-4.0,1.775147929,83.5238095238,-52.0
13:56:56,3101.0,3099.45501508,7.70209855963,52.380952381,296.0,0,24.8374671384,32.0,5.50331188971e-12,152.0,-20.0
13:56:57,3100.0,3099.45531776,7.69953724359,50.0,42.0,0,24.8372169148,-12.0,1.49700598803,134.095238095,-34.0
13:56:57,3101.0,3099.45617568,7.69706052098,52.380952381,124.0,0,24.8212206417,14.0,4.09207161126,137.714285714,-12.0
13:56:58,3100.0,3099.45647772,7.69449345652,50.0,12.0,0,24.8209466339,0.0,4.1782729805,103.904761905,62.0
13:56:58,3100.0,3099.4567796,7.69234195102,50.0,66.0,0,24.8140062936,10.0,6.30136986302,88.5714285714,40.0
13:56:59,3101.0,3099.4576367,7.68985658951,52.380952381,26.0,0,24.7979896469,2.0,8.83392226149,61.2380952381,46.0
13:56:59,3101.0,3099.45849333,7.68778708688,52.380952381,6.0,0,24.7913159848,-2.0,19.5652173913,36.0,12.0
13:57:00,3100.0,3099.45879409,7.6852090534,50.0,178.0,0,24.7909969464,-68.0,39.8058252427,73.7142857143,-44.0
13:57:00,3101.0,3099.45965007,7.6822592595,52.380952381,634.0,0,24.7734900339,-4.0,18.2212581345,235.238095238,-62.0
13:57:01,3101.0,3099.46050559,7.67976174319,52.380952381,60.0,0,24.7654361277,4.0,17.7319587629,208.476190476,-58.0
13:57:01,3100.0,3099.46080522,7.67671840557,50.0,20.0,0,24.7636077599,-6.0,18.6147186147,168.0,-74.0
13:57:02,3100.0,3099.46110469,7.67367159856,50.0,26.0,0,24.7537793502,6.0,18.1818181818,131.428571429,-70.0
13:57:02,3100.0,3099.461404,7.67062131801,50.0,320.0,0,24.7439397355,148.0,13.5702746365,178.857142857,80.0
13:57:03,3101.0,3099.46225853,7.6676536754,52.380952381,20.0,0,24.7263904398,-10.0,5.18518518518,125.619047619,138.0
13:57:03,3100.0,3099.4625572,7.66505393162,50.0,34.0,0,24.7259804246,-2.0,6.66666666666,83.9047619048,140.0
13:57:04,3100.0,3099.46285569,7.66245133209,50.0,32.0,0,24.7175849422,-6.0,6.63716814159,70.1904761905,130.0
13:57:04,3100.0,3099.46315402,7.65938766772,50.0,148.0,0,24.7077021539,-94.0,2.75862068966,90.9523809524,42.0
13:57:05,3100.0,3099.46345219,7.65677905076,50.0,106.0,0,24.6992872605,-76.0,2.42424242424,93.619047619,-40.0
13:57:05,3100.0,3099.46375019,7.6541675689,50.0,62.0,0,24.6908631255,-4.0,9.95024875623,79.9047619048,-192.0
13:57:06,3100.0,3099.46404802,7.65155321923,50.0,2.0,0,24.6824297394,0.0,8.33333333334,61.3333333333,-182.0
13:57:06,3100.0,3099.46434569,7.64935908212,50.0,36.0,0,24.6753518778,-12.0,13.4715025907,53.3333333333,-192.0
13:57:07,3101.0,3099.46519859,7.64724782556,52.380952381,22.0,0,24.6605863449,-4.0,15.4255319149,41.2380952381,-190.0
13:57:07,3100.0,3099.46549562,7.64504891021,50.0,180.0,0,24.6614480975,168.0,13.7254901961,74.7619047619,72.0
13:57:08,3100.0,3099.46579249,7.64323512721,50.0,42.0,0,24.6555971846,20.0,16.2790697674,67.3333333333,168.0
13:57:08,3101.0,3099.46664459,7.64150435528,52.380952381,140.0,0,24.6420649961,38.0,8.53080568721,90.9523809524,210.0
13:57:09,3100.0,3099.46694081,7.63968670076,50.0,40.0,0,24.6441506476,-40.0,7.82608695653,82.2857142857,170.0
13:57:09,3100.0,3099.46723688,7.63747904162,50.0,36.0,0,24.6370291665,-2.0,4.34782608697,70.6666666667,180.0
13:57:10,3100.0,3099.46753277,7.63526903627,50.0,14.0,0,24.629900117,-14.0,2.65486725665,52.7619047619,170.0
13:57:10,3101.0,3099.46838391,7.63314114569,52.380952381,280.0,0,24.6150956004,-174.0,52.1739130435,111.238095238,-172.0
13:57:11,3101.0,3099.46923457,7.63101067991,52.380952381,120.0,0,24.6082253464,20.0,64.4444444444,119.238095238,-172.0
13:57:11,3101.0,3099.47008476,7.62887763678,52.380952381,8.0,0,24.601346781,0.0,80.7228915662,91.5238095238,-210.0
13:57:12,3101.0,3099.47093448,7.62674201412,52.380952381,218.0,0,24.5944598972,-158.0,62.4260355029,130.095238095,-328.0
13:57:12,3100.0,3099.47122832,7.62409374801,50.0,6.0,0,24.5938508,0.0,64.3962848297,99.619047619,-326.0
13:57:13,3100.0,3099.471522,7.62144257735,50.0,222.0,0,24.5852986366,-72.0,49.6487119438,132.285714286,-384.0
13:57:13,3101.0,3099.47237092,7.61887225947,52.380952381,6.0,0,24.5690817784,0.0,26.2068965517,93.3333333333,-210.0
13:57:14,3101.0,3099.47321937,7.6167257474,52.380952381,12.0,0,24.5621597788,6.0,8.89830508474,69.1428571429,-224.0
13:57:14,3101.0,3099.47406734,7.61457664412,52.380952381,4.0,0,24.5552294231,2.0,9.40170940171,47.8095238095,-222.0
13:57:15,3101.0,3099.47491485,7.61242494743,52.380952381,356.0,0,24.5482907044,-232.0,62.7062706271,127.238095238,-296.0
13:57:15,3101.0,3099.47576188,7.61027065514,52.380952381,80.0,0,24.5413436154,4.0,56.1764705882,121.238095238,-292.0
13:57:16,3101.0,3099.47660844,7.60811376504,52.380952381,52.0,0,24.5343881491,-14.0,73.7254901961,103.714285714,-234.0
13:57:16,3101.0,3099.47745454,7.60552600737,52.380952381,62.0,0,24.5260432356,-12.0,59.7173144876,97.1428571429,-246.0
13:57:17,3101.0,3099.47830016,7.60293508545,52.380952381,4.0,0,24.5176881182,-2.0,59.1397849462,71.3333333333,-254.0
13:57:17,3101.0,3099.47914532,7.60076986029,52.380952381,14.0,0,24.5107057733,0.0,57.7464788732,48.7619047619,-256.0
13:57:18,3101.0,3099.47999,7.59860202786,52.380952381,24.0,0,24.5037150205,-24.0,-11.8644067796,28.5714285714,-48.0
13:57:18,3101.0,3099.48083422,7.59600219231,52.380952381,4.0,0,24.4953311587,-2.0,-18.75,18.4761904762,-54.0
13:57:19,3101.0,3099.48167796,7.59382887349,52.380952381,8.0,0,24.4883227136,-2.0,-27.5862068965,13.1428571429,-42.0
13:57:19,3102.0,3099.48307664,7.59134187926,55.0,402.0,0,24.4724109583,-140.0,88.1578947369,122.476190476,-170.0
13:57:20,3101.0,3099.48391914,7.5887326932,52.380952381,8.0,0,24.4718887236,-4.0,87.3913043479,103.047619048,-172.0
13:57:20,3101.0,3099.48476118,7.58655088436,52.380952381,16.0,0,24.4648529002,0.0,87.012987013,85.7142857143,-172.0
13:57:21,3102.0,3099.48615814,7.58448501125,55.0,2.0,0,24.4503062903,2.0,91.8181818182,64.2857142857,-146.0
13:57:21,3102.0,3099.48755433,7.58198518236,55.0,24.0,0,24.4422475253,22.0,93.0434782609,50.1904761905,-122.0
13:57:22,3101.0,3099.48839435,7.57979501804,52.380952381,64.0,0,24.4430668108,38.0,91.0852713179,46.5714285714,-82.0
13:57:22,3102.0,3099.4897893,7.57772042989,55.0,16.0,0,24.4284991292,12.0,66.1538461538,26.5714285714,70.0
13:57:23,3102.0,3099.49118347,7.57564298192,55.0,230.0,0,24.4218020049,-186.0,29.5454545455,86.0952380952,-112.0
13:57:23,3101.0,3099.49202147,7.57344470751,52.380952381,2.0,0,24.422588544,0.0,30.1775147929,69.9047619048,-112.0
13:57:24,3102.0,3099.4934144,7.57092916631,55.0,24.0,0,24.406605952,-18.0,28.8888888889,60.6666666667,-132.0
13:57:24,3102.0,3099.49480657,7.56884297305,55.0,6.0,0,24.3998806352,2.0,25.1461988304,45.2380952381,-152.0
13:57:25,3101.0,3099.49564255,7.5670326178,52.380952381,4.0,0,24.4019110539,-2.0,15.6028368794,30.0952380952,-192.0
13:57:25,3102.0,3099.49703347,7.56494106608,55.0,16.0,0,24.3873019539,-4.0,12.0567375887,21.2380952381,-208.0
13:57:26,3102.0,3099.49842363,7.56284664036,55.0,6.0,0,24.3805500979,6.0,37.9310344828,9.52380952381,-16.0
13:57:26,3101.0,3099.4992576,7.56063207214,52.380952381,2.0,0,24.3812707905,-2.0,37.9310344828,7.33333333333,-18.0
13:57:27,3101.0,3099.50009112,7.55841485419,52.380952381,16.0,0,24.374120781,-16.0,52.0,9.14285714286,-16.0
13:57:27,3101.0,3099.50092417,7.55659257589,52.380952381,14.0,0,24.3682443595,2.0,48.275862069,10.7619047619,-16.0
13:57:28,3102.0,3099.50231216,7.55448725597,55.0,122.0,0,24.3536017278,-22.0,85.2272727273,42.8571428571,-36.0
13:57:28,3102.0,3099.50369938,7.55277713927,55.0,452.0,0,24.3480887791,-170.0,97.385620915,163.619047619,-202.0
13:57:29,3102.0,3099.50508583,7.55106463244,55.0,104.0,0,24.3425681252,100.0,97.7464788732,164.19047619,-108.0
13:57:29,3103.0,3099.50702691,7.54950311095,57.1428571429,36.0,0,24.3296909795,32.0,93.8172043011,140.666666667,-74.0
13:57:30,3102.0,3099.50841151,7.54778571078,55.0,12.0,0,24.3319977781,12.0,93.2432432432,108.666666667,-46.0
13:57:30,3102.0,3099.50979534,7.54606591559,55.0,252.0,0,24.3264536286,-182.0,92.4335378323,145.428571429,-230.0
13:57:31,3102.0,3099.5111784,7.54434372376,55.0,2.0,43.2432432432,24.3209017529,2.0,91.1421911422,99.4285714286,-206.0
13:57:31,3102.0,3099.5125607,7.54221963903,55.0,16.0,0,24.3140542844,12.0,78.1990521327,63.1428571429,-24.0
13:57:32,3102.0,3099.51394222,7.54049241421,55.0,84.0,0,24.3084861838,30.0,57.2139303483,67.0476190476,-94.0
13:57:32,3103.0,3099.51587838,7.53891549983,57.1428571429,4.0,0,24.2955704152,4.0,62.1621621622,49.0476190476,-122.0
13:57:33,3102.0,3099.51725807,7.53718336149,55.0,6.0,0,24.2978187024,-2.0,63.7362637363,33.1428571429,-136.0
13:57:33,3103.0,3099.51919239,7.53560130049,57.1428571429,2.0,0,24.2848897856,2.0,10.5263157895,16.380952381,48.0
13:57:34,3103.0,3099.52112563,7.5340166029,57.1428571429,56.0,0,24.2797828002,-6.0,33.3333333333,26.9523809524,40.0
13:57:34,3102.0,3099.5225024,7.53187608304,55.0,56.0,0,24.2807094876,48.0,26.9230769231,34.9523809524,76.0
13:57:35,3103.0,3099.52443381,7.52988477586,57.1428571429,536.0,0,24.2664672119,134.0,89.0909090909,178.19047619,180.0
13:57:35,3103.0,3099.52636414,7.52789031794,57.1428571429,10.0,0,24.2600396969,6.0,89.1891891892,149.619047619,182.0
13:57:36,3103.0,3099.5282934,7.52589270678,57.1428571429,126.0,0,24.2536020199,-92.0,90.8396946565,153.904761905,92.0
13:57:36,3103.0,3099.53022159,7.52389193987,57.1428571429,10.0,0,24.247154173,-2.0,89.9244332494,119.333333333,88.0
13:57:37,3103.0,3099.53214871,7.52144875393,57.1428571429,44.0,0,24.2392805476,-40.0,85.6777493606,94.0952380952,54.0
13:57:37,3103.0,3099.53407476,7.51944138653,57.1428571429,86.0,0,24.2328114294,-74.0,82.5123152709,81.4285714286,-68.0
13:57:38,3103.0,3099.53599974,7.51699099551,57.1428571429,24.0,0,24.2249145843,-14.0,44.6666666667,49.619047619,-216.0
13:57:38,3104.0,3099.53847905,7.51516522329,59.0909090909,10.0,0,24.2112281678,-6.0,44.0,38.1904761905,-228.0
13:57:39,3104.0,3099.54095699,7.51333603943,59.0909090909,260.0,0,24.2053351786,-196.0,53.9170506912,98.1904761905,-332.0
13:57:39,3103.0,3099.54287814,7.51087474973,57.1428571429,6.0,0,24.2052038341,-2.0,53.9534883721,79.2380952381,-332.0
13:57:40,3103.0,3099.54479823,7.5088507447,57.1428571429,22.0,0,24.198681098,-2.0,59.8039215686,65.0476190476,-294.0
13:57:40,3103.0,3099.54671726,7.50638221761,57.1428571429,52.0,0,24.190725806,-2.0,77.5401069519,60.4761904762,-222.0
13:57:41,3103.0,3099.54863522,7.50435157195,57.1428571429,2.0,0,24.1841816692,0.0,82.3863636363,43.2380952381,-208.0
13:57:41,3104.0,3099.55110751,7.50206329129,59.0909090909,134.0,0,24.1690183353,-20.0,63.8655462185,64.7619047619,-222.0
13:57:42,3103.0,3099.55302303,7.50002587959,57.1428571429,58.0,0,24.1702413135,4.0,29.197080292,58.6666666667,-22.0
13:57:42,3104.0,3099.55549289,7.49817253456,59.0909090909,4.0,0,24.1564836809,0.0,30.1470588235,46.7619047619,-20.0
13:57:43,3104.0,3099.55796137,7.49587291798,59.0909090909,42.0,0,24.1490751224,30.0,38.3561643836,45.8095238095,12.0
13:57:43,3103.0,3099.55987308,7.49338226041,57.1428571429,282.0,0,24.1488310036,196.0,13.0268199234,112.476190476,210.0
13:57:44,3102.0,3099.56122833,7.49118146165,55.0,2.0,0,24.149521153,0.0,13.0268199234,88.1904761905,210.0
13:57:44,3103.0,3099.56313823,7.48868363859,57.1428571429,6.0,0,24.1336888127,4.0,13.1979695432,65.0476190476,234.0
13:57:45,3102.0,3099.56449167,7.48603242074,55.0,26.0,0,24.1329220527,26.0,16.0220994475,53.7142857143,256.0
13:57:45,3102.0,3099.56584435,7.48337762401,55.0,2.0,0,24.1243637138,0.0,15.5555555556,37.0476190476,256.0
13:57:46,3102.0,3099.56719628,7.48023733696,55.0,22.0,0,24.1142402868,0.0,4.11764705883,26.1904761905,226.0
13:57:46,3102.0,3099.56854747,7.4775750344,55.0,4.0,0,24.1056577511,4.0,22.5806451613,11.1428571429,34.0
13:57:47,3103.0,3099.5704533,7.47457565169,57.1428571429,4.0,0,24.0882231766,4.0,25.0,9.33333333333,38.0
13:57:47,3102.0,3099.57180267,7.47142271125,55.0,18.0,0,24.0858243432,8.0,23.6842105263,11.4285714286,42.0
13:57:48,3102.0,3099.5731513,7.46874883646,55.0,438.0,0,24.0772045018,210.0,90.9836065574,132.952380952,226.0
13:57:48,3102.0,3099.57449917,7.46607135834,55.0,66.0,0,24.0685730443,42.0,80.7971014493,128.571428571,268.0
13:57:49,3103.0,3099.5764017,7.46353894478,57.1428571429,100.0,0,24.0526553167,-2.0,86.6666666666,130.857142857,266.0
13:57:49,3103.0,3099.57830317,7.46100268288,57.1428571429,22.0,0,24.0444817366,-2.0,87.3456790123,107.142857143,260.0
13:57:50,3103.0,3099.58020359,7.45846256871,57.1428571429,18.0,0,24.0362957419,2.0,87.0090634441,81.4285714286,258.0
13:57:50,3103.0,3099.58210294,7.45591859834,57.1428571429,4.0,0,24.0280973198,-2.0,88.2716049383,51.0476190476,248.0
13:57:51,3103.0,3099.58400125,7.45337076781,57.1428571429,10.0,0,24.0198864577,0.0,66.3636363636,23.0476190476,38.0
13:57:51,3103.0,3099.5858985,7.45033330516,57.1428571429,250.0,0,24.0100976641,148.0,97.5247524752,84.0,144.0
13:57:52,3104.0,3099.5883501,7.44747645034,59.0909090909,28.0,0,23.9931586673,26.0,94.578313253,72.7619047619,172.0
13:57:52,3103.0,3099.59024493,7.44442967971,57.1428571429,36.0,0,23.9910721228,24.0,84.9710982659,67.2380952381,198.0
13:57:53,3104.0,3099.59269412,7.44156326916,59.0909090909,12.0,0,23.9741084702,12.0,83.5294117647,54.1904761905,208.0
13:57:53,3103.0,3099.59458654,7.43850716803,57.1428571429,22.0,0,23.9719857172,18.0,78.7709497207,44.2857142857,228.0
13:57:54,3103.0,3099.59647791,7.4359341437,57.1428571429,14.0,0,23.9636936632,6.0,77.9005524862,31.2380952381,234.0
13:57:54,3103.0,3099.59836823,7.43335722883,57.1428571429,4.0,0,23.9553890713,4.0,27.5862068966,15.1428571429,90.0
13:57:55,3103.0,3099.6002575,7.43077641936,57.1428571429,10.0,0,23.9470719283,6.0,12.2448979592,12.4761904762,70.0
13:57:55,3103.0,3099.60214572,7.42770297789,57.1428571429,12.0,0,23.9371671862,10.0,13.5135135135,11.2380952381,56.0
13:57:56,3104.0,3099.60458829,7.42529830115,59.0909090909,14.0,0,23.9217084444,0.0,23.6842105263,11.7142857143,44.0
13:57:56,3103.0,3099.60647411,7.42221585475,57.1428571429,8.0,0,23.9194839019,2.0,25.8064516129,10.380952381,28.0
13:57:57,3103.0,3099.60835888,7.4196186177,57.1428571429,6.0,0,23.9111138179,6.0,18.5185185185,9.14285714286,28.0
13:57:57,3103.0,3099.6102426,7.41652725628,57.1428571429,4.0,0,23.9011513254,2.0,18.5185185185,7.71428571429,26.0
13:57:58,3103.0,3099.61212528,7.41343123353,57.1428571429,12.0,0,23.8911738109,8.0,28.5714285714,8.57142857143,28.0
13:57:58,3104.0,3099.61456231,7.41051425528,59.0909090909,84.0,0,23.8740794307,44.0,75.0,29.9047619048,62.0
13:57:59,3103.0,3099.61644258,7.40740878183,57.1428571429,24.0,0,23.8717653298,2.0,62.3188405797,30.6666666667,64.0
13:57:59,3104.0,3099.61887722,7.40448210525,59.0909090909,22.0,0,23.8546459576,-10.0,67.1052631579,30.380952381,52.0
13:58:00,3104.0,3099.6213105,7.40155050802,59.0909090909,0.0,0,23.8452013789,0.0,0,23.1428571429,46.0
13:58:00,3104.0,3099.62374243,7.39861398431,59.0909090909,88.0,0,23.8357409288,12.0,54.7826086956,41.3333333333,56.0
13:58:01,3103.0,3099.62561761,7.39548942862,57.1428571429,356.0,0,23.8333529766,-142.0,67.9442508711,132.095238095,-94.0
13:58:01,3104.0,3099.62804714,7.39254315965,59.0909090909,10.0,0,23.8161828597,-8.0,64.0,107.619047619,-146.0
13:58:02,3103.0,3099.62991993,7.38887769423,57.1428571429,8.0,0,23.8120454213,8.0,66.1157024793,86.0952380952,-140.0
13:58:02,3103.0,3099.63179168,7.38520663782,57.1428571429,4.0,0,23.8002147529,4.0,65.6652360515,64.1904761905,-126.0
13:58:03,3104.0,3099.63421779,7.38171263355,59.0909090909,236.0,0,23.7812907009,-14.0,47.0085470085,109.428571429,-140.0
13:58:03,3104.0,3099.63664255,7.37821279152,59.0909090909,76.0,0,23.7700154366,2.0,44.6376811594,97.7142857143,-150.0
13:58:04,3104.0,3099.63906596,7.37470710341,59.0909090909,42.0,0,23.7587213383,28.0,20.744680851,76.8571428571,20.0
13:58:04,3103.0,3099.64093263,7.37101327691,57.1428571429,44.0,0,23.754473983,34.0,17.5609756097,71.5238095238,62.0
13:58:05,3103.0,3099.64279826,7.36784798639,57.1428571429,58.0,0,23.7442732401,40.0,15.652173913,68.5714285714,94.0
13:58:05,3103.0,3099.64466285,7.36467794088,57.1428571429,70.0,0,23.7340571733,-18.0,21.2927756654,66.6666666667,72.0
13:58:06,3103.0,3099.64652641,7.36150313422,57.1428571429,14.0,0,23.7238257629,6.0,29.6052631579,45.619047619,92.0
13:58:06,3103.0,3099.64838893,7.35832356025,57.1428571429,0.0,0,23.7135789889,0.0,0,31.1428571429,90.0
13:58:07,3104.0,3099.65080583,7.35532094603,59.0909090909,8.0,0,23.6962659344,-2.0,25.7731958763,22.5714285714,60.0
13:58:07,3104.0,3099.65322137,7.35231331698,59.0909090909,6.0,0,23.6865764078,-2.0,33.3333333333,15.0476190476,24.0
13:58:08,3103.0,3099.65508018,7.34911918381,57.1428571429,8.0,0,23.6839161579,2.0,52.8301886792,9.90476190476,-14.0
13:58:08,3103.0,3099.65693795,7.34592025851,57.1428571429,24.0,0,23.6736070207,8.0,23.3333333333,11.7142857143,12.0
13:58:09,3103.0,3099.65879469,7.34271653485,57.1428571429,54.0,0,23.6632824197,-10.0,12.0,24.2857142857,-4.0
13:58:09,3103.0,3099.6606504,7.33950800652,57.1428571429,1530.0,0,23.6529423349,-598.0,61.8404907976,456.666666667,-602.0
13:58:10,3103.0,3099.66250508,7.33629466723,57.1428571429,68.0,0,23.6425867458,0.0,63.550295858,398.476190476,-600.0
13:58:10,3102.0,3099.66380333,7.3334343217,55.0,590.0,0,23.6409874974,414.0,47.2295514512,486.571428571,-184.0
13:58:11,3101.0,3099.66454545,7.32996385132,52.380952381,74.0,0,23.6374197076,16.0,45.811965812,399.428571429,-170.0
13:58:11,3101.0,3099.66528717,7.32648904092,52.380952381,548.0,0,23.6262142564,160.0,37.4301675978,444.571428571,-18.0
13:58:12,3101.0,3099.66602847,7.32351193645,52.380952381,174.0,0,23.6166137906,-54.0,35.9249329759,357.904761905,-62.0
13:58:12,3101.0,3099.66676936,7.32002883499,52.380952381,18.0,0,23.6053816027,4.0,5.84239130436,220.952380952,540.0
13:58:13,3100.0,3099.66695443,7.31647472962,50.0,376.0,0,23.6015313859,194.0,1.12359550562,258.285714286,734.0
13:58:13,3100.0,3099.66713941,7.31291652291,50.0,1146.0,0,23.5900532997,800.0,1.19863013699,500.952380952,1120.0
13:58:14,3100.0,3099.66732428,7.30935420886,50.0,324.0,0,23.5785619641,168.0,0.154679040995,482.285714286,1272.0
13:58:14,3100.0,3099.66750905,7.30629180912,50.0,288.0,0,23.5686832552,-256.0,12.6397248495,441.428571429,856.0
13:58:15,3100.0,3099.66769371,7.3027216673,50.0,66.0,0,23.5571666687,-28.0,13.2551848512,349.523809524,882.0
13:58:15,3101.0,3099.66843368,7.29921342266,52.380952381,16.0,0,23.5382567645,0.0,12.9963898917,248.476190476,878.0
13:58:16,3101.0,3099.66917323,7.29570078353,52.380952381,30.0,0,23.5269293245,-22.0,16.577540107,151.523809524,662.0
13:58:16,3100.0,3099.66935697,7.29262361445,50.0,16.0,0,23.5245923047,6.0,41.3513513514,67.0476190476,-132.0
13:58:17,3100.0,3099.66954061,7.28954307172,50.0,16.0,0,23.5146550701,-12.0,75.9259259259,36.380952381,-312.0
13:58:17,3100.0,3099.66972415,7.28645915105,50.0,130.0,0,23.5047069389,-36.0,14.598540146,52.9523809524,-92.0
13:58:18,3101.0,3099.67046299,7.2834372397,52.380952381,44.0,0,23.4873822628,10.0,18.253968254,52.4761904762,-54.0
13:58:18,3100.0,3099.67064601,7.28034642966,50.0,22.0,0,23.4849884828,16.0,22.4806201551,46.7619047619,-38.0
13:58:19,3100.0,3099.67082894,7.27725222869,50.0,18.0,0,23.4750071893,12.0,13.8211382114,39.619047619,-4.0
13:58:19,3100.0,3099.67101176,7.27462420543,50.0,26.0,0,23.4665296949,6.0,9.37500000001,35.3333333333,-4.0
13:58:20,3100.0,3099.67119448,7.27199343923,50.0,40.0,0,23.4580433524,12.0,12.8571428572,34.5714285714,20.0
13:58:20,3100.0,3099.6713771,7.2688897381,50.0,812.0,0,23.4480314132,-336.0,85.0311850312,253.238095238,-280.0
13:58:21,3102.0,3099.67267042,7.26595018554,55.0,1710.0,41.6666666667,23.4234370907,90.0,159.589041096,696.0,-200.0
13:58:21,3102.0,3099.67396302,7.26300672357,52.6315789474,54.0,0,23.413948174,18.0,157.819548872,586.285714286,-198.0
13:58:22,3103.0,3099.67581031,7.26020022659,55.0,82.0,0,23.3973581263,10.0,155.212922173,483.047619048,-200.0
13:58:22,3102.0,3099.67710116,7.25724881871,52.6315789474,20.0,0,23.3953862628,8.0,155.555555556,359.047619048,-198.0
13:58:23,3102.0,3099.6783913,7.2542934871,52.6315789474,36.0,0,23.3858590815,-8.0,155.416359617,239.904761905,-218.0
13:58:23,3102.0,3099.67968073,7.25133422695,52.6315789474,14.0,0,23.3763192358,8.0,179.749478079,114.666666667,126.0
13:58:24,3102.0,3099.68096944,7.24837103347,52.6315789474,32.0,0,23.3667667101,2.0,28.5714285714,32.5714285714,38.0
13:58:24,3102.0,3099.68225743,7.24540390183,52.6315789474,14.0,0,23.3572014888,-8.0,26.2626262626,25.2380952381,12.0
13:58:25,3102.0,3099.68354471,7.24243282718,52.6315789474,22.0,0,23.3476235563,14.0,15.9420289855,22.0952380952,16.0
13:58:25,3102.0,3099.68483127,7.23945780467,52.6315789474,32.0,0,23.3380328971,16.0,14.6666666667,24.6666666667,24.0
13:58:26,3101.0,3099.68556172,7.23637723972,50.0,2.0,0,23.3356247653,-2.0,17.2413793103,18.0952380952,30.0
13:58:26,3102.0,3099.68684716,7.23339443565,52.6315789474,6.0,0,23.3184862529,0.0,14.8148148148,14.2857142857,22.0
13:58:27,3101.0,3099.68757648,7.23030632494,50.0,12.0,0,23.3160474845,-4.0,13.6363636364,12.5714285714,16.0
13:58:27,3101.0,3099.68830541,7.22721449253,50.0,16.0,0,23.3060770478,4.0,13.3333333333,12.9523809524,28.0
13:58:28,3101.0,3099.68903392,7.22459456763,50.0,90.0,0,23.2976284026,70.0,7.59493670886,34.380952381,84.0
13:58:28,3101.0,3099.68976203,7.22149564187,50.0,440.0,0,23.2876350915,268.0,2.12014134276,152.571428571,336.0
13:58:29,3101.0,3099.69048974,7.21886930183,50.0,6.0,0,23.2791657589,4.0,2.80701754386,127.333333333,342.0
13:58:29,3101.0,3099.69121705,7.21576326567,50.0,848.0,0,23.2691495184,34.0,57.790368272,342.476190476,376.0
13:58:30,3102.0,3099.69249935,7.21323115022,52.6315789474,24.0,0,23.2534853328,-4.0,57.7247191011,282.095238095,376.0
13:58:30,3101.0,3099.69322553,7.21059520818,50.0,28.0,0,23.2524837413,-2.0,56.9637883008,222.285714286,370.0
13:58:31,3101.0,3099.69395132,7.20747854063,50.0,24.0,0,23.2424332171,-18.0,59.8540145985,160.761904762,282.0
13:58:31,3101.0,3099.6946767,7.20483614587,50.0,22.0,0,23.2339121118,-4.0,86.1344537815,101.80952381,10.0
13:58:32,3102.0,3099.69595708,7.20229086819,52.6315789474,2.0,0,23.2182168543,0.0,86.2869198312,57.0476190476,6.0
13:58:32,3101.0,3099.69668135,7.19864621511,50.0,2.0,0,23.2139510323,-2.0,11.7647058823,12.4761904762,-30.0
13:58:33,3101.0,3099.69740521,7.19551472091,50.0,94.0,0,23.2038526956,-28.0,3.48837209303,34.4761904762,-54.0
13:58:33,3101.0,3099.69812867,7.19237944946,50.0,42.0,0,23.1937421782,-2.0,7.52688172044,38.2857142857,-54.0
13:58:34,3101.0,3099.69885174,7.18924039584,50.0,30.0,0,23.1836194642,-30.0,6.25000000001,38.0,-66.0
13:58:34,3102.0,3099.7001298,7.18567822323,52.6315789474,4.0,0,23.1646622283,4.0,9.19540229886,30.0,-58.0
13:58:35,3101.0,3099.70085175,7.18201173178,50.0,8.0,0,23.1603087126,-2.0,10.0,24.0,-60.0
13:58:35,3102.0,3099.7021287,7.17895973563,52.6315789474,42.0,0,23.143003661,-16.0,15.4545454546,27.4285714286,-74.0
13:58:36,3101.0,3099.70284953,7.17580448882,50.0,52.0,0,23.1402918053,0.0,17.9775280899,31.8095238095,-46.0
13:58:36,3101.0,3099.70356997,7.17212485948,50.0,20.0,0,23.128425861,-10.0,16.6666666667,29.0476190476,-54.0
13:58:37,3101.0,3099.70429001,7.1684405858,50.0,0.0,0,23.1165449397,0.0,0,21.619047619,-24.0
13:58:37,3101.0,3099.70500965,7.16527311494,50.0,424.0,0,23.1063305867,-36.0,36.2637362637,136.761904762,-64.0
13:58:38,3101.0,3099.70572889,7.16157997237,50.0,76.0,0,23.0944210654,34.0,34.8534201954,132.476190476,-28.0
13:58:38,3101.0,3099.70644773,7.15788216467,50.0,114.0,0,23.0824965001,-16.0,29.1545189504,135.80952381,-28.0
13:58:39,3102.0,3099.70772157,7.15480089512,52.6315789474,18.0,0,23.0651221635,14.0,32.2085889571,108.285714286,-14.0
13:58:39,3101.0,3099.70843931,7.1516171874,50.0,380.0,0,23.0622934131,-24.0,20.9486166008,185.80952381,-28.0
13:58:40,3101.0,3099.70915664,7.14790610797,50.0,12.0,0,23.0503260496,10.0,20.5078125,141.047619048,-18.0
13:58:40,3100.0,3099.70931818,7.14465506429,47.619047619,2.0,0,23.0472744009,2.0,5.64784053156,92.8571428571,20.0
13:58:41,3101.0,3099.71003502,7.14093518014,50.0,4.0,0,23.0278464371,0.0,3.01886792452,65.3333333333,-14.0
13:58:41,3101.0,3099.71075147,7.13721058958,50.0,24.0,0,23.0158355033,-12.0,8.63636363635,46.9523809524,-10.0
13:58:42,3100.0,3099.71091212,7.13342245856,47.619047619,2.0,0,23.0110401889,2.0,6.60377358489,26.5714285714,-22.0
13:58:42,3101.0,3099.71162808,7.12968857539,50.0,82.0,0,22.9915787662,-44.0,33.3333333333,29.8095238095,-42.0
13:58:43,3101.0,3099.71234364,7.12594996375,50.0,416.0,0,22.9795226177,-122.0,57.7358490566,142.666666667,-174.0
13:58:43,3101.0,3099.71305881,7.12220661616,50.0,68.0,0,22.9674511969,-12.0,51.677852349,136.857142857,-188.0
13:58:44,3101.0,3099.71377358,7.11845852518,50.0,94.0,0,22.9553644798,-46.0,44.6064139942,135.333333333,-234.0
13:58:44,3101.0,3099.71448795,7.11470568329,50.0,10.0,0,22.9432624421,0.0,42.2619047619,105.523809524,-222.0
13:58:45,3101.0,3099.71520192,7.11038101721,50.0,24.0,0,22.9293164051,-12.0,40.9221902017,80.380952381,-236.0
13:58:45,3101.0,3099.7159155,7.10661817699,50.0,154.0,0,22.9171821251,-2.0,34.9869451697,91.3333333333,-194.0
13:58:46,3101.0,3099.71662869,7.10285056235,50.0,82.0,0,22.9050324487,-22.0,1.38888888888,78.2857142857,-94.0
13:58:46,3101.0,3099.71734147,7.09907816568,50.0,604.0,0,22.8928673514,174.0,0.413223140491,230.285714286,92.0
13:58:47,3101.0,3099.71805386,7.09530097936,50.0,0.0,0,22.8806868086,0.0,0,184.19047619,138.0
13:58:47,3101.0,3099.71876586,7.09094949479,50.0,128.0,0,22.8666542883,12.0,6.45161290322,179.142857143,150.0
13:58:48,3101.0,3099.71947746,7.08659219152,50.0,36.0,0,22.8526030039,-12.0,9.76095617529,142.19047619,150.0
13:58:48,3101.0,3099.72018866,7.08279963131,50.0,14.0,0,22.8403728839,-2.0,11.8055555556,98.380952381,150.0
13:58:49,3101.0,3099.72089947,7.07843119585,50.0,4.0,0,22.8262857009,0.0,13.2315521628,58.380952381,172.0
13:58:49,3101.0,3099.72160988,7.074628502,50.0,126.0,0,22.8140229023,-40.0,34.4155844156,56.9523809524,-42.0
13:58:50,3100.0,3099.7217645,7.07019238021,47.619047619,6.0,0,22.8070721942,0.0,33.7579617834,44.0,-42.0
13:58:50,3101.0,3099.72247443,7.06580705376,50.0,112.0,0,22.7855757941,32.0,37.5838926175,61.0476190476,-22.0
13:58:51,3100.0,3099.72262857,7.06193276429,47.619047619,40.0,0,22.7804282719,10.0,29.8013245033,58.2857142857,0.0
13:58:51,3101.0,3099.72333803,7.057536358,50.0,120.0,0,22.7589047339,68.0,25.4901960784,78.1904761905,70.0
13:58:52,3100.0,3099.72349168,7.053652275,47.619047619,2.0,0,22.7537170161,0.0,25.1231527094,59.3333333333,70.0
13:58:52,3100.0,3099.72364526,7.04918894183,47.619047619,34.0,0,22.7393191672,8.0,33.1210191083,49.7142857143,118.0
13:58:53,3100.0,3099.72379874,7.04471997687,47.619047619,276.0,0,22.7249031512,-206.0,63.3561643836,113.619047619,-88.0
13:58:53,3100.0,3099.72395215,7.0408210976,47.619047619,134.0,0,22.7123261213,-74.0,66.6666666667,124.095238095,-194.0
13:58:54,3100.0,3099.72410546,7.03691759097,47.619047619,32.0,0,22.6997341644,-12.0,67.5585284281,104.380952381,-216.0
13:58:54,3100.0,3099.7242587,7.03300944927,47.619047619,18.0,0,22.6871272557,0.0,77.4193548387,81.0476190476,-284.0
13:58:55,3101.0,3099.72496725,7.02857460898,50.0,22.0,0,22.6655098645,-8.0,75.1937984496,63.7142857143,-292.0
13:58:55,3100.0,3099.72512,7.02407881905,47.619047619,14.0,0,22.6583187711,-2.0,77.8225806452,43.1428571429,-302.0
13:58:56,3100.0,3099.72527267,7.01957733572,47.619047619,24.0,0,22.6437978572,-2.0,52.4590163934,26.380952381,-98.0
13:58:56,3101.0,3099.72598065,7.01570367611,50.0,24.0,0,22.6240041152,-10.0,28.3582089552,21.619047619,-34.0
13:58:57,3101.0,3099.72668824,7.0118250594,50.0,18.0,0,22.6114964831,-6.0,28.3333333333,20.380952381,-28.0
13:58:57,3101.0,3099.72739544,7.00794147735,50.0,218.0,0,22.5989728389,-104.0,25.625,76.9523809524,-132.0
13:58:58,3100.0,3099.72754685,7.00453926345,47.619047619,8.0,0,22.5952879466,6.0,27.4509803922,64.0,-118.0
13:58:58,3100.0,3099.72769817,7.00059221481,47.619047619,4.0,0,22.5825555316,0.0,28.3783783784,50.5714285714,-116.0
13:58:59,3100.0,3099.72784941,6.99664045815,47.619047619,216.0,0,22.5698079295,134.0,15.9836065574,98.1904761905,20.0
13:58:59,3100.0,3099.72800056,6.99268398549,47.619047619,464.0,0,22.5570451145,166.0,7.54310344826,207.523809524,196.0
13:59:00,3100.0,3099.72815163,6.98814054905,47.619047619,88.0,0,22.5423888679,62.0,8.21643286572,188.476190476,264.0
13:59:00,3100.0,3099.72830261,6.98359132821,47.619047619,930.0,0,22.527713962,704.0,-37.4269005848,406.666666667,1072.0
13:59:01,3100.0,3099.72845351,6.97903631166,47.619047619,126.0,0,22.5130203602,-76.0,-35.5579868709,361.238095238,990.0
13:59:01,3100.0,3099.72860433,6.97385168542,47.619047619,124.0,0,22.4962957594,24.0,-27.1047227926,309.619047619,1014.0
13:59:02,3101.0,3099.72931047,6.96933760602,50.0,10.0,0,22.4744843793,0.0,-30.1951779564,219.714285714,880.0
13:59:02,3100.0,3099.72946081,6.96476440448,47.619047619,394.0,0,22.4669819499,182.0,-31.5789473684,249.333333333,896.0
13:59:03,3099.0,3099.72905566,6.95954677821,45.4545454545,38.0,0,22.4573952185,-36.0,-32.6757090012,180.571428571,798.0
13:59:03,3099.0,3099.72865075,6.9543223969,45.4545454545,164.0,0,22.4405369374,-60.0,20.7943925234,150.19047619,34.0
13:59:04,3099.0,3099.72824605,6.94971816975,45.4545454545,24.0,0,22.4256797991,-14.0,25.4641909814,116.285714286,96.0
13:59:04,3100.0,3099.72839698,6.94512085039,47.619047619,38.0,0,22.4036156464,-24.0,11.377245509,91.2380952381,48.0
13:59:05,3099.0,3099.72799243,6.94050534948,45.4545454545,20.0,0,22.3959514343,-4.0,11.7994100295,65.1428571429,44.0
13:59:05,3099.0,3099.7275881,6.93588427409,45.4545454545,94.0,0,22.3810399293,-92.0,44.9735449735,59.7142857143,-230.0
13:59:06,3099.0,3099.727184,6.93125761307,45.4545454545,450.0,0,22.3661104004,156.0,20.7594936709,170.285714286,-38.0
13:59:06,3099.0,3099.72678012,6.92662535523,45.4545454545,224.0,0,22.3511628113,0.0,16.4705882353,196.666666667,22.0
13:59:07,3099.0,3099.72637647,6.92198748933,45.4545454545,150.0,0,22.336197126,-8.0,15.368852459,199.047619048,28.0
13:59:07,3099.0,3099.72597304,6.91734400409,45.4545454545,356.0,0,22.3212133078,-16.0,10.6646058733,254.285714286,36.0
13:59:08,3098.0,3099.72501443,6.91272372553,43.4782608696,96.0,0,22.3135046015,-44.0,16.0583941606,220.095238095,-4.0
13:59:08,3099.0,3099.72461175,6.90866109105,45.4545454545,184.0,0,22.2931948727,82.0,12.7397260274,207.428571429,170.0
13:59:09,3098.0,3099.7236539,6.90403062071,43.4782608696,456.0,0,22.2854442244,186.0,12.0054570259,268.19047619,200.0
13:59:09,3098.0,3099.72269658,6.89939485068,43.4782608696,62.0,0,22.2704804735,-36.0,13.0368098159,216.095238095,164.0
13:59:10,3098.0,3099.7217398,6.89475377026,43.4782608696,780.0,0,22.2554995812,352.0,7.96277145811,376.857142857,524.0
13:59:10,3097.0,3099.72022814,6.89017738846,41.6666666667,26.0,0,22.2479089069,0.0,10.9725685785,292.19047619,540.0
13:59:11,3098.0,3099.71927272,6.88612049549,43.4782608696,640.0,41.6666666667,22.2276323289,112.0,30.3538175047,398.666666667,696.0
13:59:11,3098.0,3099.71831783,6.88146418326,38.0952380952,310.0,0,22.2126022701,-58.0,30.1671064204,384.952380952,556.0
13:59:12,3098.0,3099.71736348,6.87680251903,38.0952380952,814.0,0,22.1975549356,526.0,26.443768997,509.238095238,896.0
13:59:12,3097.0,3099.71585425,6.87220630107,36.3636363636,132.0,0,22.1898815017,68.0,25.6106587713,421.619047619,1000.0
13:59:13,3097.0,3099.71434586,6.86696781073,36.3636363636,106.0,0,22.1729667766,-26.0,36.5877712032,323.238095238,622.0
13:59:13,3097.0,3099.71283831,6.86236105911,36.3636363636,838.0,0,22.1580918925,-366.0,25.4225352113,466.095238095,256.0
13:59:14,3097.0,3099.7113316,6.85774931135,36.3636363636,212.0,0,22.1432008762,-30.0,15.3399668325,391.428571429,114.0
13:59:14,3098.0,3099.71038112,6.85306095438,38.0952380952,212.0,0,22.1209198011,0.0,12.3595505618,337.142857143,172.0
13:59:15,3097.0,3099.70887577,6.84843898925,36.3636363636,64.0,0,22.1131384864,34.0,17.6470588235,245.238095238,-320.0
13:59:15,3097.0,3099.70737126,6.8438119973,36.3636363636,122.0,0,22.0981982476,38.0,18.7902187902,205.619047619,-350.0
13:59:16,3098.0,3099.70642298,6.83910776796,38.0952380952,320.0,0,22.0758804647,-150.0,26.5837104072,223.047619048,-474.0
13:59:16,3098.0,3099.70547523,6.83439808778,38.0952380952,254.0,0,22.06067814,-88.0,61.3175675676,211.428571429,-196.0
13:59:17,3098.0,3099.70452801,6.82968294548,38.0952380952,56.0,0,22.0454581843,-18.0,49.8054474708,171.047619048,-184.0
13:59:17,3098.0,3099.70358131,6.82496232975,38.0952380952,150.0,0,22.0302205608,-44.0,52.5879917184,164.952380952,-228.0
13:59:18,3098.0,3099.70263514,6.82023622921,38.0952380952,58.0,0,22.0149652331,-10.0,52.9166666667,135.523809524,-272.0
13:59:18,3098.0,3099.7016895,6.81550463246,38.0952380952,38.0,0,21.9996921642,-4.0,56.3926940639,100.666666667,-314.0
13:59:19,3099.0,3099.70129978,6.81009034856,40.9090909091,122.0,0,21.9751221315,-100.0,53.982300885,93.8095238095,-264.0
13:59:19,3099.0,3099.70091028,6.8046688538,40.9090909091,126.0,0,21.9576277954,-60.0,21.8181818182,97.5238095238,-236.0
13:59:20,3099.0,3099.70052099,6.79988602278,40.9090909091,68.0,0,21.9421943297,-6.0,29.8932384342,90.7619047619,-224.0
13:59:20,3098.0,3099.69957652,6.79513055839,38.0952380952,36.0,0,21.9339269154,-6.0,37.0535714286,74.2857142857,-186.0
13:59:21,3099.0,3099.69918797,6.79033606598,40.9090909091,14.0,0,21.9113780767,-10.0,43.5643564356,56.9523809524,-186.0
13:59:21,3098.0,3099.69824424,6.78556929206,38.0952380952,2.0,0,21.9030642093,-2.0,47.2826086957,38.2857142857,-184.0
13:59:22,3099.0,3099.69785643,6.78076308914,40.9090909091,8.0,0,21.8804875416,0.0,29.1338582677,23.0476190476,-84.0
13:59:22,3098.0,3099.69691344,6.77533596725,38.0952380952,16.0,0,21.8700321732,-6.0,48.6111111111,15.5238095238,-30.0
13:59:23,3098.0,3099.69597097,6.76990193024,38.0952380952,16.0,0,21.8524917051,-2.0,26.0869565217,13.2380952381,-26.0
13:59:23,3099.0,3099.69558443,6.76442650727,40.9090909091,92.0,0,21.8277718853,-86.0,72.972972973,35.1428571429,-106.0
13:59:24,3098.0,3099.6946427,6.75897839092,38.0952380952,4.0,0,21.8172317331,0.0,69.5652173913,29.2380952381,-96.0
13:59:24,3099.0,3099.6942569,6.75348844471,40.9090909091,18.0,0,21.7924764269,-2.0,74.025974026,27.8095238095,-96.0
13:59:25,3099.0,3099.69387131,6.74799110481,40.9090909091,536.0,0,21.7747373502,-332.0,92.082111437,173.619047619,-428.0
13:59:25,3100.0,3099.69404133,6.74249225248,43.4782608696,118.0,0,21.749975008,6.0,84.1836734694,174.857142857,-416.0
13:59:26,3099.0,3099.69365586,6.73697989243,40.9090909091,100.0,0,21.7392058484,-10.0,76.267281106,166.095238095,-424.0
13:59:26,3099.0,3099.6932706,6.7314600839,40.9090909091,16.0,0,21.7213942688,0.0,72.9797979798,129.333333333,-338.0
13:59:27,3099.0,3099.69288556,6.72523603239,40.9090909091,184.0,0,21.7013102046,-8.0,69.7530864198,144.19047619,-346.0
13:59:27,3099.0,3099.69250073,6.71970051416,40.9090909091,10.0,0,21.6834479321,-4.0,68.6721991701,100.761904762,-348.0
13:59:28,3099.0,3099.69211611,6.71345911257,40.9090909091,210.0,0,21.6633078818,0.0,24.4514106583,114.857142857,-16.0
13:59:28,3099.0,3099.69173171,6.70790780224,40.9090909091,8.0,0,21.6453946507,-6.0,23.1060606061,86.7619047619,-28.0
13:59:29,3099.0,3099.69134752,6.70164895868,40.9090909091,16.0,0,21.6251983178,-12.0,26.5765765766,66.1904761905,-30.0
13:59:29,3099.0,3099.69096355,6.69608177303,40.9090909091,10.0,0,21.6072338594,2.0,27.8538812785,47.9047619048,-28.0
13:59:30,3099.0,3099.69057978,6.68980539471,40.9090909091,228.0,0,21.5869809445,-196.0,8.71369294607,92.1904761905,-216.0
13:59:30,3100.0,3099.69075164,6.68422629575,43.4782608696,152.0,0,21.5620203089,126.0,7.37179487181,112.666666667,-86.0
13:59:31,3099.0,3099.69036799,6.67793209634,40.9090909091,62.0,0,21.5486676229,62.0,7.14285714287,100.666666667,-24.0
13:59:31,3099.0,3099.68998456,6.67162861639,40.9090909091,10.0,0,21.5283272552,0.0,8.36820083684,80.8571428571,-18.0
13:59:32,3099.0,3099.68960134,6.66602080205,40.9090909091,24.0,0,21.5102316942,2.0,10.6995884774,64.9523809524,-4.0
13:59:32,3099.0,3099.68921834,6.66040530039,40.9090909091,8.0,0,21.4921113275,4.0,9.50413223142,44.0952380952,-2.0
13:59:33,3100.0,3099.68939095,6.65407864804,43.4782608696,30.0,0,21.4647698324,-12.0,16.7832167832,29.619047619,182.0
13:59:33,3100.0,3099.68956346,6.64844964175,43.4782608696,122.0,0,21.4466117476,84.0,58.59375,50.8571428571,140.0
13:59:34,3099.0,3099.68918047,6.64280980799,40.9090909091,382.0,0,21.4353333591,148.0,26.0416666667,147.80952381,226.0
13:59:34,3099.0,3099.6887977,6.63716220572,40.9090909091,80.0,0,21.4171094086,10.0,34.3653250774,143.238095238,236.0
13:59:35,3099.0,3099.68841514,6.63150681511,40.9090909091,6.0,0,21.3988603263,2.0,34.076433121,114.19047619,236.0
13:59:35,3099.0,3099.6880328,6.62584361622,40.9090909091,26.0,0,21.3805860478,0.0,35.9133126935,91.7142857143,232.0
13:59:36,3098.0,3099.68709526,6.62088189619,38.0952380952,124.0,0,21.3714715823,-24.0,28.9189189189,96.380952381,220.0
13:59:36,3099.0,3099.68671365,6.61520400267,40.9090909091,68.0,0,21.3462536388,66.0,16.3265306122,80.5714285714,202.0
13:59:37,3098.0,3099.68577684,6.60955864125,38.0952380952,262.0,0,21.3349213727,134.0,57.2438162544,122.761904762,188.0
13:59:37,3098.0,3099.68484056,6.60390582497,38.0952380952,0.0,0,21.3166747094,0.0,0,95.8095238095,178.0
13:59:38,3098.0,3099.6839048,6.59824553467,38.0952380952,54.0,0,21.2984039208,42.0,49.063670412,88.0952380952,218.0
13:59:38,3098.0,3099.68296956,6.5925777511,38.0952380952,74.0,0,21.2801089448,-8.0,42.6116838488,83.8095238095,210.0
13:59:39,3099.0,3099.68259023,6.58686121484,40.9090909091,202.0,0,21.2547957885,-34.0,37.8787878788,113.80952381,200.0
13:59:39,3098.0,3099.68165572,6.58117817513,38.0952380952,224.0,0,21.2433123794,-14.0,31.1274509804,146.380952381,120.0
13:59:40,3098.0,3099.68072173,6.5761628789,38.0952380952,266.0,0,21.2271235601,-166.0,5.12195121951,183.523809524,-180.0
13:59:40,3098.0,3099.67978825,6.57114145336,38.0952380952,496.0,0,21.210914956,-396.0,35.2583586626,286.19047619,-576.0
13:59:41,3098.0,3099.6788553,6.56543722628,38.0952380952,56.0,0,21.1925023444,-16.0,35.5083459787,239.523809524,-634.0
13:59:41,3098.0,3099.67792286,6.56040281599,38.0952380952,128.0,0,21.1762518269,-108.0,43.0029154519,213.333333333,-734.0
13:59:42,3097.0,3099.67643554,6.55544705654,36.3636363636,132.0,0,21.1670876866,20.0,45.6221198157,185.714285714,-680.0
13:59:42,3097.0,3099.67494904,6.55048555711,36.3636363636,216.0,0,21.1510673462,-166.0,45.9041731066,185.428571429,-832.0
13:59:43,3098.0,3099.67401877,6.54606997356,38.0952380952,36.0,0,21.1299870031,-4.0,57.3308270677,134.095238095,-670.0
13:59:43,3098.0,3099.67308902,6.54101190401,38.0952380952,1244.0,0,21.1136601162,288.0,23.289183223,438.857142857,14.0
13:59:44,3097.0,3099.67160438,6.53603330808,36.3636363636,94.0,0,21.104402028,-14.0,23.1351351351,379.428571429,16.0
13:59:44,3098.0,3099.67067597,6.53160181136,38.0952380952,488.0,0,21.0832853821,-416.0,33.1221719457,430.761904762,-292.0
13:59:45,3097.0,3099.66919267,6.5266120413,36.3636363636,90.0,0,21.0739814056,6.0,33.6715867159,351.238095238,-306.0
13:59:45,3098.0,3099.6682656,6.52153010122,38.0952380952,330.0,0,21.0507750201,-6.0,46.0122699386,342.285714286,-146.0
13:59:46,3098.0,3099.66733905,6.5164418771,38.0952380952,68.0,0,21.0343507976,28.0,44.6845289542,253.047619048,-114.0
13:59:46,3098.0,3099.666413,6.51134735422,38.0952380952,16.0,0,21.0179062434,8.0,74.4014732965,147.428571429,-394.0
13:59:47,3098.0,3099.66548748,6.50624651777,38.0952380952,150.0,0,21.0014413098,90.0,67.9509632224,138.571428571,-290.0
13:59:47,3097.0,3099.66400706,6.50122664114,36.3636363636,28.0,0,20.9920136944,-10.0,48.9736070381,92.1904761905,116.0
13:59:48,3097.0,3099.66252747,6.49551469178,36.3636363636,86.0,0,20.9735702027,20.0,56.9321533923,84.2857142857,130.0
13:59:48,3097.0,3099.6610487,6.49048234216,36.3636363636,426.0,0,20.9573210919,-206.0,77.519379845,173.714285714,-70.0
13:59:49,3097.0,3099.65957075,6.48544407705,36.3636363636,116.0,0,20.9410528804,26.0,78.5888077859,170.0,-72.0
13:59:49,3098.0,3099.65864902,6.47962332558,38.0952380952,126.0,0,20.9155046016,74.0,70.1716738197,166.857142857,-6.0
13:59:50,3098.0,3099.6577278,6.47448381445,38.0952380952,276.0,0,20.8989148304,88.0,87.5236294896,201.333333333,-8.0
13:59:50,3098.0,3099.6568071,6.46933788257,38.0952380952,110.0,0,20.8823043337,-22.0,91.2280701754,182.380952381,-20.0
13:59:51,3097.0,3099.6553315,6.46427444775,36.3636363636,34.0,0,20.8726976033,2.0,88.9705882353,137.80952381,-38.0
13:59:51,3097.0,3099.65385673,6.45920502481,36.3636363636,28.0,0,20.8563287853,10.0,64.6376811594,94.0,178.0
13:59:52,3098.0,3099.65293818,6.45404021587,38.0952380952,44.0,0,20.8329251642,34.0,66.8284789644,73.7142857143,186.0
13:59:52,3098.0,3099.65202013,6.44886892537,38.0952380952,106.0,0,20.8162328127,-56.0,68.3946488294,74.5714285714,56.0
13:59:53,3098.0,3099.6511026,6.44369113772,38.0952380952,16.0,0,20.7995194891,6.0,42.3076923077,50.6666666667,-26.0
13:59:53,3098.0,3099.65018557,6.43781267969,38.0952380952,16.0,0,20.7805444793,8.0,21.7213114754,39.1428571429,4.0
13:59:54,3098.0,3099.64926906,6.43262112254,38.0952380952,58.0,0,20.7637867093,28.0,43.6567164179,44.0952380952,30.0
13:59:54,3099.0,3099.64890845,6.42737561764,40.9090909091,424.0,0,20.7401601086,-50.0,74.5481927711,152.476190476,-30.0
13:59:55,3098.0,3099.64799265,6.42147429324,38.0952380952,280.0,0,20.7278059821,14.0,55.1111111111,200.857142857,-50.0
13:59:55,3098.0,3099.64707735,6.41626210846,38.0952380952,314.0,0,20.7109816283,-4.0,52.7075812274,247.714285714,2.0
13:59:56,3098.0,3099.64616256,6.4110433272,38.0952380952,356.0,0,20.6941359819,-22.0,43.5082872928,296.666666667,-26.0
13:59:56,3098.0,3099.64524828,6.40581793334,38.0952380952,206.0,0,20.6772689908,44.0,47.3748473748,286.571428571,10.0
13:59:57,3099.0,3099.64488991,6.40053744247,40.9090909091,876.0,0,20.6535574136,406.0,99.9185667752,458.857142857,388.0
13:59:57,3098.0,3099.64397633,6.39529856613,38.0952380952,254.0,0,20.6433136415,-16.0,88.2764654418,414.476190476,422.0
13:59:58,3098.0,3099.64306327,6.39071046496,38.0952380952,56.0,0,20.6285037604,-18.0,99.0300678952,321.619047619,390.0
13:59:58,3099.0,3099.64270611,6.3866824632,40.9090909091,32.0,0,20.6088495102,12.0,110.0,232.571428571,406.0
13:59:59,3098.0,3099.64179375,6.38208408141,38.0952380952,70.0,0,20.6006587521,14.0,130.923694779,167.80952381,442.0
13:59:59,3098.0,3099.64088189,6.37748033932,38.0952380952,164.0,0,20.5857983839,-14.0,123.829201102,143.523809524,384.0
14:00:00,3098.0,3099.63997055,6.3728712253,38.0952380952,310.0,0,20.5709206756,-104.0,15.3498871332,162.952380952,-126.0
14:00:00,3098.0,3099.6390597,6.371302795,38.0952380952,866.0,0,20.5658579567,40.0,95.7276368492,368.19047619,-70.0
14:00:01,3099.0,3099.63870477,6.36968354327,40.9090909091,192.0,41.6666666667,20.5539965901,62.0,89.7184822522,351.714285714,10.0
14:00:01,3099.0,3099.63835003,6.36873002608,47.3684210526,254.0,0,20.5509197356,-90.0,80.6034482759,346.476190476,-92.0
14:00:02,3098.0,3099.63744009,6.36782593188,45.0,186.0,0,20.5546350287,40.0,73.2251521298,311.238095238,-66.0
14:00:02,3097.0,3099.63597525,6.36728326833,42.8571428571,188.0,0,20.5595197557,50.0,78.4569138277,271.047619048,-2.0
14:00:03,3098.0,3099.63506663,6.36606657415,45.0,434.0,0,20.5489560173,-148.0,80.0,300.0,-46.0
14:00:03,3098.0,3099.63415851,6.36484921097,45.0,54.0,0,20.5450265041,-8.0,37.3088685015,214.476190476,-94.0
14:00:04,3097.0,3099.6326955,6.36403726366,42.8571428571,60.0,0,20.5490386298,-8.0,37.7551020408,169.333333333,-164.0
14:00:04,3097.0,3099.6312333,6.36291277251,42.8571428571,20.0,0,20.5454077253,-12.0,43.0997876858,119.047619048,-86.0
14:00:05,3098.0,3099.63032731,6.36169371422,45.0,40.0,0,20.534840911,-16.0,54.0201005025,85.619047619,-142.0
14:00:05,3097.0,3099.62886642,6.36088063629,42.8571428571,124.0,0,20.5388460972,-16.0,51.0928961749,83.1428571429,-208.0
14:00:06,3097.0,3099.62740634,6.3600672603,42.8571428571,184.0,0,20.536219762,-74.0,73.0290456432,100.857142857,-134.0
14:00:06,3097.0,3099.62594708,6.35925358614,42.8571428571,438.0,0,20.5335924641,216.0,37.4133949192,203.047619048,90.0
14:00:07,3097.0,3099.62448862,6.35843961369,42.8571428571,34.0,0,20.5309642031,26.0,36.9047619048,171.523809524,124.0
14:00:07,3097.0,3099.62303098,6.35762534285,42.8571428571,70.0,0,20.5283349785,40.0,37.0786516854,151.523809524,176.0
14:00:08,3097.0,3099.62157415,6.35681077348,42.8571428571,30.0,0,20.5257047901,14.0,35.6818181818,117.714285714,206.0
14:00:08,3097.0,3099.62011812,6.35599590549,42.8571428571,108.0,0,20.5230736374,32.0,29.1666666667,106.666666667,254.0
14:00:09,3097.0,3099.6186629,6.35518073875,42.8571428571,28.0,0,20.52044152,14.0,11.2994350283,73.5238095238,342.0
14:00:09,3098.0,3099.6177639,6.35395742825,45.0,58.0,0,20.5098690389,-6.0,20.7317073171,56.380952381,120.0
14:00:10,3097.0,3099.61630999,6.35341110262,42.8571428571,32.0,0,20.5147274867,-10.0,18.4049079755,49.9047619048,84.0
14:00:10,3097.0,3099.61485688,6.35259497259,42.8571428571,54.0,0,20.5120922589,2.0,14.8387096774,49.8095238095,46.0
14:00:11,3097.0,3099.61340459,6.35204827469,42.8571428571,46.0,0,20.510327009,14.0,15.9509202454,48.1904761905,46.0
14:00:11,3098.0,3099.6125085,6.35113676395,45.0,36.0,0,20.5007642478,12.0,20.4724409449,42.9523809524,26.0
14:00:12,3097.0,3099.61105751,6.35058964891,42.8571428571,26.0,0,20.5056172067,10.0,19.8412698413,38.2857142857,22.0
14:00:12,3097.0,3099.60960733,6.35004237737,42.8571428571,26.0,0,20.5038501045,2.0,18.1818181818,33.7142857143,30.0
14:00:13,3098.0,3099.60871335,6.34939993641,45.0,32.0,0,20.4951579613,6.0,23.6363636363,32.380952381,46.0
14:00:13,3098.0,3099.60781987,6.34875723598,45.0,76.0,0,20.4930833957,28.0,25.6198347107,43.619047619,72.0
14:00:14,3098.0,3099.60692688,6.348114276,45.0,36.0,0,20.4910079922,-26.0,35.3448275862,42.380952381,32.0
14:00:14,3097.0,3099.60547899,6.34698197941,42.8571428571,58.0,0,20.49396829,18.0,43.3070866142,47.9047619048,38.0
14:00:15,3098.0,3099.60458731,6.3457538783,45.0,14.0,0,20.4833888906,-8.0,48.7603305785,39.8095238095,20.0
14:00:15,3097.0,3099.60314072,6.34462049157,42.8571428571,32.0,0,20.4863432082,-12.0,47.5806451613,37.4285714286,6.0
14:00:16,3098.0,3099.60225033,6.34370554172,45.0,62.0,0,20.4767770875,-48.0,48.2014388489,43.3333333333,-48.0
14:00:16,3097.0,3099.60080504,6.34315636248,42.8571428571,72.0,0,20.481615636,-30.0,45.2554744526,50.6666666667,-106.0
14:00:17,3097.0,3099.59936055,6.34202172073,42.8571428571,48.0,0,20.4779519559,42.0,33.5664335664,51.3333333333,-38.0
14:00:17,3098.0,3099.59847226,6.34110560496,45.0,878.0,0,20.4683847804,416.0,7.59493670885,288.571428571,360.0
14:00:18,3097.0,3099.59702906,6.33996998766,42.8571428571,440.0,0,20.4713270509,-6.0,6.91906005221,361.619047619,362.0
14:00:18,3096.0,3099.59503127,6.3389734876,40.9090909091,228.0,0,20.4747205672,66.0,5.78703703703,353.80952381,440.0
14:00:19,3096.0,3099.59303458,6.33797663608,40.9090909091,972.0,0,20.4715007625,-130.0,4.24564063684,549.238095238,358.0
14:00:19,3096.0,3099.59103901,6.33697943293,40.9090909091,440.0,0,20.4682798221,124.0,3.99201596806,549.333333333,512.0
14:00:20,3096.0,3099.58904454,6.33629705875,40.9090909091,250.0,0,20.4660757711,130.0,4.55112219451,477.619047619,600.0
14:00:20,3097.0,3099.58760658,6.33515936152,42.8571428571,164.0,0,20.4557938699,124.0,7.85886126704,371.714285714,308.0
14:00:21,3096.0,3099.58561402,6.33416113011,40.9090909091,180.0,0,20.4591767768,90.0,7.6096687556,304.380952381,404.0
14:00:21,3096.0,3099.58362257,6.3334780137,40.9090909091,338.0,0,20.4569703285,60.0,9.30034129693,294.571428571,398.0
14:00:22,3096.0,3099.58163222,6.33279471394,40.9090909091,166.0,0,20.4547632879,14.0,11.5734720416,230.380952381,542.0
14:00:22,3096.0,3099.57964297,6.33211123077,40.9090909091,954.0,0,20.452555655,-156.0,8.8693957115,429.714285714,262.0
14:00:23,3096.0,3099.57765484,6.33075230058,40.9090909091,218.0,0,20.4481663456,-24.0,11.5841584158,394.285714286,108.0
14:00:23,3096.0,3099.5756678,6.32975249648,40.9090909091,156.0,0,20.4449370041,-74.0,8.34990059642,342.666666667,-90.0
14:00:24,3096.0,3099.57368187,6.32875233935,40.9090909091,544.0,0,20.4417065225,-134.0,5.30303030303,402.285714286,-314.0
14:00:24,3095.0,3099.57114164,6.32793614449,39.1304347826,360.0,0,20.4456741341,-50.0,16.5137614679,392.0,-424.0
14:00:25,3095.0,3099.56860282,6.32675974032,39.1304347826,1368.0,0,20.4418731513,-392.0,16.7222222222,668.666666667,-830.0
14:00:25,3095.0,3099.56606542,6.32558292219,39.1304347826,1472.0,0,20.438070831,-222.0,14.5944633317,917.80952381,-896.0
14:00:26,3095.0,3099.56352942,6.32440568988,39.1304347826,376.0,0,20.4342671725,190.0,13.4471468662,829.142857143,-682.0
14:00:26,3095.0,3099.56099483,6.32322804316,39.1304347826,414.0,0,20.430462175,-24.0,13.4759594177,743.80952381,-632.0
14:00:27,3095.0,3099.55846165,6.32241043949,39.1304347826,1788.0,0,20.427820483,1448.0,10.4015230183,1038.76190476,950.0
14:00:27,3095.0,3099.55592987,6.32123207927,39.1304347826,576.0,0,20.4240131802,-212.0,8.39172505839,928.19047619,788.0
14:00:28,3094.0,3099.5528441,6.32028211176,37.5,542.0,0,20.4275439941,162.0,8.95897832817,797.619047619,1342.0
14:00:28,3094.0,3099.54976004,6.31933189155,37.5,778.0,0,20.4244728234,-280.0,8.80643719266,773.80952381,1284.0
14:00:29,3093.0,3099.5461223,6.3190150953,36.0,518.0,0,20.4300520378,-132.0,9.05545927209,708.761904762,962.0
14:00:29,3093.0,3099.54248657,6.31869827097,36.0,2004.0,0,20.4290277108,-440.0,2.2881082823,1061.52380952,546.0
14:00:30,3092.0,3099.53829747,6.31793263968,34.6153846154,338.0,0,20.4331586018,66.0,2.22876366695,862.571428571,-836.0
14:00:30,3091.0,3099.53355529,6.31793263968,33.3333333333,1208.0,0,20.4397691352,-322.0,-6.23608017818,981.238095238,-946.0
14:00:31,3090.0,3099.52826034,6.31833745494,32.1428571429,2594.0,0,20.4476940289,-1366.0,-1.50537634409,1465.80952381,-2474.0
14:00:31,3091.0,3099.52352373,6.31833745494,33.3333333333,3454.0,0,20.4410787931,-288.0,12.1589561091,2098.38095238,-2482.0
14:00:32,3090.0,3099.51823435,6.31874223205,32.1428571429,1906.0,0,20.4490039872,-24.0,16.6724617524,2161.23809524,-2374.0
14:00:32,3091.0,3099.51350331,6.31874223205,33.3333333333,614.0,0,20.4423883276,-210.0,26.5572473799,1788.85714286,-2144.0
14:00:33,3091.0,3099.5087749,6.31874223205,33.3333333333,478.0,0,20.4423883276,-308.0,29.9980495416,1443.80952381,-2518.0
14:00:33,3092.0,3099.50460452,6.31838141853,34.6153846154,814.0,0,20.4346100211,-230.0,37.6876267749,1188.0952381,-2426.0
14:00:34,3092.0,3099.50043645,6.31802057219,34.6153846154,382.0,0,20.433442989,124.0,44.9790794979,827.714285714,-936.0
14:00:34,3091.0,3099.4957153,6.31802057219,33.3333333333,1076.0,0,20.4400536143,-366.0,27.8557874763,770.952380952,-1014.0
14:00:35,3090.0,3099.49044137,6.31842538181,32.1428571429,398.0,0,20.4479785819,64.0,14.4603934078,633.714285714,-926.0
14:00:35,3091.0,3099.48572577,6.31842538181,33.3333333333,248.0,0,20.441363254,64.0,9.24617196701,525.428571429,-652.0
14:00:36,3092.0,3099.48156818,6.31842538181,34.6153846154,348.0,0,20.4347522051,-86.0,9.03245560317,463.142857143,-430.0
14:00:36,3091.0,3099.47685751,6.31842538181,33.3333333333,392.0,0,20.441363254,-90.0,-0.316455696209,419.619047619,-290.0
14:00:37,3092.0,3099.47270485,6.31806453799,34.6153846154,494.0,0,20.4335851811,60.0,11.2652232747,425.333333333,-354.0
14:00:37,3091.0,3099.4679991,6.31806453799,33.3333333333,722.0,0,20.4401958524,-172.0,26.3259031514,490.857142857,-160.0
14:00:38,3092.0,3099.46385137,6.31770366134,34.6153846154,586.0,0,20.4324180509,-272.0,51.4336917563,534.380952381,-496.0
14:00:38,3092.0,3099.45970593,6.31734275186,34.6153846154,1248.0,0,20.4312508145,-122.0,57.1767810026,758.095238095,-682.0
14:00:39,3092.0,3099.4555628,6.31698180954,34.6153846154,114.0,0,20.430083472,-36.0,53.5151856018,610.19047619,-632.0
14:00:39,3093.0,3099.45197738,6.31630380444,36.0,146.0,0,20.4212861443,-48.0,54.7734138973,482.571428571,-590.0
14:00:40,3093.0,3099.44839394,6.31562567768,36.0,322.0,0,20.419093688,-162.0,42.4792861695,416.952380952,-812.0
14:00:40,3093.0,3099.44481249,6.31494742923,36.0,350.0,0,20.4169008381,-240.0,73.2104121475,367.523809524,-880.0
14:00:41,3093.0,3099.44123304,6.31426905904,36.0,346.0,0,20.4147075947,-248.0,56.8091844814,334.666666667,-856.0
14:00:41,3092.0,3099.43710017,6.31350257287,34.6153846154,196.0,0,20.4188310895,74.0,25.7123473541,270.380952381,-660.0
14:00:42,3092.0,3099.43296959,6.31314127656,34.6153846154,158.0,0,20.4176626021,2.0,33.069828722,245.333333333,-622.0
14:00:42,3092.0,3099.42884131,6.3123745801,34.6153846154,102.0,0,20.4151829887,-52.0,38.263229308,202.19047619,-626.0
14:00:43,3092.0,3099.42471532,6.31201318255,34.6153846154,518.0,0,20.4140141738,-248.0,40.9580838323,280.0,-712.0
14:00:43,3093.0,3099.42114703,6.31133430136,36.0,60.0,0,20.4052192091,22.0,25.3623188406,217.619047619,-450.0
14:00:44,3092.0,3099.41702531,6.31097280756,34.6153846154,136.0,0,20.4106494423,50.0,35.0427350427,190.761904762,-152.0
14:00:44,3093.0,3099.41346129,6.31029374108,36.0,268.0,0,20.4018549663,64.0,41.5458937198,211.619047619,-162.0
14:00:45,3093.0,3099.40989924,6.30961455261,36.0,78.0,0,20.3996590773,20.0,34.7676419966,174.761904762,-144.0
14:00:45,3093.0,3099.40633918,6.30893524209,36.0,76.0,0,20.3974627937,-12.0,29.7535211268,141.142857143,-104.0
14:00:46,3092.0,3099.40222569,6.3085735252,34.6153846154,126.0,0,20.4028897969,14.0,43.5483870968,123.047619048,158.0
14:00:46,3093.0,3099.39866988,6.30789402918,36.0,68.0,0,20.3940964409,-22.0,44.1489361702,107.047619048,114.0
14:00:47,3093.0,3099.39511605,6.3068084903,36.0,232.0,0,20.3905867776,-4.0,42.4528301887,137.523809524,60.0
14:00:47,3093.0,3099.3915642,6.30572265442,36.0,256.0,0,20.387076154,-22.0,38.2775119617,170.285714286,-26.0
14:00:48,3092.0,3099.38745891,6.3053606431,34.6153846154,94.0,0,20.3924988457,36.0,39.6713615024,157.333333333,-10.0
14:00:48,3092.0,3099.38335591,6.30459246194,34.6153846154,470.0,0,20.3900144306,-188.0,34.8314606742,251.047619048,-186.0
14:00:49,3093.0,3099.37981059,6.30350602399,36.0,140.0,0,20.3799095506,-90.0,30.0,231.714285714,-290.0
14:00:49,3093.0,3099.37626723,6.30241928857,36.0,48.0,0,20.3763960186,-4.0,30.0,185.428571429,-272.0
14:00:50,3092.0,3099.37217044,6.30165055294,34.6153846154,132.0,0,20.3804998478,-4.0,25.7894736842,164.095238095,-272.0
14:00:50,3092.0,3099.36807593,6.30088167454,34.6153846154,366.0,0,20.3780131777,-166.0,29.44,214.380952381,-416.0
14:00:51,3092.0,3099.36398369,6.30011265331,34.6153846154,68.0,31.7073170732,20.3755260456,12.0,27.9411764706,174.285714286,-440.0
14:00:51,3093.0,3099.36044913,6.29857418218,41.6666666667,82.0,0,20.3639643782,10.0,32.0574162679,139.428571429,-242.0
14:00:52,3093.0,3099.35691653,6.29703513911,41.6666666667,82.0,0,20.3589884873,44.0,37.5321336761,123.047619048,-108.0
14:00:52,3092.0,3099.35283048,6.29626540297,39.1304347826,50.0,0,20.3630834508,26.0,36.6666666667,100.285714286,-78.0
14:00:53,3092.0,3099.34874671,6.29504434108,39.1304347826,74.0,0,20.3591343502,14.0,43.7673130194,84.2857142857,-60.0
14:00:53,3092.0,3099.34466521,6.2942742389,39.1304347826,56.0,0,20.3566437222,14.0,57.7669902913,65.9047619048,120.0
14:00:54,3092.0,3099.34058597,6.29350399344,39.1304347826,460.0,0,20.3541526308,12.0,49.5024875622,177.714285714,120.0
14:00:54,3093.0,3099.3370644,6.29241457414,41.6666666667,130.0,0,20.3440497062,34.0,47.4178403756,176.571428571,144.0
14:00:55,3093.0,3099.33354479,6.29132485581,41.6666666667,210.0,0,20.3405265303,58.0,45.306122449,196.0,158.0
14:00:55,3093.0,3099.33002713,6.28978310658,41.6666666667,408.0,0,20.33554189,-246.0,33.3333333333,265.904761905,-114.0
14:00:56,3093.0,3099.32651143,6.28824078301,41.6666666667,106.0,0,20.3305553928,-4.0,36.7883211679,232.476190476,-132.0
14:00:56,3093.0,3099.32299767,6.28714993626,41.6666666667,290.0,0,20.3270285686,-8.0,33.5411471322,250.095238095,-154.0
14:00:57,3092.0,3099.31893047,6.28637835147,39.1304347826,146.0,0,20.3311072169,-98.0,30.2325581395,215.428571429,-264.0
14:00:57,3092.0,3099.31486553,6.28560662286,39.1304347826,106.0,0,20.3286113288,-98.0,29.0679304897,184.285714286,-396.0
14:00:58,3093.0,3099.31135824,6.28451506104,41.6666666667,194.0,0,20.318509735,-30.0,31.84,179.428571429,-484.0
14:00:58,3093.0,3099.30785291,6.28297075656,41.6666666667,164.0,0,20.3135168334,-82.0,41.7495029821,166.761904762,-320.0
14:00:59,3091.0,3099.30323871,6.28210995434,37.5,4078.0,0,20.3238756206,2222.0,-83.2864604259,1284.0,1906.0
14:00:59,3091.0,3099.29862709,6.28124898501,37.5,252.0,0,20.3210902136,170.0,-81.1538461539,1118.95238095,2084.0
14:01:00,3090.0,3099.29346262,6.28079632444,36.0,96.0,0,20.3262016972,20.0,-81.1247443763,911.142857143,2202.0
14:01:00,3089.0,3099.28774561,6.28079632444,34.6153846154,220.0,0,20.3327818855,-10.0,-79.9560351719,741.142857143,2290.0
14:01:01,3088.0,3099.28147639,6.28129320819,33.3333333333,1446.0,0,20.3409754151,-408.0,-66.4162404092,916.0,1912.0
14:01:01,3088.0,3099.27521064,6.28224260476,33.3333333333,1314.0,0,20.3440498859,16.0,-45.1390764245,993.523809524,2010.0
14:01:02,3090.0,3099.27005918,6.28179004036,36.0,1062.0,0,20.3294176063,-382.0,45.3986332574,944.285714286,-594.0
14:01:02,3088.0,3099.26379977,6.28273933728,33.3333333333,564.0,0,20.3456584757,-14.0,36.5376435559,896.380952381,-778.0
14:01:03,3089.0,3099.25809924,6.28273933728,34.6153846154,450.0,0,20.3390719886,-140.0,37.9351265823,801.047619048,-938.0
14:01:03,3089.0,3099.25240188,6.28319180875,34.6153846154,512.0,0,20.3405367716,38.0,34.4053851907,706.571428571,-890.0
14:01:04,3089.0,3099.24670768,6.28364423536,34.6153846154,272.0,0,20.3420014094,88.0,49.7843794921,529.619047619,-394.0
14:01:04,3090.0,3099.24157205,6.28319180875,36.0,602.0,0,20.3339540736,60.0,41.709994223,502.857142857,-350.0
14:01:05,3090.0,3099.23643927,6.28273933728,36.0,472.0,0,20.3324897647,-190.0,36.4206128134,472.857142857,-158.0
14:01:05,3091.0,3099.23186474,6.28187847879,37.5,692.0,0,20.3231267512,80.0,35.1333333333,533.80952381,-64.0
14:01:06,3091.0,3099.22729275,6.2814700978,37.5,136.0,0,20.3218055574,-18.0,28.965003723,429.80952381,58.0
14:01:06,3090.0,3099.2221679,6.2814700978,36.0,632.0,0,20.3283821935,144.0,34.4975053457,482.476190476,164.0
14:01:07,3091.0,3099.2176013,6.28106167797,37.5,120.0,0,20.320484238,76.0,29.0881688018,383.142857143,152.0
14:01:07,3091.0,3099.21303723,6.2806532193,37.5,328.0,0,20.3191627929,60.0,23.4453781513,350.476190476,152.0
14:01:08,3091.0,3099.2084757,6.28024472178,37.5,182.0,0,20.3178412222,94.0,10.1435406699,289.142857143,436.0
14:01:08,3090.0,3099.2033613,6.2806532193,36.0,84.0,0,20.3257385738,26.0,21.8623481781,213.619047619,382.0
14:01:09,3091.0,3099.19880515,6.2806532193,37.5,86.0,0,20.3191627929,-4.0,23.0446927374,167.619047619,396.0
14:01:09,3090.0,3099.19369612,6.2806532193,36.0,102.0,0,20.3257385738,-82.0,26.3858093126,128.571428571,170.0
14:01:10,3090.0,3099.18858993,6.28106167797,36.0,112.0,0,20.3270604465,44.0,26.8456375839,117.619047619,138.0
14:01:10,3091.0,3099.18404197,6.28106167797,37.5,652.0,0,20.320484238,-582.0,69.9507389163,261.333333333,-504.0
14:01:11,3091.0,3099.17949655,6.2806532193,37.5,276.0,0,20.3191627929,-140.0,76.2195121951,282.19047619,-738.0
14:01:11,3091.0,3099.17495364,6.28024472178,37.5,92.0,0,20.3178412222,-46.0,72.7272727273,246.0,-810.0
14:01:12,3091.0,3099.17041326,6.28024472178,37.5,398.0,0,20.3178412222,-102.0,74.5098039216,296.857142857,-908.0
14:01:12,3092.0,3099.16643081,6.27988041853,39.1304347826,792.0,0,20.3100919099,-148.0,86.0465116279,445.428571429,-974.0
14:01:13,3092.0,3099.16245056,6.27951608185,39.1304347826,560.0,0,20.3089135894,-18.0,91.9133574007,494.857142857,-1036.0
14:01:13,3093.0,3099.15902793,6.27842287123,41.6666666667,184.0,0,20.2988130334,80.0,84.7089487402,415.523809524,-374.0
14:01:14,3093.0,3099.1556072,6.2773293596,41.6666666667,70.0,0,20.2952775933,-38.0,82.1564885496,325.904761905,-272.0
14:01:14,3093.0,3099.15218837,6.2762355468,41.6666666667,64.0,0,20.2917411794,-12.0,84.4294003868,244.380952381,-238.0
14:01:15,3092.0,3099.14821603,6.27546190691,39.1304347826,370.0,0,20.2958017688,-130.0,71.0784313726,251.619047619,-266.0
14:01:15,3092.0,3099.1442459,6.27468812244,39.1304347826,112.0,0,20.2932992317,4.0,56.1764705882,186.476190476,-114.0
14:01:16,3092.0,3099.14027798,6.27432331209,39.1304347826,68.0,0,20.2921193793,-6.0,28.801843318,141.142857143,-102.0
14:01:16,3092.0,3099.13631226,6.27395846823,39.1304347826,214.0,0,20.2909394186,-196.0,24.9443207127,160.952380952,-378.0
14:01:17,3092.0,3099.13234874,6.27318439992,39.1304347826,214.0,0,20.2884359635,60.0,22.8406909789,179.333333333,-280.0
14:01:17,3091.0,3099.12783203,6.27277517,37.5,482.0,0,20.293675736,258.0,13.698630137,267.428571429,-10.0
14:01:18,3092.0,3099.12387322,6.27241018688,39.1304347826,112.0,0,20.2859320404,-68.0,28.1198003328,229.904761905,52.0
14:01:18,3091.0,3099.11936121,6.27241018688,37.5,262.0,0,20.292494943,-106.0,25.2958579882,247.523809524,-58.0
14:01:19,3092.0,3099.11540711,6.27163582905,39.1304347826,188.0,0,20.2834276489,-26.0,22.1467391304,236.857142857,-78.0
14:01:19,3091.0,3099.1108998,6.27122644886,37.5,480.0,0,20.288665315,-470.0,42.3475258918,303.904761905,-352.0
14:01:20,3091.0,3099.106395,6.27122644886,37.5,364.0,0,20.288665315,-312.0,52.7542372881,325.142857143,-724.0
14:01:20,3092.0,3099.10244809,6.27045187101,39.1304347826,992.0,0,20.2795985479,464.0,82.8190158465,518.666666667,-518.0
14:01:21,3092.0,3099.09850339,6.27008667882,39.1304347826,22.0,0,20.2784174606,22.0,81.2824956672,410.761904762,-428.0
14:01:21,3093.0,3099.09511627,6.26940050076,41.6666666667,32.0,0,20.2696427441,10.0,85.5630413859,310.0,-312.0
14:01:22,3093.0,3099.09173103,6.26871419835,41.6666666667,74.0,0,20.267423855,30.0,89.9185336049,232.19047619,-256.0
14:01:22,3092.0,3099.08779228,6.26834884337,39.1304347826,214.0,0,20.2727970355,58.0,80.5653710247,199.80952381,272.0
14:01:23,3093.0,3099.08441111,6.26766235195,41.6666666667,18.0,0,20.264023123,2.0,78.550295858,124.095238095,586.0
14:01:23,3093.0,3099.08103182,6.26656589138,41.6666666667,42.0,0,20.2604781487,-24.0,24.3781094527,71.7142857143,98.0
14:01:24,3093.0,3099.07765441,6.26546912809,41.6666666667,30.0,0,20.2569321956,-6.0,25.8536585366,61.1428571429,70.0
14:01:24,3092.0,3099.07372347,6.26469344427,39.1304347826,96.0,0,20.2609749168,-66.0,21.0970464135,69.0476190476,-6.0
14:01:25,3092.0,3099.06979471,6.26391761511,39.1304347826,242.0,0,20.2584657669,76.0,16.5109034268,115.619047619,40.0
14:01:25,3093.0,3099.06642354,6.26323034232,41.6666666667,548.0,0,20.2496939616,-252.0,58.1967213115,241.619047619,-270.0
14:01:26,3092.0,3099.06249884,6.26245423334,39.1304347826,90.0,0,20.2537329668,6.0,57.4427480916,220.857142857,-266.0
14:01:26,3093.0,3099.05913172,6.26176670136,41.6666666667,74.0,0,20.2449618537,16.0,59.2592592593,192.095238095,-226.0
14:01:27,3092.0,3099.05521107,6.26099031235,39.1304347826,154.0,0,20.2489984229,36.0,52.8239202658,184.666666667,-184.0
14:01:27,3092.0,3099.0512926,6.26062424781,39.1304347826,292.0,0,20.2478145143,70.0,65.8571428571,210.761904762,-48.0
14:01:28,3093.0,3099.0479317,6.25993639157,41.6666666667,182.0,0,20.2390442663,94.0,80.7462686567,196.095238095,-30.0
14:01:28,3092.0,3099.04401727,6.25957022841,39.1304347826,84.0,0,20.2444056546,-22.0,68.7214611872,156.285714286,200.0
14:01:29,3092.0,3099.04010502,6.25920403151,39.1304347826,88.0,0,20.2432213179,-18.0,72.9977116705,139.714285714,176.0
14:01:29,3092.0,3099.03619493,6.25842715198,39.1304347826,138.0,0,20.240708771,-36.0,72.7078891258,137.523809524,124.0
14:01:30,3092.0,3099.03228702,6.2580608512,39.1304347826,480.0,0,20.2395240983,-452.0,66.1392405063,230.0,-364.0
14:01:30,3092.0,3099.02838128,6.25728375575,39.1304347826,62.0,0,20.237010853,-42.0,58.2205029014,187.523809524,-476.0
14:01:31,3092.0,3099.02447771,6.25691735103,39.1304347826,68.0,0,20.2358258442,50.0,51.7391304348,157.714285714,-520.0
14:01:31,3092.0,3099.0205763,6.25655091252,39.1304347826,84.0,0,20.2346407261,24.0,57.1739130435,137.904761905,-474.0
14:01:32,3092.0,3099.01667707,6.25618444022,39.1304347826,104.0,0,20.2334554988,34.0,57.264957265,123.80952381,-422.0
14:01:32,3092.0,3099.01278,6.25581793411,39.1304347826,456.0,0,20.2322701621,-206.0,86.6028708134,209.523809524,-592.0
14:01:33,3092.0,3099.00888509,6.25504041198,39.1304347826,84.0,0,20.2297555368,-2.0,108.391608392,173.80952381,-142.0
14:01:33,3092.0,3099.00499234,6.25467380183,39.1304347826,54.0,0,20.2285698636,38.0,103.058823529,148.380952381,-62.0
14:01:34,3092.0,3099.00110176,6.25430715785,39.1304347826,10.0,0,20.227384081,8.0,103.03030303,110.761904762,-104.0
14:01:34,3092.0,3098.99721334,6.25394048003,39.1304347826,34.0,0,20.226198189,-6.0,102.964959569,82.7619047619,-134.0
14:01:35,3092.0,3098.99332708,6.25357376838,39.1304347826,1088.0,0,20.2250121875,-404.0,97.798377752,358.285714286,-572.0
14:01:35,3093.0,3098.98999838,6.25325144437,41.6666666667,186.0,0,20.2174311166,48.0,83.3791208791,329.238095238,-318.0
14:01:36,3094.0,3098.98722693,6.25228429861,44.0,56.0,0,20.2077708423,10.0,85.2941176471,275.904761905,-306.0
14:01:36,3093.0,3098.98390161,6.25196185876,41.6666666667,398.0,0,20.2132617483,-168.0,77.0880361174,321.619047619,-512.0
14:01:37,3092.0,3098.98002275,6.25196185876,39.1304347826,74.0,0,20.2197990257,30.0,77.559912854,258.380952381,-490.0
14:01:37,3092.0,3098.97614603,6.25196185876,39.1304347826,62.0,0,20.2197990257,-20.0,78.9699570815,188.666666667,-504.0
14:01:38,3093.0,3098.97282687,6.25163938993,41.6666666667,26.0,0,20.2122191721,-22.0,59.102244389,107.333333333,-122.0
14:01:38,3093.0,3098.96950956,6.25163938993,41.6666666667,36.0,0,20.2122191721,-32.0,45.0920245399,79.4285714286,-202.0
14:01:39,3093.0,3098.96619408,6.25131689213,41.6666666667,36.0,0,20.2111765022,-22.0,51.2658227848,58.6666666667,-234.0
14:01:39,3093.0,3098.96288045,6.25099436534,41.6666666667,236.0,0,20.2101337386,-194.0,86.3829787234,96.0,-260.0
14:01:40,3093.0,3098.95956866,6.25067180957,41.6666666667,336.0,0,20.2090908813,-288.0,49.1803278688,169.619047619,-578.0
14:01:40,3093.0,3098.95625871,6.25034922481,41.6666666667,154.0,0,20.2080479302,132.0,55.8252427184,178.761904762,-426.0
14:01:41,3093.0,3098.9529506,6.25002661105,41.6666666667,624.0,33.3333333333,20.2070048854,60.0,64.135021097,317.80952381,-344.0
14:01:41,3093.0,3098.94964432,6.24933684753,33.3333333333,52.0,0,20.2047748061,0.0,64.6731571627,264.952380952,-312.0
14:01:42,3093.0,3098.94633988,6.24901414447,33.3333333333,68.0,0,20.2037314726,-20.0,61.3605442177,215.904761905,-310.0
14:01:42,3092.0,3098.94248187,6.24864695848,31.8181818182,118.0,0,20.2090781322,30.0,50.4437869822,179.619047619,-86.0
14:01:43,3093.0,3098.93918141,6.24795694385,33.3333333333,24.0,0,20.2003134298,8.0,66.5384615385,122.095238095,210.0
14:01:43,3093.0,3098.93588278,6.24763412011,33.3333333333,38.0,0,20.1992697061,2.0,62.3376623377,83.4285714286,80.0
14:01:44,3093.0,3098.93258599,6.24731126734,33.3333333333,12.0,0,20.1982258886,4.0,35.2564102564,42.8571428571,24.0
14:01:44,3093.0,3098.92929102,6.24698838553,33.3333333333,170.0,0,20.1971819771,64.0,58.1395348837,76.5714285714,88.0
14:01:45,3092.0,3098.92544248,6.24698838553,31.8181818182,552.0,0,20.2037140541,-210.0,27.352297593,213.80952381,-102.0
14:01:45,3092.0,3098.92159608,6.24698838553,31.8181818182,48.0,0,20.2037140541,-24.0,33.6492890995,184.0,-156.0
14:01:46,3092.0,3098.91775182,6.24698838553,31.8181818182,38.0,0,20.2037140541,-30.0,34.7319347319,154.666666667,-194.0
14:01:46,3091.0,3098.91335429,6.24735573075,30.4347826087,6.0,0,20.2114387925,-2.0,32.4455205811,115.523809524,-198.0
14:01:47,3092.0,3098.9095146,6.24735573075,31.8181818182,416.0,0,20.2049021046,-382.0,54.9593495935,195.047619048,-584.0
14:01:47,3092.0,3098.90567705,6.24735573075,31.8181818182,52.0,0,20.2049021046,-26.0,48.9208633093,151.333333333,-674.0
14:01:48,3091.0,3098.90128623,6.24735573075,30.4347826087,20.0,0,20.2114387925,-8.0,95.1724137931,104.095238095,-472.0
14:01:48,3092.0,3098.89745324,6.24698838553,31.8181818182,740.0,0,20.2037140541,-176.0,49.8427672956,287.904761905,-624.0
14:01:49,3092.0,3098.89362239,6.24698838553,31.8181818182,230.0,0,20.2037140541,-170.0,56.4207650273,293.047619048,-764.0
14:01:49,3092.0,3098.88979366,6.24662100635,31.8181818182,344.0,0,20.2025258937,164.0,64.2619311876,321.619047619,-598.0
14:01:50,3091.0,3098.88541166,6.24662100635,30.4347826087,94.0,0,20.2090618128,10.0,51.0810810811,262.666666667,-206.0
14:01:50,3091.0,3098.88103209,6.24662100635,30.4347826087,106.0,0,20.2090618128,54.0,51.890482399,222.476190476,-126.0
14:01:51,3092.0,3098.87721036,6.2462535932,31.8181818182,194.0,0,20.2013376236,4.0,57.0257611241,204.857142857,-114.0
14:01:51,3092.0,3098.87339075,6.2462535932,31.8181818182,24.0,0,20.2013376236,-2.0,85.0806451613,130.380952381,60.0
14:01:52,3092.0,3098.86957326,6.2458861461,31.8181818182,34.0,0,20.2001492435,-30.0,77.6381909548,92.8571428571,200.0
14:01:52,3092.0,3098.86575789,6.24551866502,31.8181818182,1108.0,0,20.1989607536,-1072.0,18.0769230769,371.523809524,-1036.0
14:01:53,3093.0,3098.86250004,6.24482808232,33.3333333333,14.0,0,20.1901974857,-4.0,18.2432432432,301.238095238,-1050.0
14:01:53,3093.0,3098.859244,6.24413737383,33.3333333333,72.0,0,20.1879643512,-12.0,17.2890733057,251.333333333,-1116.0
14:01:54,3092.0,3098.85543437,6.24413737383,31.8181818182,28.0,0,20.194493447,4.0,4.84375,190.476190476,-1116.0
14:01:54,3093.0,3098.85218225,6.24344653948,33.3333333333,202.0,0,20.1857308098,-22.0,15.6378600823,187.238095238,-1136.0
14:01:55,3093.0,3098.84893194,6.24275557925,33.3333333333,734.0,0,20.1834968615,-300.0,15.6626506024,327.523809524,-1406.0
14:01:55,3092.0,3098.84512804,6.24275557925,31.8181818182,830.0,0,20.1900245124,-494.0,39.4680851064,461.904761905,-828.0
14:01:56,3092.0,3098.84132624,6.24275557925,31.8181818182,198.0,0,20.1900245124,-92.0,45.8333333333,428.952380952,-916.0
14:01:56,3093.0,3098.83808196,6.24206449308,33.3333333333,140.0,0,20.1812625059,56.0,48.4052532833,370.666666667,-848.0
14:01:57,3093.0,3098.83483949,6.24096086476,33.3333333333,10.0,0,20.1776943574,8.0,49.0066225165,272.0,-844.0
14:01:57,3093.0,3098.83159881,6.24026945619,33.3333333333,22.0,0,20.1754589595,-4.0,45.1913133402,177.619047619,-826.0
14:01:58,3092.0,3098.82780453,6.23990144648,31.8181818182,264.0,0,20.1807938114,-54.0,54.5081967213,160.952380952,-580.0
14:01:58,3093.0,3098.82456776,6.23879721289,33.3333333333,100.0,0,20.1706990394,-8.0,64.0326975477,119.80952381,-94.0
14:01:59,3092.0,3098.82077739,6.23801635706,31.8181818182,210.0,0,20.1746971444,-6.0,35.6568364611,144.857142857,-8.0
14:01:59,3093.0,3098.81754452,6.23691160415,33.3333333333,8.0,0,20.1646026646,-4.0,21.8241042345,111.619047619,-68.0
14:02:00,3092.0,3098.81375805,6.23567290591,31.8181818182,28.0,0,20.1671180657,-6.0,19.9367088607,90.380952381,-82.0
14:02:00,3093.0,3098.81052908,6.23456751497,33.3333333333,46.0,0,20.1570239734,-12.0,21.9512195122,73.4285714286,-90.0
14:02:01,3092.0,3098.8067465,6.23378585701,31.8181818182,48.0,0,20.1610150615,-20.0,34.5454545454,55.9047619048,-56.0
14:02:01,3093.0,3098.80352143,6.23222209841,33.3333333333,28.0,0,20.1494409907,-20.0,24.4565217391,42.9523809524,-68.0
14:02:02,3092.0,3098.79974274,6.23098202211,31.8181818182,60.0,0,20.1519470314,48.0,65.1376146789,42.5714285714,-14.0
14:02:02,3093.0,3098.79652156,6.22987535297,33.3333333333,30.0,0,20.1418537115,12.0,59.1666666667,40.7619047619,2.0
14:02:03,3092.0,3098.79274676,6.22909280893,31.8181818182,488.0,0,20.1458370276,112.0,48.8571428571,168.761904762,120.0
14:02:03,3093.0,3098.78952946,6.22752727715,33.3333333333,446.0,0,20.1342621311,-100.0,106.545454545,262.857142857,32.0
14:02:04,3093.0,3098.78631395,6.22641965938,33.3333333333,84.0,0,20.1306810843,-48.0,107.570422535,234.476190476,4.0
14:02:04,3093.0,3098.78310022,6.22485310824,33.3333333333,66.0,0,20.1256162568,-58.0,102.555366269,199.238095238,-34.0
14:02:05,3093.0,3098.77988828,6.2237447542,33.3333333333,16.0,0,20.1220328296,0.0,102.831858407,147.904761905,-82.0
14:02:05,3093.0,3098.77667812,6.22263609115,33.3333333333,108.0,0,20.1184484033,-16.0,104.304635762,124.952380952,-110.0
14:02:06,3094.0,3098.77402515,6.22078763224,36.3636363636,128.0,0,20.1059716621,30.0,141.273584906,104.0,-192.0
14:02:06,3093.0,3098.77081825,6.21967814434,33.3333333333,114.0,0,20.1088850447,-64.0,67.8294573643,96.1904761905,-156.0
14:02:07,3094.0,3098.76816853,6.2178283097,36.3636363636,8.0,0,20.096406948,-6.0,59.0909090909,73.9047619048,-114.0
14:02:07,3094.0,3098.76552028,6.21643719167,36.3636363636,36.0,0,20.0919107682,-8.0,64.8780487805,63.2380952381,-64.0
14:02:08,3094.0,3098.76287351,6.21458583361,36.3636363636,42.0,0,20.085927064,-36.0,65.1376146789,55.7142857143,-100.0
14:02:08,3093.0,3098.7596728,6.21301470904,33.3333333333,252.0,0,20.0873414453,-220.0,33.7931034483,106.952380952,-304.0
14:02:09,3094.0,3098.75702927,6.21116177181,36.3636363636,234.0,0,20.0748602838,-230.0,41.1078717201,146.19047619,-564.0
14:02:09,3094.0,3098.75438721,6.20930797097,36.3636363636,20.0,0,20.0688686845,-2.0,50.0,119.238095238,-502.0
14:02:10,3094.0,3098.75174662,6.20791380014,36.3636363636,16.0,0,20.0643626378,-16.0,51.0,95.619047619,-512.0
14:02:10,3094.0,3098.74910749,6.20605846962,36.3636363636,72.0,0,20.0583660945,-40.0,58.8050314465,87.619047619,-544.0
14:02:11,3094.0,3098.74646983,6.20466312095,36.3636363636,130.0,0,20.0538562409,74.0,64.9171270718,94.4761904762,-434.0
14:02:11,3094.0,3098.74383364,6.20326725939,36.3636363636,248.0,0,20.0493447298,0.0,96.6666666667,130.857142857,-214.0
14:02:12,3094.0,3098.74119891,6.20140972996,36.3636363636,380.0,0,20.0433410794,126.0,97.6905311778,205.142857143,142.0
14:02:12,3094.0,3098.73856564,6.19955133283,36.3636363636,348.0,0,20.0373346245,-112.0,97.1524288107,263.333333333,32.0
14:02:13,3095.0,3098.73648924,6.19745457506,39.1304347826,238.0,0,20.0240858645,-86.0,81.3559322034,274.476190476,-38.0
14:02:13,3094.0,3098.73385858,6.19559430658,36.3636363636,244.0,0,20.0245452701,6.0,80.1007556675,276.761904762,8.0
14:02:14,3094.0,3098.73122939,6.19373316793,36.3636363636,88.0,0,20.0185299545,18.0,77.7490297542,226.285714286,-48.0
14:02:14,3095.0,3098.72915706,6.19163324352,39.1304347826,876.0,0,20.0052770388,-214.0,84.1766329347,402.952380952,-262.0
14:02:15,3095.0,3098.72708588,6.18953215787,39.1304347826,698.0,0,19.9984883938,174.0,86.4365971108,498.857142857,-214.0
14:02:15,3095.0,3098.72501586,6.18692228254,39.1304347826,640.0,0,19.9900558402,-408.0,74.4252873563,563.047619048,-510.0
14:02:16,3095.0,3098.72294698,6.1848186234,39.1304347826,58.0,0,19.9832588801,42.0,79.6466973886,447.047619048,-382.0
14:02:16,3096.0,3098.72143465,6.18201193203,41.6666666667,272.0,0,19.9677387986,-106.0,80.4711246201,400.761904762,-494.0
14:02:17,3095.0,3098.71936776,6.17990555259,39.1304347826,162.0,0,19.967384661,-112.0,80.192165558,321.714285714,-624.0
14:02:17,3095.0,3098.71730202,6.17779800531,39.1304347826,268.0,0,19.9605751383,-60.0,73.689227836,269.428571429,-470.0
14:02:18,3095.0,3098.71523742,6.17568928901,39.1304347826,586.0,0,19.9537618385,56.0,43.8066465257,336.952380952,-588.0
14:02:18,3095.0,3098.71317398,6.17357940249,39.1304347826,142.0,0,19.9469447577,118.0,51.2096774194,282.952380952,-62.0
14:02:19,3094.0,3098.71055627,6.17170774934,36.3636363636,712.0,0,19.9473424348,320.0,40.3361344538,415.523809524,216.0
14:02:19,3094.0,3098.70794002,6.16983521575,36.3636363636,496.0,0,19.9412902901,-466.0,27.64158918,455.238095238,-144.0
14:02:20,3093.0,3098.70476983,6.16824648808,33.3333333333,754.0,0,19.942600996,-480.0,18.3908045977,558.0,-512.0
14:02:20,3094.0,3098.70215679,6.16586225359,36.3636363636,138.0,0,19.9284494298,-102.0,11.2446958981,456.571428571,-554.0
14:02:21,3093.0,3098.69898981,6.16473721066,33.3333333333,4.0,0,19.9312551266,0.0,13.178984862,323.047619048,-610.0
14:02:21,3093.0,3098.69582458,6.16263606391,33.3333333333,140.0,0,19.9244618943,62.0,12.9233511586,256.095238095,-666.0
14:02:22,3093.0,3098.69266111,6.16104457809,33.3333333333,48.0,0,19.9193164503,22.0,14.1772151899,162.952380952,-964.0
14:02:22,3094.0,3098.6900548,6.15865620238,36.3636363636,22.0,0,19.9051590252,4.0,19.7106690777,94.0,-494.0
14:02:23,3093.0,3098.68689454,6.15655204028,33.3333333333,174.0,0,19.9047915948,122.0,50.1901140684,91.0476190476,108.0
14:02:23,3094.0,3098.68429143,6.15416109356,36.3636363636,6.0,0,19.8906305545,2.0,63.4517766497,67.7142857143,212.0
14:02:24,3093.0,3098.68113437,6.15205470419,33.3333333333,22.0,0,19.890251226,2.0,60.1941747573,55.2380952381,214.0
14:02:24,3093.0,3098.67797906,6.14939015721,33.3333333333,162.0,0,19.8816364604,-24.0,49.3087557604,81.9047619048,128.0
14:02:25,3094.0,3098.6753809,6.14699514442,36.3636363636,2.0,0,19.8674697622,0.0,44.3298969072,61.8095238095,106.0
14:02:25,3094.0,3098.67278419,6.14459874605,36.3636363636,6.0,0,19.859724454,2.0,41.935483871,45.0476190476,104.0
14:02:26,3094.0,3098.67018892,6.14164289658,36.3636363636,24.0,0,19.850170965,16.0,61.2612612613,34.1904761905,-2.0
14:02:26,3094.0,3098.66759509,6.13924342868,36.3636363636,66.0,0,19.8424157359,6.0,65.2482269504,42.4761904762,2.0
14:02:27,3094.0,3098.6650027,6.13628385527,36.3636363636,60.0,0,19.832850211,34.0,73.75,46.1904761905,34.0
14:02:27,3093.0,3098.66185635,6.13360958894,33.3333333333,36.0,0,19.8306161944,-8.0,76.2886597938,41.2380952381,50.0
14:02:28,3094.0,3098.65926715,6.13064615047,36.3636363636,4.0,0,19.8146287992,4.0,76.5306122449,33.1428571429,54.0
14:02:28,3093.0,3098.65612399,6.12796844168,33.3333333333,14.0,0,19.8123777617,-8.0,73.5294117647,27.8095238095,44.0
14:02:29,3094.0,3098.65353797,6.12500112749,36.3636363636,28.0,0,19.7963837346,-4.0,69.2307692308,26.0952380952,24.0
14:02:29,3094.0,3098.65095339,6.12203175747,36.3636363636,120.0,0,19.7867865465,0.0,72.5190839695,50.4761904762,18.0
14:02:30,3094.0,3098.64837024,6.11845407329,36.3636363636,50.0,0,19.7752232491,26.0,71.4285714286,52.2857142857,10.0
14:02:30,3094.0,3098.64578853,6.11487348829,36.3636363636,604.0,0,19.7636505762,-52.0,93.9024390244,212.857142857,-34.0
14:02:31,3094.0,3098.64320826,6.11128999738,36.3636363636,36.0,33.3333333333,19.7520685113,-24.0,93.896713615,184.095238095,-62.0
14:02:31,3094.0,3098.64062941,6.10770359545,17.6470588235,28.0,0,19.7404770377,-12.0,93.9953810624,151.523809524,-66.0
14:02:32,3094.0,3098.638052,6.10411427736,17.6470588235,210.0,0,19.7288761389,-182.0,95.9923664122,170.285714286,-244.0
14:02:32,3094.0,3098.63547602,6.10052203797,17.6470588235,4.0,0,19.7172657982,-4.0,97.6394849785,121.523809524,-248.0
14:02:33,3094.0,3098.63290147,6.09692687212,17.6470588235,122.0,0,19.7056459991,-94.0,98.406374502,112.0,-368.0
14:02:33,3094.0,3098.63032835,6.09332877462,17.6470588235,14.0,0,19.6940167247,8.0,96.1352657005,68.1904761905,-308.0
14:02:34,3093.0,3098.62720126,6.09062827447,16.6666666667,8.0,0,19.6916530051,0.0,95.8549222798,50.7619047619,-284.0
14:02:34,3093.0,3098.62407591,6.08792612015,16.6666666667,8.0,0,19.682916651,-4.0,97.8142076503,34.6666666667,-276.0
14:02:35,3094.0,3098.62150769,6.08432067076,17.6470588235,466.0,0,19.664901974,394.0,98.7138263666,150.380952381,300.0
14:02:35,3093.0,3098.6183855,6.08100360641,16.6666666667,394.0,0,19.6605354232,-10.0,94.4664031621,233.333333333,294.0
14:02:36,3094.0,3098.61582044,6.07739252664,17.6470588235,200.0,0,19.6425097823,-18.0,94.8623853211,242.285714286,370.0
14:02:36,3094.0,3098.61325681,6.07377848691,17.6470588235,44.0,0,19.6308289816,0.0,91.0714285714,202.952380952,362.0
14:02:37,3094.0,3098.6106946,6.07016148193,17.6470588235,236.0,0,19.619138597,-20.0,75.2225519288,217.047619048,342.0
14:02:37,3094.0,3098.60813381,6.06654150639,17.6470588235,144.0,0,19.6074386115,-94.0,67.9245283019,194.0,252.0
14:02:38,3093.0,3098.60501905,6.06382457211,16.6666666667,4.0,0,19.6049937669,0.0,53.228962818,124.476190476,-142.0
14:02:38,3094.0,3098.60246141,6.0608131101,17.6470588235,102.0,0,19.5889240792,-2.0,41.095890411,104.952380952,-134.0
14:02:39,3094.0,3098.5999052,6.05718540757,17.6470588235,62.0,0,19.5771991195,-8.0,27.7027027027,87.9047619048,-124.0
14:02:39,3094.0,3098.59735041,6.05355471532,17.6470588235,42.0,0,19.5654644968,-38.0,34.9152542373,71.7142857143,-162.0
14:02:40,3094.0,3098.59479703,6.04992102795,17.6470588235,18.0,0,19.5537201938,-16.0,60.2150537634,48.7619047619,-158.0
14:02:40,3094.0,3098.59224508,6.04689987274,17.6470588235,12.0,0,19.5439556327,-4.0,95.8333333333,34.4761904762,-68.0
14:02:41,3093.0,3098.58913914,6.04417073905,16.6666666667,12.0,0,19.5414508214,-6.0,95.9677419355,26.4761904762,-74.0
14:02:41,3093.0,3098.58603492,6.04082367043,16.6666666667,16.0,0,19.5306293903,-10.0,88.8888888889,19.2380952381,-82.0
14:02:42,3094.0,3098.58348783,6.03779617401,17.6470588235,34.0,0,19.5145319134,0.0,86.5671641791,21.2380952381,-74.0
14:02:42,3093.0,3098.58038676,6.03444431658,16.6666666667,18.0,0,19.5100042566,-12.0,81.8181818182,20.0,-48.0
14:02:43,3093.0,3098.5772874,6.03108996941,16.6666666667,20.0,0,19.4991592933,-20.0,69.6428571429,20.4761904762,-52.0
14:02:43,3093.0,3098.57418977,6.02773312835,16.6666666667,24.0,0,19.4883062669,0.0,69.3548387097,22.0,-48.0
14:02:44,3094.0,3098.57164926,6.02407812731,17.6470588235,20.0,0,19.4701943352,-6.0,71.2121212121,21.8095238095,-48.0
14:02:44,3094.0,3098.56911016,6.02103898149,17.6470588235,18.0,0,19.4603716273,-16.0,73.1343283582,20.6666666667,-54.0
14:02:45,3094.0,3098.56657247,6.01737837562,17.6470588235,6.0,0,19.448540322,-2.0,66.0377358491,16.0,-56.0
14:02:45,3093.0,3098.56348079,6.01463092035,16.6666666667,228.0,0,19.4459454263,-164.0,19.6202531646,76.0952380952,-208.0
14:02:46,3094.0,3098.56094623,6.01158511173,17.6470588235,4.0,0,19.4298161336,2.0,19.3333333333,62.1904761905,-186.0
14:02:46,3094.0,3098.55841307,6.0085371299,17.6470588235,428.0,0,19.4199648672,406.0,67.3295454545,170.19047619,220.0
14:02:47,3094.0,3098.55588132,6.0048660245,17.6470588235,0.0,0,19.4080996267,0.0,0,136.666666667,226.0
14:02:47,3093.0,3098.55279558,6.00211068199,16.6666666667,70.0,0,19.4054661558,24.0,60.8695652174,124.095238095,266.0
14:02:48,3093.0,3098.54971155,5.99935361102,16.6666666667,2.0,0,19.3965522503,0.0,60.3825136612,89.619047619,268.0
14:02:48,3093.0,3098.54662923,5.99717052626,16.6666666667,868.0,0,19.3894941036,344.0,31.778425656,302.761904762,776.0
14:02:49,3092.0,3098.54299323,5.99533059046,15.7894736842,230.0,0,19.3898143288,-192.0,27.5344180225,303.142857143,582.0
14:02:49,3093.0,3098.53991464,5.99314546089,16.6666666667,16.0,0,19.3764806366,4.0,2.36087689714,231.619047619,180.0
14:02:50,3093.0,3098.53683776,5.99095921234,16.6666666667,42.0,0,19.369412261,42.0,5.70032573291,187.142857143,222.0
14:02:50,3093.0,3098.5337626,5.98877184358,16.6666666667,162.0,0,19.3623402638,34.0,17.2727272727,174.952380952,232.0
14:02:51,3093.0,3098.53068914,5.98658335338,16.6666666667,62.0,0,19.3552646407,58.0,17.2463768116,129.80952381,290.0
14:02:51,3093.0,3098.52761739,5.9843937405,16.6666666667,96.0,0,19.348185388,28.0,61.1842105263,91.5238095238,-26.0
14:02:52,3094.0,3098.52510274,5.98132639404,17.6470588235,46.0,0,19.3320180803,10.0,94.8113207547,75.7142857143,176.0
14:02:52,3093.0,3098.52203409,5.97913408173,16.6666666667,12.0,0,19.3311803483,10.0,91.9047619048,58.9523809524,182.0
14:02:53,3093.0,3098.51896715,5.97694064254,16.6666666667,138.0,0,19.3240887247,80.0,67.4418604651,78.380952381,220.0
14:02:53,3092.0,3098.51534651,5.97509210115,15.7894736842,102.0,0,19.3243599649,2.0,26.3157894737,82.9523809524,188.0
14:02:54,3093.0,3098.51228327,5.97289659629,16.6666666667,8.0,0,19.3110138904,2.0,28.3582089552,63.5238095238,132.0
14:02:54,3092.0,3098.50866634,5.97104633773,15.7894736842,22.0,0,19.3112753484,0.0,-6.0975609756,50.6666666667,104.0
14:02:55,3093.0,3098.50560682,5.968848763,16.6666666667,42.0,0,19.2979268122,-22.0,-16.6666666667,47.0476190476,72.0
14:02:55,3093.0,3098.502549,5.96607050094,16.6666666667,172.0,0,19.2889443936,154.0,24.3801652893,80.7619047619,216.0
14:02:56,3093.0,3098.49949288,5.9632904787,16.6666666667,26.0,0,19.2799562842,-4.0,32.7956989247,65.1428571429,132.0
14:02:56,3093.0,3098.49643845,5.9605086938,16.6666666667,14.0,0,19.2709624759,4.0,67.6056338028,51.4285714286,134.0
14:02:57,3093.0,3098.49338573,5.95709784523,16.6666666667,32.0,0,19.2599348375,2.0,70.1298701299,47.0476190476,134.0
14:02:57,3093.0,3098.49033469,5.95431215643,16.6666666667,676.0,0,19.2509284075,472.0,35.5509355509,225.523809524,606.0
14:02:58,3093.0,3098.48728535,5.95152469701,16.6666666667,278.0,0,19.2419162529,176.0,49.081803005,259.142857143,804.0
14:02:58,3093.0,3098.48423771,5.9487354645,16.6666666667,34.0,0,19.2328983656,14.0,42.4528301887,211.80952381,664.0
14:02:59,3093.0,3098.48119176,5.94594445638,16.6666666667,4.0,0,19.2238747377,0.0,42.9672447013,162.476190476,668.0
14:02:59,3093.0,3098.47814749,5.94315167017,16.6666666667,634.0,0,19.2148453611,-442.0,27.261761158,294.19047619,222.0
14:03:00,3093.0,3098.47510492,5.94035710336,16.6666666667,30.0,0,19.2058102275,10.0,26.9323671498,223.80952381,230.0
14:03:00,3092.0,3098.47150864,5.93790998585,15.7894736842,6.0,0,19.2041073281,-2.0,32.4543610548,146.666666667,-244.0
14:03:01,3093.0,3098.46846976,5.93448177998,16.6666666667,468.0,0,19.1868146782,-146.0,44.5578231293,233.428571429,-566.0
14:03:01,3093.0,3098.46543257,5.93168172368,16.6666666667,32.0,0,19.1777617966,-6.0,44.4633730835,186.571428571,-586.0
14:03:02,3092.0,3098.46184166,5.92859875992,15.7894736842,8.0,0,19.1739934021,-4.0,44.4821731749,132.952380952,-590.0
14:03:02,3093.0,3098.45880814,5.92516343474,16.6666666667,122.0,0,19.1566874709,42.0,94.2942942943,111.714285714,-106.0
14:03:03,3093.0,3098.45577631,5.92172547818,16.6666666667,16.0,0,19.1455721894,8.0,95.3987730061,84.5714285714,-108.0
14:03:03,3092.0,3098.45219077,5.91863576389,15.7894736842,1654.0,0,19.141771552,154.0,27.2173913043,526.095238095,48.0
14:03:04,3093.0,3098.44916261,5.91519282634,16.6666666667,24.0,0,19.1244514269,10.0,10.6142241379,423.428571429,204.0
14:03:04,3092.0,3098.44558074,5.91209868003,15.7894736842,126.0,0,19.120629625,-112.0,8.46153846153,371.047619048,98.0
14:03:05,3092.0,3098.44200086,5.90963613986,15.7894736842,58.0,0,19.1126653941,-32.0,10.75,294.761904762,70.0
14:03:05,3092.0,3098.43842296,5.90653822048,15.7894736842,38.0,0,19.1026462499,0.0,6.62839248434,210.380952381,28.0
14:03:06,3092.0,3098.43484705,5.90343820488,15.7894736842,236.0,0,19.0926203263,88.0,10.8146067416,186.571428571,108.0
14:03:06,3092.0,3098.43127313,5.90097093915,15.7894736842,18.0,0,19.0846408123,2.0,46.6,90.0,-44.0
14:03:07,3092.0,3098.42770119,5.89786713384,15.7894736842,30.0,0,19.0746026321,-12.0,45.4545454546,74.7619047619,-66.0
14:03:07,3092.0,3098.42413124,5.89476122303,15.7894736842,44.0,0,19.0645576424,10.0,59.9056603774,63.2380952381,56.0
14:03:08,3092.0,3098.42056327,5.8916532034,15.7894736842,8.0,0,19.0545058325,4.0,54.5454545455,45.3333333333,92.0
14:03:08,3092.0,3098.41699728,5.88854307161,15.7894736842,140.0,0,19.0444471915,-112.0,66.3865546219,67.5238095238,-20.0
14:03:09,3091.0,3098.41287787,5.88583169464,15.0,20.0,0,19.0418366051,-12.0,80.7692307692,50.5714285714,-120.0
14:03:09,3091.0,3098.40876075,5.88375588006,15.0,116.0,0,19.0351209319,16.0,85.4748603352,71.3333333333,-106.0
14:03:10,3093.0,3098.40575671,5.88028627421,16.6666666667,66.0,0,19.0115948083,-22.0,74.1116751269,73.1428571429,-116.0
14:03:10,3092.0,3098.40219895,5.87716839416,15.7894736842,262.0,0,19.0076597483,-38.0,71.568627451,129.238095238,-164.0
14:03:11,3093.0,3098.39919856,5.87369370163,16.6666666667,18.0,0,18.9902803157,10.0,71.3826366559,105.238095238,-158.0
14:03:11,3092.0,3098.39564444,5.87057129505,15.7894736842,76.0,0,18.9863237227,0.0,55.5555555556,97.3333333333,-46.0
14:03:12,3092.0,3098.39209229,5.86744675343,15.7894736842,126.0,0,18.9762184781,-42.0,52.1084337349,106.761904762,-76.0
14:03:12,3092.0,3098.38854211,5.86432007336,15.7894736842,40.0,0,18.9661063175,-34.0,43.537414966,86.5714285714,-126.0
14:03:13,3092.0,3098.38499391,5.86183134069,15.7894736842,8.0,0,18.9580573761,-2.0,47.9245283019,60.8571428571,-106.0
14:03:13,3093.0,3098.38200308,5.85834478556,16.6666666667,2.0,0,18.9406556274,0.0,31.8518518519,36.1904761905,-68.0
14:03:14,3093.0,3098.3790139,5.85549646159,16.6666666667,66.0,0,18.9314466912,-20.0,23.8993710692,42.1904761905,-98.0
14:03:14,3092.0,3098.37547099,5.85300279059,15.7894736842,60.0,0,18.9295044974,-52.0,24.5033112583,44.1904761905,-150.0
14:03:15,3093.0,3098.37248545,5.8501509952,16.6666666667,8.0,0,18.9141642263,2.0,16.3043478261,32.0952380952,-106.0
14:03:15,3092.0,3098.36894616,5.84765431895,15.7894736842,14.0,0,18.9122067236,-4.0,12.6582278481,27.3333333333,-76.0
14:03:16,3093.0,3098.36596424,5.84415662578,16.6666666667,4.0,0,18.8947837885,0.0,12.987012987,20.9523809524,-74.0
14:03:16,3093.0,3098.36298398,5.84129908496,16.6666666667,22.0,0,18.8855450532,16.0,20.6896551724,19.9047619048,-58.0
14:03:17,3092.0,3098.35944997,5.83815419841,15.7894736842,38.0,0,18.8814818836,0.0,32.8767123288,22.4761904762,-38.0
14:03:17,3093.0,3098.35647332,5.83529276615,16.6666666667,28.0,0,18.8661259817,-2.0,43.8596491228,23.5238095238,12.0
14:03:18,3092.0,3098.35294293,5.83278774565,15.7894736842,94.0,0,18.8641259562,8.0,22.0,44.9523809524,18.0
14:03:18,3093.0,3098.3499699,5.82992280591,16.6666666667,6.0,0,18.8487643256,2.0,22.9166666667,37.1428571429,24.0
14:03:19,3092.0,3098.34644312,5.82741474878,15.7894736842,72.0,0,18.8467488641,-10.0,39.2307692308,48.5714285714,14.0
14:03:19,3093.0,3098.3434737,5.82454629187,16.6666666667,22.0,0,18.8313814804,2.0,40.7692307692,42.4761904762,0.0
14:03:20,3093.0,3098.34050592,5.82167594447,16.6666666667,36.0,0,18.82210134,2.0,48.0620155039,40.380952381,2.0
14:03:20,3093.0,3098.3375398,5.81880370379,16.6666666667,14.0,0,18.8128150785,12.0,54.9180327869,32.0952380952,16.0
14:03:21,3092.0,3098.33401992,5.81628932635,15.7894736842,16.0,33.3333333333,18.8107675496,0.0,87.9518072289,25.0476190476,8.0
14:03:21,3092.0,3098.330502,5.81312684792,17.6470588235,14.0,0,18.8005396116,-4.0,83.908045977,21.1428571429,2.0
14:03:22,3093.0,3098.32754143,5.8102490265,22.2222222222,10.0,0,18.7851568914,4.0,82.1428571429,15.7142857143,16.0
14:03:22,3093.0,3098.32458251,5.80736930068,22.2222222222,6.0,0,18.7758464296,0.0,79.1666666667,12.0952380952,14.0
14:03:23,3093.0,3098.32162523,5.80383969859,22.2222222222,82.0,0,18.7644348483,-2.0,71.8309859155,30.9523809524,10.0
14:03:23,3093.0,3098.31866959,5.80095575352,22.2222222222,20.0,0,18.7551107453,6.0,70.2702702703,29.9047619048,4.0
14:03:24,3093.0,3098.3157156,5.79742103556,22.2222222222,294.0,0,18.7436826239,-34.0,84.0375586854,106.857142857,-30.0
14:03:24,3093.0,3098.31276324,5.79388350859,22.2222222222,56.0,0,18.7322454206,52.0,87.6068376068,102.571428571,26.0
14:03:25,3093.0,3098.30981253,5.79034316746,22.2222222222,400.0,0,18.7207991188,-98.0,93.2400932401,194.571428571,-76.0
14:03:25,3093.0,3098.30686345,5.786800007,22.2222222222,178.0,0,18.7093437019,-160.0,77.2815533981,204.571428571,-236.0
14:03:26,3093.0,3098.30391601,5.78390484421,22.2222222222,2.0,0,18.6999833308,0.0,77.6842105263,156.095238095,-234.0
14:03:26,3093.0,3098.30097021,5.78035652255,22.2222222222,52.0,0,18.6885112271,0.0,73.7270875764,125.714285714,-240.0
14:03:27,3093.0,3098.29802604,5.77680536689,22.2222222222,4.0,0,18.6770299608,-4.0,66.1849710983,80.0952380952,-210.0
14:03:27,3093.0,3098.29508351,5.77390358894,22.2222222222,30.0,0,18.6676482022,18.0,60.6606606607,55.7142857143,-244.0
14:03:28,3093.0,3098.29214262,5.77099987057,22.2222222222,42.0,0,18.65826017,4.0,13.6363636364,36.0,-142.0
14:03:28,3094.0,3098.28975875,5.76712522262,26.3157894737,12.0,0,18.6397066019,2.0,32.3943661972,24.7619047619,20.0
14:03:29,3094.0,3098.28737622,5.76324711287,26.3157894737,10.0,0,18.6271723105,8.0,33.3333333333,20.8571428571,28.0
14:03:29,3094.0,3098.284995,5.76001971206,26.3157894737,0.0,0,18.6167411508,0.0,0,13.7142857143,28.0
14:03:30,3093.0,3098.28205971,5.75645206982,22.2222222222,60.0,0,18.6112255733,60.0,31.1688311688,26.1904761905,92.0
14:03:30,3094.0,3098.27968145,5.752564404,26.3157894737,110.0,0,18.5926451325,104.0,23.9316239316,50.2857142857,178.0
14:03:31,3094.0,3098.27730451,5.74932893964,26.3157894737,40.0,0,18.5821879109,34.0,25.8620689655,50.5714285714,208.0
14:03:31,3093.0,3098.27437349,5.74575259122,22.2222222222,2.0,0,18.576633014,2.0,24.3243243243,40.0952380952,208.0
14:03:32,3094.0,3098.27199949,5.74251197213,26.3157894737,30.0,0,18.5601550489,26.0,23.1404958678,38.0952380952,226.0
14:03:32,3094.0,3098.26962682,5.73861174307,26.3157894737,26.0,0,18.5475492665,22.0,23.1343283582,34.0,248.0
14:03:33,3094.0,3098.26725546,5.73470800031,26.3157894737,14.0,0,18.5349321277,0.0,34.2342342342,25.2380952381,188.0
14:03:33,3093.0,3098.26433002,5.73111970078,22.2222222222,314.0,0,18.5293233132,126.0,88.2629107981,104.380952381,210.0
14:03:34,3093.0,3098.26140621,5.72752849307,22.2222222222,16.0,0,18.5177125544,2.0,85.5721393035,88.6666666667,178.0
14:03:34,3094.0,3098.25903942,5.72427406579,26.3157894737,60.0,0,18.5012090038,32.0,80.0,86.6666666667,208.0
14:03:35,3093.0,3098.25611854,5.72067723884,22.2222222222,6.0,0,18.4955617163,2.0,83.4862385321,66.4761904762,184.0
14:03:35,3094.0,3098.25375469,5.71741758916,26.3157894737,14.0,0,18.4790484459,-12.0,87.7358490566,49.7142857143,150.0
14:03:36,3094.0,3098.25139215,5.71349471983,26.3157894737,26.0,0,18.4663694888,10.0,85.7798165138,36.9523809524,160.0
14:03:36,3094.0,3098.24903092,5.71022955123,26.3157894737,12.0,0,18.4558162613,6.0,49.2537313433,19.619047619,40.0
14:03:37,3094.0,3098.246671,5.70630011776,26.3157894737,2.0,0,18.4431160884,0.0,50.0,13.8095238095,38.0
14:03:37,3094.0,3098.24431239,5.70236711056,26.3157894737,22.0,0,18.4304043651,-6.0,68.2926829268,14.380952381,0.0
14:03:38,3094.0,3098.2419551,5.69909338686,26.3157894737,18.0,0,18.4198234869,10.0,63.829787234,15.619047619,8.0
14:03:38,3094.0,3098.23959911,5.69581711775,26.3157894737,26.0,0,18.4092343819,-4.0,67.9245283019,18.5714285714,16.0
14:03:39,3093.0,3098.23668903,5.69219671085,22.2222222222,74.0,0,18.4034811214,-12.0,77.9220779221,34.6666666667,-6.0
14:03:39,3094.0,3098.23433597,5.68891514073,26.3157894737,14.0,0,18.3869267638,-10.0,83.3333333333,31.3333333333,-22.0
14:03:40,3094.0,3098.23198421,5.68563101159,26.3157894737,34.0,0,18.3763122547,-8.0,86.170212766,33.619047619,-30.0
14:03:40,3094.0,3098.22963376,5.68234431902,26.3157894737,288.0,0,18.3656894603,268.0,77.0925110132,106.952380952,244.0
14:03:41,3094.0,3098.22728462,5.67905505855,26.3157894737,62.0,0,18.3550583663,62.0,81.5261044177,103.047619048,296.0
14:03:41,3093.0,3098.22438138,5.67608683235,22.2222222222,112.0,0,18.3513961602,2.0,68.4931506849,111.333333333,302.0
14:03:42,3094.0,3098.22203515,5.67279270583,26.3157894737,244.0,0,18.3348180538,152.0,57.0291777188,153.238095238,466.0
14:03:42,3094.0,3098.21969023,5.66949599846,26.3157894737,32.0,0,18.3241628909,26.0,58.2901554404,126.476190476,502.0
14:03:43,3093.0,3098.2167912,5.66652113103,22.2222222222,16.0,0,18.3204692241,10.0,56.7639257294,94.2857142857,520.0
14:03:43,3094.0,3098.21444919,5.66321953295,26.3157894737,56.0,0,18.3038769649,38.0,45.9770114943,74.380952381,290.0
14:03:44,3094.0,3098.21210848,5.65991534095,26.3157894737,22.0,0,18.2931976113,2.0,41.4937759336,55.8095238095,230.0
14:03:44,3093.0,3098.20921367,5.65693379845,22.2222222222,90.0,0,18.2894723519,90.0,39.1304347826,58.5714285714,318.0
14:03:45,3093.0,3098.20632047,5.65395019237,22.2222222222,6.0,0,18.2798260342,4.0,40.5405405405,38.380952381,170.0
14:03:45,3093.0,3098.20342887,5.65096451944,22.2222222222,406.0,0,18.2701730341,274.0,43.6241610738,143.80952381,418.0
14:03:46,3093.0,3098.20053888,5.64797677639,22.2222222222,56.0,0,18.2605133411,6.0,39.3081761006,131.428571429,414.0
14:03:46,3094.0,3098.19820589,5.64398989311,26.3157894737,10.0,0,18.2417255757,-4.0,40.6779661017,104.0,372.0
14:03:47,3093.0,3098.1953188,5.64099730697,22.2222222222,64.0,0,18.2379479695,-44.0,35.1265822785,94.1904761905,326.0
14:03:47,3094.0,3098.19298872,5.63767577947,26.3157894737,8.0,0,18.2213179686,2.0,41.8181818182,66.380952381,238.0
14:03:48,3093.0,3098.19010453,5.63467877178,22.2222222222,2.0,0,18.217519469,0.0,41.3919413919,40.7619047619,234.0
14:03:48,3094.0,3098.18777734,5.6306795127,26.3157894737,6.0,0,18.1987056002,0.0,19.1780821918,16.4761904762,-40.0
14:03:49,3094.0,3098.18545144,5.62734987953,26.3157894737,56.0,0,18.1879440192,28.0,21.9178082192,25.5238095238,-18.0
14:03:49,3093.0,3098.18257143,5.6236718528,22.2222222222,8.0,0,18.1819329221,0.0,19.4444444444,20.8571428571,-14.0
14:03:50,3094.0,3098.18024843,5.6203367227,26.3157894737,2.0,0,18.1652770611,2.0,31.7073170732,14.5714285714,32.0
14:03:50,3094.0,3098.17792671,5.61699893923,26.3157894737,10.0,0,18.1544891378,8.0,33.3333333333,13.5238095238,38.0
14:03:51,3094.0,3098.17560629,5.61298312419,26.3157894737,2.0,0,18.1415097744,0.0,35.7142857143,10.0952380952,38.0
14:03:51,3094.0,3098.17328715,5.60896355355,26.3157894737,12.0,0,18.1285182726,4.0,42.2222222222,9.52380952381,42.0
14:03:52,3093.0,3098.1704139,5.60526989692,22.2222222222,8.0,0,18.1224374294,4.0,90.4761904762,7.52380952381,18.0
14:03:52,3094.0,3098.16809765,5.60192024369,26.3157894737,8.0,0,18.1057538581,4.0,90.4761904762,7.80952380952,22.0
14:03:53,3094.0,3098.16578268,5.59789030339,26.3157894737,10.0,0,18.0927288409,2.0,92.0,8.66666666667,22.0
14:03:53,3094.0,3098.163469,5.59453478356,26.3157894737,42.0,0,18.0818835926,22.0,70.7317073171,18.2857142857,36.0
14:03:54,3094.0,3098.1611566,5.59049786316,26.3157894737,20.0,0,18.0688360154,-4.0,72.0,20.0952380952,32.0
14:03:54,3094.0,3098.15884549,5.58645714161,26.3157894737,132.0,0,18.0557761526,32.0,85.4545454546,53.0476190476,60.0
14:03:55,3093.0,3098.15598026,5.58274424062,22.2222222222,190.0,0,18.049609572,-134.0,47.2636815921,96.8571428571,-78.0
14:03:55,3093.0,3098.15311662,5.57902819096,22.2222222222,148.0,0,18.0375951858,64.0,35.0553505535,120.0,-18.0
14:03:56,3093.0,3098.15025458,5.57530898634,22.2222222222,8.0,0,18.0255705992,-4.0,34.4444444445,96.4761904762,-24.0
14:03:56,3093.0,3098.14739412,5.57226813291,22.2222222222,14.0,0,18.0157391947,10.0,32.8125,74.7619047619,-36.0
14:03:57,3094.0,3098.14509065,5.56821030244,26.3157894737,2.0,0,17.9968012361,0.0,31.1740890688,50.9523809524,-32.0
14:03:57,3093.0,3098.14223306,5.56448182895,22.2222222222,134.0,0,17.9905652407,24.0,5.64516129034,65.7142857143,-40.0
14:03:58,3093.0,3098.13937706,5.5607501756,22.2222222222,114.0,0,17.9785004061,-74.0,4.76190476191,74.6666666667,20.0
14:03:58,3093.0,3098.13652264,5.55701533599,22.2222222222,104.0,0,17.9664252699,-2.0,19.1489361702,84.380952381,-46.0
14:03:59,3094.0,3098.13422521,5.55294313577,26.3157894737,16.0,0,17.947456806,-2.0,21.3541666667,71.0476190476,-44.0
14:03:59,3094.0,3098.13192906,5.54886705709,26.3157894737,12.0,0,17.9342826667,-6.0,21.9895287958,56.1904761905,-60.0
14:04:00,3093.0,3098.12907878,5.54512197347,22.2222222222,28.0,0,17.9279727561,-4.0,22.5490196078,46.0,-64.0
14:04:00,3093.0,3098.12623008,5.54137367647,22.2222222222,18.0,0,17.9158541108,-6.0,35.6164383562,31.7142857143,-94.0
14:04:01,3093.0,3098.12338296,5.53762215956,22.2222222222,28.0,0,17.9037250552,4.0,59.2233009709,25.8095238095,-16.0
14:04:01,3093.0,3098.12053743,5.53386741622,22.2222222222,52.0,0,17.8915855681,-32.0,59.7402597403,30.8571428571,-46.0
14:04:02,3093.0,3098.11769348,5.53010943985,22.2222222222,124.0,0,17.8794356283,32.0,29.0076335878,58.9523809524,-12.0
14:04:02,3093.0,3098.1148511,5.52703651507,22.2222222222,308.0,0,17.8695005337,18.0,12.5448028674,134.476190476,12.0
14:04:03,3093.0,3098.11201031,5.52327261975,22.2222222222,66.0,0,17.8573314573,6.0,14.4295302013,126.761904762,22.0
14:04:03,3093.0,3098.10917109,5.51950547274,22.2222222222,28.0,0,17.8451518679,8.0,13.201320132,106.380952381,36.0
14:04:04,3093.0,3098.10633345,5.51573506736,22.2222222222,10.0,0,17.8329617438,10.0,12.2448979592,80.380952381,42.0
14:04:04,3092.0,3098.10294199,5.51234951924,17.6470588235,224.0,0,17.8277798164,-76.0,34.4736842105,116.380952381,-2.0
14:04:05,3092.0,3098.09955241,5.50896138628,17.6470588235,38.0,0,17.8168220772,-20.0,42.1364985163,91.0476190476,-54.0
14:04:05,3093.0,3098.09672011,5.50518189533,22.2222222222,10.0,0,17.7988422093,-4.0,77.6595744681,61.8095238095,-76.0
14:04:06,3092.0,3098.09333398,5.50104566379,17.6470588235,16.0,0,17.7912214223,0.0,83.4355828221,48.4761904762,-82.0
14:04:06,3092.0,3098.08994974,5.49690563206,17.6470588235,54.0,0,17.7778319278,-22.0,89.7727272727,48.380952381,-112.0
14:04:07,3092.0,3098.08656737,5.49350569865,17.6470588235,26.0,0,17.7668360241,-18.0,88.0434782609,39.0476190476,-140.0
14:04:07,3093.0,3098.08374228,5.48971291048,22.2222222222,112.0,0,17.7488293258,-10.0,74.21875,53.5238095238,-74.0
14:04:08,3093.0,3098.08091877,5.48591681091,22.2222222222,82.0,0,17.7365561297,22.0,83.3333333333,64.7619047619,-32.0
14:04:08,3092.0,3098.07754142,5.482508374,17.6470588235,122.0,0,17.7312689974,2.0,61.6504854369,85.3333333333,-26.0
14:04:09,3093.0,3098.07472134,5.47870600091,22.2222222222,172.0,0,17.7132428093,-88.0,73.9436619718,114.857142857,-114.0
14:04:09,3093.0,3098.07190284,5.47490029646,22.2222222222,104.0,0,17.7009385595,-18.0,59.5469255663,117.523809524,-110.0
14:04:10,3093.0,3098.0690859,5.47109125369,22.2222222222,10.0,0,17.6886235166,-10.0,58.1395348837,90.9523809524,-102.0
14:04:10,3092.0,3098.06571512,5.46767128867,17.6470588235,866.0,0,17.6832835986,-366.0,18.7315634218,309.714285714,-458.0
14:04:11,3093.0,3098.06290161,5.46385592121,22.2222222222,76.0,35.7142857143,17.6652309124,-14.0,17.9259259259,266.857142857,-494.0
14:04:11,3092.0,3098.05953427,5.46043032238,22.2222222222,8.0,0,17.6598652082,6.0,18.6084142395,204.857142857,-490.0
14:04:12,3092.0,3098.0561688,5.45700206412,22.2222222222,6.0,0,17.6487776977,-2.0,5.79439252339,147.714285714,-404.0
14:04:12,3092.0,3098.05280519,5.45357114141,22.2222222222,18.0,0,17.6376815699,12.0,6.30081300815,101.904761905,-374.0
14:04:13,3093.0,3098.04999886,5.4497434247,23.5294117647,296.0,0,17.6196037009,-176.0,27.4015748032,139.619047619,-540.0
14:04:13,3092.0,3098.04663868,5.44700726954,22.2222222222,186.0,0,17.6164530063,-74.0,63.3898305085,132.285714286,-248.0
14:04:14,3093.0,3098.04383577,5.44317374627,23.5294117647,30.0,0,17.5983632275,-8.0,61.3970588235,112.761904762,-242.0
14:04:14,3093.0,3098.04103442,5.43933682612,23.5294117647,44.0,0,17.5859580541,-2.0,62.4137931034,99.4285714286,-250.0
14:04:15,3093.0,3098.03823462,5.4354965019,23.5294117647,30.0,0,17.5735418749,-18.0,62.582781457,80.380952381,-266.0
14:04:15,3093.0,3098.03543638,5.4323554846,23.5294117647,32.0,0,17.5633866298,-8.0,66.0194174757,60.7619047619,-286.0
14:04:16,3092.0,3098.03208429,5.42960829334,22.2222222222,22.0,0,17.5601820613,0.0,38.9534883721,37.619047619,-110.0
14:04:16,3092.0,3098.02873406,5.42685935594,22.2222222222,14.0,0,17.5512915781,-10.0,70.9302325581,25.2380952381,-46.0
14:04:17,3093.0,3098.0259411,5.423007905,23.5294117647,38.0,0,17.5331649046,-36.0,53.3333333333,27.9047619048,-74.0
14:04:17,3093.0,3098.02314968,5.41985768542,23.5294117647,200.0,0,17.5229799076,-2.0,79.7619047619,76.4761904762,-74.0
14:04:18,3093.0,3098.02035982,5.41670512095,23.5294117647,32.0,0,17.5127873293,-2.0,79.8816568047,69.619047619,-58.0
14:04:18,3093.0,3098.01757151,5.41284454895,23.5294117647,12.0,0,17.5003056869,-12.0,79.2452830189,56.9523809524,-62.0
14:04:19,3093.0,3098.01478474,5.40898052254,23.5294117647,0.0,0,17.487812876,0.0,0,41.8095238095,-62.0
14:04:19,3092.0,3098.01144412,5.40621838462,22.2222222222,12.0,0,17.4845355259,0.0,81.6326530612,31.1428571429,-52.0
14:04:20,3093.0,3098.00866076,5.4023484191,23.5294117647,6.0,0,17.4663705758,-4.0,91.6030534351,18.8571428571,-20.0
14:04:20,3092.0,3098.00532354,5.39887418963,22.2222222222,28.0,0,17.4607832782,-24.0,64.4444444445,14.380952381,-42.0
14:04:21,3093.0,3098.00254358,5.39570610461,23.5294117647,18.0,0,17.4448952622,-10.0,65.7894736842,15.2380952381,-50.0
14:04:21,3092.0,3097.99920976,5.39222656518,22.2222222222,162.0,0,17.439283846,-136.0,18.5840707965,57.9047619048,-174.0
14:04:22,3092.0,3097.99587779,5.3894536932,22.2222222222,324.0,0,17.4303159547,276.0,7.63636363636,139.714285714,102.0
14:04:22,3092.0,3097.99254767,5.38667903573,22.2222222222,878.0,0,17.4213422889,-408.0,2.82485875706,364.380952381,-306.0
14:04:23,3092.0,3097.9892194,5.38390259001,22.2222222222,730.0,0,17.4123628396,-252.0,1.40186915888,505.523809524,-554.0
14:04:23,3090.0,3097.98478218,5.38208103052,20.0,2420.0,0,17.4177379629,854.0,0.308914386577,1095.04761905,324.0
14:04:24,3091.0,3097.98090282,5.37975439312,21.0526315789,1552.0,0,17.4045758431,1076.0,13.8476755687,1322.66666667,1410.0
14:04:24,3090.0,3097.97647022,5.37793112729,20.0,616.0,0,17.4043078553,378.0,13.0981595092,1209.80952381,1924.0
14:04:25,3090.0,3097.97204008,5.37539559268,20.0,1002.0,0,17.3961022417,794.0,11.8644067797,1185.61904762,2442.0
14:04:25,3090.0,3097.9676124,5.37357054636,20.0,488.0,0,17.3901959429,234.0,12.9259694477,982.285714286,3084.0
14:04:26,3090.0,3097.96318717,5.3717447507,20.0,1226.0,0,17.3842872191,-210.0,12.3493975904,1008.38095238,3126.0
14:04:26,3090.0,3097.95876441,5.36920571982,20.0,250.0,0,17.3760702907,66.0,17.5301908843,732.0,2338.0
14:04:27,3090.0,3097.9543441,5.36666525765,20.0,100.0,0,17.3678487303,0.0,2.39000543184,516.095238095,1262.0
14:04:27,3089.0,3097.94937085,5.3653944892,19.0476190476,256.0,0,17.3693573622,176.0,8.91029500301,413.904761905,1060.0
14:04:28,3089.0,3097.94440036,5.36412336216,19.0476190476,1054.0,0,17.3652423508,-316.0,12.3295791346,556.857142857,-50.0
14:04:28,3088.0,3097.93887722,5.36346176877,18.1818181818,90.0,0,17.3687233445,-34.0,14.7849462366,421.904761905,-318.0
14:04:29,3090.0,3097.93446796,5.36091806647,20.0,310.0,0,17.3492494061,-160.0,36.8932038835,368.761904762,-268.0
14:04:29,3088.0,3097.92895034,5.3602560055,18.1818181818,604.0,0,17.3583419867,38.0,27.5890637945,443.238095238,-296.0
14:04:30,3088.0,3097.92343579,5.35959384834,18.1818181818,282.0,0,17.3561976954,20.0,30.5084745763,408.857142857,-276.0
14:04:30,3089.0,3097.9184797,5.35832108604,19.0476190476,362.0,0,17.3464586793,-104.0,30.5699481865,388.666666667,-556.0
14:04:31,3090.0,3097.91408177,5.35648905534,20.0,718.0,0,17.3349160367,-92.0,32.3753169907,465.142857143,-332.0
14:04:31,3089.0,3097.90913088,5.35521541105,19.0476190476,156.0,0,17.3364046975,48.0,29.0296052632,397.047619048,-250.0
14:04:32,3089.0,3097.90418274,5.35394140613,19.0476190476,122.0,0,17.3322803695,-40.0,22.0142602496,316.095238095,-130.0
14:04:32,3089.0,3097.89923734,5.35266704031,19.0476190476,80.0,0,17.3281548731,28.0,33.2558139535,232.095238095,-140.0
14:04:33,3089.0,3097.89429469,5.35139231335,19.0476190476,638.0,0,17.3240282077,38.0,20.9055876686,332.476190476,-122.0
14:04:33,3089.0,3097.88935479,5.34940165542,19.0476190476,268.0,0,17.3175838634,-26.0,22.805247225,310.19047619,-44.0
14:04:34,3089.0,3097.88441763,5.34812600587,19.0476190476,448.0,0,17.3134542113,90.0,8.87850467289,343.80952381,138.0
14:04:34,3089.0,3097.87948322,5.34684999426,19.0476190476,740.0,0,17.309323387,64.0,16.1149825784,473.714285714,154.0
14:04:35,3089.0,3097.87455154,5.34557362032,19.0476190476,160.0,0,17.3051913898,-34.0,12.5107112254,410.095238095,160.0
14:04:35,3089.0,3097.8696226,5.34358040486,19.0476190476,912.0,0,17.2987387661,168.0,10.8654453569,559.523809524,300.0
14:04:36,3088.0,3097.864141,5.34219911254,18.1818181818,1046.0,0,17.2998675924,240.0,17.51538892,707.619047619,502.0
14:04:36,3088.0,3097.85866244,5.34153431251,18.1818181818,326.0,0,17.2977147426,92.0,14.1519823789,630.571428571,620.0
14:04:37,3087.0,3097.85263153,5.34153431251,17.3913043478,458.0,0,17.3033181487,170.0,32.2899505766,588.476190476,700.0
14:04:37,3087.0,3097.84660396,5.34153431251,17.3913043478,1278.0,0,17.3033181487,-146.0,38.5167464115,780.19047619,490.0
14:04:38,3088.0,3097.84113515,5.34086941528,18.1818181818,894.0,0,17.295561578,98.0,44.7700447701,836.571428571,622.0
14:04:38,3087.0,3097.83511397,5.34153431251,17.3913043478,322.0,0,17.3033181487,50.0,51.6651248844,694.571428571,504.0
14:04:39,3087.0,3097.82909613,5.34153431251,17.3913043478,424.0,0,17.3033181487,18.0,58.2387898433,609.80952381,282.0
14:04:39,3087.0,3097.82308164,5.34219911254,17.3913043478,124.0,0,17.305471696,-2.0,59.0285714286,468.952380952,188.0
14:04:40,3088.0,3097.81762589,5.34219911254,18.1818181818,162.0,0,17.2998675924,-16.0,51.3732833958,348.571428571,2.0
14:04:40,3088.0,3097.81217316,5.34153431251,18.1818181818,424.0,0,17.2977147426,-208.0,45.4468085106,317.142857143,-60.0
14:04:41,3089.0,3097.80727887,5.34092142487,19.0476190476,154.0,0,17.2901308672,-10.0,27.5776397516,249.238095238,-168.0
14:04:41,3089.0,3097.8023873,5.34030845245,19.0476190476,206.0,0,17.2881464955,-56.0,27.5769745649,231.428571429,-274.0
14:04:42,3088.0,3097.79694304,5.34030845245,18.1818181818,200.0,0,17.2937449885,80.0,18.5826771654,217.428571429,-212.0
14:04:42,3089.0,3097.79205721,5.33969539521,19.0476190476,70.0,0,17.2861618492,10.0,13.9802631579,176.952380952,-200.0
14:04:43,3089.0,3097.78717409,5.33908225312,19.0476190476,238.0,0,17.2841769282,34.0,21.6718266254,187.047619048,-150.0
14:04:43,3089.0,3097.78229368,5.33908225312,19.0476190476,116.0,0,17.2841769282,40.0,28.8617886179,158.666666667,98.0
14:04:44,3089.0,3097.77741598,5.33908225312,19.0476190476,192.0,0,17.2841769282,132.0,43.2485322896,166.666666667,240.0
14:04:44,3089.0,3097.77254099,5.33908225312,19.0476190476,136.0,0,17.2841769282,2.0,48.9495798319,156.857142857,298.0
14:04:45,3088.0,3097.76711331,5.33969539521,18.1818181818,182.0,0,17.2917596995,0.0,59.9571734475,163.523809524,218.0
14:04:45,3089.0,3097.76224404,5.33908225312,19.0476190476,156.0,0,17.2841769282,-102.0,65.6862745098,163.619047619,106.0
14:04:46,3090.0,3097.75793288,5.33852105913,20.0,130.0,0,17.2767671816,-60.0,62.9385964912,152.19047619,12.0
14:04:46,3089.0,3097.75306872,5.33790775324,19.0476190476,96.0,0,17.2803747272,-58.0,57.399103139,136.19047619,-86.0
14:04:47,3090.0,3097.74876265,5.33734640685,20.0,56.0,0,17.2729657179,-6.0,46.8253968254,109.714285714,-224.0
14:04:47,3089.0,3097.74390358,5.33734640685,19.0476190476,158.0,0,17.2785574841,-8.0,38.0462724936,118.857142857,-234.0
14:04:48,3090.0,3097.73960261,5.33678498695,20.0,120.0,0,17.2711488251,-16.0,23.1843575419,116.095238095,-250.0
14:04:48,3090.0,3097.73530402,5.33622349352,20.0,288.0,0,17.2693316943,-56.0,23.820754717,164.285714286,-204.0
14:04:49,3089.0,3097.73045242,5.33622349352,19.0476190476,110.0,0,17.274922284,-80.0,34.2995169082,155.333333333,-224.0
14:04:49,3090.0,3097.72615892,5.33566192655,20.0,62.0,0,17.2675143254,-38.0,36.2720403023,133.619047619,-204.0
14:04:50,3089.0,3097.7213124,5.33566192655,19.0476190476,348.0,0,17.2731043268,232.0,56.9060773481,195.238095238,34.0
14:04:50,3090.0,3097.71702397,5.335100286,20.0,92.0,0,17.2656967185,-20.0,69.8039215686,169.80952381,22.0
14:04:51,3090.0,3097.71273793,5.3339247068,20.0,474.0,0,17.261892255,268.0,83.8427947598,256.666666667,306.0
14:04:51,3091.0,3097.70900966,5.33285298763,21.0526315789,868.0,0,17.2528404647,-194.0,74.4114636643,439.238095238,168.0
14:04:52,3090.0,3097.70472807,5.33229097887,20.0,136.0,0,17.2566051096,-106.0,73.6363636364,385.047619048,142.0
14:04:52,3090.0,3097.70044885,5.3317288964,20.0,58.0,0,17.2547860725,-44.0,75.4048582996,307.333333333,136.0
14:04:53,3091.0,3097.69672742,5.33065661997,21.0526315789,32.0,0,17.2457347783,0.0,69.7590361446,222.380952381,-96.0
14:04:53,3090.0,3097.69245264,5.33065661997,20.0,254.0,0,17.2513159222,-6.0,60.8122941822,215.904761905,-82.0
14:04:54,3091.0,3097.68873565,5.33014643645,21.0526315789,50.0,0,17.2440842331,20.0,49.0701001431,143.428571429,-330.0
14:04:54,3091.0,3097.68502071,5.32907375473,21.0526315789,56.0,0,17.2406138943,0.0,47.0989761092,92.8571428571,-136.0
14:04:55,3091.0,3097.68130785,5.32856337621,21.0526315789,40.0,0,17.2389627183,20.0,38.3673469388,76.380952381,-10.0
14:04:55,3090.0,3097.67704164,5.32856337621,20.0,68.0,0,17.2445416706,6.0,31.2,72.4761904762,40.0
14:04:56,3090.0,3097.6727778,5.32800079912,20.0,430.0,0,17.2427210328,252.0,39.6436525612,171.523809524,292.0
14:04:56,3091.0,3097.66907173,5.32749028885,21.0526315789,92.0,0,17.2354910671,22.0,47.0108695652,155.047619048,320.0
14:04:57,3090.0,3097.66481232,5.32749028885,20.0,12.0,0,17.241068896,6.0,46.1318051576,123.428571429,306.0
14:04:57,3091.0,3097.66111067,5.32641692735,21.0526315789,308.0,0,17.2320185291,250.0,59.5789473684,178.19047619,556.0
14:04:58,3090.0,3097.65685568,5.32585406557,20.0,96.0,0,17.235773675,42.0,54.2743538768,160.380952381,578.0
14:04:58,3091.0,3097.65315845,5.3247802873,21.0526315789,390.0,0,17.2267236729,364.0,41.3403614458,223.904761905,936.0
14:04:59,3091.0,3097.64946328,5.32426938128,21.0526315789,68.0,0,17.2250707903,32.0,36.5424430642,180.095238095,716.0
14:04:59,3091.0,3097.64577016,5.32375841174,21.0526315789,134.0,0,17.2234177022,12.0,39.7817460318,172.380952381,706.0
14:05:00,3091.0,3097.64207909,5.32324737865,21.0526315789,126.0,0,17.2217644084,-12.0,37.8787878788,160.380952381,688.0
14:05:00,3091.0,3097.63839007,5.32273628201,21.0526315789,132.0,0,17.2201109091,44.0,15.7505285412,144.666666667,482.0
14:05:01,3091.0,3097.6347031,5.32273628201,21.0526315789,92.0,38.4615384615,17.2201109091,46.0,18.5774946921,125.904761905,486.0
14:05:01,3090.0,3097.63046278,5.32324737865,20.0,26.0,0,17.227337795,8.0,29.0657439446,88.4761904762,130.0
14:05:02,3091.0,3097.62678021,5.32324737865,21.0526315789,436.0,0,17.2217644084,122.0,25.5813953488,185.523809524,220.0
14:05:02,3091.0,3097.62309969,5.32324737865,21.0526315789,588.0,0,17.2217644084,144.0,22.7142857143,308.476190476,352.0
14:05:03,3090.0,3097.61886581,5.32375841174,20.0,406.0,0,17.2289916237,-164.0,17.380952381,357.80952381,200.0
14:05:03,3089.0,3097.61407888,5.32483245404,19.0476190476,94.0,0,17.2380461445,-22.0,19.0012180268,304.666666667,134.0
14:05:04,3090.0,3097.60985001,5.32483245404,20.0,230.0,0,17.2324674888,-68.0,20.4494382022,292.19047619,20.0
14:05:04,3089.0,3097.60506809,5.32590622179,19.0476190476,82.0,0,17.241522246,-54.0,22.9847494553,230.857142857,-42.0
14:05:05,3089.0,3097.60028882,5.32697971517,19.0476190476,218.0,0,17.2449974593,216.0,33.3745364648,205.714285714,52.0
14:05:05,3090.0,3097.59606761,5.32749028885,20.0,104.0,0,17.241068896,44.0,34.2151675485,158.380952381,-48.0
14:05:06,3089.0,3097.59129335,5.32856337621,19.0476190476,434.0,0,17.2501242351,-12.0,68.8468158348,228.380952381,104.0
14:05:06,3090.0,3097.58707713,5.32907375473,20.0,54.0,0,17.246193381,-6.0,70.5882352941,188.476190476,120.0
14:05:07,3090.0,3097.58286326,5.32958406989,20.0,276.0,0,17.2478448864,34.0,78.2534246575,213.904761905,222.0
14:05:07,3090.0,3097.57865173,5.33009432172,20.0,74.0,0,17.2494961868,-42.0,73.7931034483,179.428571429,234.0
14:05:08,3090.0,3097.57444254,5.33060451023,20.0,38.0,0,17.2511472823,18.0,69.7959183674,135.047619048,36.0
14:05:08,3090.0,3097.57023568,5.33111463544,20.0,28.0,0,17.2527981729,2.0,75.4424778761,96.380952381,-6.0
14:05:09,3089.0,3097.56547576,5.33167679714,19.0476190476,178.0,0,17.2602032928,-46.0,57.0987654321,104.19047619,-40.0
14:05:09,3090.0,3097.56127389,5.33167679714,20.0,230.0,0,17.2546174665,118.0,44.9029126214,139.047619048,84.0
14:05:10,3090.0,3097.55707435,5.33167679714,20.0,222.0,0,17.2546174665,-36.0,49.8701298701,163.238095238,14.0
14:05:10,3090.0,3097.55287714,5.33218679082,20.0,58.0,0,17.2562679315,-22.0,54.1114058356,143.142857143,34.0
14:05:11,3090.0,3097.54868226,5.33269672126,20.0,26.0,0,17.2579181918,0.0,50.4043126685,114.666666667,16.0
14:05:11,3090.0,3097.54448971,5.33269672126,20.0,146.0,0,17.2579181918,-68.0,45.1162790698,121.047619048,-54.0
14:05:12,3091.0,3097.54085489,5.33269672126,21.0526315789,16.0,0,17.2523349119,4.0,42.1203438395,84.6666666667,-4.0
14:05:12,3090.0,3097.53666669,5.33269672126,20.0,44.0,0,17.2579181918,-2.0,52.734375,64.0,-124.0
14:05:13,3090.0,3097.53248082,5.33320658848,20.0,60.0,0,17.2595682475,0.0,19.4285714286,56.7619047619,-88.0
14:05:13,3090.0,3097.52829727,5.33320658848,20.0,456.0,0,17.2595682475,-210.0,46.7914438503,170.380952381,-276.0
14:05:14,3090.0,3097.52411604,5.33371639249,20.0,56.0,0,17.2612180987,-10.0,46.529562982,150.761904762,-286.0
14:05:14,3091.0,3097.52049254,5.33371639249,21.0526315789,24.0,0,17.2556337512,-16.0,53.0487804878,120.571428571,-234.0
14:05:15,3090.0,3097.51631565,5.33371639249,20.0,86.0,0,17.2612180987,-72.0,54.5454545455,113.904761905,-310.0
14:05:15,3091.0,3097.51269648,5.33371639249,21.0526315789,174.0,0,17.2556337512,-156.0,47.1962616822,129.047619048,-464.0
14:05:16,3090.0,3097.50852392,5.33422613332,20.0,90.0,0,17.2628677454,-14.0,45.3724604966,114.0,-478.0
14:05:16,3090.0,3097.50435367,5.33473581097,20.0,98.0,0,17.2645171876,-22.0,17.803030303,99.8095238095,-290.0
14:05:17,3091.0,3097.50074115,5.33422613332,21.0526315789,24.0,0,17.2572828642,-8.0,18.5483870968,81.5238095238,-288.0
14:05:17,3091.0,3097.49713063,5.33422613332,21.0526315789,38.0,0,17.2572828642,-16.0,16.862745098,68.7619047619,-288.0
14:05:18,3091.0,3097.49352211,5.33468374107,21.0526315789,18.0,0,17.2587633163,-6.0,8.59728506788,49.619047619,-222.0
14:05:18,3090.0,3097.4893602,5.33565085643,20.0,22.0,0,17.2674784998,2.0,9.6551724138,34.8571428571,-64.0
14:05:19,3090.0,3097.4852006,5.33616035462,20.0,32.0,0,17.2691273612,0.0,11.2068965517,30.1904761905,-50.0
14:05:19,3091.0,3097.48159871,5.33616035462,21.0526315789,14.0,0,17.2635404549,2.0,18.9189189189,23.1428571429,-26.0
14:05:20,3091.0,3097.47799882,5.33661773869,21.0526315789,22.0,0,17.2650201834,18.0,13.698630137,22.380952381,0.0
14:05:20,3091.0,3097.47440094,5.33661773869,21.0526315789,88.0,0,17.2650201834,-50.0,43.8775510204,40.5714285714,-34.0
14:05:21,3090.0,3097.47024964,5.33758438798,20.0,34.0,0,17.2737358834,-20.0,40.5660377358,40.9523809524,-48.0
14:05:21,3090.0,3097.46610066,5.33855080442,20.0,40.0,0,17.2768634447,26.0,38.2608695652,42.2857142857,-24.0
14:05:22,3090.0,3097.46195398,5.33905993916,20.0,32.0,0,17.27851113,-18.0,38.2608695652,40.4761904762,-42.0
14:05:22,3091.0,3097.458365,5.33905993916,21.0526315789,106.0,0,17.2729211878,-4.0,27.3291925466,59.8095238095,-48.0
14:05:23,3091.0,3097.45477801,5.33951698814,21.0526315789,18.0,0,17.2743998322,-6.0,31.4465408805,49.619047619,-72.0
14:05:23,3090.0,3097.45063762,5.34048293928,20.0,40.0,0,17.2831163083,-14.0,19.2592592593,45.9047619048,-36.0
14:05:24,3090.0,3097.44649953,5.34144865794,20.0,162.0,0,17.2862416115,-52.0,47.7386934674,79.3333333333,-68.0
14:05:24,3090.0,3097.44236373,5.34195742983,20.0,28.0,0,17.2878881224,2.0,52.3316062176,68.380952381,-92.0
14:05:25,3091.0,3097.43878563,5.34241414427,21.0526315789,100.0,0,17.2837727087,-92.0,45.3744493392,78.5714285714,-166.0
14:05:25,3091.0,3097.43520953,5.34287080523,21.0526315789,134.0,0,17.2852500978,-70.0,53.9419087137,95.2380952381,-232.0
14:05:26,3090.0,3097.43108,5.34337939838,20.0,178.0,0,17.2924899624,56.0,46.7289719626,123.142857143,-170.0
14:05:26,3090.0,3097.42695277,5.34434442041,20.0,26.0,0,17.295613011,24.0,47.770700637,100.0,-132.0
14:05:27,3090.0,3097.42282783,5.34530921047,20.0,100.0,0,17.298735309,98.0,42.0494699647,98.6666666667,18.0
14:05:27,3090.0,3097.41870518,5.34581749947,20.0,42.0,0,17.3003802572,24.0,38.9655172414,83.7142857143,40.0
14:05:28,3090.0,3097.41458482,5.34632572571,20.0,42.0,0,17.3020250023,6.0,48.275862069,68.0952380952,138.0
14:05:28,3090.0,3097.41046675,5.34683388922,20.0,208.0,0,17.3036695444,-46.0,32.8859060403,102.666666667,162.0
14:05:29,3090.0,3097.40635097,5.34779808587,20.0,100.0,0,17.3067899219,20.0,32.8185328185,102.857142857,126.0
14:05:29,3090.0,3097.40223747,5.34876205102,20.0,96.0,0,17.3099095502,24.0,32.9931972789,105.619047619,126.0
14:05:30,3091.0,3097.39868166,5.34876205102,21.0526315789,32.0,0,17.3043094501,32.0,26.1538461538,86.7619047619,60.0
14:05:30,3090.0,3097.39457243,5.34926991095,20.0,124.0,0,17.3115531099,62.0,32.5581395349,97.4285714286,98.0
14:05:31,3091.0,3097.39102087,5.34972578477,21.0526315789,10.0,0,17.3074273205,2.0,29.1228070175,71.619047619,94.0
14:05:31,3091.0,3097.38747129,5.35018160532,21.0526315789,46.0,0,17.3089019907,18.0,50.4901960784,57.619047619,158.0
14:05:32,3090.0,3097.38336828,5.35114499689,20.0,70.0,0,17.3176213492,2.0,48.1481481481,58.1904761905,140.0
14:05:32,3090.0,3097.37926755,5.35210815739,20.0,212.0,0,17.3207383734,-124.0,27.9352226721,100.761904762,-8.0
14:05:33,3090.0,3097.37516909,5.35261559894,20.0,62.0,0,17.3223805791,46.0,23.6641221374,94.9523809524,6.0
14:05:33,3091.0,3097.37162832,5.35307108693,21.0526315789,250.0,0,17.3182500386,86.0,45.2307692308,141.428571429,30.0
14:05:34,3091.0,3097.36808951,5.35307108693,21.0526315789,56.0,0,17.3182500386,6.0,49.1379310345,126.476190476,34.0
14:05:34,3091.0,3097.36455266,5.35307108693,21.0526315789,86.0,0,17.3182500386,48.0,42.9347826087,117.904761905,64.0
14:05:35,3091.0,3097.36101778,5.35307108693,21.0526315789,64.0,0,17.3182500386,-52.0,44.3835616438,101.142857143,10.0
14:05:35,3090.0,3097.35692946,5.35357840838,20.0,10.0,0,17.3254964673,0.0,62.8787878788,69.2380952381,134.0
14:05:36,3091.0,3097.35339881,5.35403378564,21.0526315789,32.0,0,17.3213645605,-2.0,69.0763052209,53.2380952381,86.0
14:05:36,3091.0,3097.34987013,5.35489250736,21.0526315789,20.0,0,17.3241426961,-12.0,47.0149253731,35.2380952381,-12.0
14:05:37,3090.0,3097.345788,5.35625801496,20.0,36.0,0,17.3341683332,-28.0,33.064516129,32.7619047619,-46.0
14:05:37,3090.0,3097.34170814,5.35721993933,20.0,26.0,0,17.3372813571,-2.0,46.8085106383,28.380952381,-96.0
14:05:38,3091.0,3097.33818595,5.35767489186,21.0526315789,56.0,0,17.3331442636,-26.0,62.2222222222,35.4285714286,-70.0
14:05:38,3090.0,3097.33411031,5.3586364755,20.0,12.0,0,17.3418656165,-6.0,60.4395604396,30.2857142857,-76.0
14:05:39,3090.0,3097.33003694,5.35959782902,20.0,18.0,0,17.344976793,-12.0,53.5714285714,26.7619047619,-86.0
14:05:39,3091.0,3097.32652123,5.36005250775,21.0526315789,14.0,0,17.340836324,-4.0,49.3827160494,22.7619047619,-78.0
14:05:40,3090.0,3097.32245207,5.36101352099,20.0,114.0,0,17.3495583204,-2.0,75.0,47.619047619,-52.0
14:05:40,3091.0,3097.31894057,5.36146803648,21.0526315789,66.0,0,17.3454158411,-66.0,79.2857142857,55.0476190476,-116.0
14:05:41,3091.0,3097.31543102,5.36192249905,21.0526315789,12.0,0,17.3468861179,-2.0,82.2033898305,45.1428571429,-92.0
14:05:41,3090.0,3097.31136802,5.36288306209,20.0,1068.0,0,17.3556086152,382.0,15.0154798762,339.047619048,296.0
14:05:42,3090.0,3097.30730728,5.36338915331,20.0,78.0,0,17.3572464509,76.0,19.8224852071,299.80952381,384.0
14:05:42,3091.0,3097.30380419,5.36384339557,21.0526315789,228.0,0,17.3531006004,-6.0,31.4176245211,300.571428571,382.0
14:05:43,3090.0,3097.29974765,5.36480349962,20.0,16.0,0,17.3618236234,0.0,26.2942779292,230.571428571,384.0
14:05:43,3090.0,3097.29569336,5.36616557932,20.0,32.0,0,17.3662316483,-22.0,22.4546722455,169.80952381,428.0
14:05:44,3090.0,3097.29164132,5.36712512419,20.0,122.0,0,17.3693369715,10.0,20.7253886011,136.380952381,440.0
14:05:44,3090.0,3097.28759154,5.36808444005,20.0,18.0,0,17.3724415536,10.0,67.2064777328,68.0,68.0
14:05:45,3090.0,3097.283544,5.3694453857,20.0,14.0,0,17.3768459084,-4.0,61.3953488372,48.4761904762,-12.0
14:05:45,3090.0,3097.27949871,5.37040414341,20.0,34.0,0,17.3799486842,10.0,28.813559322,37.7142857143,4.0
14:05:46,3090.0,3097.27545567,5.37176428589,20.0,34.0,0,17.3843504398,32.0,39.3700787402,36.1904761905,36.0
14:05:46,3090.0,3097.27141487,5.37312395483,20.0,412.0,0,17.3887506629,402.0,79.8107255521,141.80952381,460.0
14:05:47,3090.0,3097.26737632,5.37408182654,20.0,14.0,0,17.3918505713,2.0,97.7186311787,115.619047619,452.0
14:05:47,3090.0,3097.26334001,5.37544069396,20.0,18.0,0,17.3962482005,4.0,95.8174904943,95.7142857143,446.0
14:05:48,3090.0,3097.25930594,5.37639800941,20.0,48.0,0,17.3993463088,26.0,93.5714285714,84.380952381,476.0
14:05:48,3089.0,3097.25471871,5.37791103342,19.0476190476,686.0,0,17.409877091,590.0,40.4290429043,253.714285714,1056.0
14:05:49,3089.0,3097.25013403,5.37942350278,19.0476190476,574.0,0,17.4147733984,-96.0,26.1415525114,360.0,928.0
14:05:49,3088.0,3097.24499649,5.38154250112,18.1818181818,24.0,0,17.4272749389,-4.0,5.27859237537,283.428571429,522.0
14:05:50,3089.0,3097.24041721,5.38345404635,19.0476190476,48.0,0,17.4278214514,-14.0,6.43776824034,232.19047619,506.0
14:05:50,3089.0,3097.23584047,5.384964486,19.0476190476,290.0,0,17.4327111881,-112.0,14.8502994012,248.476190476,390.0
14:05:51,3088.0,3097.23071087,5.38748065792,18.1818181818,52.0,35.7142857143,17.4465047213,-18.0,13.8590203106,183.80952381,346.0
14:05:51,3089.0,3097.22613953,5.38898962535,21.7391304348,234.0,0,17.445741746,10.0,36.4975450082,170.952380952,-234.0
14:05:52,3089.0,3097.22157072,5.39089767113,21.7391304348,28.0,0,17.4519186505,-16.0,66.5680473373,120.761904762,-154.0
14:05:52,3088.0,3097.21644905,5.39341021668,18.1818181818,34.0,0,17.4657066602,8.0,62.6822157435,98.2857142857,-142.0
14:05:53,3088.0,3097.21133022,5.39592123481,18.1818181818,90.0,0,17.4738381956,38.0,57.6923076923,91.3333333333,-90.0
14:05:53,3088.0,3097.20621423,5.39843072763,18.1818181818,28.0,0,17.4819647915,6.0,57.5107296138,64.6666666667,28.0
14:05:54,3088.0,3097.20110109,5.40093869728,18.1818181818,50.0,0,17.4900864549,24.0,59.9137931035,56.7619047619,70.0
14:05:54,3088.0,3097.19599079,5.40344514587,18.1818181818,98.0,0,17.4982031926,-22.0,27.4390243903,62.6666666667,38.0
14:05:55,3088.0,3097.19088332,5.40629674032,18.1818181818,442.0,0,17.5074376306,152.0,18.8679245283,173.333333333,206.0
14:05:55,3088.0,3097.18577869,5.40914631794,18.1818181818,38.0,0,17.5166655374,2.0,19.3029490617,148.857142857,200.0
14:05:56,3088.0,3097.1806769,5.41125025488,18.1818181818,118.0,0,17.5234788047,20.0,19.8966408269,147.047619048,182.0
14:05:56,3088.0,3097.17557794,5.41409637023,18.1818181818,30.0,0,17.5326954995,-12.0,18.556701031,118.761904762,164.0
14:05:57,3089.0,3097.17103721,5.41599266462,21.7391304348,294.0,0,17.5331585129,118.0,14.3137254902,165.80952381,258.0
14:05:57,3088.0,3097.16594361,5.41848994243,18.1818181818,872.0,0,17.5469233887,368.0,7.91527313268,366.380952381,648.0
14:05:58,3087.0,3097.16029743,5.42198360131,17.3913043478,86.0,0,17.5639248504,-12.0,5.84144645342,305.523809524,484.0
14:05:58,3088.0,3097.15520979,5.42447726758,18.1818181818,88.0,0,17.566312395,24.0,8.19892473119,262.19047619,506.0
14:05:59,3087.0,3097.14956957,5.42796587869,17.3913043478,824.0,0,17.5833037859,-392.0,5.19598906107,426.761904762,94.0
14:05:59,3088.0,3097.14448789,5.43080033549,18.1818181818,186.0,0,17.5867886512,22.0,7.06382978723,375.428571429,128.0
14:06:00,3088.0,3097.13940903,5.43363280247,18.1818181818,874.0,0,17.5959611479,242.0,9.21501706485,513.238095238,252.0
14:06:00,3087.0,3097.13377759,5.43711365166,17.3913043478,1316.0,0,17.6129369992,996.0,43.1831653823,749.714285714,880.0
14:06:01,3087.0,3097.12814928,5.44024809228,17.3913043478,396.0,0,17.6230906779,276.0,39.6036916395,702.19047619,1168.0
14:06:01,3087.0,3097.12252409,5.44372342164,17.3913043478,206.0,0,17.6343486286,64.0,38.3745397159,585.619047619,1208.0
14:06:02,3087.0,3097.11690203,5.44719583964,17.3913043478,262.0,0,17.6455971482,82.0,47.5617283951,479.428571429,1682.0
14:06:02,3088.0,3097.11183849,5.45001698236,18.1818181818,130.0,0,17.6490187253,30.0,49.0263819096,362.285714286,1690.0
14:06:03,3087.0,3097.10622236,5.45377544363,17.3913043478,150.0,0,17.6669110581,-22.0,59.1463414634,253.523809524,1426.0
14:06:03,3087.0,3097.10060935,5.45753041168,17.3913043478,134.0,0,17.6790748678,-22.0,25.0391236307,174.666666667,408.0
14:06:04,3087.0,3097.09499946,5.46152171509,17.3913043478,112.0,0,17.6920042601,18.0,34.4064386318,145.80952381,150.0
14:06:04,3087.0,3097.08939268,5.46550896024,17.3913043478,62.0,0,17.7049205061,42.0,35.294117647,116.19047619,128.0
14:06:05,3087.0,3097.08378902,5.46968056457,17.3913043478,396.0,0,17.7184339636,310.0,21.1382113821,188.857142857,356.0
14:06:05,3087.0,3097.07818847,5.47384758011,17.3913043478,526.0,0,17.7319325562,352.0,19.1304347826,292.285714286,678.0
14:06:06,3087.0,3097.07259103,5.47801001733,17.3913043478,244.0,0,17.7454163179,56.0,25.3731343284,296.285714286,756.0
14:06:06,3088.0,3097.0675521,5.48152427098,18.1818181818,98.0,0,17.7510501003,-12.0,22.80945758,254.095238095,766.0
14:06:07,3087.0,3097.06196057,5.48549090024,17.3913043478,462.0,0,17.7696498226,190.0,17.8970917226,317.619047619,938.0
14:06:07,3088.0,3097.05692755,5.48881100232,18.1818181818,44.0,0,17.7746470282,2.0,19.209039548,245.047619048,898.0
14:06:08,3088.0,3097.05189732,5.49212819816,18.1818181818,258.0,0,17.7853892428,154.0,21.4460784314,234.476190476,742.0
14:06:08,3087.0,3097.04631448,5.49608401557,17.3913043478,164.0,0,17.803965065,86.0,19.842519685,203.619047619,476.0
14:06:09,3088.0,3097.04129015,5.49915800934,18.1818181818,92.0,0,17.8081541753,-16.0,17.1735241503,169.428571429,404.0
14:06:09,3088.0,3097.0362686,5.50246627505,18.1818181818,584.0,0,17.818867471,112.0,27.1820448878,283.047619048,528.0
14:06:10,3087.0,3097.03069445,5.50641163879,17.3913043478,184.0,0,17.8374202747,116.0,44.0422322775,259.238095238,454.0
14:06:10,3087.0,3097.02512339,5.51035304346,17.3913043478,654.0,0,17.8501880255,-2.0,61.9834710744,382.952380952,450.0
14:06:11,3088.0,3097.02011082,5.51365168116,18.1818181818,72.0,0,17.855089641,4.0,71.3142857143,311.333333333,300.0
14:06:11,3088.0,3097.01510104,5.51694745145,18.1818181818,226.0,0,17.8657624723,124.0,67.2185430464,292.571428571,338.0
14:06:12,3088.0,3097.01009404,5.5200050322,18.1818181818,60.0,0,17.8756639644,30.0,65.393258427,223.428571429,384.0
14:06:12,3088.0,3097.00508983,5.52306023571,18.1818181818,82.0,0,17.8855577581,-34.0,69.7965571205,162.095238095,238.0
14:06:13,3089.0,3097.00064379,5.52576118995,21.7391304348,12.0,0,17.8885114599,-6.0,66.7269439421,104.666666667,116.0
14:06:13,3089.0,3096.99620022,5.52846014074,21.7391304348,110.0,0,17.897248756,18.0,29.537366548,83.4285714286,136.0
14:06:14,3088.0,3096.99120372,5.53150862372,18.1818181818,30.0,0,17.9129165276,14.0,21.9230769231,65.2380952381,146.0
14:06:14,3088.0,3096.98620999,5.53455474443,18.1818181818,196.0,0,17.9227809081,-4.0,37.9591836735,96.4761904762,18.0
14:06:15,3088.0,3096.98121904,5.53759850677,18.1818181818,80.0,0,17.9326376515,8.0,40.0,96.0,-4.0
14:06:15,3089.0,3096.97678626,5.54005515416,21.7391304348,76.0,0,17.934785219,4.0,54.3650793651,93.4285714286,34.0
14:06:16,3088.0,3096.97180054,5.54309462945,18.1818181818,110.0,0,17.9504359762,-26.0,50.1661129568,100.857142857,14.0
14:06:16,3089.0,3096.96737299,5.54554775679,21.7391304348,1376.0,0,17.9525663865,-390.0,86.295503212,465.333333333,-394.0
14:06:17,3090.0,3096.96350331,5.54746563757,25.0,1158.0,0,17.9529632284,-28.0,89.7863818425,707.238095238,-436.0
14:06:17,3091.0,3096.96019117,5.54889909557,28.0,64.0,0,17.9517926094,-32.0,91.4804469274,582.857142857,-464.0
14:06:18,3090.0,3096.95632547,5.55081519288,25.0,210.0,0,17.9638032132,-116.0,87.3079492318,506.476190476,-588.0
14:06:18,3090.0,3096.95246192,5.55296311041,25.0,64.0,0,17.9707544026,-60.0,85.4460093897,382.19047619,-652.0
14:06:19,3090.0,3096.94860051,5.5548770419,25.0,300.0,0,17.9769483557,-210.0,79.7604035309,325.904761905,-836.0
14:06:19,3089.0,3096.94418585,5.55732238571,21.7391304348,138.0,0,17.9906843176,4.0,56.1530506722,214.285714286,-442.0
14:06:20,3090.0,3096.94032904,5.5594663735,25.0,134.0,0,17.9918005615,-32.0,13.4065934066,160.476190476,-446.0
14:06:20,3090.0,3096.93647437,5.56160903532,25.0,34.0,0,17.9987347421,-10.0,13.8636363636,126.857142857,-424.0
14:06:21,3090.0,3096.93262185,5.56351839755,25.0,42.0,0,18.0049139079,6.0,18.5393258427,96.9523809524,-302.0
14:06:21,3090.0,3096.92877146,5.56542675812,25.0,156.0,0,18.0110898321,132.0,34.5771144278,107.619047619,-110.0
14:06:22,3090.0,3096.92492321,5.56733411806,25.0,16.0,0,18.017262518,0.0,52.3076923077,73.9047619048,100.0
14:06:22,3090.0,3096.9210771,5.56947200741,25.0,14.0,0,18.0241812538,0.0,88.3838383838,53.1428571429,96.0
14:06:23,3089.0,3096.91667772,5.57190770548,21.7391304348,20.0,0,18.0379012803,6.0,82.9787234042,40.0,134.0
14:06:23,3090.0,3096.91283619,5.57404284398,25.0,102.0,0,18.0389736051,38.0,90.8571428571,55.7142857143,182.0
14:06:24,3089.0,3096.90844139,5.57647554935,21.7391304348,74.0,0,18.0526887321,8.0,82.1989528796,60.1904761905,184.0
14:06:24,3090.0,3096.90460443,5.57837712583,25.0,702.0,0,18.0530004072,398.0,21.5517241379,242.571428571,450.0
14:06:25,3089.0,3096.90021421,5.58080702934,21.7391304348,16.0,0,18.0667110047,12.0,21.7672413793,202.952380952,462.0
14:06:25,3090.0,3096.89638182,5.58270637027,25.0,200.0,0,18.067010907,48.0,33.3931777379,215.904761905,510.0
14:06:26,3090.0,3096.89255156,5.58432461488,25.0,10.0,0,18.0722479446,4.0,32.6086956522,165.714285714,508.0
14:06:26,3090.0,3096.88872343,5.58622213824,25.0,70.0,0,18.0783887969,66.0,30.9701492537,133.142857143,536.0
14:06:27,3090.0,3096.88489742,5.58783886757,25.0,486.0,0,18.0836209306,428.0,25.7412398922,220.952380952,956.0
14:06:27,3090.0,3096.88107354,5.58945490838,25.0,50.0,0,18.0888508362,42.0,47.3557692308,164.571428571,600.0
14:06:28,3089.0,3096.87669638,5.59187767996,21.7391304348,38.0,0,18.1025499513,10.0,47.3067915691,135.80952381,598.0
14:06:28,3089.0,3096.87232166,5.59429890575,21.7391304348,46.0,0,18.1103881701,-46.0,36.2857142857,108.285714286,504.0
14:06:29,3090.0,3096.86850476,5.59619132359,25.0,10.0,0,18.1106515327,-2.0,36.0,77.8095238095,498.0
14:06:29,3089.0,3096.86413458,5.59833085244,21.7391304348,66.0,0,18.1234407654,20.0,36.2068965517,63.3333333333,452.0
14:06:30,3089.0,3096.85976683,5.60046921948,21.7391304348,24.0,0,18.1303632874,-2.0,75.2136752137,37.0476190476,22.0
14:06:30,3089.0,3096.85540151,5.60288499732,21.7391304348,176.0,0,18.1381838696,70.0,50.0,76.1904761905,50.0
14:06:31,3090.0,3096.85159401,5.60477307059,25.0,84.0,0,18.1384241767,2.0,48.275862069,83.0476190476,42.0
14:06:31,3090.0,3096.84778862,5.60638191795,25.0,66.0,0,18.1436308024,-24.0,51.6431924883,82.5714285714,64.0
14:06:32,3089.0,3096.84342995,5.60879391098,21.7391304348,694.0,0,18.1573127581,492.0,20.5405405405,260.571428571,558.0
14:06:32,3090.0,3096.8396291,5.61040105518,25.0,22.0,0,18.156637719,6.0,16.5103189493,214.0,544.0
14:06:33,3090.0,3096.83583036,5.61200751916,25.0,536.0,0,18.1618366316,-194.0,13.3079847909,316.380952381,352.0
14:06:33,3090.0,3096.83203373,5.6138909437,25.0,612.0,0,18.1679318566,-180.0,-1.58887785502,416.095238095,102.0
14:06:34,3090.0,3096.82823921,5.61577339308,25.0,308.0,0,18.1740239258,290.0,-2.23413762288,408.19047619,390.0
14:06:34,3089.0,3096.8238914,5.61790209926,21.7391304348,68.0,0,18.186798638,-10.0,-3.57142857143,321.047619048,404.0
14:06:35,3088.0,3096.8189906,5.62060329541,18.1818181818,46.0,0,18.2014355421,-4.0,-3.01507537688,227.523809524,-92.0
14:06:35,3088.0,3096.81409252,5.6235795463,18.1818181818,134.0,0,18.2110736603,-42.0,4.22535211268,190.0,-140.0
14:06:36,3089.0,3096.80975256,5.6257040643,21.7391304348,112.0,0,18.2120558896,8.0,8.43750000001,140.857142857,62.0
14:06:36,3090.0,3096.80597042,5.62730413028,25.0,30.0,0,18.2113402275,-10.0,48.1375358166,88.4761904762,232.0
14:06:37,3090.0,3096.80219037,5.6289035221,25.0,38.0,0,18.2165162528,-32.0,74.2990654206,66.0952380952,-90.0
14:06:37,3089.0,3096.79785703,5.63102514075,21.7391304348,8.0,0,18.2292817765,-4.0,80.4347826087,48.0,-84.0
14:06:38,3089.0,3096.79352609,5.6331456179,21.7391304348,204.0,0,18.2361463836,-108.0,47.9087452472,88.7619047619,-188.0
14:06:38,3089.0,3096.78919755,5.63526495483,21.7391304348,112.0,0,18.2430072995,-48.0,28.5714285714,95.7142857143,-194.0
14:06:39,3090.0,3096.78542682,5.63686104753,25.0,28.0,0,18.2422687622,-2.0,20.4761904762,79.7142857143,-204.0
14:06:39,3090.0,3096.78165819,5.63845646946,25.0,22.0,0,18.24743194,0.0,14.5631067961,66.0,-194.0
14:06:40,3089.0,3096.77733625,5.64057292177,21.7391304348,22.0,0,18.2601907471,6.0,16.6666666667,52.6666666667,-156.0
14:06:40,3089.0,3096.7730167,5.64268823838,21.7391304348,26.0,0,18.267038648,0.0,18.3574879227,41.2380952381,-152.0
14:06:41,3090.0,3096.76925496,5.64395688374,25.0,4.0,38.6363636364,18.2652326335,0.0,37.3831775701,22.6666666667,-44.0
14:06:41,3090.0,3096.76549531,5.64522512099,30.0,70.0,0,18.2693369611,-48.0,70.9302325581,32.4761904762,-44.0
14:06:42,3090.0,3096.76173774,5.64681708663,30.0,274.0,0,18.2744889535,-182.0,28.2296650718,102.571428571,-224.0
14:06:42,3090.0,3096.75798227,5.64840838502,30.0,12.0,0,18.2796387865,2.0,28.431372549,86.0952380952,-222.0
14:06:43,3090.0,3096.75422888,5.6496751723,30.0,8.0,0,18.2837384217,4.0,28.9340101523,68.9523809524,-224.0
14:06:43,3090.0,3096.75047757,5.65094155271,30.0,480.0,0,18.2878367401,42.0,68.1603773585,187.333333333,-182.0
14:06:44,3089.0,3096.74617294,5.65272770931,28.5714285714,14.0,0,18.2995393632,12.0,68.2983682984,150.952380952,-170.0
14:06:44,3090.0,3096.74242611,5.65399311942,30.0,90.0,0,18.2977123606,0.0,69.7038724374,135.80952381,-122.0
14:06:45,3090.0,3096.73868136,5.65525812359,30.0,64.0,0,18.3018062252,42.0,95.2095808383,112.285714286,102.0
14:06:45,3090.0,3096.73493869,5.65652272209,30.0,58.0,0,18.305898777,32.0,95.7983193277,97.0476190476,132.0
14:06:46,3089.0,3096.73064269,5.65830640778,28.5714285714,820.0,0,18.3175992482,-256.0,52.9488859764,297.333333333,-128.0
14:06:46,3090.0,3096.72690448,5.65957003885,30.0,816.0,0,18.3157606435,616.0,61.6541353383,457.80952381,446.0
14:06:47,3090.0,3096.72316835,5.66083326518,30.0,2.0,0,18.3198487546,0.0,61.4054054054,369.714285714,434.0
14:06:47,3090.0,3096.7194343,5.66172425395,30.0,180.0,0,18.3227322134,4.0,54.0206185567,333.047619048,438.0
14:06:48,3090.0,3096.71570231,5.66298679536,30.0,56.0,0,18.326818108,6.0,52.0703933747,256.666666667,402.0
14:06:48,3090.0,3096.7119724,5.66387730913,30.0,828.0,0,18.3297000295,-530.0,64.8408586232,401.238095238,-160.0
14:06:49,3090.0,3096.70824457,5.6651391664,30.0,292.0,0,18.33378371,-268.0,87.8564857406,356.0,-172.0
14:06:49,3090.0,3096.7045188,5.6660292057,30.0,288.0,0,18.3366640961,-10.0,70.1093560146,334.761904762,-798.0
14:06:50,3091.0,3096.7013505,5.66644964181,33.3333333333,62.0,0,18.3320920149,4.0,68.2297772567,274.095238095,-794.0
14:06:50,3091.0,3096.69818396,5.66687003312,33.3333333333,8.0,0,18.3334520644,-4.0,76.0104302477,195.142857143,-802.0
14:06:51,3091.0,3096.69501918,5.66766167054,33.3333333333,14.0,0,18.336013169,-6.0,78.9544235925,126.095238095,-814.0
14:06:51,3091.0,3096.69185616,5.66877531573,33.3333333333,214.0,0,18.3396160328,16.0,43.7357630979,116.19047619,-268.0
14:06:52,3090.0,3096.6881395,5.67003559306,30.0,14.0,0,18.349629751,2.0,17.0,78.380952381,2.0
14:06:52,3091.0,3096.6849803,5.67082657087,33.3333333333,6.0,0,18.3462522513,0.0,14.465408805,51.5238095238,12.0
14:06:53,3090.0,3096.68126745,5.67208618838,30.0,28.0,0,18.3562659818,-18.0,21.8309859155,44.380952381,-10.0
14:06:53,3091.0,3096.67811207,5.67287674426,33.3333333333,6.0,0,18.3528849701,2.0,21.2765957447,32.5714285714,-4.0
14:06:54,3091.0,3096.67495844,5.67366713559,33.3333333333,412.0,0,18.3554420433,54.0,67.6470588235,136.857142857,56.0
14:06:54,3091.0,3096.67180656,5.67445736243,33.3333333333,38.0,0,18.3579985844,0.0,96.8253968254,115.333333333,40.0
14:06:55,3091.0,3096.66865643,5.67524742486,33.3333333333,106.0,0,18.3605545935,16.0,81.2080536913,121.619047619,54.0
14:06:55,3090.0,3096.66495265,5.67650561281,30.0,20.0,0,18.3705683262,-14.0,80.9836065574,98.9523809524,40.0
14:06:56,3091.0,3096.66180633,5.67729525428,33.3333333333,860.0,0,18.3671797292,72.0,44.6601941748,315.619047619,130.0
14:06:56,3091.0,3096.65866175,5.67808473159,33.3333333333,208.0,0,18.3697338453,-6.0,46.8369829684,306.380952381,122.0
14:06:57,3090.0,3096.65496352,5.67934200566,30.0,118.0,0,18.3797475911,-66.0,25.6296296296,261.80952381,2.0
14:06:57,3091.0,3096.65182275,5.68013106265,33.3333333333,86.0,0,18.3763541335,44.0,22.0314735336,222.095238095,46.0
14:06:58,3091.0,3096.64868372,5.68091995571,33.3333333333,46.0,0,18.3789063595,24.0,23.7668161435,168.666666667,54.0
14:06:58,3091.0,3096.64554643,5.68133878735,33.3333333333,108.0,0,18.3802613632,-14.0,27.9102384292,135.80952381,54.0
14:06:59,3090.0,3096.64185549,5.68222520287,30.0,682.0,0,18.3890783265,224.0,-8.8141025641,262.761904762,206.0
14:06:59,3090.0,3096.63816659,5.68311142583,30.0,1318.0,0,18.3919463619,-100.0,5.08905852417,579.904761905,112.0
14:07:00,3091.0,3096.63503515,5.68353002809,33.3333333333,10.0,0,18.3873504629,-4.0,6.0,470.476190476,174.0
14:07:00,3090.0,3096.63135004,5.6847855685,30.0,18.0,0,18.3973642994,8.0,6.64527956003,368.476190476,138.0
14:07:01,3091.0,3096.62822238,5.68520399321,33.3333333333,50.0,0,18.3927660732,42.0,8.18847209515,278.857142857,156.0
14:07:01,3091.0,3096.62509646,5.68562237356,33.3333333333,160.0,0,18.3941196168,18.0,4.69168900804,220.476190476,188.0
14:07:02,3091.0,3096.62197228,5.68641015199,33.3333333333,56.0,0,18.3966682368,30.0,30.459057072,129.904761905,-6.0
14:07:02,3090.0,3096.61829442,5.68766477173,30.0,102.0,0,18.4066821092,102.0,58.8383838384,82.2857142857,196.0
14:07:03,3091.0,3096.61517402,5.68808288968,33.3333333333,42.0,0,18.402079876,0.0,63.0841121495,75.4285714286,200.0
14:07:03,3091.0,3096.61205534,5.68850096334,33.3333333333,14.0,0,18.4034324275,6.0,64.1509433962,59.0476190476,198.0
14:07:04,3091.0,3096.6089384,5.6889189927,33.3333333333,14.0,0,18.4047848357,6.0,61.3402061856,42.8571428571,162.0
14:07:04,3091.0,3096.60582319,5.6893369778,33.3333333333,26.0,0,18.4061371006,8.0,92.9133858268,31.8095238095,152.0
14:07:05,3090.0,3096.6021543,5.69022163208,30.0,4.0,0,18.4149567381,4.0,91.0891089109,20.8571428571,126.0
14:07:05,3091.0,3096.59904286,5.69100847558,33.3333333333,4.0,0,18.4115447285,2.0,82.6923076923,12.380952381,26.0
14:07:06,3091.0,3096.59593314,5.69179515608,33.3333333333,8.0,0,18.4140897964,4.0,74.2857142857,9.71428571429,30.0
14:07:06,3090.0,3096.59226976,5.6930480605,30.0,2.0,0,18.4241037557,0.0,68.9655172414,6.95238095238,24.0
14:07:07,3091.0,3096.5891638,5.69346560693,33.3333333333,30.0,0,18.4194940373,30.0,75.6756756757,12.7619047619,48.0
14:07:07,3090.0,3096.58550417,5.69471798124,30.0,8.0,0,18.4295080299,6.0,75.0,11.5238095238,46.0
14:07:08,3091.0,3096.58240198,5.69550390551,33.3333333333,114.0,0,18.4260883388,30.0,90.3614457831,41.4285714286,72.0
14:07:08,3091.0,3096.5793015,5.69592119063,33.3333333333,90.0,0,18.4274383391,-78.0,93.6507936508,59.2380952381,-8.0
14:07:09,3091.0,3096.57620275,5.69633843164,33.3333333333,52.0,0,18.4287881968,18.0,85.1351351351,62.0952380952,6.0
14:07:09,3091.0,3096.57310572,5.69712402402,33.3333333333,502.0,0,18.4313297445,-166.0,93.7185929648,191.428571429,-160.0
14:07:10,3091.0,3096.57001041,5.69754113631,33.3333333333,86.0,0,18.4326791857,-32.0,81.6901408451,178.095238095,-222.0
14:07:10,3092.0,3096.56747222,5.69754113631,36.3636363636,4.0,0,18.4267177759,0.0,81.8396226415,138.666666667,-228.0
14:07:11,3092.0,3096.56493544,5.69790945392,36.3636363636,28.0,0,18.4279089713,-8.0,77.9527559055,106.285714286,-266.0
14:07:11,3090.0,3096.56128927,5.69916040492,30.0,150.0,0,18.4438848056,24.0,61.800486618,112.857142857,-164.0
14:07:12,3091.0,3096.55820052,5.6995773005,33.3333333333,30.0,0,18.439266582,2.0,64.25,82.2857142857,-180.0
14:07:12,3091.0,3096.55511349,5.70036222993,33.3333333333,56.0,0,18.4418059849,24.0,20.9039548023,60.1904761905,10.0
14:07:13,3091.0,3096.55202817,5.70077899702,33.3333333333,84.0,0,18.4431543093,20.0,51.1363636364,67.3333333333,62.0
14:07:13,3091.0,3096.54894457,5.7011957201,33.3333333333,12.0,0,18.4445024914,8.0,52.2222222222,54.0,70.0
14:07:14,3091.0,3096.54586268,5.70161239919,33.3333333333,28.0,0,18.4458505312,28.0,55.5555555556,44.8571428571,106.0
14:07:14,3091.0,3096.5427825,5.70239691319,33.3333333333,12.0,0,18.4483885901,10.0,94.5945945946,31.1428571429,92.0
14:07:15,3091.0,3096.53970403,5.70281346392,33.3333333333,194.0,0,18.4497362146,48.0,95.8549222798,76.0,138.0
14:07:15,3091.0,3096.53662727,5.70322997071,33.3333333333,152.0,0,18.4510836969,6.0,65.5601659751,101.047619048,120.0
14:07:16,3091.0,3096.53355222,5.70364643354,33.3333333333,34.0,0,18.452431037,16.0,60.6481481482,87.8095238095,116.0
14:07:16,3091.0,3096.53047888,5.70406285245,33.3333333333,32.0,0,18.453778235,10.0,60.6194690266,76.380952381,118.0
14:07:17,3091.0,3096.52740724,5.70484686716,33.3333333333,18.0,0,18.4563146786,16.0,60.6334841629,60.0,106.0
14:07:17,3091.0,3096.52433732,5.70526315788,33.3333333333,28.0,0,18.4576614619,0.0,62.0087336245,46.9523809524,96.0
14:07:18,3091.0,3096.52126909,5.70604692653,33.3333333333,168.0,0,18.4601971095,150.0,60.1851851852,73.1428571429,198.0
14:07:18,3091.0,3096.51820257,5.70683053346,33.3333333333,14.0,0,18.4627322338,2.0,93.1972789116,56.5714285714,194.0
14:07:19,3091.0,3096.51513775,5.70724661189,33.3333333333,18.0,0,18.4640783303,14.0,94.2446043165,47.7142857143,192.0
14:07:19,3091.0,3096.51207464,5.70802997301,33.3333333333,154.0,0,18.4666126594,50.0,98.5,78.4761904762,232.0
14:07:20,3090.0,3096.50845783,5.7092776929,30.0,10.0,0,18.4766268379,4.0,98.4693877551,62.2857142857,220.0
14:07:20,3091.0,3096.50539842,5.71006064026,33.3333333333,12.0,0,18.4731822719,8.0,98.4042553191,47.0476190476,228.0
14:07:21,3091.0,3096.50234072,5.71084342623,33.3333333333,90.0,0,18.4757147403,46.0,99.3288590604,54.8571428571,124.0
14:07:21,3090.0,3096.49872931,5.71240851427,30.0,1016.0,0,18.4867589459,-384.0,22.4615384616,330.952380952,-262.0
14:07:22,3090.0,3096.4951199,5.71397295757,30.0,610.0,0,18.4918218692,-158.0,14.4820295983,443.333333333,-434.0
14:07:22,3090.0,3096.49151251,5.71521877248,30.0,26.0,0,18.4958536326,8.0,8.04988662132,360.666666667,-476.0
14:07:23,3090.0,3096.48790711,5.71678206881,30.0,168.0,0,18.500912844,-70.0,15.1925078044,324.666666667,-550.0
14:07:23,3090.0,3096.48430372,5.7180269883,30.0,6.0,0,18.5049417097,0.0,14.9269311065,234.857142857,-558.0
14:07:24,3090.0,3096.48070233,5.71927151538,30.0,756.0,0,18.5089693054,0.0,7.66847405113,359.619047619,-604.0
14:07:24,3090.0,3096.47710294,5.72083316474,30.0,130.0,0,18.5140231869,-26.0,18.75,273.80952381,-246.0
14:07:25,3090.0,3096.47350555,5.72239417217,30.0,762.0,0,18.5190749909,288.0,17.8571428571,410.761904762,200.0
14:07:25,3090.0,3096.46991015,5.72422321405,30.0,22.0,0,18.5249942202,20.0,16.8112798265,329.047619048,212.0
14:07:26,3090.0,3096.46631676,5.72578281213,30.0,14.0,0,18.5300414632,8.0,9.4674556213,245.238095238,290.0
14:07:26,3090.0,3096.46272536,5.72761016567,30.0,118.0,0,18.5359552287,4.0,15.0943396226,198.476190476,294.0
14:07:27,3090.0,3096.45913595,5.7294365997,30.0,42.0,0,18.5418660185,0.0,25.3676470588,124.666666667,294.0
14:07:27,3089.0,3096.45499314,5.7315044456,28.5714285714,94.0,0,18.5545627892,68.0,22.2433460076,99.7142857143,388.0
14:07:28,3090.0,3096.45140803,5.73332896614,30.0,18.0,0,18.5544626736,-10.0,77.9220779221,54.7619047619,90.0
14:07:28,3090.0,3096.44782491,5.7351525699,30.0,12.0,0,18.5603643039,0.0,83.2214765101,43.5238095238,70.0
14:07:29,3089.0,3096.44368838,5.73721734692,28.5714285714,12.0,0,18.5730571283,2.0,81.0810810811,32.7619047619,64.0
14:07:29,3089.0,3096.43955414,5.73954846565,28.5714285714,14.0,0,18.580603644,0.0,69.7916666667,22.6666666667,60.0
14:07:30,3090.0,3096.4359776,5.74110175015,30.0,12.0,0,18.5796173144,0.0,86.4197530864,16.9523809524,60.0
14:07:30,3090.0,3096.43240305,5.74292154217,30.0,22.0,0,18.585506609,-22.0,57.7777777778,15.5238095238,-30.0
14:07:31,3090.0,3096.42883049,5.74474042194,30.0,4.0,37.2093023256,18.5913929513,0.0,44.7368421053,12.380952381,-20.0
14:07:31,3090.0,3096.42525991,5.74629155104,26.3157894737,8.0,0,18.5964127865,0.0,33.3333333333,11.0476190476,-20.0
14:07:32,3090.0,3096.42169131,5.74810876037,26.3157894737,8.0,0,18.6022937229,0.0,38.2352941176,9.90476190476,-22.0
14:07:32,3090.0,3096.4181247,5.7499250599,26.3157894737,2.0,0,18.6081717149,0.0,25.0,7.2380952381,-22.0
14:07:33,3091.0,3096.41511546,5.75128084902,30.0,6.0,0,18.6065378487,0.0,8.0,6.28571428571,-22.0
14:07:33,3090.0,3096.4115525,5.75309554356,26.3157894737,22.0,0,18.6184321798,-2.0,8.0,10.1904761905,-2.0
14:07:34,3090.0,3096.40799151,5.75490933068,26.3157894737,12.0,0,18.624302041,0.0,10.3448275862,11.2380952381,-2.0
14:07:34,3091.0,3096.40498791,5.75648094234,30.0,142.0,0,18.6233611852,-74.0,76.0416666667,49.0476190476,-76.0
14:07:35,3090.0,3096.40143057,5.75829299311,26.3157894737,40.0,0,18.6352524049,-32.0,66.9642857143,51.3333333333,-108.0
14:07:35,3090.0,3096.39787521,5.76010413893,26.3157894737,26.0,0,18.6411137182,-4.0,62.9032258064,48.0952380952,-112.0
14:07:36,3090.0,3096.39432182,5.76191438068,26.3157894737,2.0,0,18.6469721057,0.0,63.1147540984,36.8571428571,-112.0
14:07:36,3091.0,3096.39132581,5.76348274339,30.0,6.0,0,18.6460134047,-2.0,69.298245614,26.9523809524,-112.0
14:07:37,3090.0,3096.38777606,5.76550831333,26.3157894737,4.0,0,18.6586029558,-4.0,70.9090909091,17.2380952381,-116.0
14:07:37,3091.0,3096.38478368,5.76685803044,30.0,196.0,0,18.6569331298,-60.0,9.48905109487,62.7619047619,-102.0
14:07:38,3091.0,3096.38179296,5.76842404581,30.0,14.0,0,18.6619995011,-2.0,12.0967741935,53.7142857143,-72.0
14:07:38,3091.0,3096.37880391,5.76998930183,30.0,30.0,0,18.6670634158,-4.0,13.492063492,50.4761904762,-72.0
14:07:39,3090.0,3096.37526111,5.77201098426,26.3157894737,16.0,0,18.6796471983,0.0,15.7894736842,43.0476190476,-72.0
14:07:39,3090.0,3096.37172028,5.77381508741,26.3157894737,4.0,0,18.6854857198,0.0,14.3939393939,31.5238095238,-70.0
14:07:40,3091.0,3096.36873682,5.77516152706,30.0,4.0,0,18.6837965935,0.0,15.9090909091,20.0952380952,-66.0
14:07:40,3091.0,3096.36575502,5.77672362178,30.0,4.0,0,18.6888502808,-4.0,50.0,8.66666666667,-10.0
14:07:41,3090.0,3096.36221947,5.7785253189,26.3157894737,32.0,0,18.7007291874,28.0,31.1111111111,14.380952381,20.0
14:07:41,3090.0,3096.35868589,5.78054201371,26.3157894737,536.0,0,18.7072557078,2.0,3.69127516778,163.238095238,26.0
14:07:42,3091.0,3096.35570967,5.78188581922,30.0,30.0,0,18.7055510166,-28.0,7.21311475409,143.428571429,-2.0
14:07:42,3091.0,3096.3527351,5.78344476358,30.0,28.0,0,18.7105945117,-18.0,11.0410094637,122.380952381,-20.0
14:07:43,3091.0,3096.34976218,5.78500295437,30.0,26.0,0,18.715635569,-4.0,13.7195121951,99.619047619,-24.0
14:07:43,3091.0,3096.34679092,5.78634497714,30.0,96.0,0,18.7199772796,6.0,22.9946524064,95.8095238095,-14.0
14:07:44,3091.0,3096.3438213,5.78790178724,30.0,12.0,0,18.7250138701,-10.0,25.0,63.619047619,-52.0
14:07:44,3090.0,3096.34029794,5.7896977402,26.3157894737,84.0,0,18.7368858906,52.0,71.0144927536,52.9523809524,-2.0
14:07:45,3091.0,3096.33733193,5.79125298283,30.0,6.0,0,18.7358556546,-6.0,68.253968254,41.5238095238,20.0
14:07:45,3091.0,3096.33436757,5.79280747491,30.0,24.0,0,18.7408847457,-20.0,66.1290322581,36.380952381,18.0
14:07:46,3091.0,3096.33140485,5.79414641159,30.0,12.0,0,18.7452164723,0.0,64.9572649573,28.0,22.0
14:07:46,3091.0,3096.32844378,5.7954848259,30.0,2.0,0,18.7495465089,0.0,48.5714285714,17.4285714286,16.0
14:07:47,3091.0,3096.32548436,5.79682271823,30.0,10.0,0,18.7538748568,-4.0,46.3768115942,13.619047619,22.0
14:07:47,3090.0,3096.32197118,5.79835171742,26.3157894737,26.0,0,18.7648922894,-4.0,82.5,14.4761904762,-34.0
14:07:48,3091.0,3096.31901535,5.79968852266,30.0,4.0,0,18.7631463043,-2.0,82.0512820513,11.8095238095,-30.0
14:07:48,3091.0,3096.31606116,5.80102480703,30.0,30.0,0,18.7674694501,22.0,90.4761904762,16.6666666667,12.0
14:07:49,3091.0,3096.31310861,5.80257475311,30.0,4.0,0,18.7724838341,0.0,89.4736842105,13.8095238095,12.0
14:07:49,3091.0,3096.31015771,5.80390989435,30.0,12.0,0,18.7768032816,-2.0,88.3720930233,13.619047619,10.0
14:07:50,3091.0,3096.30720844,5.80545847208,30.0,44.0,0,18.7818132387,28.0,90.0,22.0952380952,42.0
14:07:50,3091.0,3096.30426081,5.8067924719,30.0,10.0,0,18.7861289935,2.0,94.2307692308,19.2380952381,48.0
14:07:51,3091.0,3096.30131481,5.80812595278,30.0,622.0,0,18.7904430695,-306.0,96.9529085873,192.0,-256.0
14:07:51,3091.0,3096.29837046,5.80945891506,30.0,258.0,0,18.7947554677,-26.0,97.6842105263,231.333333333,-304.0
14:07:52,3092.0,3096.29598314,5.81060014086,33.3333333333,26.0,0,18.7923678553,-18.0,95.2674897119,193.523809524,-322.0
14:07:52,3091.0,3096.29304174,5.81193211085,30.0,2.0,0,18.8027567481,0.0,95.2182952183,147.80952381,-320.0
14:07:53,3091.0,3096.29010198,5.81326356328,30.0,4.0,0,18.8070642617,0.0,95.010845987,103.142857143,-348.0
14:07:53,3092.0,3096.28771925,5.81419014986,33.3333333333,4.0,0,18.8039784924,-2.0,94.7598253275,60.380952381,-352.0
14:07:54,3091.0,3096.28478244,5.81552071382,30.0,2.0,0,18.8143665927,0.0,88.5135135135,17.3333333333,-46.0
14:07:54,3091.0,3096.28184727,5.81706381298,30.0,80.0,0,18.8193588256,-36.0,16.9491525424,26.0952380952,-56.0
14:07:55,3092.0,3096.27946913,5.81798931688,33.3333333333,2.0,0,18.8162655785,0.0,21.2765957447,21.0476190476,-38.0
14:07:55,3092.0,3096.2770923,5.81912743767,33.3333333333,12.0,0,18.8199464349,6.0,30.7692307692,20.0,-32.0
14:07:56,3092.0,3096.2747168,5.820052335,33.3333333333,6.0,0,18.822937694,-2.0,32.0754716981,16.7619047619,-34.0
14:07:56,3091.0,3096.27178722,5.82138055171,30.0,8.0,0,18.8333243342,-2.0,30.9090909091,14.0,-34.0
14:07:57,3092.0,3096.26941466,5.82251742652,33.3333333333,12.0,0,18.8309101763,-12.0,38.3333333333,12.1904761905,-46.0
14:07:57,3091.0,3096.26648802,5.82384465705,30.0,52.0,0,18.8412962053,-12.0,54.3478260869,21.3333333333,-22.0
14:07:58,3091.0,3096.26356301,5.82517137325,30.0,16.0,0,18.8455883962,0.0,49.0566037736,21.5238095238,-22.0
14:07:58,3092.0,3096.26119502,5.8260945562,33.3333333333,12.0,0,18.8424791598,0.0,39.6226415094,19.9047619048,-28.0
14:07:59,3092.0,3096.25882834,5.82701747371,33.3333333333,10.0,0,18.8454640159,-4.0,43.6363636364,17.7142857143,-30.0
14:07:59,3092.0,3096.25646299,5.8279401259,33.3333333333,12.0,0,18.8484480139,-8.0,49.1228070175,15.9047619048,-36.0
14:08:00,3091.0,3096.25354354,5.82926522168,30.0,46.0,0,18.8588328104,-44.0,31.0810810811,23.619047619,-68.0
14:08:00,3092.0,3096.25118112,5.83018724023,33.3333333333,14.0,0,18.8557155247,-2.0,32.7272727273,20.5714285714,-58.0
14:08:01,3092.0,3096.24882,5.8311089939,33.3333333333,52.0,0,18.8586966168,-4.0,30.1369863014,30.1904761905,-62.0
14:08:01,3092.0,3096.2464602,5.83203048281,33.3333333333,72.0,0,18.8616768526,14.0,53.3980582524,43.8095238095,-48.0
14:08:02,3092.0,3096.24410172,5.83295170709,33.3333333333,124.0,0,18.8646562325,-76.0,56.25,69.4285714286,-120.0
14:08:02,3092.0,3096.24174454,5.83387266687,33.3333333333,770.0,0,18.867634757,-494.0,72.3562152133,274.19047619,-606.0
14:08:03,3092.0,3096.23938867,5.83479336226,33.3333333333,10.0,0,18.8706124264,-6.0,74.8560460652,225.714285714,-568.0
14:08:03,3092.0,3096.2370341,5.8354546143,33.3333333333,22.0,0,18.8727510165,-2.0,75.2380952381,182.380952381,-568.0
14:08:04,3091.0,3096.23412545,5.83677673501,30.0,50.0,0,18.8831340505,-8.0,75.7633587786,146.666666667,-572.0
14:08:04,3091.0,3096.23121841,5.83783936413,30.0,50.0,0,18.8865718671,42.0,71.1500974659,111.047619048,-544.0
14:08:05,3092.0,3096.22886838,5.8385000333,33.3333333333,166.0,0,18.8826003664,-22.0,70.7865168539,109.619047619,-490.0
14:08:05,3092.0,3096.22651966,5.83941944413,33.3333333333,76.0,0,18.8855738814,2.0,55.0802139037,80.4761904762,6.0
14:08:06,3091.0,3096.22361685,5.84074003323,30.0,22.0,0,18.8959561088,4.0,54.9222797927,68.9523809524,16.0
14:08:06,3092.0,3096.22127105,5.84165881412,33.3333333333,4.0,0,18.8928163458,-4.0,53.2608695652,51.7142857143,14.0
14:08:07,3091.0,3096.21837115,5.84297852734,30.0,212.0,0,18.9031980826,98.0,33.9622641509,94.7619047619,120.0
14:08:07,3091.0,3096.21547286,5.84450863399,30.0,130.0,0,18.9081482821,74.0,28.8524590164,106.666666667,152.0
14:08:08,3091.0,3096.21257618,5.84582722869,30.0,34.0,0,18.9124141983,32.0,22.1757322176,87.3333333333,206.0
14:08:08,3091.0,3096.2096811,5.84714531488,30.0,8.0,0,18.9166784694,4.0,13.1707317073,66.8571428571,208.0
14:08:09,3091.0,3096.20678764,5.84846289292,30.0,92.0,0,18.9209410965,26.0,27.9166666667,73.619047619,230.0
14:08:09,3091.0,3096.20389578,5.84977996315,30.0,4.0,0,18.9252020807,0.0,27.9166666667,51.9047619048,234.0
14:08:10,3091.0,3096.20100553,5.85130690662,30.0,10.0,0,18.9301420466,6.0,51.7985611511,31.9047619048,142.0
14:08:10,3091.0,3096.19811689,5.85262286221,30.0,12.0,0,18.9343994248,6.0,97.5,22.0952380952,74.0
14:08:11,3091.0,3096.19522985,5.85393831109,30.0,22.0,0,18.9386551637,18.0,95.945945946,20.7619047619,60.0
14:08:11,3091.0,3096.19234441,5.85525325358,30.0,14.0,0,18.9429092643,4.0,96.1038961039,17.7142857143,60.0
14:08:12,3091.0,3096.18946058,5.85656769004,30.0,30.0,0,18.9471617277,30.0,97.8260869565,18.9523809524,64.0
14:08:12,3090.0,3096.18602294,5.8580712957,26.3157894737,6.0,0,18.958159533,2.0,93.6170212766,16.2857142857,66.0
14:08:13,3091.0,3096.18314262,5.85912749477,30.0,76.0,0,18.9554432053,50.0,96.25,33.5238095238,110.0
14:08:13,3091.0,3096.18026389,5.86044048296,30.0,18.0,0,18.9596909834,10.0,93.9759036145,31.0476190476,114.0
14:08:14,3091.0,3096.17738677,5.86175296643,30.0,8.0,0,18.9639371285,6.0,94.7368421053,25.4285714286,102.0
14:08:14,3091.0,3096.17451124,5.86306494553,30.0,48.0,0,18.968181642,-2.0,92.4731182796,31.9047619048,96.0
14:08:15,3091.0,3096.17163731,5.86411965307,30.0,10.0,0,18.9715938307,0.0,91.5662650602,25.9047619048,66.0
14:08:15,3091.0,3096.16876498,5.86517405255,30.0,0.0,0,18.9750050228,0.0,0,18.0,64.0
14:08:16,3090.0,3096.16533884,5.86693070087,26.3157894737,36.0,0,18.9868307471,6.0,68.3333333333,20.6666666667,20.0
14:08:16,3090.0,3096.1619146,5.86868649468,26.3157894737,26.0,0,18.9925129278,-6.0,60.9375,22.380952381,4.0
14:08:17,3091.0,3096.15904767,5.86973956112,30.0,20.0,0,18.9897753514,-10.0,64.2857142857,22.0,-12.0
14:08:17,3091.0,3096.15618233,5.87104854638,30.0,0.0,0,18.9940101792,0.0,0,15.3333333333,-10.0
14:08:18,3091.0,3096.15331857,5.87235702962,30.0,2.0,0,18.9982433828,0.0,47.619047619,11.5238095238,-10.0
14:08:18,3091.0,3096.15045642,5.87366501118,30.0,8.0,0,19.0024749634,-6.0,45.652173913,9.80952380952,-16.0
14:08:19,3091.0,3096.14759585,5.8749724914,30.0,4.0,0,19.006704922,-4.0,60.0,6.57142857143,-26.0
14:08:19,3091.0,3096.14473686,5.87627947061,30.0,2.0,0,19.0109332598,0.0,77.7777777778,4.28571428571,-20.0
14:08:20,3091.0,3096.14187947,5.87758594914,30.0,6.0,0,19.0151599778,-4.0,63.6363636364,4.28571428571,-14.0
14:08:20,3091.0,3096.13902366,5.87889192733,30.0,8.0,0,19.0193850771,-8.0,73.3333333333,5.52380952381,-22.0
14:08:21,3090.0,3096.13561404,5.88064178806,26.3157894737,8.0,34.1463414634,19.0312031976,0.0,55.5555555556,6.38095238095,-22.0
14:08:21,3091.0,3096.13276172,5.882154686,46.1538461538,16.0,0,19.0299407506,-4.0,54.5454545455,9.2380952381,-20.0
14:08:22,3091.0,3096.12991097,5.88366686705,46.1538461538,10.0,0,19.0348329571,0.0,64.0,10.0,-16.0
14:08:22,3090.0,3096.12650641,5.88578271723,41.6666666667,14.0,0,19.0478405088,12.0,48.3870967742,11.619047619,-4.0
14:08:23,3090.0,3096.12310374,5.88801041011,41.6666666667,18.0,0,19.0550498709,0.0,32.4324324324,13.8095238095,0.0
14:08:23,3091.0,3096.12025837,5.88979319577,46.1538461538,2.0,0,19.0546528495,0.0,26.4705882353,10.8571428571,8.0
14:08:24,3091.0,3096.11741457,5.89157480022,46.1538461538,12.0,0,19.0604166943,0.0,27.7777777778,11.0476190476,8.0
14:08:24,3091.0,3096.11457235,5.89335522453,46.1538461538,18.0,0,19.0661767212,2.0,24.3243243243,12.7619047619,14.0
14:08:25,3091.0,3096.11173171,5.89520007723,46.1538461538,40.0,0,19.0721451868,8.0,30.7692307692,20.6666666667,22.0
14:08:25,3090.0,3096.10833724,5.89742034,41.6666666667,316.0,0,19.0855027185,-214.0,9.85221674876,106.0,-204.0
14:08:26,3091.0,3096.10550007,5.89919689423,46.1538461538,14.0,0,19.085075685,-14.0,10.447761194,90.6666666667,-218.0
14:08:26,3090.0,3096.10210907,5.90147930816,41.6666666667,208.0,0,19.0986385377,-200.0,40.4605263158,130.952380952,-418.0
14:08:27,3091.0,3096.09927535,5.90325317693,46.1538461538,6.0,0,19.0981985666,0.0,40.8637873754,103.714285714,-418.0
14:08:27,3091.0,3096.0964432,5.90509086052,46.1538461538,14.0,0,19.1041438386,-12.0,41.1371237458,79.0476190476,-432.0
14:08:28,3091.0,3096.09361263,5.90692713638,46.1538461538,368.0,0,19.1100845564,112.0,26.1339092873,155.714285714,-328.0
14:08:28,3091.0,3096.09078363,5.90876200581,46.1538461538,54.0,0,19.1160207241,-54.0,43.3734939759,127.047619048,-168.0
14:08:29,3091.0,3096.08795621,5.91059547015,46.1538461538,20.0,0,19.121952346,2.0,43.2835820896,101.142857143,-152.0
14:08:29,3090.0,3096.08457495,5.91286784673,41.6666666667,82.0,0,19.1354946496,-22.0,22.4264705882,92.6666666667,26.0
14:08:30,3091.0,3096.08175097,5.91469826412,46.1538461538,38.0,0,19.1352257008,24.0,26.0416666667,77.619047619,50.0
14:08:30,3091.0,3096.07892856,5.91652728057,46.1538461538,20.0,0,19.1411429329,4.0,27.4914089347,55.9047619048,66.0
14:08:31,3090.0,3096.07555231,5.91881158304,41.6666666667,32.0,0,19.1547300422,32.0,57.7235772358,37.3333333333,-14.0
14:08:31,3090.0,3096.07217794,5.92106377428,41.6666666667,86.0,0,19.162018687,50.0,33.0935251799,50.1904761905,90.0
14:08:32,3091.0,3096.06936085,5.9228746188,46.1538461538,40.0,0,19.161677835,16.0,36.2416107383,48.380952381,104.0
14:08:32,3090.0,3096.06598992,5.92515243722,41.6666666667,8.0,0,19.1752506059,4.0,31.25,36.4761904762,130.0
14:08:33,3091.0,3096.06317626,5.92695942883,46.1538461538,80.0,0,19.1748930082,26.0,17.2932330827,48.6666666667,132.0
14:08:33,3090.0,3096.05980876,5.92923307529,41.6666666667,168.0,0,19.1884565543,74.0,8.21256038646,84.0,202.0
14:08:34,3091.0,3096.05699854,5.93106674872,46.1538461538,222.0,0,19.1881810052,64.0,5.62913907284,127.714285714,234.0
14:08:34,3090.0,3096.05363448,5.93333635039,41.6666666667,310.0,0,19.2017357618,-92.0,4.34782608695,187.523809524,92.0
14:08:35,3090.0,3096.05027228,5.93560378428,41.6666666667,78.0,0,19.2090737355,-12.0,10.8545034642,170.380952381,64.0
14:08:35,3090.0,3096.04691195,5.93786905286,41.6666666667,14.0,0,19.2164047018,-4.0,11.9266055046,133.142857143,56.0
14:08:36,3090.0,3096.04355349,5.9401163826,41.6666666667,28.0,0,19.2236776136,0.0,12.6829268293,99.619047619,30.0
14:08:36,3090.0,3096.04019689,5.94237746385,41.6666666667,10.0,0,19.2309950286,-10.0,16.918429003,63.4285714286,-54.0
14:08:37,3090.0,3096.03684216,5.94462086966,41.6666666667,12.0,0,19.2382552416,-8.0,26.9911504425,35.3333333333,-126.0
14:08:37,3089.0,3096.03293389,5.94736023375,38.4615384615,32.0,0,19.2533513556,-10.0,79.3103448276,22.9523809524,-44.0
14:08:38,3089.0,3096.02902779,5.95009676755,38.4615384615,754.0,0,19.262210319,-378.0,9.64705882355,230.095238095,-410.0
14:08:38,3090.0,3096.02567926,5.95234874277,41.6666666667,44.0,0,19.2632645397,-2.0,13.1818181818,202.19047619,-408.0
14:08:39,3089.0,3096.02177718,5.95504827856,38.4615384615,102.0,0,19.2782398141,78.0,11.7400419287,189.428571429,-330.0
14:08:39,3089.0,3096.01787728,5.95774472617,38.4615384615,394.0,0,19.2869690067,314.0,7.77279521676,256.571428571,-6.0
14:08:40,3088.0,3096.01342414,5.96096530188,35.7142857143,24.0,0,19.3036441123,-2.0,8.14814814816,199.714285714,0.0
14:08:40,3088.0,3096.00897348,5.96418195212,35.7142857143,158.0,0,19.3140607258,-26.0,9.21409214094,180.571428571,-16.0
14:08:41,3089.0,3096.00508068,5.96686837544,38.4615384615,32.0,0,19.3165049383,28.0,19.0981432361,119.428571429,390.0
14:08:41,3088.0,3096.00063465,5.96999865583,35.7142857143,42.0,0,19.3328972015,28.0,13.5638297872,95.5238095238,420.0
14:08:42,3088.0,3095.99619109,5.97320389219,35.7142857143,12.0,0,19.3432768529,10.0,16.6163141994,63.1428571429,352.0
14:08:42,3088.0,3095.99174999,5.9763259738,35.7142857143,36.0,0,19.3533872208,30.0,37.5,41.9047619048,68.0
14:08:43,3089.0,3095.98786677,5.97891934577,38.4615384615,78.0,0,19.3555174677,18.0,44.1340782123,49.7142857143,88.0
14:08:43,3089.0,3095.9839857,5.9813834386,38.4615384615,30.0,0,19.3634944597,24.0,54.7826086957,41.2380952381,138.0
14:08:44,3089.0,3095.98010678,5.98345246451,38.4615384615,12.0,0,19.3701925041,2.0,49.5238095238,33.7142857143,112.0
14:08:44,3089.0,3095.97623002,5.98525192983,38.4615384615,10.0,0,19.3760179017,6.0,62.9213483146,26.5714285714,90.0
14:08:45,3089.0,3095.97235541,5.9863764829,38.4615384615,68.0,0,19.3796584102,58.0,67.5213675214,37.5238095238,138.0
14:08:45,3089.0,3095.96848296,5.98709102575,38.4615384615,94.0,0,19.3819715952,12.0,84.2465753425,53.2380952381,120.0
14:08:46,3088.0,3095.96405725,5.98872806937,35.7142857143,18.0,0,19.3935494474,10.0,83.6206896552,44.4761904762,112.0
14:08:46,3089.0,3095.96018941,5.98983752923,38.4615384615,56.0,0,19.3908628334,28.0,82.9457364341,49.4285714286,116.0
14:08:47,3089.0,3095.95632371,5.99094213412,38.4615384615,562.0,0,19.3944387637,6.0,95.0495049505,197.714285714,120.0
14:08:47,3090.0,3095.95301556,5.99192635171,41.6666666667,26.0,0,19.3913474165,-22.0,92.2330097087,166.666666667,92.0
14:08:48,3089.0,3095.94915385,5.99338137392,38.4615384615,6.0,0,19.4023352992,-4.0,92.3884514436,129.142857143,30.0
14:08:48,3089.0,3095.94529428,5.99514525818,38.4615384615,8.0,0,19.4080455105,-8.0,90.2366863905,95.1428571429,10.0
14:08:49,3090.0,3095.94199225,5.99643093437,41.6666666667,32.0,0,19.4059253539,-8.0,87.8260869565,72.0952380952,-8.0
14:08:49,3089.0,3095.93813666,5.99818670516,38.4615384615,8.0,0,19.4178915674,-6.0,88.785046729,41.5238095238,-42.0
14:08:50,3089.0,3095.93428321,5.99926435819,38.4615384615,12.0,0,19.4213802467,-4.0,8.69565217391,14.380952381,-52.0
14:08:50,3089.0,3095.9304319,6.00101143095,38.4615384615,108.0,0,19.4270360342,-4.0,63.2183908046,40.8571428571,-34.0
14:08:51,3089.0,3095.92658273,6.00275428038,38.4615384615,26.0,0,19.4326781495,0.0,56.7010309278,40.0,-30.0
14:08:51,3089.0,3095.9227357,6.00417868891,38.4615384615,48.0,0,19.4372893782,-12.0,55.5555555556,44.4761904762,-34.0
14:08:52,3089.0,3095.9188908,6.00559859682,38.4615384615,54.0,0,19.441886037,-48.0,48.4375,48.7619047619,-74.0
14:08:52,3089.0,3095.91504804,6.0070140073,38.4615384615,2.0,0,19.4464681363,0.0,49.6,37.1428571429,-68.0
14:08:53,3090.0,3095.91176282,6.0082683769,41.6666666667,40.0,0,19.4442342295,0.0,58.9928057554,36.6666666667,-64.0
14:08:53,3089.0,3095.90792401,6.00999013346,38.4615384615,12.0,0,19.4561027305,0.0,34.0659340659,26.8571428571,-60.0
14:08:54,3090.0,3095.90464274,6.0112371046,41.6666666667,104.0,0,19.4538417625,-88.0,58.4615384616,47.9047619048,-148.0
14:08:54,3089.0,3095.9008079,6.0126357111,38.4615384615,84.0,0,19.4646672422,-2.0,58.7837837838,59.5238095238,-138.0
14:08:55,3089.0,3095.89697518,6.0140298354,38.4615384615,10.0,0,19.4691804319,0.0,69.0476190476,48.2857142857,-90.0
14:08:55,3090.0,3095.89369999,6.01526529669,41.6666666667,8.0,0,19.4668779828,0.0,68.2170542636,38.5714285714,-90.0
14:08:56,3090.0,3095.89042662,6.01649722112,41.6666666667,34.0,0,19.4708647933,-6.0,59.5238095238,36.0,-96.0
14:08:56,3089.0,3095.88659967,6.01819460952,38.4615384615,226.0,0,19.4826630285,94.0,32.6180257511,88.5714285714,-2.0
14:08:57,3089.0,3095.88277485,6.01988781503,38.4615384615,18.0,0,19.488144432,12.0,17.3684210526,71.5238095238,98.0
14:08:57,3090.0,3095.87950755,6.0211085417,41.6666666667,36.0,0,19.4857881609,8.0,12.0481927711,63.7142857143,108.0
14:08:58,3089.0,3095.87568666,6.02279374082,38.4615384615,14.0,0,19.497551767,2.0,11.9047619048,51.9047619048,110.0
14:08:58,3090.0,3095.87242329,6.02400711557,41.6666666667,46.0,0,19.4951686588,0.0,12.2994652406,49.0476190476,110.0
14:08:59,3090.0,3095.86916174,6.02521696756,41.6666666667,4.0,0,19.4990840374,-2.0,9.88372093023,32.380952381,114.0
14:08:59,3089.0,3095.8653466,6.02689035326,38.4615384615,8.0,0,19.5108137043,0.0,26.9841269841,18.2857142857,20.0
14:09:00,3090.0,3095.86208898,6.02809286811,41.6666666667,34.0,0,19.5083911589,-8.0,23.9436619718,22.0,0.0
14:09:00,3089.0,3095.85827777,6.02975827679,38.4615384615,146.0,0,19.5200980149,104.0,7.14285714286,56.9523809524,96.0
14:09:01,3090.0,3095.85502407,6.03063654048,41.6666666667,20.0,0,19.5166231083,20.0,10.0775193798,50.6666666667,114.0
14:09:01,3089.0,3095.85121678,6.03229385357,38.4615384615,98.0,0,19.5283064214,96.0,5.8064516129,66.380952381,210.0
14:09:02,3089.0,3095.84741161,6.03421816716,38.4615384615,118.0,0,19.5345359895,46.0,8.49056603774,85.3333333333,258.0
14:09:02,3089.0,3095.84360855,6.03636382224,38.4615384615,224.0,0,19.541482105,-28.0,5.0,129.142857143,230.0
14:09:03,3089.0,3095.8398076,6.03850583984,38.4615384615,330.0,0,19.5484164449,-44.0,2.99145299145,192.952380952,194.0
14:09:03,3089.0,3095.83600876,6.04082367043,38.4615384615,72.0,0,19.5559199431,46.0,11.6009280742,168.952380952,136.0
14:09:04,3088.0,3095.83165663,6.04364802121,35.7142857143,708.0,0,19.5713990324,706.0,6.32258064518,330.19047619,822.0
14:09:04,3088.0,3095.82730692,6.04660188596,35.7142857143,1094.0,0,19.5809646566,668.0,4.63472113119,568.952380952,1394.0
14:09:05,3088.0,3095.82295962,6.04955180847,35.7142857143,980.0,0,19.5905175145,150.0,2.93427230047,727.714285714,1498.0
14:09:05,3087.0,3095.81805934,6.05291832864,33.3333333333,1684.0,0,19.6077691242,404.0,3.7797863599,1046.57142857,1930.0
14:09:06,3087.0,3095.81316178,6.05641377711,33.3333333333,560.0,0,19.6190922485,26.0,2.3930953315,974.761904762,2000.0
14:09:06,3087.0,3095.80826694,6.05977016942,33.3333333333,168.0,0,19.6299649155,40.0,2.38737004235,780.0,1994.0
14:09:07,3087.0,3095.80337481,6.06312144581,33.3333333333,698.0,0,19.6408210101,-28.0,13.387345679,732.095238095,1260.0
14:09:07,3087.0,3095.79848541,6.06660204865,33.3333333333,198.0,0,19.6520960436,8.0,19.1697761194,541.80952381,600.0
14:09:08,3086.0,3095.79304332,6.07067540912,31.25,574.0,0,19.6716636718,48.0,28.4389489954,501.619047619,498.0
14:09:08,3086.0,3095.78760425,6.07474278656,31.25,1392.0,0,19.6848437672,392.0,31.4206128134,714.476190476,486.0
14:09:09,3087.0,3095.7827236,6.07820778491,33.3333333333,602.0,0,19.6896915611,118.0,35.6828193833,715.523809524,578.0
14:09:09,3087.0,3095.77784567,6.08166795444,33.3333333333,372.0,0,19.7009004031,116.0,33.1595411887,648.857142857,654.0
14:09:10,3087.0,3095.77297044,6.08498830228,33.3333333333,352.0,0,19.711656308,234.0,20.3438395415,566.761904762,916.0
14:09:10,3087.0,3095.76809792,6.08830359489,33.3333333333,1148.0,0,19.722395837,-176.0,36.8468468468,728.571428571,732.0
14:09:11,3087.0,3095.76322811,6.09174910012,33.3333333333,414.0,34.1463414634,19.7335571756,2.0,31.5887850467,635.428571429,686.0
14:09:11,3086.0,3095.7578056,6.09564820863,26.6666666667,44.0,0,19.7525865477,26.0,42.7694406548,444.19047619,320.0
14:09:12,3086.0,3095.7523861,6.09954116874,26.6666666667,66.0,0,19.7652014541,44.0,49.081803005,323.428571429,246.0
14:09:12,3086.0,3095.74696961,6.10342799222,26.6666666667,644.0,0,19.7777964751,-474.0,43.0284857571,393.333333333,-344.0
14:09:13,3086.0,3095.74155613,6.10744444925,26.6666666667,84.0,0,19.7908115659,-4.0,49.5833333333,290.285714286,-582.0
14:09:13,3086.0,3095.73614566,6.11145503451,26.6666666667,80.0,0,19.8038076297,-10.0,9.30930930932,198.857142857,-416.0
14:09:14,3087.0,3095.73129359,6.11473296082,28.5714285714,88.0,0,19.808010887,16.0,17.8926441352,160.571428571,-402.0
14:09:14,3086.0,3095.72588882,6.11873231217,26.6666666667,250.0,0,19.8273892164,134.0,28.3828382838,184.095238095,-294.0
14:09:15,3087.0,3095.72104245,6.12213611555,28.5714285714,364.0,0,19.8319925998,4.0,23.0463576159,230.380952381,-334.0
14:09:15,3087.0,3095.71619877,6.1255351933,28.5714285714,342.0,0,19.8430035416,260.0,50.1655629139,256.19047619,400.0
14:09:16,3087.0,3095.71135779,6.12879309988,28.5714285714,100.0,0,19.8535571749,48.0,49.8366013072,227.238095238,452.0
14:09:16,3086.0,3095.70596409,6.13263421941,26.6666666667,368.0,0,19.8724375224,8.0,62.8306878307,274.095238095,470.0
14:09:17,3086.0,3095.70057338,6.13660601093,26.6666666667,516.0,0,19.8853078773,206.0,48.1443298969,349.523809524,660.0
14:09:17,3087.0,3095.69574107,6.13998501401,28.5714285714,80.0,0,19.8898121607,26.0,43.9548022599,280.0,552.0
14:09:18,3087.0,3095.69091145,6.14335933255,28.5714285714,120.0,0,19.9007428978,-28.0,50.7208387942,230.0,520.0
14:09:18,3086.0,3095.6855291,6.14731495637,26.6666666667,390.0,0,19.9200095799,8.0,33.5451080051,268.761904762,268.0
14:09:19,3086.0,3095.68014975,6.1511276631,26.6666666667,52.0,0,19.93236443,-2.0,31.7169069463,208.666666667,218.0
14:09:19,3086.0,3095.67477338,6.15507167548,26.6666666667,434.0,0,19.9451447682,18.0,20.1005025125,260.0,228.0
14:09:20,3087.0,3095.6699554,6.15828829608,28.5714285714,70.0,0,19.9491036478,-22.0,28.0977312391,204.19047619,0.0
14:09:20,3086.0,3095.66458469,6.16222131441,26.6666666667,1316.0,0,19.9683127492,-136.0,23.4256926952,525.619047619,-162.0
14:09:21,3086.0,3095.65921697,6.16614862063,26.6666666667,1794.0,0,19.9810389521,-684.0,43.1459566075,924.761904762,-818.0
14:09:21,3087.0,3095.65440763,6.16934986045,28.5714285714,308.0,0,19.9849363798,84.0,47.5591343734,819.619047619,-742.0
14:09:22,3087.0,3095.64960096,6.17268412613,28.5714285714,198.0,0,19.99573737,-110.0,45.7281553398,686.952380952,-850.0
14:09:22,3086.0,3095.64424156,6.17645738662,26.6666666667,98.0,0,20.014443897,-64.0,45.3488372093,518.761904762,-932.0
14:09:23,3086.0,3095.63888514,6.18022473522,26.6666666667,138.0,0,20.0266517667,-64.0,45.7943925234,378.0,-974.0
14:09:23,3087.0,3095.63408709,6.18340570987,28.5714285714,116.0,0,20.0304687718,-10.0,58.5972850679,227.714285714,-848.0
14:09:24,3086.0,3095.6287363,6.18716183139,26.6666666667,164.0,0,20.0491310155,118.0,33.2681017612,148.285714286,-46.0
14:09:24,3086.0,3095.62338849,6.19105058373,26.6666666667,258.0,0,20.0617322869,110.0,22.8395061728,173.333333333,-20.0
14:09:25,3086.0,3095.61804365,6.19479508225,26.6666666667,32.0,0,20.0738661123,-12.0,29.0322580645,136.19047619,78.0
14:09:25,3086.0,3095.61270178,6.19853372123,26.6666666667,588.0,0,20.0859809502,-166.0,18.8271604938,265.80952381,-24.0
14:09:26,3086.0,3095.60736287,6.20226651125,26.6666666667,24.0,0,20.0980768349,-10.0,13.8747884941,210.952380952,30.0
14:09:26,3086.0,3095.60202693,6.20599346286,26.6666666667,996.0,0,20.1101538006,862.0,5.81959262851,439.238095238,902.0
14:09:27,3085.0,3095.59613855,6.21033586272,25.0,72.0,0,20.1307483394,2.0,9.2385786802,361.619047619,786.0
14:09:27,3085.0,3095.59025344,6.21448723092,25.0,3198.0,0,20.1442049624,-36.0,8.22810590632,1181.52380952,640.0
14:09:28,3085.0,3095.5843716,6.21840257265,25.0,1426.0,0,20.1568965078,558.0,7.45558375635,1355.14285714,1210.0
14:09:28,3085.0,3095.57849302,6.22231049045,25.0,3672.0,0,20.1695639885,1294.0,30.1661695782,2104.0952381,2670.0
14:09:29,3085.0,3095.57261772,6.22621099828,25.0,498.0,0,20.1822074498,132.0,30.7037112148,1799.33333333,2812.0
14:09:29,3085.0,3095.56674567,6.23010411006,25.0,1414.0,0,20.194826937,-1062.0,29.766536965,1733.71428571,888.0
14:09:30,3085.0,3095.56087689,6.23398983966,25.0,562.0,0,20.2074224948,-46.0,27.8365831012,1404.76190476,840.0
14:09:30,3085.0,3095.55501136,6.23786820086,25.0,298.0,0,20.2199941681,-50.0,34.6378653113,977.047619048,826.0
14:09:31,3086.0,3095.5497045,6.24084907863,26.6666666667,240.0,0,20.2231013565,56.0,39.9760622382,670.857142857,324.0
14:09:31,3086.0,3095.54440058,6.24409765125,26.6666666667,138.0,0,20.2336281635,98.0,11.1746031746,392.0,-872.0
14:09:32,3085.0,3095.53854421,6.24795516549,25.0,320.0,0,20.252690974,32.0,13.2570659489,333.428571429,-972.0
14:09:32,3086.0,3095.53324649,6.25119089889,26.6666666667,170.0,0,20.2566134118,60.0,27.4305555556,240.476190476,150.0
14:09:33,3085.0,3095.52739631,6.25503441682,25.0,208.0,0,20.2756383041,86.0,35.3711790393,217.619047619,282.0
14:09:33,3085.0,3095.52154938,6.25910062737,25.0,1216.0,0,20.2888188894,-604.0,103.577661431,499.619047619,-272.0
14:09:34,3086.0,3095.5162611,6.26231702377,26.6666666667,60.0,0,20.2926669597,16.0,110.511363636,407.619047619,-312.0
14:09:34,3086.0,3095.51097575,6.26575751876,26.6666666667,220.0,0,20.3038156797,8.0,105.651777575,369.904761905,-402.0
14:09:35,3086.0,3095.50569335,6.26896184698,26.6666666667,132.0,0,20.3141991153,90.0,103.190428714,303.142857143,-344.0
14:09:35,3087.0,3095.50096927,6.27182372516,28.5714285714,58.0,0,20.3168892943,22.0,103.801478353,224.19047619,-382.0
14:09:36,3086.0,3095.49569242,6.27501654491,26.6666666667,46.0,0,20.3338190049,14.0,113.279445727,147.142857143,-454.0
14:09:36,3087.0,3095.4909739,6.27763750458,28.5714285714,676.0,0,20.335722399,-164.0,49.8322147651,257.80952381,-14.0
14:09:37,3086.0,3095.4857026,6.28081873251,26.6666666667,336.0,0,20.3526206497,-140.0,54.4959128065,297.047619048,-170.0
14:09:37,3087.0,3095.48098963,6.28342909348,28.5714285714,58.0,0,20.35448362,-36.0,61.7151607963,243.714285714,-214.0
14:09:38,3086.0,3095.47572388,6.2865987622,26.6666666667,312.0,0,20.3713504932,4.0,54.1049798116,270.666666667,-300.0
14:09:38,3086.0,3095.47046105,6.28976240498,26.6666666667,190.0,0,20.38160209,6.0,51.174289246,254.19047619,-316.0
14:09:39,3086.0,3095.46520115,6.29292003091,26.6666666667,110.0,0,20.3918341896,2.0,48.6325802616,208.571428571,-328.0
14:09:39,3086.0,3095.45994416,6.29607164904,26.6666666667,994.0,0,20.4020468213,134.0,35.8,412.476190476,-30.0
14:09:40,3087.0,3095.4552455,6.29837936607,28.5714285714,116.0,0,20.4029133983,14.0,37.8651685393,350.380952381,124.0
14:09:40,3087.0,3095.45054944,6.30095754407,28.5714285714,204.0,0,20.411265125,18.0,42.5752855659,323.904761905,178.0
14:09:41,3087.0,3095.445856,6.30353070156,28.5714285714,120.0,0,20.4196005882,106.0,51.0957324106,266.476190476,280.0
14:09:41,3087.0,3095.44116516,6.30609884468,28.5714285714,220.0,0,20.4279198078,-178.0,48.4126984127,246.761904762,96.0
14:09:42,3087.0,3095.43647692,6.30866197955,28.5714285714,186.0,0,20.4362228039,12.0,46.1956521739,215.904761905,106.0
14:09:42,3087.0,3095.43179129,6.31122011227,28.5714285714,68.0,0,20.444509596,38.0,55.1422319475,147.714285714,10.0
14:09:43,3087.0,3095.42710827,6.31400549826,28.5714285714,74.0,0,20.4535325503,-42.0,47.9357798165,125.333333333,-46.0
14:09:43,3087.0,3095.42242784,6.31678612586,28.5714285714,296.0,0,20.4625400903,8.0,22.1991701245,168.380952381,-56.0
14:09:44,3087.0,3095.41775001,6.31956200135,28.5714285714,102.0,0,20.4715322363,-50.0,26.8498942918,151.619047619,-212.0
14:09:44,3087.0,3095.41307478,6.32210056513,28.5714285714,16.0,0,20.4797556369,-4.0,34.5013477089,111.142857143,-38.0
14:09:45,3087.0,3095.40840215,6.32463415718,28.5714285714,348.0,0,20.4879629322,216.0,51.1061946903,175.238095238,166.0
14:09:45,3087.0,3095.40373211,6.3271627835,28.5714285714,12.0,0,20.4961541416,6.0,45.2830188679,135.619047619,134.0
14:09:46,3087.0,3095.39906467,6.32991939542,28.5714285714,82.0,0,20.5050838854,-18.0,41.3551401869,118.666666667,158.0
14:09:46,3088.0,3095.39495522,6.33215860816,33.3333333333,22.0,0,20.5056949746,-2.0,64.2611683849,84.1904761905,148.0
14:09:47,3087.0,3095.39029265,6.33467304909,28.5714285714,1036.0,0,20.5204828283,-420.0,15.6992084433,352.476190476,-222.0
14:09:47,3086.0,3095.38507727,6.33797149243,26.6666666667,176.0,0,20.5378207791,32.0,13.245823389,330.571428571,-186.0
14:09:48,3086.0,3095.37986479,6.34103089722,26.6666666667,564.0,0,20.5477345989,-378.0,4.22832980973,411.904761905,-780.0
14:09:48,3087.0,3095.3752106,6.34352977937,28.5714285714,668.0,0,20.5491732406,72.0,3.29670329671,512.666666667,-714.0
14:09:49,3086.0,3095.37000359,6.34681158409,26.6666666667,390.0,0,20.5664665719,112.0,1.4705882353,502.761904762,-584.0
14:09:49,3086.0,3095.36479948,6.35008775579,26.6666666667,104.0,0,20.577082812,0.0,1.22532334923,396.476190476,-582.0
14:09:50,3086.0,3095.35959826,6.35335830316,26.6666666667,1014.0,0,20.5876808268,-686.0,2.74348422498,546.285714286,-848.0
14:09:50,3085.0,3095.35384453,6.35721957019,25.0,1312.0,0,20.6068705679,538.0,16.2882527147,782.285714286,-342.0
14:09:51,3085.0,3095.34809399,6.3610741144,25.0,58.0,0,20.6193650386,-22.0,18.4433164129,605.904761905,14.0
14:09:51,3085.0,3095.34234664,6.36492194801,25.0,1004.0,0,20.6318377569,412.0,18.5986604843,723.904761905,354.0
14:09:52,3085.0,3095.33660249,6.3687630832,25.0,1292.0,0,20.6442887624,204.0,15.4682274248,908.19047619,446.0
14:09:52,3084.0,3095.33030613,6.37300076979,23.5294117647,324.0,0,20.6647236374,58.0,14.8681055156,772.952380952,504.0
14:09:53,3083.0,3095.32345786,6.37791061007,22.2222222222,1666.0,0,20.6873519626,44.0,-4.73833097595,1010.66666667,1234.0
14:09:53,3083.0,3095.3166134,6.38281082259,22.2222222222,1910.0,0,20.703246262,58.0,-10.681164055,1287.04761905,754.0
14:09:54,3084.0,3095.31032813,6.38702269846,23.5294117647,610.0,0,20.7101903322,84.0,-12.9297678519,1163.52380952,860.0
14:09:54,3084.0,3095.30404636,6.39122647453,23.5294117647,990.0,0,20.7238212533,-778.0,-7.65606595995,1122.28571429,-330.0
14:09:55,3083.0,3095.29721268,6.39582133549,22.2222222222,94.0,0,20.7454470824,-42.0,-9.25992134429,825.714285714,-576.0
14:09:55,3084.0,3095.29093819,6.40000819227,23.5294117647,478.0,0,20.7522963433,-116.0,-0.626304801668,695.904761905,-750.0
14:09:56,3085.0,3095.28522259,6.40355441783,25.0,282.0,0,20.7570645635,-40.0,23.1897341888,502.761904762,-834.0
14:09:56,3085.0,3095.27951017,6.40709386342,25.0,132.0,0,20.7685376448,-74.0,33.5653518948,332.666666667,-966.0
14:09:57,3085.0,3095.27380091,6.41086170803,25.0,72.0,0,20.7807510795,20.0,50.09765625,230.095238095,-1030.0
14:09:57,3084.0,3095.26753943,6.41501854135,23.5294117647,198.0,0,20.8009680329,100.0,48.2484076433,189.142857143,-152.0
14:09:58,3084.0,3095.26128143,6.41940272956,23.5294117647,402.0,0,20.815183948,114.0,40.2813299233,244.19047619,4.0
14:09:58,3085.0,3095.2555823,6.42291422046,25.0,428.0,0,20.8198191911,72.0,17.965653897,292.0,192.0
14:09:59,3085.0,3095.24988633,6.42665454029,25.0,304.0,0,20.8319434045,48.0,25.390625,306.761904762,280.0
14:09:59,3085.0,3095.24419353,6.43015271116,25.0,1206.0,0,20.8432826942,-490.0,95.4789272031,578.19047619,-136.0
14:10:00,3085.0,3095.2385039,6.43364418266,25.0,264.0,0,20.854600268,-148.0,89.721627409,529.333333333,-304.0
14:10:00,3084.0,3095.23226202,6.43775610182,23.5294117647,492.0,0,20.8746955312,72.0,77.5839793282,536.476190476,-332.0
14:10:01,3085.0,3095.226579,6.4409545148,25.0,308.0,35.0,20.8782966444,-112.0,82.4117255163,477.047619048,-558.0
14:10:01,3085.0,3095.22089915,6.4441460599,20.0,164.0,0,20.8886420094,-8.0,86.7786705625,380.952380952,-638.0
14:10:02,3085.0,3095.21522245,6.44733074733,20.0,126.0,0,20.8989651453,-14.0,90.15625,286.571428571,-700.0
14:10:02,3085.0,3095.2095489,6.45018604383,20.0,432.0,0,20.9082205635,78.0,20.156774916,288.095238095,-132.0
14:10:03,3085.0,3095.2038785,6.45266854908,20.0,106.0,0,20.9162675821,48.0,26.4127764128,233.333333333,64.0
14:10:03,3086.0,3095.19876666,6.45456293167,25.0,400.0,0,20.9156284241,348.0,37.3697916667,270.095238095,340.0
14:10:04,3086.0,3095.19365765,6.45645097419,25.0,124.0,0,20.9217465139,-84.0,41.2721893491,232.380952381,368.0
14:10:04,3086.0,3095.18855148,6.4583326822,25.0,92.0,0,20.9278440771,-22.0,42.1875,194.285714286,354.0
14:10:05,3086.0,3095.18344815,6.45979866292,25.0,498.0,0,20.9325945007,466.0,28.2082324455,275.619047619,834.0
14:10:05,3086.0,3095.17834765,6.4612579937,25.0,72.0,0,20.9373233756,-8.0,23.9938080495,217.523809524,748.0
14:10:06,3085.0,3095.17269458,6.46328944243,20.0,308.0,0,20.9506951132,16.0,17.1352074966,244.0,716.0
14:10:06,3085.0,3095.16704466,6.46486047704,20.0,578.0,0,20.9557876079,294.0,17.5837320574,338.0,662.0
14:10:07,3085.0,3095.16139787,6.46642367217,20.0,84.0,0,20.960854691,60.0,17.0343137255,282.380952381,806.0
14:10:07,3085.0,3095.15575421,6.4679790335,20.0,90.0,0,20.9658963809,40.0,19.018404908,230.380952381,868.0
14:10:08,3085.0,3095.15011369,6.47039053122,20.0,2090.0,0,20.9737132292,1522.0,11.669770329,749.904761905,1924.0
14:10:08,3084.0,3095.14392091,6.47300355322,18.75,162.0,0,20.9889868781,-96.0,9.84299516906,642.761904762,1836.0
14:10:09,3084.0,3095.13773156,6.4756080736,18.75,390.0,0,20.9974321453,112.0,14.790807307,596.476190476,1932.0
14:10:09,3084.0,3095.13154565,6.47861495805,18.75,1142.0,0,21.0071820948,-286.0,13.9464375947,761.142857143,1352.0
14:10:10,3083.0,3095.12480777,6.48186310451,17.6470588235,138.0,0,21.0245316397,-54.0,14.8055832502,612.095238095,1238.0
14:10:10,3083.0,3095.11807364,6.48551260622,17.6470588235,136.0,0,21.0363691412,-72.0,14.2434696895,459.904761905,1126.0
14:10:11,3083.0,3095.11134325,6.48915262378,17.6470588235,114.0,0,21.0481758799,-18.0,25.1681075889,299.238095238,-414.0
14:10:11,3084.0,3095.10517199,6.49212471046,18.75,500.0,0,21.0509880365,-282.0,44.958677686,342.952380952,-600.0
14:10:12,3085.0,3095.09955957,6.49447341026,20.0,20.0,0,21.051777667,0.0,43.0243902439,233.428571429,-712.0
14:10:12,3084.0,3095.09339486,6.49742966749,18.75,126.0,0,21.0681895833,8.0,72.7272727273,171.80952381,-418.0
14:10:13,3084.0,3095.08723357,6.50074648491,18.75,82.0,0,21.0789445036,14.0,64.2126789366,146.0,-350.0
14:10:13,3085.0,3095.08163111,6.50307296781,20.0,136.0,0,21.0796530561,102.0,73.2106339468,138.285714286,-176.0
14:10:14,3084.0,3095.07547636,6.50637436137,18.75,150.0,0,21.0971931302,-2.0,67.258382643,134.571428571,-160.0
14:10:14,3084.0,3095.06932502,6.50929875587,18.75,370.0,0,21.1066756027,126.0,28.5067873303,192.0,248.0
14:10:15,3085.0,3095.06373251,6.51160310523,20.0,24.0,0,21.1073034205,0.0,28.1531531532,156.761904762,248.0
14:10:15,3084.0,3095.0575877,6.5148811078,18.75,22.0,0,21.1247766141,2.0,32.9081632653,120.761904762,242.0
14:10:16,3084.0,3095.0514463,6.51847795587,18.75,1090.0,0,21.1364395456,-588.0,15.0669642857,394.857142857,-360.0
14:10:16,3084.0,3095.04530831,6.5217402576,18.75,1374.0,0,21.1470176965,478.0,50.9570957096,702.095238095,16.0
14:10:17,3084.0,3095.03917373,6.5253216183,18.75,240.0,0,21.1586304095,86.0,57.0512820513,626.380952381,104.0
14:10:17,3084.0,3095.03304256,6.52856826774,18.75,74.0,0,21.1691578072,36.0,61.9688385269,498.952380952,14.0
14:10:18,3084.0,3095.02691479,6.53213419055,18.75,170.0,0,21.1807204622,12.0,64.3097643098,413.047619048,26.0
14:10:18,3084.0,3095.02079043,6.53536523581,18.75,842.0,0,21.1911972627,-274.0,72.401055409,512.19047619,-250.0
14:10:19,3084.0,3095.01466947,6.53891576979,18.75,166.0,0,21.2027100188,54.0,96.4410327983,379.142857143,392.0
14:10:19,3084.0,3095.00855191,6.54213125857,18.75,294.0,0,21.2131363767,278.0,76.483762598,326.666666667,192.0
14:10:20,3085.0,3095.00299315,6.54473277402,20.0,80.0,0,21.2146929466,-8.0,72.2017220172,264.476190476,98.0
14:10:20,3084.0,3094.99688207,6.54793320988,18.75,50.0,0,21.2319494484,46.0,68.9138576779,201.333333333,108.0
14:10:21,3084.0,3094.99077439,6.55145361309,18.75,22.0,0,21.2433645042,4.0,65.3370013755,131.333333333,100.0
14:10:21,3085.0,3094.9852255,6.55403407485,20.0,1200.0,0,21.2448430303,-550.0,72.0750551876,404.952380952,-176.0
14:10:22,3085.0,3094.97967969,6.55660782515,20.0,30.0,0,21.253185819,-14.0,76.2529832936,327.238095238,-244.0
14:10:22,3085.0,3094.97413696,6.55950299584,20.0,148.0,0,21.262570489,-26.0,76.0784313725,289.714285714,-548.0
14:10:23,3086.0,3094.96915272,6.56183098295,25.0,28.0,0,21.2632241832,2.0,76.048714479,224.857142857,-538.0
14:10:23,3086.0,3094.96417124,6.5641534425,25.0,62.0,0,21.2707499757,-22.0,75.3020134228,172.19047619,-606.0
14:10:24,3085.0,3094.95863713,6.56731637484,20.0,106.0,0,21.2878974873,-68.0,74.2058449809,131.523809524,-678.0
14:10:24,3086.0,3094.95366149,6.5699137488,25.0,108.0,0,21.2894159067,46.0,-2.48962655601,87.4285714286,-82.0
14:10:25,3087.0,3094.94924401,6.57198917122,29.4117647059,1190.0,0,21.2892425372,-692.0,77.7101096224,404.476190476,-760.0
14:10:25,3086.0,3094.94427359,6.57457644859,25.0,150.0,0,21.3045251089,116.0,84.0632603406,369.142857143,-618.0
14:10:26,3086.0,3094.93930593,6.57687188183,25.0,108.0,0,21.3119633241,-34.0,86.1948955916,321.714285714,-654.0
14:10:26,3086.0,3094.93434103,6.57944854907,25.0,194.0,0,21.3203128615,-128.0,90.5172413793,295.047619048,-760.0
14:10:27,3087.0,3094.92993429,6.58150492659,29.4117647059,250.0,0,21.3200677894,40.0,81.7,278.095238095,-652.0
14:10:27,3085.0,3094.92441919,6.58434140782,20.0,86.0,0,21.34308398,6.0,84.9342770475,207.428571429,-692.0
14:10:28,3087.0,3094.92001795,6.58638803368,29.4117647059,254.0,0,21.3358860826,16.0,63.339731286,185.80952381,16.0
14:10:28,3087.0,3094.91561917,6.58843022926,29.4117647059,46.0,0,21.3425015525,-6.0,72.4946695096,149.333333333,-106.0
14:10:29,3087.0,3094.91122282,6.59018066314,29.4117647059,176.0,0,21.3481718923,-28.0,60.2385685885,154.952380952,-100.0
14:10:29,3086.0,3094.90627352,6.59272700068,25.0,238.0,0,21.3633408966,184.0,40.3809523809,175.047619048,212.0
14:10:30,3086.0,3094.90132696,6.59526813165,25.0,36.0,0,21.3715752808,14.0,53.1100478469,135.333333333,186.0
14:10:30,3086.0,3094.89638315,6.59780406206,25.0,18.0,0,21.3797928129,6.0,51.5625,100.666666667,186.0
14:10:31,3086.0,3094.89144209,6.60004699174,25.0,26.0,0,21.3870608935,16.0,26.6666666667,71.5238095238,186.0
14:10:31,3085.0,3094.88594837,6.60283796074,20.0,92.0,0,21.4030403914,86.0,36.8600682594,72.0952380952,278.0
14:10:32,3086.0,3094.8810131,6.60473945407,25.0,460.0,0,21.4022665394,32.0,26.2068965517,175.619047619,338.0
14:10:32,3086.0,3094.87608058,6.60696554781,25.0,320.0,0,21.4094800642,62.0,54.8319327731,225.619047619,216.0
14:10:33,3085.0,3094.87059539,6.60940799141,20.0,702.0,0,21.4243370872,98.0,72.435105068,380.857142857,300.0
14:10:33,3086.0,3094.86566865,6.61129215438,25.0,290.0,0,21.4235001762,76.0,76.4021164021,386.666666667,370.0
14:10:34,3086.0,3094.86074465,6.61317063509,25.0,254.0,0,21.4295872815,42.0,67.5165250236,369.238095238,396.0
14:10:34,3086.0,3094.85582338,6.61504343836,25.0,22.0,0,21.4356559895,2.0,65.4296875,274.666666667,312.0
14:10:35,3086.0,3094.85090484,6.61653754888,25.0,118.0,0,21.4404975661,110.0,76.0844079719,210.857142857,390.0
14:10:35,3087.0,3094.84654444,6.61789064153,29.4117647059,42.0,0,21.4379353467,20.0,69.6078431372,141.619047619,348.0
14:10:36,3086.0,3094.84163106,6.61974668844,25.0,26.0,0,21.4508965925,14.0,43.085106383,81.0476190476,264.0
14:10:36,3087.0,3094.83727581,6.62071606194,29.4117647059,90.0,0,21.4470879881,-4.0,21.3768115942,70.9523809524,184.0
14:10:37,3087.0,3094.83292297,6.62205385226,29.4117647059,82.0,0,21.4514216141,-16.0,33.1578947368,68.0952380952,126.0
14:10:37,3086.0,3094.82801716,6.62389356589,25.0,150.0,0,21.4643343029,4.0,34.2519685039,92.8571428571,128.0
14:10:38,3086.0,3094.82311406,6.625727633,25.0,32.0,0,21.4702774887,-16.0,42.1800947867,77.8095238095,2.0
14:10:38,3086.0,3094.81821369,6.62718193745,25.0,20.0,0,21.474990076,2.0,45.0,63.4285714286,-16.0
14:10:39,3086.0,3094.81331605,6.629004584,25.0,54.0,0,21.4808962541,44.0,39.7196261682,59.8095238095,14.0
14:10:39,3087.0,3094.80897652,6.63064879141,29.4117647059,428.0,0,21.4792639825,-240.0,52.2193211488,161.714285714,-222.0
14:10:40,3087.0,3094.80463941,6.63195572425,29.4117647059,28.0,0,21.483497649,-4.0,57.5842696629,133.238095238,-210.0
14:10:40,3087.0,3094.8003047,6.63325774664,29.4117647059,32.0,0,21.4877154086,-28.0,66.32996633,108.476190476,-242.0
14:10:41,3087.0,3094.7959724,6.63455486147,29.4117647059,16.0,0,21.4919172707,-16.0,69.2041522491,84.7619047619,-242.0
14:10:41,3087.0,3094.79164251,6.63584707163,29.4117647059,228.0,0,21.4961032447,-6.0,53.1806615776,122.380952381,-250.0
14:10:42,3086.0,3094.78675962,6.63763804465,25.0,76.0,0,21.5088724713,-58.0,52.9702970297,106.666666667,-352.0
14:10:42,3087.0,3094.78243484,6.63854476096,29.4117647059,24.0,0,21.5048421152,-18.0,31.6831683168,75.0476190476,-130.0
14:10:43,3086.0,3094.77755707,6.64032475756,25.0,6.0,0,21.5175786052,0.0,27.7486910995,57.5238095238,-126.0
14:10:43,3086.0,3094.772682,6.6420991541,25.0,6.0,0,21.5233284319,-2.0,21.9101123595,41.0476190476,-100.0
14:10:44,3087.0,3094.76836504,6.64336573834,29.4117647059,20.0,0,21.5204591459,-10.0,22.7777777778,29.8095238095,-94.0
14:10:44,3087.0,3094.76405048,6.64462743616,29.4117647059,40.0,0,21.5245462785,-10.0,54.6511627907,24.0952380952,-98.0
14:10:45,3086.0,3094.75918292,6.6463858124,25.0,4.0,0,21.537219094,-2.0,80.0,17.0476190476,-42.0
14:10:45,3086.0,3094.75431806,6.64734419724,25.0,6.0,0,21.5403246832,-4.0,82.9268292683,14.0,-28.0
14:10:46,3087.0,3094.7500113,6.64821376154,29.4117647059,270.0,0,21.5361637886,-200.0,96.5317919075,87.2380952381,-228.0
14:10:46,3087.0,3094.74570693,6.64907809446,29.4117647059,1454.0,0,21.5389637009,350.0,99.4425863991,486.19047619,124.0
14:10:47,3087.0,3094.74140496,6.64993719802,29.4117647059,294.0,0,21.5417466732,-168.0,97.3887814313,484.761904762,-34.0
14:10:47,3088.0,3094.73766077,6.65070997788,33.3333333333,38.0,0,21.5372732444,-2.0,96.1277831559,397.142857143,-26.0
14:10:48,3087.0,3094.73336326,6.65155912638,29.4117647059,320.0,0,21.5470007333,10.0,94.1225860621,390.19047619,-14.0
14:10:48,3088.0,3094.72962355,6.65194540722,33.3333333333,8.0,0,21.5412739871,2.0,94.0436241611,279.047619048,-8.0
14:10:49,3088.0,3094.7258859,6.65270473168,33.3333333333,22.0,0,21.5437329394,10.0,92.8838951311,171.80952381,202.0
14:10:49,3087.0,3094.72159494,6.6539168823,29.4117647059,42.0,0,21.5546384266,-20.0,73.7569060774,82.0952380952,-168.0
14:10:50,3087.0,3094.71730635,6.65512417448,29.4117647059,278.0,0,21.5585493181,118.0,45.7627118644,127.047619048,118.0
14:10:50,3087.0,3094.71302015,6.65632661087,29.4117647059,160.0,0,21.5624444797,-50.0,40.9638554217,139.047619048,70.0
14:10:51,3087.0,3094.70873633,6.6575241941,29.4117647059,108.0,33.3333333333,21.56632392,28.0,17.1521035599,130.380952381,88.0
14:10:51,3088.0,3094.70501029,6.65826108407,37.5,146.0,0,21.5617263085,0.0,18.7830687831,142.666666667,86.0
14:10:52,3087.0,3094.70073092,6.65944928186,33.3333333333,30.0,0,21.5725600319,12.0,20.5497382199,115.238095238,88.0
14:10:52,3088.0,3094.69700932,6.66017737409,37.5,40.0,0,21.5679319109,34.0,24.8031496063,90.2857142857,142.0
14:10:53,3088.0,3094.6932898,6.66090120488,37.5,38.0,0,21.5702759225,26.0,35.4406130268,64.8571428571,50.0
14:10:53,3088.0,3094.68957233,6.66162077561,37.5,40.0,0,21.5726061386,10.0,44.5273631841,51.4285714286,110.0
14:10:54,3088.0,3094.68585694,6.66233608767,37.5,14.0,0,21.5749225637,2.0,51.6233766234,36.2857142857,84.0
14:10:54,3087.0,3094.6815882,6.66350132609,33.3333333333,20.0,0,21.5856861875,6.0,73.0769230769,27.3333333333,90.0
14:10:55,3087.0,3094.67732184,6.6642819809,33.3333333333,26.0,0,21.5882150337,4.0,60.6741573034,26.0952380952,82.0
14:10:55,3087.0,3094.67305784,6.66577562911,33.3333333333,180.0,0,21.5930535443,16.0,22.641509434,69.0476190476,64.0
14:10:56,3088.0,3094.66935162,6.66647312219,37.5,38.0,0,21.5883196962,14.0,23.2704402516,64.7619047619,52.0
14:10:56,3088.0,3094.66564745,6.6675049473,37.5,1022.0,0,21.5916610988,714.0,0.153846153834,341.619047619,756.0
14:10:57,3087.0,3094.66138994,6.66864683555,33.3333333333,20.0,0,21.6023545045,14.0,1.37825421132,285.428571429,768.0
14:10:57,3087.0,3094.6571348,6.67012280205,33.3333333333,350.0,0,21.6071357371,88.0,26.1613691931,323.238095238,850.0
14:10:58,3087.0,3094.65288201,6.67125522066,33.3333333333,46.0,0,21.6108040838,-10.0,28.2608695652,258.476190476,836.0
14:10:58,3087.0,3094.64863159,6.6727220416,33.3333333333,60.0,0,21.6155556903,6.0,33.3333333333,196.761904762,826.0
14:10:59,3087.0,3094.64438353,6.67418436664,33.3333333333,14.0,0,21.6202927329,-6.0,32.2751322751,127.619047619,806.0
14:10:59,3087.0,3094.64013783,6.67530268769,33.3333333333,72.0,0,21.623915412,-70.0,109.252669039,76.1904761905,22.0
14:11:00,3087.0,3094.63589449,6.6767558841,33.3333333333,34.0,0,21.6286228834,-16.0,106.597222222,59.1428571429,-8.0
14:11:00,3086.0,3094.6310981,6.67835682806,31.25,112.0,0,21.6408192743,86.0,59.7633136095,63.7142857143,-10.0
14:11:01,3087.0,3094.62685978,6.67980058104,33.3333333333,224.0,0,21.6384858472,-68.0,41.0852713178,111.619047619,-68.0
14:11:01,3086.0,3094.62206841,6.68173122018,31.25,278.0,0,21.6517537919,28.0,23.4332425068,166.476190476,-46.0
14:11:02,3087.0,3094.61783511,6.68316568899,33.3333333333,74.0,0,21.6493867476,4.0,22.4181360201,152.666666667,-36.0
14:11:02,3086.0,3094.61304875,6.6850863534,31.25,20.0,0,21.6626259022,-10.0,15.6334231806,120.571428571,24.0
14:11:03,3087.0,3094.60882045,6.6865115515,33.3333333333,18.0,0,21.6602253045,-16.0,15.1515151515,90.380952381,24.0
14:11:03,3087.0,3094.60459451,6.68793228094,33.3333333333,38.0,0,21.6648276027,-20.0,20.8588957055,66.6666666667,-82.0
14:11:04,3086.0,3094.5998155,6.68983819745,31.25,78.0,0,21.678023971,-66.0,25.2964426877,57.9047619048,-80.0
14:11:04,3087.0,3094.59559456,6.69154911455,33.3333333333,14.0,0,21.6765439409,-2.0,56.1983471074,37.8095238095,-110.0
14:11:05,3087.0,3094.59137595,6.69325585921,33.3333333333,40.0,0,21.6820727542,-14.0,72.1153846154,37.7142857143,-128.0
14:11:05,3086.0,3094.58660429,6.69544704341,31.25,28.0,0,21.6961991037,6.0,74.0740740741,35.8095238095,-112.0
14:11:06,3087.0,3094.58239068,6.69650397089,33.3333333333,14.0,0,21.6925946579,-4.0,74.5283018868,29.5238095238,-100.0
14:11:06,3087.0,3094.57817941,6.69789762828,33.3333333333,6.0,0,21.6971092591,-6.0,71.1111111111,21.1428571429,-86.0
14:11:07,3086.0,3094.57341508,6.69977445147,31.25,44.0,0,21.7102218129,20.0,67.1232876712,25.1428571429,0.0
14:11:07,3087.0,3094.5692088,6.70115889646,33.3333333333,524.0,0,21.7076737818,46.0,15.8536585366,167.904761905,48.0
14:11:08,3086.0,3094.56444945,6.70302582771,31.25,1134.0,0,21.7207577048,272.0,4.0,460.666666667,334.0
14:11:08,3086.0,3094.55969274,6.70488763589,31.25,290.0,0,21.7267907838,-206.0,3.57852882704,460.19047619,122.0
14:11:09,3085.0,3094.55438327,6.70727189095,29.4117647059,582.0,0,21.7415620452,42.0,3.33333333334,530.666666667,168.0
14:11:09,3085.0,3094.54907676,6.70965022731,29.4117647059,1492.0,0,21.7492714013,732.0,9.0506640433,834.095238095,906.0
14:11:10,3085.0,3094.54377319,6.71232365794,29.4117647059,512.0,0,21.7579373029,316.0,7.54300838113,786.761904762,1202.0
14:11:10,3085.0,3094.53847256,6.71499142788,29.4117647059,12.0,0,21.7665848554,8.0,8.35405271011,574.285714286,1164.0
14:11:11,3084.0,3094.53261948,6.71822065816,27.7777777778,24.0,0,21.7841136776,0.0,11.8818681319,389.619047619,892.0
14:11:11,3084.0,3094.52676965,6.7211419644,27.7777777778,112.0,0,21.7935861362,-24.0,12.3628383321,282.952380952,1074.0
14:11:12,3084.0,3094.52092307,6.7243578793,27.7777777778,140.0,0,21.8040138758,58.0,16.0558464224,192.761904762,1090.0
14:11:12,3085.0,3094.51563514,6.72700160676,29.4117647059,40.0,0,21.8055157431,8.0,9.76190476191,95.0476190476,366.0
14:11:13,3085.0,3094.51035014,6.72933805538,29.4117647059,78.0,0,21.8130893205,22.0,35.4679802956,77.3333333333,72.0
14:11:13,3084.0,3094.50451268,6.73253513329,27.7777777778,74.0,0,21.8305289666,42.0,40.1709401709,79.1428571429,106.0
14:11:14,3085.0,3094.49923386,6.73516144508,29.4117647059,24.0,0,21.8319657863,8.0,41.452991453,63.7142857143,114.0
14:11:14,3085.0,3094.49395798,6.73778215241,29.4117647059,140.0,0,21.8404607858,112.0,64.1129032258,81.4285714286,250.0
14:11:15,3085.0,3094.48868502,6.7403972618,29.4117647059,56.0,0,21.8489376396,0.0,65.0485436893,73.8095238095,192.0
14:11:15,3085.0,3094.48341499,6.7427045566,29.4117647059,188.0,0,21.8564167151,32.0,67.8571428571,107.904761905,216.0
14:11:16,3084.0,3094.47759249,6.7458707992,27.7777777778,228.0,0,21.8737704254,104.0,75.4929577465,146.380952381,298.0
14:11:16,3085.0,3094.47232862,6.74846859629,29.4117647059,1034.0,0,21.8751007983,-466.0,30.4191616767,408.0,-210.0
14:11:17,3085.0,3094.46706768,6.75075825074,29.4117647059,84.0,0,21.8825226928,-48.0,32.8323699422,352.476190476,-266.0
14:11:17,3085.0,3094.46180966,6.75334479886,29.4117647059,90.0,0,21.8909069655,-30.0,30.1190476191,295.80952381,-408.0
14:11:18,3085.0,3094.45655456,6.75562296659,29.4117647059,16.0,0,21.8982916259,-6.0,31.4634146342,220.380952381,-414.0
14:11:18,3084.0,3094.45074697,6.75875846382,27.7777777778,62.0,0,21.9155592212,-44.0,30.250990753,160.0,-490.0
14:11:19,3084.0,3094.44494261,6.76158442947,27.7777777778,60.0,0,21.924722534,-4.0,21.5453194651,105.047619048,-598.0
14:11:19,3085.0,3094.43969688,6.76414767358,29.4117647059,16.0,0,21.9259243876,-6.0,82.9268292683,45.5238095238,-138.0
14:11:20,3084.0,3094.43389866,6.76696085271,27.7777777778,12.0,0,21.9421558129,6.0,76.5625,33.3333333333,-84.0
14:11:20,3085.0,3094.42865906,6.76951248655,29.4117647059,48.0,0,21.943314381,-8.0,71.0280373832,34.8571428571,-62.0
14:11:21,3084.0,3094.42286697,6.77261643188,27.7777777778,78.0,0,21.9604942668,-2.0,60.8695652174,46.9523809524,-58.0
14:11:21,3084.0,3094.4170781,6.77541031057,27.7777777778,66.0,0,21.9695535362,-18.0,55.7142857143,52.6666666667,-32.0
14:11:22,3085.0,3094.41184784,6.77794441963,29.4117647059,206.0,0,21.9706464169,144.0,29.1079812207,98.1904761905,116.0
14:11:22,3084.0,3094.40606509,6.7810294511,27.7777777778,22.0,0,21.9877738362,-4.0,26.3888888889,84.1904761905,118.0
14:11:23,3085.0,3094.40084095,6.78355213384,29.4117647059,36.0,0,21.9888237726,-24.0,27.6315789474,73.9047619048,88.0
14:11:23,3084.0,3094.39506431,6.78662482706,27.7777777778,98.0,0,22.0059170787,-6.0,24.1106719367,80.1904761905,90.0
14:11:24,3085.0,3094.38984627,6.78883191806,29.4117647059,18.0,0,22.0059381461,-8.0,22.8699551569,61.2380952381,84.0
14:11:24,3085.0,3094.38463114,6.79103328108,29.4117647059,194.0,0,22.0130738447,-180.0,43.5540069686,95.4285714286,-78.0
14:11:25,3084.0,3094.3788635,6.79343773204,27.7777777778,376.0,0,22.0280082103,-66.0,80.376344086,175.523809524,-288.0
14:11:25,3085.0,3094.37365447,6.79562711157,29.4117647059,218.0,0,22.0279647053,112.0,87.0212765957,202.380952381,-172.0
14:11:26,3085.0,3094.36844833,6.79746512303,29.4117647059,74.0,0,22.033922603,68.0,83.2310838446,178.761904762,-80.0
14:11:26,3085.0,3094.36324508,6.79964295881,29.4117647059,50.0,0,22.0409820383,8.0,84.9462365591,146.476190476,-66.0
14:11:27,3085.0,3094.35804473,6.80146915298,29.4117647059,48.0,0,22.0469016304,22.0,81.25,115.904761905,-36.0
14:11:27,3085.0,3094.35284726,6.80328936759,29.4117647059,36.0,0,22.0528018398,10.0,76.3092269327,80.4761904762,154.0
14:11:28,3085.0,3094.34765267,6.80544986312,29.4117647059,22.0,0,22.0598050669,12.0,60.7142857143,48.5714285714,232.0
14:11:28,3086.0,3094.34301638,6.80709413447,31.25,24.0,0,22.0579848816,2.0,21.2598425197,34.0952380952,122.0
14:11:29,3085.0,3094.33782725,6.80889713881,29.4117647059,28.0,0,22.0709793803,16.0,23.0769230769,30.0,70.0
14:11:29,3085.0,3094.33264101,6.81104086764,29.4117647059,8.0,0,22.0779282581,0.0,26.5060240964,22.380952381,62.0
14:11:30,3085.0,3094.32745765,6.81283211332,29.4117647059,14.0,0,22.0837345651,4.0,37.8787878788,18.4761904762,44.0
14:11:30,3085.0,3094.32227717,6.8149643804,29.4117647059,56.0,0,22.0906462898,34.0,17.1052631579,28.1904761905,68.0
14:11:31,3085.0,3094.31709956,6.81709098901,29.4117647059,6.0,0,22.0975396726,6.0,8.82352941176,22.6666666667,62.0
14:11:31,3086.0,3094.31248024,6.81870371062,31.25,10.0,0,22.0956050247,6.0,14.7540983607,19.0476190476,66.0
14:11:32,3085.0,3094.30730807,6.82081941332,29.4117647059,74.0,0,22.1096253268,6.0,14.2857142857,34.380952381,56.0
14:11:32,3086.0,3094.30269418,6.8220744589,31.25,42.0,0,22.1065277346,-2.0,14.8514851485,38.380952381,54.0
14:11:33,3086.0,3094.29808286,6.82332428666,31.25,20.0,0,22.1105777274,-6.0,13.4615384615,34.4761904762,44.0
14:11:33,3086.0,3094.29347409,6.82456889947,31.25,104.0,0,22.1146108213,0.0,28.125,54.2857142857,10.0
14:11:34,3085.0,3094.28831248,6.82631481818,29.4117647059,216.0,0,22.1274386327,-6.0,17.5965665236,103.80952381,-2.0
14:11:34,3085.0,3094.28315374,6.82805482102,29.4117647059,108.0,0,22.1330788364,-2.0,28.0141843972,112.476190476,-10.0
14:11:35,3085.0,3094.27799787,6.82978891251,29.4117647059,8.0,0,22.1386998785,-6.0,30.9236947791,87.9047619048,-22.0
14:11:35,3086.0,3094.27340026,6.83062249188,31.25,12.0,0,22.1342271286,-8.0,34.1880341881,67.619047619,-28.0
14:11:36,3085.0,3094.2682498,6.83195559733,29.4117647059,30.0,0,22.145723168,-20.0,33.8912133891,53.9047619048,-42.0
14:11:36,3085.0,3094.2631022,6.83328246932,29.4117647059,12.0,0,22.1500242117,-6.0,31.0880829016,34.5714285714,-48.0
14:11:37,3085.0,3094.25795746,6.83499288227,29.4117647059,30.0,0,22.1555685,0.0,67.0,24.7619047619,-42.0
14:11:37,3086.0,3094.25337098,6.83619341681,31.25,424.0,0,22.1522793805,-234.0,91.8604651163,136.380952381,-274.0
14:11:38,3086.0,3094.24878705,6.83738876385,31.25,358.0,0,22.1561528317,-190.0,86.3741339492,214.095238095,-458.0
14:11:38,3087.0,3094.24476106,6.83772586916,33.3333333333,68.0,0,22.1500676034,-54.0,81.5618221258,192.285714286,-504.0
14:11:39,3086.0,3094.24018191,6.83852050186,31.25,6.0,0,22.1598201616,-4.0,82.85077951,150.095238095,-488.0
14:11:39,3086.0,3094.2356053,6.83930958179,31.25,2.0,0,22.1623771283,0.0,83.5585585586,107.904761905,-482.0
14:11:40,3086.0,3094.23103124,6.84009311087,31.25,72.0,0,22.1649161078,-10.0,81.5053763441,86.1904761905,-492.0
14:11:40,3086.0,3094.22645971,6.84087109102,31.25,30.0,0,22.1674371064,-24.0,62.3134328358,50.4761904762,-282.0
14:11:41,3087.0,3094.22244613,6.84118220755,33.3333333333,12.0,23.5294117647,22.1612640348,-4.0,30.5263157895,28.380952381,-96.0
14:11:41,3086.0,3094.21787937,6.84234092405,26.6666666667,14.0,0,22.1722000131,-4.0,33.8235294118,23.3333333333,-46.0
14:11:42,3086.0,3094.21331515,6.84349447209,26.6666666667,2.0,0,22.1759380171,0.0,34.8484848485,17.4285714286,-42.0
14:11:42,3087.0,3094.20930887,6.84418243884,28.5714285714,10.0,0,22.1709829571,-6.0,37.1428571429,14.0,-48.0
14:11:43,3087.0,3094.20530481,6.84486582735,28.5714285714,340.0,0,22.1731967196,-124.0,84.3137254902,104.476190476,-162.0
14:11:43,3087.0,3094.20130297,6.84515238042,28.5714285714,52.0,0,22.1741249771,16.0,92.0930232558,99.9047619048,-122.0
14:11:44,3087.0,3094.19730336,6.84582642974,28.5714285714,46.0,0,22.1763084864,42.0,93.9655172414,92.5714285714,-76.0
14:11:44,3086.0,3094.19275057,6.84695525173,26.6666666667,8.0,0,22.1871524683,0.0,94.7598253275,72.7619047619,-72.0
14:11:45,3086.0,3094.1882003,6.8476860954,26.6666666667,2.0,0,22.1895207239,-2.0,94.7598253275,51.5238095238,-74.0
14:11:45,3086.0,3094.18365256,6.84841140789,26.6666666667,10.0,0,22.191871056,8.0,95.1965065502,32.5714285714,-60.0
14:11:46,3087.0,3094.17966275,6.84867273345,28.5714285714,314.0,0,22.185528777,-294.0,96.2962962963,100.476190476,-230.0
14:11:46,3086.0,3094.17511976,6.84938728448,26.6666666667,34.0,0,22.1950333263,-2.0,88.8888888889,89.619047619,-248.0
14:11:47,3087.0,3094.17113469,6.85003208067,28.5714285714,76.0,0,22.1899322341,-16.0,77.027027027,91.619047619,-306.0
14:11:47,3087.0,3094.16715183,6.85102560021,28.5714285714,46.0,0,22.1931506324,-40.0,80.0829875519,83.619047619,-346.0
14:11:48,3087.0,3094.16317119,6.85166145819,28.5714285714,122.0,0,22.195210425,-72.0,66.1129568106,95.5238095238,-416.0
14:11:48,3086.0,3094.15863735,6.8523556315,26.6666666667,232.0,0,22.2046520788,-84.0,73.786407767,133.142857143,-508.0
14:11:49,3087.0,3094.15466143,6.85298190819,28.5714285714,34.0,0,22.1994878788,-24.0,60.6617647059,103.619047619,-238.0
14:11:49,3087.0,3094.15068773,6.85360362429,28.5714285714,6.0,0,22.2015018604,-4.0,64.3410852713,79.4285714286,-240.0
14:11:50,3087.0,3094.14671623,6.85422078105,28.5714285714,20.0,0,22.2035010724,-18.0,73.0434782609,60.5714285714,-242.0
14:11:50,3087.0,3094.14274693,6.85443838817,28.5714285714,464.0,0,22.204205987,102.0,85.8769931663,171.238095238,-100.0
14:11:51,3087.0,3094.13877984,6.85504623986,28.5714285714,92.0,0,22.2061750562,4.0,98.3490566038,155.714285714,-24.0
14:11:51,3086.0,3094.13425955,6.85570961469,26.6666666667,92.0,0,22.2155204624,24.0,96.3276836158,141.619047619,84.0
14:11:52,3086.0,3094.12974177,6.85676307909,26.6666666667,104.0,0,22.2189341513,102.0,83.2904884319,137.619047619,210.0
14:11:52,3087.0,3094.1257819,6.85735654693,28.5714285714,28.0,0,22.2136590442,22.0,83.75,108.571428571,236.0
14:11:53,3087.0,3094.12182424,6.85754948043,28.5714285714,52.0,0,22.2142840312,22.0,82.6923076923,85.3333333333,276.0
14:11:53,3087.0,3094.11786877,6.85813365444,28.5714285714,20.0,0,22.2161763992,14.0,61.8556701031,51.4285714286,188.0
14:11:54,3087.0,3094.11391549,6.85871327871,28.5714285714,16.0,0,22.2180540289,14.0,51.2820512821,37.5238095238,198.0
14:11:54,3086.0,3094.10940901,6.859742188,26.6666666667,20.0,0,22.2285877771,18.0,45.0,28.380952381,192.0
14:11:55,3087.0,3094.10546044,6.85991568533,28.5714285714,60.0,0,22.221949094,12.0,85.7142857143,34.0952380952,102.0
14:11:55,3087.0,3094.10151406,6.86008421803,28.5714285714,38.0,0,22.2224950373,16.0,81.5533980582,35.619047619,96.0
14:11:56,3087.0,3094.09756987,6.86024778644,28.5714285714,92.0,0,22.2230248994,-56.0,90.243902439,52.0952380952,18.0
14:11:56,3087.0,3094.09362787,6.86040639093,28.5714285714,50.0,0,22.2235386814,-40.0,92.0289855072,54.6666666667,-36.0
14:11:57,3086.0,3094.08913266,6.86101258926,26.6666666667,84.0,0,22.232704437,48.0,71.511627907,65.5238095238,-2.0
14:11:57,3087.0,3094.08519534,6.86116102096,28.5714285714,18.0,0,22.2259832231,-4.0,71.9298245614,54.2857142857,-24.0
14:11:58,3086.0,3094.08070481,6.86175651485,26.6666666667,932.0,0,22.2351150838,-368.0,16.4744645799,304.285714286,-404.0
14:11:58,3086.0,3094.07621678,6.86234651496,26.6666666667,8.0,0,22.2370269441,-2.0,15.2027027027,248.761904762,-422.0
14:11:59,3086.0,3094.07173124,6.86293102269,26.6666666667,14.0,0,22.2389210068,2.0,8.86075949369,196.380952381,-364.0
14:11:59,3085.0,3094.06669279,6.86440035866,25.0,26.0,0,22.2508925726,0.0,6.83918669133,151.142857143,-324.0
14:12:00,3086.0,3094.06221254,6.86537271497,26.6666666667,106.0,0,22.2468331658,-4.0,15.9420289855,129.904761905,-376.0
14:12:00,3086.0,3094.05773477,6.86633997785,26.6666666667,298.0,0,22.2499675238,74.0,12.2832369942,162.476190476,-298.0
14:12:01,3086.0,3094.0532595,6.86730214944,26.6666666667,310.0,0,22.2530853838,-144.0,21.7847769029,185.142857143,-74.0
14:12:01,3085.0,3094.04823131,6.86874954364,25.0,32.0,0,22.264990417,-24.0,21.1195928753,158.0,-96.0
14:12:02,3085.0,3094.04320591,6.87055032209,25.0,78.0,0,22.2708276243,-26.0,23.7647058824,142.857142857,-124.0
14:12:02,3086.0,3094.0387387,6.87149681229,26.6666666667,236.0,0,22.26667794,-2.0,37.358490566,169.80952381,-126.0
14:12:03,3086.0,3094.03427397,6.87279768879,26.6666666667,34.0,0,22.2708933532,-4.0,31.7813765182,129.047619048,-126.0
14:12:03,3086.0,3094.02981173,6.87409382917,26.6666666667,38.0,0,22.2750934192,-36.0,46.978021978,92.8571428571,-236.0
14:12:04,3086.0,3094.02535196,6.87538523612,26.6666666667,136.0,0,22.2792781469,-102.0,66.0649819495,97.0476190476,-194.0
14:12:04,3085.0,3094.02033927,6.87680031984,25.0,14.0,0,22.2910869363,-8.0,69.0298507463,74.6666666667,-178.0
14:12:05,3086.0,3094.01588476,6.87808179525,26.6666666667,226.0,0,22.2880161868,156.0,77.1929824561,113.714285714,4.0
14:12:05,3085.0,3094.01087733,6.87984621562,25.0,74.0,0,22.3009601803,-70.0,60.9195402299,102.285714286,-64.0
14:12:06,3086.0,3094.00642808,6.88111792884,26.6666666667,50.0,0,22.2978545977,-46.0,58.3643122676,91.7142857143,-106.0
14:12:06,3086.0,3094.0019813,6.88238492256,26.6666666667,404.0,0,22.3019602157,-340.0,75.4424778761,181.523809524,-410.0
14:12:07,3086.0,3093.99753699,6.88364719937,26.6666666667,10.0,0,22.3060505488,0.0,84.5758354756,141.333333333,-308.0
14:12:07,3086.0,3093.99309514,6.88454387504,26.6666666667,40.0,0,22.3089561732,0.0,80.3482587065,115.714285714,-300.0
14:12:08,3086.0,3093.98865577,6.88579656738,26.6666666667,22.0,0,22.3130154484,-4.0,74.3333333333,83.7142857143,-460.0
14:12:08,3087.0,3093.98477426,6.88659908181,28.5714285714,24.0,0,22.3083870483,-10.0,80.3636363636,62.0,-400.0
14:12:09,3086.0,3093.98033951,6.8874812574,26.6666666667,8.0,0,22.3184745865,-2.0,83.8582677165,38.0952380952,-356.0
14:12:09,3086.0,3093.97590722,6.88835838011,26.6666666667,92.0,0,22.3213168507,-32.0,27.5510204082,40.1904761905,-48.0
14:12:10,3086.0,3093.97147739,6.8895922356,26.6666666667,26.0,0,22.3253150862,-4.0,23.5849056604,38.2857142857,-52.0
14:12:10,3086.0,3093.96705002,6.89082139113,26.6666666667,32.0,0,22.3292980918,-24.0,38.2352941176,37.3333333333,-76.0
14:12:11,3086.0,3093.96262511,6.89204584921,26.6666666667,2.0,0,22.3332658756,-2.0,40.2173913043,28.1904761905,-74.0
14:12:11,3086.0,3093.95820266,6.89326561235,26.6666666667,566.0,0,22.3372184457,-112.0,85.9504132231,181.142857143,-176.0
14:12:12,3087.0,3093.95433806,6.8940372731,28.5714285714,22.0,0,22.3324822582,6.0,84.8648648649,152.857142857,-168.0
14:12:12,3086.0,3093.94992021,6.89524795546,26.6666666667,2.0,0,22.343642111,2.0,91.6923076923,118.19047619,-134.0
14:12:13,3087.0,3093.94606022,6.89601110322,28.5714285714,84.0,0,22.3388762657,72.0,87.5706214689,111.238095238,-58.0
14:12:13,3086.0,3093.94164696,6.89721271311,26.6666666667,184.0,0,22.3500087917,4.0,80.4651162791,130.095238095,-30.0
14:12:14,3086.0,3093.93723616,6.89840963959,26.6666666667,78.0,0,22.3538873609,4.0,76.9230769231,111.428571429,-24.0
14:12:14,3086.0,3093.93282781,6.8996018851,26.6666666667,82.0,0,22.3577507618,2.0,41.592920354,90.2857142857,90.0
14:12:15,3087.0,3093.92897731,6.90067090583,28.5714285714,40.0,0,22.3539711883,4.0,46.8085106383,80.1904761905,88.0
14:12:15,3087.0,3093.92512895,6.90173613871,28.5714285714,22.0,0,22.3574218941,20.0,46.9387755102,64.0952380952,106.0
14:12:16,3087.0,3093.92128272,6.90279758548,28.5714285714,42.0,0,22.3608603352,22.0,47.7678571428,52.7619047619,56.0
14:12:16,3087.0,3093.91743863,6.90353165456,28.5714285714,2.0,0,22.363238272,2.0,43.6090225564,32.0,54.0
14:12:17,3086.0,3093.91304128,6.90470223006,26.6666666667,14.0,0,22.3742781272,10.0,49.504950495,23.3333333333,60.0
14:12:17,3086.0,3093.90864637,6.90586813787,26.6666666667,10.0,0,22.3780561823,10.0,66.1538461538,16.5714285714,68.0
14:12:18,3087.0,3093.90480929,6.90691346598,28.5714285714,30.0,0,22.3741932814,12.0,56.6666666667,18.9523809524,76.0
14:12:18,3087.0,3093.90097435,6.90795501689,28.5714285714,28.0,0,22.3775672721,28.0,63.492063492,21.2380952381,84.0
14:12:19,3087.0,3093.89714154,6.90899279232,28.5714285714,26.0,0,22.3809290325,26.0,80.0,22.6666666667,88.0
14:12:19,3087.0,3093.89331086,6.91002679396,28.5714285714,44.0,0,22.3842785681,20.0,73.6842105263,30.0,106.0
14:12:20,3086.0,3093.88892691,6.91149596999,26.6666666667,288.0,0,22.3962928386,188.0,24.4131455399,105.047619048,284.0
14:12:20,3087.0,3093.88510079,6.91252216303,28.5714285714,388.0,0,22.3923620441,252.0,61.6915422886,195.619047619,526.0
14:12:21,3086.0,3093.88072139,6.91398296329,26.6666666667,14.0,0,22.4043517929,10.0,60.4060913706,161.333333333,524.0
14:12:21,3087.0,3093.87689983,6.91500135575,28.5714285714,150.0,0,22.4003931187,106.0,57.3626373626,166.666666667,602.0
14:12:22,3087.0,3093.87308039,6.91601598345,28.5714285714,4.0,0,22.4036798946,2.0,56.7567567568,124.476190476,578.0
14:12:22,3087.0,3093.86926308,6.91702684805,28.5714285714,0.0,0,22.4069544802,0.0,0,82.1904761905,558.0
14:12:23,3086.0,3093.86489248,6.91847122823,26.6666666667,8.0,0,22.4188957493,6.0,84.7517730496,44.2857142857,376.0
14:12:23,3087.0,3093.86107971,6.91947430744,28.5714285714,138.0,0,22.4148827582,136.0,68.7898089172,56.8571428571,260.0
14:12:24,3086.0,3093.85671365,6.92091033917,26.6666666667,54.0,0,22.4267995437,54.0,60.4519774011,57.3333333333,304.0
14:12:24,3087.0,3093.85290543,6.92190564083,28.5714285714,90.0,0,22.4227587977,4.0,55.1020408163,66.1904761905,202.0
14:12:25,3087.0,3093.84909931,6.9228971882,28.5714285714,10.0,0,22.4259708073,6.0,56.0,55.0476190476,206.0
14:12:25,3087.0,3093.84529532,6.92388498288,28.5714285714,16.0,0,22.4291706605,16.0,56.3291139241,45.3333333333,222.0
14:12:26,3087.0,3093.84149343,6.92486902648,28.5714285714,14.0,0,22.4323583624,10.0,57.7639751553,34.2857142857,226.0
14:12:26,3087.0,3093.83769366,6.92584932061,28.5714285714,28.0,0,22.4355339184,24.0,35.8490566038,26.9523809524,114.0
14:12:27,3087.0,3093.83389599,6.92682586684,28.5714285714,46.0,0,22.4386973335,44.0,58.8235294118,30.0,104.0
14:12:27,3086.0,3093.82954504,6.92852035916,26.6666666667,134.0,0,22.4514593621,100.0,91.1290322581,58.5714285714,200.0
14:12:28,3087.0,3093.8257519,6.92948931344,28.5714285714,10.0,0,22.4473252784,8.0,91.1290322581,49.619047619,202.0
14:12:28,3087.0,3093.82196087,6.93074168087,28.5714285714,72.0,0,22.4513821862,66.0,82.8947368421,58.380952381,252.0
14:12:29,3087.0,3093.81817194,6.93199060516,28.5714285714,8.0,0,22.4554279403,6.0,83.2214765101,46.1904761905,248.0
14:12:29,3087.0,3093.81438512,6.93323608817,28.5714285714,22.0,0,22.4594625467,22.0,82.8767123288,38.2857142857,246.0
14:12:30,3087.0,3093.8106004,6.93447813176,28.5714285714,128.0,0,22.4634860115,28.0,86.6310160428,60.9523809524,230.0
14:12:30,3087.0,3093.80681778,6.93542903134,28.5714285714,832.0,0,22.4665663471,226.0,96.2686567164,280.857142857,356.0
14:12:31,3087.0,3093.80303727,6.93666406375,28.5714285714,70.0,25.0,22.4705670999,-6.0,96.4664310954,249.80952381,342.0
14:12:31,3088.0,3093.79981425,6.93721498692,38.4615384615,182.0,0,22.4650744395,170.0,99.6779388084,247.904761905,446.0
14:12:32,3088.0,3093.79659303,6.93776265213,38.4615384615,226.0,0,22.4668479667,100.0,85.8904109589,253.333333333,540.0
14:12:32,3088.0,3093.7933736,6.93830706016,38.4615384615,20.0,0,22.4686109461,0.0,85.5967078189,189.523809524,518.0
14:12:33,3087.0,3093.78960055,6.93924022218,33.3333333333,282.0,0,22.4789122844,196.0,82.7543424318,200.666666667,686.0
14:12:33,3087.0,3093.78582959,6.94016965651,33.3333333333,114.0,0,22.4819230855,42.0,65.548098434,156.476190476,502.0
14:12:34,3088.0,3093.78261614,6.94070385924,38.4615384615,20.0,0,22.4763726012,2.0,63.5071090047,119.619047619,510.0
14:12:34,3088.0,3093.77940446,6.94123480827,38.4615384615,230.0,0,22.4780919957,30.0,65.2466367713,145.142857143,370.0
14:12:35,3088.0,3093.77619458,6.94176250434,38.4615384615,22.0,0,22.479800856,-4.0,84.011627907,108.952380952,266.0
14:12:35,3088.0,3093.77298647,6.94228694819,38.4615384615,36.0,0,22.4814991845,-14.0,84.9431818182,86.4761904762,252.0
14:12:36,3088.0,3093.76978015,6.94280814055,38.4615384615,76.0,0,22.4831869837,16.0,91.9678714859,74.6666666667,72.0
14:12:36,3088.0,3093.7665756,6.94332608217,38.4615384615,20.0,0,22.4848642557,2.0,97.5247524752,56.6666666667,32.0
14:12:37,3088.0,3093.76337284,6.94384077376,38.4615384615,4.0,0,22.4865310031,0.0,97.4226804124,38.5714285714,30.0
14:12:37,3088.0,3093.76017185,6.94435221605,38.4615384615,24.0,0,22.4881872282,-14.0,95.6043956044,26.9523809524,-14.0
14:12:38,3088.0,3093.75697265,6.94486040976,38.4615384615,92.0,0,22.4898329332,-6.0,96.8253968254,44.5714285714,-16.0
14:12:38,3088.0,3093.75377522,6.94536535561,38.4615384615,30.0,0,22.4914681205,-14.0,93.4959349593,41.1428571429,-16.0
14:12:39,3087.0,3093.75002416,6.94625638028,33.3333333333,220.0,0,22.5016403637,82.0,93.8461538462,92.2857142857,50.0
14:12:39,3088.0,3093.74683059,6.94704528519,38.4615384615,42.0,0,22.496908307,4.0,92.2330097087,85.7142857143,52.0
14:12:40,3087.0,3093.74308339,6.94792929784,33.3333333333,42.0,0,22.5070595978,-2.0,84.4444444444,78.0952380952,50.0
14:12:40,3088.0,3093.73989368,6.9484209948,38.4615384615,262.0,0,22.5013633251,-92.0,89.5348837209,131.523809524,-28.0
14:12:41,3088.0,3093.73670573,6.94890944792,38.4615384615,30.0,0,22.5029451034,-28.0,88.4984025559,107.333333333,-50.0
14:12:41,3087.0,3093.73296416,6.94978283145,33.3333333333,20.0,0,22.5130639179,-20.0,86.3636363636,83.2380952381,-56.0
14:12:42,3088.0,3093.72978006,6.95026458329,38.4615384615,62.0,0,22.5073334951,-10.0,84.2794759825,71.619047619,-148.0
14:12:42,3088.0,3093.72659774,6.95074309355,38.4615384615,14.0,0,22.508883075,0.0,85.5813953488,53.8095238095,-152.0
14:12:43,3088.0,3093.72341718,6.95088656194,38.4615384615,42.0,0,22.5093476747,-24.0,93.0232558139,45.3333333333,-174.0
14:12:43,3088.0,3093.72023838,6.95135842484,38.4615384615,66.0,0,22.5108757281,-20.0,66.6666666667,43.7142857143,-102.0
14:12:44,3088.0,3093.71706136,6.95182704802,38.4615384615,12.0,0,22.5123932902,8.0,63.8888888889,36.0,-66.0
14:12:44,3088.0,3093.71388609,6.95229243212,38.4615384615,4.0,0,22.5139003631,2.0,71.0,26.8571428571,-44.0
14:12:45,3088.0,3093.71071259,6.9527545778,38.4615384615,80.0,0,22.5153969488,-42.0,55.0458715596,40.1904761905,-76.0
14:12:45,3087.0,3093.70698545,6.95359991477,33.3333333333,26.0,0,22.5254289432,-12.0,52.1739130435,37.2380952381,-88.0
14:12:46,3088.0,3093.70381579,6.95405537159,38.4615384615,4.0,0,22.519609364,0.0,45.8333333333,27.4285714286,-64.0
14:12:46,3088.0,3093.70064788,6.95450759211,38.4615384615,12.0,0,22.5210738087,-4.0,60.8695652174,21.7142857143,-48.0
14:12:47,3087.0,3093.69692633,6.95500918603,33.3333333333,22.0,0,22.5299941238,-10.0,63.5135135135,21.4285714286,-66.0
14:12:47,3088.0,3093.69376225,6.95545455531,38.4615384615,12.0,0,22.5241403993,-2.0,64.1025641026,17.8095238095,-70.0
14:12:48,3088.0,3093.69059993,6.95589669025,38.4615384615,62.0,0,22.5255721835,-10.0,88.4057971015,28.0952380952,-38.0
14:12:48,3087.0,3093.68688396,6.9567206825,33.3333333333,6.0,0,22.5355383301,-2.0,93.220338983,23.2380952381,-28.0
14:12:49,3088.0,3093.68372546,6.95715613795,38.4615384615,20.0,0,22.5296507058,-8.0,92.5373134328,23.3333333333,-36.0
14:12:49,3088.0,3093.68056871,6.9575883611,38.4615384615,306.0,0,22.5310503922,-120.0,31.7757009346,104.380952381,-152.0
14:12:50,3087.0,3093.67685831,6.9580676097,33.3333333333,210.0,0,22.5399015539,12.0,21.1038961039,144.0,-130.0
14:12:50,3087.0,3093.67314998,6.95887717436,33.3333333333,384.0,0,22.5425240504,-184.0,12.1457489879,224.380952381,-312.0
14:12:51,3087.0,3093.6694437,6.95968305273,33.3333333333,12.0,0,22.5451346055,0.0,7.24946695096,180.761904762,-302.0
14:12:51,3087.0,3093.66573948,6.9604852461,33.3333333333,100.0,0,22.5477332235,-22.0,15.503875969,164.666666667,-322.0
14:12:52,3087.0,3093.66203732,6.96128375573,33.3333333333,230.0,0,22.5503199084,202.0,29.4685990338,181.238095238,-112.0
14:12:52,3087.0,3093.65833722,6.9620785829,33.3333333333,270.0,0,22.5528946644,64.0,46.600331675,199.238095238,72.0
14:12:53,3087.0,3093.65463917,6.96286972886,33.3333333333,44.0,0,22.5554574955,42.0,56.9230769231,154.380952381,102.0
14:12:53,3087.0,3093.65094318,6.9633218756,33.3333333333,26.0,0,22.5569221756,8.0,90.6158357771,112.285714286,294.0
14:12:54,3087.0,3093.64724923,6.96410550122,33.3333333333,18.0,0,22.5594606453,12.0,90.988372093,84.9523809524,306.0
14:12:54,3087.0,3093.64355734,6.96454977917,33.3333333333,38.0,0,22.5608998353,32.0,90.7348242811,63.0476190476,360.0
14:12:55,3087.0,3093.6398675,6.96499002951,33.3333333333,120.0,0,22.5623259783,106.0,89.9224806202,67.5238095238,264.0
14:12:55,3087.0,3093.63617971,6.96576230175,33.3333333333,186.0,0,22.5648276701,26.0,62.5,96.0952380952,226.0
14:12:56,3087.0,3093.63249397,6.96619468873,33.3333333333,60.0,0,22.5662283406,56.0,63.8392857143,92.6666666667,240.0
14:12:56,3087.0,3093.62881027,6.96695945136,33.3333333333,28.0,0,22.5687057057,-10.0,64.0,79.3333333333,222.0
14:12:57,3087.0,3093.62512862,6.96772054208,33.3333333333,36.0,0,22.5711711761,-10.0,64.9572649573,68.1904761905,200.0
14:12:57,3087.0,3093.62144902,6.96847796208,33.3333333333,8.0,0,22.5736247557,-4.0,63.0136986301,48.1904761905,164.0
14:12:58,3087.0,3093.61777146,6.96952871832,33.3333333333,4.0,0,22.577028566,0.0,49.6894409938,28.4761904762,58.0
14:12:58,3087.0,3093.61409594,6.9702789678,33.3333333333,4.0,0,22.5794589174,0.0,98.5714285714,14.2857142857,32.0
14:12:59,3087.0,3093.61042246,6.97102555025,33.3333333333,6.0,0,22.5818773899,-4.0,97.6744186046,9.33333333333,-28.0
14:12:59,3087.0,3093.60675102,6.97176846686,33.3333333333,32.0,0,22.5842839872,-24.0,97.7777777778,14.380952381,-42.0
14:13:00,3086.0,3093.60252623,6.972927139,30.7692307692,6.0,0,22.5953568989,-2.0,96.6666666667,11.8095238095,-34.0
14:13:00,3087.0,3093.59885917,6.97366248404,33.3333333333,76.0,0,22.5904194494,36.0,59.375,30.6666666667,6.0
14:13:01,3087.0,3093.59519416,6.97439416702,33.3333333333,84.0,0,22.5927896567,-12.0,50.9615384615,48.5714285714,-6.0
14:13:01,3087.0,3093.59153118,6.97542033779,33.3333333333,106.0,0,22.596113825,-76.0,65.1612903226,68.9523809524,-82.0
14:13:02,3087.0,3093.58787024,6.97614486821,33.3333333333,14.0,0,22.5984608624,4.0,66.037735849,58.1904761905,-74.0
14:13:02,3086.0,3093.58365592,6.97728390304,30.7692307692,18.0,0,22.6094747344,16.0,59.2105263158,48.1904761905,-34.0
14:13:03,3087.0,3093.57999935,6.97800087555,33.3333333333,180.0,0,22.6044731958,26.0,47.6987447699,85.1428571429,-6.0
14:13:03,3087.0,3093.57634481,6.97871419208,33.3333333333,22.0,0,22.606783907,-6.0,51.8867924528,68.6666666667,-48.0
14:13:04,3087.0,3093.5726923,6.97942385375,33.3333333333,24.0,0,22.6090827786,0.0,57.1428571429,55.3333333333,-36.0
14:13:04,3087.0,3093.56904182,6.98012986167,33.3333333333,26.0,0,22.6113698143,-24.0,47.1830985916,45.4285714286,16.0
14:13:05,3087.0,3093.56539337,6.98049310225,33.3333333333,110.0,0,22.6125464926,84.0,34.2105263158,63.3333333333,96.0
14:13:05,3087.0,3093.56174694,6.98085233375,33.3333333333,110.0,0,22.6137101838,-66.0,50.4237288136,76.6666666667,14.0
14:13:06,3087.0,3093.55810253,6.98154705675,33.3333333333,242.0,0,22.6159606633,-36.0,42.6966292135,123.333333333,-48.0
14:13:06,3087.0,3093.55446016,6.9818984648,33.3333333333,0.0,0,22.6170990114,0.0,0,97.9047619048,-42.0
14:13:07,3086.0,3093.5502644,6.98300171028,30.7692307692,18.0,0,22.6280029497,8.0,37.5494071146,78.6666666667,-34.0
14:13:07,3086.0,3093.54607097,6.98410079315,30.7692307692,6.0,0,22.6315644626,6.0,33.7448559671,56.2857142857,-4.0
14:13:08,3087.0,3093.54243528,6.98478027969,33.3333333333,12.0,0,22.6264343365,-12.0,42.7835051546,36.5714285714,-100.0
14:13:08,3086.0,3093.5382462,6.98587131795,30.7692307692,46.0,0,22.6373017432,-12.0,22.2222222222,31.2380952381,-46.0
14:13:09,3086.0,3093.53405945,6.98695819914,30.7692307692,0.0,0,22.6408237172,0.0,0,15.8095238095,-10.0
14:13:09,3086.0,3093.52987502,6.9880409252,30.7692307692,50.0,0,22.6443322268,-38.0,56.0606060606,26.1904761905,-48.0
14:13:10,3086.0,3093.52569292,6.98911949805,30.7692307692,24.0,0,22.6478272782,16.0,55.0724637681,26.7619047619,-40.0
14:13:10,3087.0,3093.52206854,6.98977981868,33.3333333333,62.0,0,22.6426297981,-62.0,71.1340206186,37.9047619048,-108.0
14:13:11,3086.0,3093.51789077,6.99085036399,30.7692307692,50.0,0,22.6534360466,32.0,54.3103448276,42.9523809524,-64.0
14:13:11,3087.0,3093.51427073,6.99150317096,33.3333333333,46.0,0,22.64821241,8.0,66.3793103448,45.0476190476,-44.0
14:13:12,3086.0,3093.51009729,6.99222424718,30.7692307692,42.0,0,22.6578880336,22.0,64.2335766423,46.0,-22.0
14:13:12,3087.0,3093.50648158,6.99286937852,33.3333333333,24.0,0,22.6526380904,-18.0,54.8387096774,39.8095238095,-2.0
14:13:13,3087.0,3093.50286787,6.99351087561,33.3333333333,442.0,0,22.6547161503,-196.0,80.1801801802,154.285714286,-214.0
14:13:13,3087.0,3093.49925617,6.99414873945,33.3333333333,6.0,0,22.6567824407,-2.0,78.0327868852,124.285714286,-154.0
14:13:14,3087.0,3093.49564647,6.99478297102,33.3333333333,24.0,0,22.6588369648,10.0,85.2739726027,102.095238095,-176.0
14:13:14,3087.0,3093.49203878,6.99541357133,33.3333333333,100.0,0,22.6608797257,-4.0,86.8338557994,102.857142857,-188.0
14:13:15,3087.0,3093.4884331,6.99604054135,33.3333333333,204.0,0,22.6629107267,-10.0,86.75,130.761904762,-220.0
14:13:15,3087.0,3093.48482941,6.99666388205,33.3333333333,2.0,0,22.664929971,2.0,88.9460154242,93.2380952381,-200.0
14:13:16,3087.0,3093.48122773,6.99694077772,33.3333333333,36.0,0,22.6658269443,34.0,87.6344086021,66.4761904762,30.0
14:13:16,3087.0,3093.47762805,6.9975566944,33.3333333333,14.0,0,22.6678221393,8.0,88.4210526316,52.7619047619,40.0
14:13:17,3087.0,3093.47403036,6.99816898451,33.3333333333,48.0,0,22.6698055864,24.0,87.1287128713,48.380952381,54.0
14:13:17,3087.0,3093.47043468,6.99877764901,33.3333333333,112.0,0,22.6717772887,96.0,82.6923076923,61.1428571429,154.0
14:13:18,3087.0,3093.46684099,6.99938268883,33.3333333333,40.0,0,22.6737372492,16.0,87.3015873016,52.7619047619,180.0
14:13:18,3087.0,3093.4632493,6.99964041735,33.3333333333,20.0,0,22.6745721327,8.0,88.1481481481,46.4761904762,186.0
14:13:19,3087.0,3093.4596596,7.00023804159,33.3333333333,48.0,0,22.6765080712,14.0,88.6524822695,47.3333333333,166.0
14:13:19,3087.0,3093.4560719,7.00048799005,33.3333333333,14.0,0,22.677317752,0.0,87.2340425532,37.9047619048,158.0
14:13:20,3087.0,3093.45248619,7.0010782018,33.3333333333,22.0,0,22.6792296786,2.0,89.0625,30.7619047619,136.0
14:13:20,3087.0,3093.44890247,7.00166479321,33.3333333333,40.0,0,22.6811298776,-2.0,93.4782608696,30.0,38.0
14:13:21,3087.0,3093.44532074,7.00224776521,33.3333333333,14.0,25.8064516129,22.6830183518,-2.0,93.670886076,25.2380952381,20.0
14:13:21,3087.0,3093.441741,7.00248235857,44.4444444444,28.0,0,22.6837782915,18.0,93.9759036145,25.7142857143,30.0
14:13:22,3087.0,3093.43816325,7.00271296634,44.4444444444,32.0,0,22.6845253202,30.0,93.3333333333,26.9523809524,46.0
14:13:22,3086.0,3093.43403209,7.00369320012,40.0,26.0,0,22.6950524955,16.0,83.950617284,27.2380952381,62.0
14:13:23,3087.0,3093.43045862,7.00391581391,44.4444444444,182.0,0,22.6884218138,-138.0,92.5465838509,71.5238095238,-78.0
14:13:23,3087.0,3093.42688713,7.00447995972,44.4444444444,50.0,0,22.6902493026,16.0,81.9277108434,70.4761904762,-60.0
14:13:24,3087.0,3093.42331763,7.0046948046,44.4444444444,6.0,0,22.6909452692,0.0,81.4814814815,56.380952381,-58.0
14:13:24,3087.0,3093.41975011,7.00525155191,44.4444444444,8.0,0,22.6927487914,-4.0,80.2631578947,43.2380952381,-80.0
14:13:25,3087.0,3093.41618457,7.00580468651,44.4444444444,100.0,0,22.6945406107,46.0,83.3333333333,57.3333333333,-64.0
14:13:25,3087.0,3093.41262102,7.00600798169,44.4444444444,4.0,0,22.6951991632,4.0,88.0,40.7619047619,-76.0
14:13:26,3087.0,3093.40905944,7.00655372218,44.4444444444,10.0,0,22.69696703,8.0,76.404494382,26.9523809524,70.0
14:13:26,3087.0,3093.40549984,7.00709585234,44.4444444444,16.0,0,22.6987232016,4.0,91.6666666667,23.0476190476,58.0
14:13:27,3087.0,3093.40194222,7.00728760309,44.4444444444,58.0,0,22.6993443573,22.0,92.8571428572,32.7619047619,80.0
14:13:27,3087.0,3093.39838657,7.00747537356,44.4444444444,10.0,0,22.6999526193,6.0,92.9292929293,26.2857142857,90.0
14:13:28,3087.0,3093.3948329,7.00800633403,44.4444444444,18.0,0,22.7016726078,18.0,89.6551724138,22.0,62.0
14:13:28,3087.0,3093.3912812,7.00818634518,44.4444444444,26.0,0,22.7022557343,22.0,91.3043478261,23.9047619048,80.0
14:13:29,3087.0,3093.38773147,7.00870991964,44.4444444444,14.0,0,22.7039517967,10.0,91.5492957747,21.3333333333,82.0
14:13:29,3087.0,3093.38418372,7.00922988826,44.4444444444,4.0,0,22.7056361784,2.0,96.9230769231,15.7142857143,80.0
14:13:30,3087.0,3093.38063793,7.00974625186,44.4444444444,262.0,0,22.7073088819,242.0,99.4011976048,84.380952381,300.0
14:13:30,3087.0,3093.37709412,7.00991095116,44.4444444444,116.0,0,22.7078424074,76.0,99.5454545455,101.619047619,370.0
14:13:31,3087.0,3093.37355227,7.01007167304,44.4444444444,120.0,0,22.7083630484,22.0,99.63099631,114.952380952,374.0
14:13:31,3087.0,3093.37001239,7.01057688029,44.4444444444,60.0,0,22.7099996122,18.0,99.6527777778,106.285714286,370.0
14:13:32,3087.0,3093.36647448,7.01107848535,44.4444444444,226.0,0,22.7116245071,150.0,99.7461928934,143.428571429,510.0
14:13:32,3087.0,3093.36293853,7.01122767996,44.4444444444,150.0,0,22.7121078068,-46.0,85.4389721627,148.761904762,462.0
14:13:33,3087.0,3093.35940455,7.01137289857,44.4444444444,190.0,0,22.7125782267,-32.0,84.222737819,158.571428571,188.0
14:13:33,3087.0,3093.35587253,7.01186335439,44.4444444444,52.0,0,22.7141670048,52.0,76.4411027569,132.380952381,164.0
14:13:34,3087.0,3093.35234247,7.01200082398,44.4444444444,10.0,0,22.7146123226,2.0,71.2209302326,97.2380952381,144.0
14:13:34,3087.0,3093.34881437,7.01248390769,44.4444444444,28.0,0,22.7161772196,8.0,65.5487804878,72.4761904762,134.0
14:13:35,3088.0,3093.34584363,7.01260016213,50.0,48.0,0,22.7091974162,40.0,43.5146443515,54.9523809524,24.0
14:13:35,3087.0,3093.34231914,7.01307627306,44.4444444444,68.0,0,22.7180961226,10.0,48.9898989899,51.619047619,80.0
14:13:36,3088.0,3093.33935201,7.01283584504,50.0,16.0,0,22.7099606381,-16.0,8.1081081081,37.3333333333,96.0
14:13:36,3087.0,3093.33583113,7.01295448121,44.4444444444,22.0,0,22.7177015912,-2.0,10.4166666667,33.0476190476,42.0
14:13:37,3087.0,3093.3323122,7.01306914352,44.4444444444,24.0,0,22.7180730273,-22.0,20.3883495146,30.7619047619,18.0
14:13:37,3088.0,3093.32935062,7.01316836783,50.0,2.0,0,22.7110374606,-2.0,24.4444444444,21.5238095238,8.0
14:13:38,3088.0,3093.3263907,7.01291348553,50.0,18.0,0,22.7102120645,-16.0,37.3333333333,18.0952380952,-48.0
14:13:38,3088.0,3093.32343241,7.01300616558,50.0,14.0,0,22.7105121942,-4.0,66.6666666667,14.9523809524,-62.0
14:13:39,3088.0,3093.32047577,7.01309566472,50.0,36.0,0,22.710802023,18.0,72.4137931035,20.6666666667,-28.0
14:13:39,3087.0,3093.31696537,7.01354342384,44.4444444444,4.0,0,22.7196094067,0.0,85.7142857143,16.2857142857,-26.0
14:13:40,3087.0,3093.31345692,7.01398759006,44.4444444444,126.0,0,22.7210482347,86.0,89.0,47.619047619,82.0
14:13:40,3087.0,3093.30995042,7.01407631763,44.4444444444,42.0,0,22.721335658,2.0,73.3333333333,50.0952380952,86.0
14:13:41,3088.0,3093.30700126,7.01415233829,50.0,8.0,0,22.7142238934,0.0,72.1739130435,40.9523809524,102.0
14:13:41,3088.0,3093.30405375,7.01387293728,50.0,30.0,0,22.7133190974,-4.0,76.4227642277,38.5714285714,102.0
14:13:42,3088.0,3093.30110787,7.01358996063,50.0,42.0,0,22.7124027222,-22.0,76.9841269841,38.8571428571,62.0
14:13:42,3087.0,3093.29760823,7.01401630247,44.4444444444,40.0,0,22.7211412455,-14.0,72.9166666667,38.2857142857,48.0
14:13:43,3088.0,3093.29466593,7.01407904583,50.0,218.0,0,22.7139865474,-208.0,80.0,86.8571428571,-246.0
14:13:43,3088.0,3093.29172527,7.01413860942,50.0,26.0,0,22.7141794346,-4.0,90.1098901099,76.1904761905,-252.0
14:13:44,3087.0,3093.28823083,7.01455462187,44.4444444444,8.0,0,22.7228850725,0.0,89.5604395604,61.1428571429,-252.0
14:13:44,3088.0,3093.28529374,7.01425424791,50.0,14.0,0,22.7145539116,-12.0,89.0804597701,47.8095238095,-260.0
14:13:45,3088.0,3093.28235828,7.01430389861,50.0,6.0,0,22.7147146976,-4.0,88.4615384615,32.9523809524,-242.0
14:13:45,3087.0,3093.27886905,7.01435562803,44.4444444444,22.0,0,22.7222404536,12.0,87.7551020408,24.380952381,-216.0
14:13:46,3088.0,3093.27593716,7.01439854584,50.0,4.0,0,22.7150211977,-2.0,65.0,11.5238095238,-10.0
14:13:46,3087.0,3093.2724515,7.01444275041,44.4444444444,104.0,0,22.7225226771,84.0,25.3164556962,37.4285714286,78.0
14:13:47,3088.0,3093.26952317,7.0141245505,50.0,4.0,0,22.714133907,-2.0,24.6753246753,31.0476190476,76.0
14:13:47,3088.0,3093.26659647,7.01380277175,50.0,10.0,0,22.7130918774,-6.0,22.6666666667,26.5714285714,82.0
14:13:48,3088.0,3093.2636714,7.01383222749,50.0,10.0,0,22.7131872652,-2.0,24.6753246753,22.2857142857,84.0
14:13:48,3088.0,3093.26074795,7.01385850378,50.0,4.0,0,22.7132723568,0.0,30.8823529412,16.0952380952,72.0
14:13:49,3087.0,3093.25727072,7.01423928718,44.4444444444,20.0,0,22.7218635801,20.0,25.0,15.3333333333,94.0
14:13:49,3087.0,3093.25379543,7.01461648591,44.4444444444,40.0,0,22.7230854743,-20.0,70.4545454545,19.5238095238,-10.0
14:13:50,3088.0,3093.25087746,7.01463284833,50.0,8.0,0,22.7157799493,0.0,73.9130434783,17.619047619,-8.0
14:13:50,3088.0,3093.24796112,7.01464603174,50.0,16.0,0,22.7158226416,12.0,73.4693877551,17.8095238095,10.0
14:13:51,3088.0,3093.24504639,7.01465603615,50.0,22.0,0,22.7158550394,-10.0,74.5454545455,19.4285714286,2.0
14:13:51,3088.0,3093.24213329,7.01466286159,50.0,32.0,0,22.7158771424,12.0,69.5652173913,23.3333333333,14.0
14:13:52,3088.0,3093.2392218,7.01466650805,50.0,56.0,0,22.7158889509,-42.0,87.3563218391,32.7619047619,-48.0
14:13:52,3088.0,3093.23631193,7.01466697554,50.0,8.0,0,22.7158904648,-4.0,87.323943662,26.7619047619,-32.0
14:13:53,3088.0,3093.23340368,7.01466426407,50.0,20.0,0,22.7158816842,0.0,79.2207792208,25.7142857143,-32.0
14:13:53,3088.0,3093.23049704,7.01465837363,50.0,68.0,0,22.7158626089,-36.0,61.1650485437,37.8095238095,-80.0
14:13:54,3088.0,3093.22759201,7.01464930421,50.0,4.0,0,22.715833239,-2.0,58.5106382979,29.1428571429,-72.0
14:13:54,3087.0,3093.2241332,7.01499262493,44.4444444444,4.0,0,22.7243039356,0.0,57.5,21.3333333333,-84.0
14:13:55,3088.0,3093.22123171,7.0149770113,50.0,32.0,0,22.7168944667,-20.0,41.1764705882,22.8571428571,-62.0
14:13:55,3087.0,3093.21777643,7.0153133867,44.4444444444,20.0,0,22.7253430084,-6.0,37.8378378378,22.0952380952,-64.0
14:13:56,3088.0,3093.21487847,7.01529122945,50.0,14.0,0,22.7179120125,-4.0,43.661971831,19.0476190476,-68.0
14:13:56,3088.0,3093.21198212,7.01490792927,50.0,46.0,0,22.7166707554,0.0,41.6666666667,25.4285714286,-32.0
14:13:57,3088.0,3093.20908738,7.01487922601,50.0,42.0,0,22.7165778044,4.0,55.6962025317,31.7142857143,-26.0
14:13:57,3088.0,3093.20619424,7.01484734375,50.0,80.0,0,22.7164745588,-72.0,71.7948717949,47.0476190476,-98.0
14:13:58,3088.0,3093.20330272,7.01445372313,50.0,10.0,0,22.7151998806,0.0,74.5283018868,38.7619047619,-78.0
14:13:58,3087.0,3093.19985739,7.01441056366,44.4444444444,40.0,0,22.7224184116,-8.0,68.1034482759,40.0952380952,-80.0
14:13:59,3088.0,3093.19696939,7.01436858096,50.0,12.0,0,22.7149241611,-6.0,68.6956521739,32.4761904762,-82.0
14:13:59,3088.0,3093.19408298,7.01432341888,50.0,20.0,0,22.7147779109,-10.0,79.4117647059,27.2380952381,-92.0
14:14:00,3088.0,3093.19119818,7.01427507738,50.0,8.0,0,22.7146213646,-4.0,72.9411764706,19.8095238095,-100.0
14:14:00,3087.0,3093.18775958,7.01421728604,44.4444444444,762.0,0,22.7217923098,-222.0,77.6995305164,229.428571429,-250.0
14:14:01,3088.0,3093.1848783,7.0141622114,50.0,130.0,0,22.7142558659,120.0,78.1893004115,226.0,-130.0
14:14:01,3087.0,3093.18144321,7.01409689461,44.4444444444,878.0,0,22.7214023149,-372.0,89.3922651934,430.571428571,-494.0
14:14:02,3088.0,3093.17856543,7.01327510516,50.0,930.0,0,22.7113831126,-588.0,92.9618768329,610.095238095,-1076.0
14:14:02,3088.0,3093.17568924,7.01244924719,50.0,106.0,0,22.708708702,-8.0,89.8365316276,510.476190476,-1074.0
14:14:03,3089.0,3093.17337006,7.01130654332,54.5454545455,66.0,0,22.6976579583,18.0,89.2757660167,395.333333333,-1052.0
14:14:03,3088.0,3093.17049676,7.01087330113,50.0,136.0,0,22.7036052498,10.0,89.2252894034,297.428571429,-820.0
14:14:04,3088.0,3093.16762506,7.01043646604,50.0,482.0,0,22.7021906284,-98.0,85.5273287144,328.19047619,-1038.0
14:14:04,3088.0,3093.16475496,7.00999603741,50.0,82.0,0,22.7007643698,-10.0,77.5804661487,227.904761905,-676.0
14:14:05,3088.0,3093.16188645,7.00955201453,50.0,32.0,0,22.6993264719,-2.0,52.8761061947,151.238095238,-90.0
14:14:05,3088.0,3093.15901953,7.00910439674,50.0,296.0,0,22.6978769325,30.0,44.0585009141,192.761904762,-52.0
14:14:06,3088.0,3093.1561542,7.00865318335,50.0,60.0,0,22.6964157492,36.0,45.9558823529,157.80952381,-34.0
14:14:06,3088.0,3093.15329047,7.00819837365,50.0,200.0,0,22.6949429199,-2.0,55.3819444444,163.142857143,-46.0
14:14:07,3088.0,3093.15042832,7.00733781519,50.0,64.0,0,22.6921561373,44.0,50.136239782,126.571428571,96.0
14:14:07,3088.0,3093.14756777,7.00687558605,50.0,28.0,0,22.6906592813,14.0,52.0588235294,99.619047619,120.0
14:14:08,3088.0,3093.1447088,7.00640975826,50.0,44.0,0,22.6891507716,14.0,55.7803468208,79.8095238095,136.0
14:14:08,3088.0,3093.14185143,7.00594033109,50.0,36.0,0,22.6876306059,28.0,96.2962962963,57.1428571429,134.0
14:14:09,3087.0,3093.13844023,7.00541452299,44.4444444444,18.0,0,22.6932767185,2.0,94.8717948718,41.7142857143,100.0
14:14:09,3088.0,3093.13558634,7.00453415763,50.0,24.0,0,22.6830769353,-8.0,88.785046729,30.0,94.0
14:14:10,3088.0,3093.13273403,7.00364970441,50.0,136.0,0,22.6802127734,-114.0,93.7062937063,58.6666666667,-64.0
14:14:10,3088.0,3093.1298833,7.00276116178,50.0,10.0,0,22.6773353684,-2.0,91.7910447761,47.9047619048,-80.0
14:14:11,3087.0,3093.12647875,7.00221814503,44.4444444444,414.0,25.8064516129,22.6829224005,-226.0,34.1692789969,153.428571429,-320.0
14:14:11,3088.0,3093.1236315,7.00132125427,37.5,166.0,0,22.6726724556,-48.0,42.1875,170.476190476,-396.0
14:14:12,3088.0,3093.12078583,7.00082490179,37.5,610.0,0,22.6710650965,-198.0,23.3823529412,308.19047619,-596.0
14:14:12,3087.0,3093.11738634,7.00067401958,28.5714285714,378.0,0,22.6779203744,-204.0,17.6196032672,351.428571429,-792.0
14:14:13,3087.0,3093.11398873,7.00051915513,28.5714285714,122.0,0,22.6774187079,16.0,13.6470588235,304.666666667,-662.0
14:14:13,3087.0,3093.11059302,7.00036030819,28.5714285714,12.0,0,22.6769041405,8.0,13.9835487662,227.142857143,-652.0
14:14:14,3087.0,3093.10719919,7.00019747848,28.5714285714,16.0,0,22.6763766714,8.0,18.4049079755,150.666666667,-418.0
14:14:14,3087.0,3093.10380724,6.99962494035,28.5714285714,224.0,0,22.6745219966,152.0,8.95741556535,152.571428571,-218.0
14:14:15,3087.0,3093.10041718,6.99904794562,28.5714285714,694.0,0,22.6726528851,-330.0,56.0165975104,286.0,-350.0
14:14:15,3087.0,3093.097029,6.99887272669,28.5714285714,146.0,0,22.6720852825,112.0,77.5947281713,258.857142857,-34.0
14:14:16,3087.0,3093.0936427,6.99828706996,28.5714285714,68.0,0,22.6701881113,38.0,81.5517241379,220.476190476,-12.0
14:14:16,3087.0,3093.09025828,6.99810366179,28.5714285714,70.0,0,22.6695939805,-58.0,77.5041050903,185.238095238,-78.0
14:14:17,3087.0,3093.08687575,6.99750933975,28.5714285714,74.0,0,22.6676687391,-32.0,75.3918495298,148.380952381,-118.0
14:14:17,3087.0,3093.08349509,6.99691055611,28.5714285714,446.0,0,22.6657290447,68.0,65.6875834446,215.047619048,-202.0
14:14:18,3086.0,3093.0795609,6.99669390622,25.0,548.0,0,22.6723716987,304.0,55.4733727811,300.285714286,432.0
14:14:18,3087.0,3093.07618431,6.99649369305,28.5714285714,6.0,0,22.6643786623,0.0,51.4851485149,237.619047619,320.0
14:14:19,3087.0,3093.07280959,6.9958815872,28.5714285714,418.0,0,22.6623958121,220.0,36.6197183099,299.333333333,502.0
14:14:19,3087.0,3093.06943674,6.99567317775,28.5714285714,638.0,0,22.6617206924,-22.0,27.4178403756,407.238095238,538.0
14:14:20,3086.0,3093.06551037,6.99543819059,25.0,74.0,0,22.6683026267,24.0,26.1502347418,326.952380952,594.0
14:14:20,3086.0,3093.06158617,6.9951983311,25.0,6.0,0,22.6675253762,2.0,30.4733727811,227.238095238,528.0
14:14:21,3086.0,3093.05766416,6.99536246292,25.0,14.0,0,22.6680572357,14.0,5.96885813148,150.761904762,238.0
14:14:21,3086.0,3093.05374432,6.99511310346,25.0,162.0,0,22.6672492011,120.0,17.1493902439,142.0,358.0
14:14:22,3087.0,3093.05038207,6.99488329309,28.5714285714,764.0,0,22.6591619472,566.0,-8.50422195416,297.80952381,704.0
14:14:22,3085.0,3093.04591087,6.99545857422,22.2222222222,72.0,0,22.6757166101,22.0,-18.956043956,239.428571429,748.0
14:14:23,3086.0,3093.04199757,6.99519508813,25.0,76.0,0,22.6675148676,2.0,-12.2486288848,209.142857143,726.0
14:14:23,3085.0,3093.03753103,6.9953506385,22.2222222222,26.0,0,22.6753667374,4.0,-13.2854578097,164.476190476,728.0
14:14:24,3086.0,3093.03362238,6.99507718764,25.0,56.0,0,22.667132818,-56.0,-9.16955017299,127.428571429,658.0
14:14:24,3086.0,3093.02971589,6.99479886138,25.0,40.0,0,22.6662309183,-12.0,-22.4371373307,83.8095238095,526.0
14:14:25,3086.0,3093.02581158,6.99451565911,25.0,24.0,0,22.6653132181,24.0,48.2993197279,41.4285714286,-16.0
14:14:25,3086.0,3093.02190944,6.99463854973,25.0,22.0,0,22.6657114379,10.0,84.4262295082,33.7142857143,-28.0
14:14:26,3085.0,3093.01745406,6.99476863052,22.2222222222,28.0,0,22.6734801637,18.0,66.3265306123,30.0952380952,-12.0
14:14:26,3086.0,3093.01355655,6.99447083218,25.0,10.0,0,22.6651679591,4.0,82.2222222222,23.619047619,-12.0
14:14:27,3086.0,3093.00966122,6.99457982395,25.0,28.0,0,22.6655211405,16.0,69.7368421053,23.0476190476,60.0
14:14:27,3086.0,3093.00576804,6.99427251907,25.0,10.0,0,22.6645253372,-2.0,62.2950819672,18.6666666667,70.0
14:14:28,3086.0,3093.00187703,6.99437246786,25.0,22.0,0,22.6648492154,-10.0,61.6666666667,19.1428571429,36.0
14:14:28,3085.0,3092.99743278,6.99447731327,22.2222222222,22.0,0,22.6725358615,-18.0,46.6666666667,19.7142857143,8.0
14:14:29,3086.0,3092.99354639,6.99415540838,25.0,20.0,0,22.664145847,-20.0,51.7857142857,19.7142857143,-30.0
14:14:29,3085.0,3092.98910677,6.99424982079,22.2222222222,30.0,0,22.6717984466,4.0,40.9090909091,22.9523809524,-30.0
14:14:30,3085.0,3092.98466961,6.99433889251,22.2222222222,110.0,0,22.6720871718,-50.0,33.6448598131,48.0952380952,-96.0
14:14:30,3085.0,3092.98023491,6.99483592034,22.2222222222,12.0,0,22.6736982831,-12.0,30.5555555556,41.3333333333,-106.0
14:14:31,3085.0,3092.97580268,6.99491454933,22.2222222222,58.0,0,22.6739531583,-10.0,27.7777777778,47.619047619,-106.0
14:14:31,3086.0,3092.97192831,6.9945676452,25.0,42.0,0,22.6654816759,-10.0,35.2941176471,47.619047619,-98.0
14:14:32,3086.0,3092.96805609,6.99421585872,25.0,6.0,0,22.6643417327,4.0,36.4341085271,36.380952381,-74.0
14:14:32,3086.0,3092.96418602,6.99340517718,25.0,70.0,0,22.6617147673,-36.0,51.0067114094,44.0952380952,-114.0
14:14:33,3085.0,3092.95976271,6.99346294742,22.2222222222,114.0,0,22.6692478036,100.0,39.7350993377,62.4761904762,36.0
14:14:33,3086.0,3092.95589724,6.99264149718,25.0,4.0,0,22.6592401075,-2.0,41.4965986395,49.2380952381,46.0
14:14:34,3085.0,3092.95147853,6.99223376502,22.2222222222,26.0,0,22.6652634198,-18.0,45.0381679389,42.6666666667,38.0
14:14:34,3086.0,3092.94761767,6.99185636855,25.0,94.0,0,22.6566959447,-88.0,57.9617834395,57.0476190476,-40.0
14:14:35,3086.0,3092.94375895,6.9910187037,25.0,6.0,0,22.6539815415,-2.0,58.5987261146,43.8095238095,-46.0
14:14:35,3086.0,3092.93990238,6.99017559587,25.0,14.0,0,22.6512495006,0.0,50.3875968992,32.8571428571,-10.0
14:14:36,3086.0,3092.93604795,6.9893270431,25.0,216.0,0,22.6484998156,160.0,95.5555555556,82.2857142857,50.0
14:14:36,3086.0,3092.93219566,6.9884730434,25.0,12.0,0,22.6457324802,8.0,94.0217391304,68.5714285714,60.0
14:14:37,3085.0,3092.92779011,6.98848810346,22.2222222222,6.0,0,22.6531218913,2.0,93.1034482759,52.7619047619,80.0
14:14:37,3085.0,3092.923387,6.98804101905,22.2222222222,346.0,0,22.6516726712,340.0,76.3333333333,135.047619048,508.0
14:14:38,3085.0,3092.91898634,6.98758806455,22.2222222222,254.0,0,22.6502044232,218.0,54.2452830189,179.047619048,728.0
14:14:38,3085.0,3092.91458813,6.98712923882,22.2222222222,1100.0,0,22.6487171437,132.0,47.259565667,452.952380952,860.0
14:14:39,3085.0,3092.91019236,6.98712219324,22.2222222222,108.0,0,22.6486943055,-40.0,39.430449069,391.714285714,660.0
14:14:39,3085.0,3092.90579903,6.98665190639,22.2222222222,1214.0,0,22.6471698749,260.0,23.9762219287,651.619047619,912.0
14:14:40,3085.0,3092.90140813,6.98617574523,22.2222222222,478.0,0,22.6456264027,76.0,20.7428571429,644.0,986.0
14:14:40,3084.0,3092.89646428,6.98614976795,20.0,210.0,0,22.6528851101,-60.0,18.0142687277,537.333333333,586.0
14:14:41,3085.0,3092.89207857,6.98566163233,22.2222222222,32.0,0,22.6439599103,26.0,20.050922979,386.285714286,394.0
14:14:41,3085.0,3092.8876953,6.98516761908,22.2222222222,46.0,0,22.6423585708,6.0,9.96168582375,249.80952381,268.0
14:14:42,3085.0,3092.88331447,6.98512703473,22.2222222222,1578.0,0,22.642227017,274.0,26.0258572232,601.238095238,582.0
14:14:42,3085.0,3092.87893607,6.98462154984,22.2222222222,282.0,0,22.6405884922,18.0,37.3191165271,512.380952381,340.0
14:14:43,3085.0,3092.87456009,6.98411018396,22.2222222222,90.0,0,22.6389309043,12.0,44.7721179625,413.047619048,276.0
14:14:43,3084.0,3092.86963115,6.98404760777,20.0,160.0,0,22.6460687671,42.0,46.9835466179,352.19047619,378.0
14:14:44,3085.0,3092.86526035,6.98352425599,22.2222222222,28.0,0,22.6370316239,4.0,45.7875457876,256.0,356.0
14:14:44,3084.0,3092.86033657,6.98344921123,20.0,142.0,0,22.6441284411,120.0,42.2807017544,192.571428571,470.0
14:14:45,3084.0,3092.85541553,6.98336780134,20.0,104.0,0,22.6438644661,-38.0,30.5210918114,113.714285714,158.0
14:14:45,3084.0,3092.85049722,6.98328002609,20.0,112.0,0,22.6435798511,-82.0,29.5597484277,107.333333333,58.0
14:14:46,3084.0,3092.84558164,6.98364736764,20.0,1260.0,0,22.6447709716,-744.0,33.1118493909,437.047619048,-698.0
14:14:46,3084.0,3092.8406688,6.98354713277,20.0,10.0,0,22.6444459558,-4.0,28.3816425121,353.904761905,-744.0
14:14:47,3084.0,3092.83575868,6.98344053219,20.0,818.0,0,22.6441002989,224.0,21.5044971382,508.761904762,-524.0
14:14:47,3084.0,3092.83085129,6.98332756563,20.0,872.0,0,22.6437340001,384.0,17.443324937,641.428571429,-260.0
14:14:48,3084.0,3092.82594662,6.98367076331,20.0,28.0,0,22.644846833,8.0,18.064516129,498.19047619,-214.0
14:14:48,3084.0,3092.82104468,6.98354533732,20.0,192.0,0,22.644440134,2.0,22.8301886792,405.428571429,-130.0
14:14:49,3084.0,3092.81614546,6.98387658101,20.0,32.0,0,22.6455142056,4.0,15.9836065574,263.142857143,618.0
14:14:49,3084.0,3092.81124896,6.98373869592,20.0,84.0,0,22.6450671074,-8.0,15.8933859822,194.19047619,614.0
14:14:50,3083.0,3092.80579978,6.98454899699,18.1818181818,122.0,0,22.6550405352,28.0,20.3007518797,132.571428571,418.0
14:14:50,3084.0,3092.80090903,6.98486215365,20.0,430.0,0,22.6487099665,-58.0,49.5495495495,192.095238095,-24.0
14:14:51,3083.0,3092.79546559,6.98565986504,18.1818181818,358.0,0,22.65864374,-166.0,34.6469622332,252.095238095,-198.0
14:14:51,3083.0,3092.79002518,6.98645112382,18.1818181818,638.0,0,22.6612102622,-116.0,15.9855769231,376.380952381,-316.0
14:14:52,3084.0,3092.78514318,6.98628174631,20.0,246.0,0,22.6533130555,48.0,16.1874334398,367.428571429,-272.0
14:14:52,3083.0,3092.7797085,6.98706021276,18.1818181818,312.0,0,22.6631858993,-158.0,17.5688509022,367.142857143,-422.0
14:14:53,3083.0,3092.77427684,6.98783223221,18.1818181818,646.0,0,22.6656900169,-6.0,15.1330798479,451.428571429,-456.0
14:14:53,3084.0,3092.7694036,6.98764380691,20.0,532.0,0,22.6577295944,150.0,12.737920937,478.19047619,-248.0
14:14:54,3083.0,3092.76397766,6.98793766712,18.1818181818,82.0,0,22.6660320049,18.0,15.4723127036,371.523809524,-64.0
14:14:54,3083.0,3092.75855473,6.98822461403,18.1818181818,82.0,0,22.6669627442,42.0,20.5263157895,278.0,94.0
14:14:55,3083.0,3092.75313482,6.98850464851,18.1818181818,290.0,0,22.6678710623,-8.0,19.8559670782,270.380952381,38.0
14:14:55,3084.0,3092.74827332,6.98829000702,20.0,88.0,0,22.6598249255,-26.0,21.976744186,202.952380952,170.0
14:14:56,3083.0,3092.74285911,6.98855651369,18.1818181818,284.0,0,22.6680392919,-142.0,32.8424153166,202.19047619,34.0
14:14:56,3083.0,3092.73744792,6.98881610985,18.1818181818,94.0,0,22.6688813164,50.0,33.0434782609,164.380952381,-66.0
14:14:57,3083.0,3092.73203972,6.98953574113,18.1818181818,112.0,0,22.671215508,-58.0,39.5789473684,152.571428571,-142.0
14:14:57,3084.0,3092.72718994,6.98929516572,20.0,942.0,0,22.6630841949,-416.0,19.6685082873,376.476190476,-600.0
14:14:58,3084.0,3092.72234285,6.98951568798,20.0,180.0,0,22.6637992477,-98.0,12.1176470588,341.714285714,-690.0
14:14:58,3084.0,3092.71749845,6.98973036358,20.0,60.0,0,22.6644953423,0.0,9.56937799042,277.904761905,-664.0
14:14:59,3083.0,3092.71210133,6.98995707589,18.1818181818,48.0,0,22.6725821469,-16.0,5.01392757659,212.0,-538.0
14:14:59,3083.0,3092.70670722,6.99017688185,18.1818181818,130.0,0,22.6732951082,-42.0,5.43478260869,180.761904762,-630.0
14:15:00,3083.0,3092.7013161,6.9908582281,18.1818181818,260.0,0,22.6755051187,-144.0,-0.370370370381,184.952380952,-716.0
14:15:00,3083.0,3092.69592798,6.99153315107,18.1818181818,1498.0,0,22.6776942947,-820.0,1.56249999999,535.80952381,-1120.0
14:15:01,3083.0,3092.69054285,6.9922016526,18.1818181818,150.0,22.8571428571,22.6798626422,54.0,10.9972041006,475.047619048,-968.0
14:15:01,3083.0,3092.68516071,6.99239462837,18.1818181818,308.0,0,22.6804885773,106.0,16.290726817,460.857142857,-862.0
14:15:02,3083.0,3092.67978156,6.99258070218,18.1818181818,420.0,0,22.6810921251,148.0,23.8611713666,466.857142857,-698.0
14:15:02,3083.0,3092.6744054,6.99275987458,18.1818181818,322.0,0,22.6816732877,46.0,24.0703177823,427.142857143,-610.0
14:15:03,3083.0,3092.66903222,6.99340204372,18.1818181818,244.0,0,22.6837562235,60.0,24.8130523453,356.0,-406.0
14:15:03,3083.0,3092.66366203,6.99403779927,18.1818181818,474.0,0,22.6858183564,78.0,56.3086548488,351.333333333,492.0
14:15:04,3083.0,3092.65829482,6.994667143,18.1818181818,434.0,0,22.6878596919,-84.0,64.7593097184,384.0,354.0
14:15:04,3083.0,3092.65293059,6.99529007663,18.1818181818,188.0,0,22.6898802356,22.0,60.5187319885,332.857142857,270.0
14:15:05,3084.0,3092.64812474,6.99585546949,25.0,82.0,0,22.6843562565,-32.0,58.4862385321,257.142857143,90.0
14:15:05,3084.0,3092.64332156,6.99641547883,25.0,568.0,0,22.6861721104,182.0,71.3567839196,336.380952381,226.0
14:15:06,3083.0,3092.63796564,6.9974517187,18.1818181818,128.0,0,22.6968917246,56.0,74.1728922092,278.19047619,222.0
14:15:06,3083.0,3092.63261271,6.99805032372,18.1818181818,64.0,0,22.6988333562,22.0,69.5355191257,207.238095238,166.0
14:15:07,3083.0,3092.62726274,6.99907440419,18.1818181818,114.0,0,22.7021550574,-18.0,50.1748251748,170.095238095,232.0
14:15:07,3084.0,3092.62247115,6.99917975794,25.0,288.0,0,22.6951354019,-50.0,67.2025723473,197.904761905,160.0
14:15:08,3084.0,3092.61768222,6.99927927837,25.0,190.0,0,22.6954581011,-34.0,58.5798816568,192.952380952,158.0
14:15:08,3085.0,3092.61345135,6.99936505057,30.7692307692,54.0,0,22.6883794184,-16.0,39.6181384248,144.0,-40.0
14:15:09,3085.0,3092.60922283,6.99944596022,30.7692307692,198.0,0,22.6886416863,76.0,53.0837004405,160.666666667,-20.0
14:15:09,3085.0,3092.60499665,6.99952200749,30.7692307692,218.0,0,22.6888881928,-8.0,63.2768361582,179.714285714,-50.0
14:15:10,3085.0,3092.60077283,6.99915991432,30.7692307692,532.0,0,22.687714471,-260.0,78.1081081081,281.142857143,-292.0
14:15:10,3084.0,3092.59599595,6.99966557843,25.0,190.0,0,22.6967106953,-52.0,74.9638205499,264.952380952,-294.0
14:15:11,3084.0,3092.59122172,6.99973213222,25.0,34.0,0,22.6969264988,-12.0,86.1337683524,208.857142857,-272.0
14:15:11,3085.0,3092.58700555,6.99978780543,30.7692307692,1032.0,0,22.6897497745,36.0,93.7386569873,445.333333333,-220.0
14:15:12,3085.0,3092.58279171,6.99983861697,30.7692307692,60.0,0,22.6899144796,6.0,94.9661181026,357.523809524,-290.0
14:15:12,3085.0,3092.57858022,6.99945010516,30.7692307692,176.0,0,22.6886551221,22.0,86.5612648221,309.428571429,-260.0
14:15:13,3085.0,3092.57437107,6.99949096474,30.7692307692,78.0,0,22.688787568,12.0,80.8917197452,235.333333333,12.0
14:15:13,3085.0,3092.57016425,6.99952696263,30.7692307692,438.0,0,22.6889042549,-12.0,61.3861386139,285.714285714,52.0
14:15:14,3086.0,3092.56651518,6.99872466336,35.7142857143,26.0,0,22.6789522468,24.0,60.6629834254,206.571428571,88.0
14:15:14,3085.0,3092.56231272,6.99875094125,30.7692307692,128.0,0,22.6863887885,78.0,12.8035320088,156.952380952,130.0
14:15:15,3085.0,3092.55811261,6.99877235708,30.7692307692,214.0,0,22.6864582077,-90.0,6.79245283018,174.952380952,34.0
14:15:15,3085.0,3092.55391482,6.99918511571,30.7692307692,650.0,0,22.6877961611,-168.0,4.95436766621,310.19047619,-156.0
14:15:16,3085.0,3092.54971937,6.99959344057,30.7692307692,54.0,0,22.6891197425,-44.0,7.41721854303,252.571428571,-212.0
14:15:16,3085.0,3092.54552624,6.99999733245,30.7692307692,92.0,0,22.6904289545,-12.0,14.089347079,206.952380952,-212.0
14:15:17,3086.0,3092.54189085,6.9999999504,35.7142857143,1162.0,0,22.6830847388,516.0,84.2608695652,483.523809524,280.0
14:15:17,3085.0,3092.53770207,7.00039522143,30.7692307692,156.0,0,22.691718708,40.0,82.6030927835,418.571428571,242.0
14:15:18,3085.0,3092.53351562,7.00038885604,30.7692307692,66.0,0,22.6916980747,22.0,87.0183486238,326.571428571,354.0
14:15:18,3085.0,3092.5293315,7.00077506732,30.7692307692,116.0,0,22.6929499751,82.0,122.782503038,255.904761905,604.0
14:15:19,3085.0,3092.5251497,7.00075921258,30.7692307692,10.0,0,22.6928985821,10.0,123.4082397,180.380952381,658.0
14:15:19,3086.0,3092.52152562,7.00074067951,35.7142857143,64.0,0,22.6854850276,64.0,124.332909784,122.380952381,734.0
14:15:20,3085.0,3092.51734816,7.00071556638,30.7692307692,86.0,0,22.6927571033,24.0,35.9437751004,72.0,242.0
14:15:20,3085.0,3092.51317301,7.00108390528,30.7692307692,250.0,0,22.6939510706,210.0,62.1621621622,119.714285714,412.0
14:15:21,3086.0,3092.50955559,7.00105280884,35.7142857143,100.0,0,22.6864964641,84.0,62.3003194888,120.095238095,474.0
14:15:21,3085.0,3092.50538477,7.00141253385,30.7692307692,126.0,0,22.6950163172,-20.0,42.1383647799,126.285714286,372.0
14:15:22,3086.0,3092.50177167,7.00137327248,35.7142857143,28.0,0,22.6875349076,-10.0,41.2844036697,104.0,352.0
14:15:22,3086.0,3092.49816058,7.00133003237,35.7142857143,30.0,0,22.6873947906,6.0,38.7096774193,81.4285714286,294.0
14:15:23,3086.0,3092.49455149,7.00088345395,35.7142857143,24.0,0,22.6859476797,24.0,45.1612903226,58.7619047619,294.0
14:15:23,3085.0,3092.49038901,7.00122599493,30.7692307692,42.0,0,22.6944116529,10.0,14.8571428571,44.1904761905,94.0
14:15:24,3086.0,3092.48678424,7.00077059251,35.7142857143,10.0,0,22.6855819589,10.0,16.9230769231,30.380952381,20.0
14:15:24,3085.0,3092.48262607,7.00110432206,30.7692307692,1166.0,0,22.6940172514,1004.0,79.6923076923,351.142857143,1044.0
14:15:25,3086.0,3092.47902561,7.00104034928,35.7142857143,230.0,0,22.6864560897,188.0,82.4234354195,354.952380952,1242.0
14:15:25,3086.0,3092.47542715,7.00097239719,35.7142857143,28.0,0,22.686235895,26.0,83.6,291.428571429,1262.0
14:15:26,3086.0,3092.47183069,7.00090046567,35.7142857143,98.0,0,22.6860028052,-42.0,83.3545108005,248.0,1196.0
14:15:26,3086.0,3092.46823623,7.00082455461,35.7142857143,52.0,0,22.6857568199,-28.0,84.595959596,187.904761905,1158.0
14:15:27,3086.0,3092.46464376,7.00074466387,35.7142857143,24.0,0,22.6854979387,-4.0,85.1063829787,119.333333333,1144.0
14:15:27,3086.0,3092.46105329,7.00066079333,35.7142857143,22.0,0,22.6852261611,-4.0,83.2599118943,49.5238095238,136.0
14:15:28,3086.0,3092.45746481,7.00057294282,35.7142857143,92.0,0,22.6849414868,-84.0,58.2278481013,54.1904761905,-136.0
14:15:28,3086.0,3092.45387833,7.00048111221,35.7142857143,46.0,0,22.6846439151,-14.0,62.874251497,52.2857142857,-176.0
14:15:29,3085.0,3092.44973844,7.00077694101,30.7692307692,24.0,0,22.6929560487,10.0,59.2307692308,43.2380952381,-124.0
14:15:29,3086.0,3092.44615624,7.00067694588,35.7142857143,64.0,0,22.6852785025,-38.0,63.2352941176,49.1428571429,-134.0
14:15:30,3085.0,3092.44202064,7.00096416971,30.7692307692,34.0,0,22.6935629488,-6.0,56.0283687943,45.9047619048,-136.0
14:15:30,3086.0,3092.43844273,7.00045341896,35.7142857143,272.0,0,22.6845541768,-48.0,76.6917293233,110.19047619,-180.0
14:15:31,3085.0,3092.43431141,7.00032900461,30.7692307692,20.0,0,22.6915040668,2.0,89.5652173913,90.5714285714,-94.0
14:15:31,3085.0,3092.43018239,7.00019972709,30.7692307692,80.0,0,22.6910850149,-62.0,76.5182186235,91.5238095238,-142.0
14:15:32,3085.0,3092.42605565,7.00006558611,30.7692307692,226.0,0,22.6906501981,-24.0,81.8965517241,132.571428571,-176.0
14:15:32,3086.0,3092.42248661,6.99953647054,35.7142857143,212.0,0,22.6815828598,48.0,85.5450236967,160.0,-90.0
14:15:33,3086.0,3092.41891956,6.99900290518,35.7142857143,480.0,0,22.6798538729,8.0,89.1472868217,256.952380952,-76.0
14:15:33,3086.0,3092.41535448,6.99802109925,35.7142857143,46.0,0,22.676672389,-10.0,86.4661654135,208.666666667,-38.0
14:15:34,3085.0,3092.41123598,6.99786792927,30.7692307692,34.0,0,22.683526513,-32.0,82.745825603,167.714285714,-72.0
14:15:34,3086.0,3092.40767517,6.99732056302,35.7142857143,34.0,0,22.6744023429,-12.0,85.2713178294,126.095238095,-22.0
14:15:35,3086.0,3092.40411634,6.99676874275,35.7142857143,72.0,0,22.672614202,-6.0,84.7380410023,97.5238095238,-4.0
14:15:35,3086.0,3092.40055949,6.99621246739,35.7142857143,210.0,0,22.6708116247,170.0,84.9315068493,115.714285714,118.0
14:15:36,3086.0,3092.39700461,6.99565173589,35.7142857143,8.0,0,22.6689946076,-8.0,77.7227722772,76.2857142857,102.0
14:15:36,3086.0,3092.3934517,6.99508654718,35.7142857143,8.0,0,22.667163147,-6.0,77.0491803279,59.3333333333,106.0
14:15:37,3085.0,3092.38934537,6.99490528334,30.7692307692,92.0,0,22.6739231226,-66.0,85.8490566038,68.1904761905,72.0
14:15:37,3086.0,3092.38579672,6.99388513782,35.7142857143,12.0,0,22.6632700513,-8.0,93.0348258707,51.4285714286,76.0
14:15:38,3086.0,3092.38225004,6.9928599774,35.7142857143,46.0,0,22.6599480797,-2.0,89.3617021277,45.4285714286,80.0
14:15:38,3085.0,3092.37814993,6.99221762606,30.7692307692,14.0,0,22.6652111056,-10.0,76.6666666667,31.5238095238,-100.0
14:15:39,3086.0,3092.3746075,6.99118225488,35.7142857143,8.0,0,22.6545115194,-2.0,76.6666666667,25.2380952381,-94.0
14:15:39,3086.0,3092.37106703,6.98965505428,35.7142857143,62.0,0,22.6495627164,-28.0,82.0512820513,34.380952381,-116.0
14:15:40,3086.0,3092.36752853,6.98812217575,35.7142857143,110.0,0,22.6445955144,-16.0,60.3174603175,54.6666666667,-66.0
14:15:40,3085.0,3092.3634366,6.98697076111,30.7692307692,28.0,0,22.6482034396,-18.0,62.6865671642,50.6666666667,-76.0
14:15:41,3086.0,3092.35990234,6.98489870195,35.7142857143,108.0,0,22.6341500387,10.0,73.9393939394,68.7619047619,-64.0
14:15:41,3086.0,3092.35637004,6.98225228086,35.7142857143,58.0,0,22.6255744681,-4.0,70.5882352941,69.619047619,-58.0
14:15:42,3086.0,3092.3528397,6.97959848858,35.7142857143,0.0,0,22.6169750116,0.0,0,51.8095238095,-56.0
14:15:42,3086.0,3092.34931133,6.97693731669,35.7142857143,10.0,0,22.6083516419,4.0,63.0573248408,37.2380952381,-24.0
14:15:43,3086.0,3092.34578491,6.9748381049,35.7142857143,2.0,0,22.6015492706,-2.0,83.4951456311,22.8571428571,-10.0
14:15:43,3085.0,3092.34170506,6.97311875046,30.7692307692,8.0,0,22.6033022705,4.0,80.6451612903,15.3333333333,12.0
14:15:44,3086.0,3092.33818286,6.97100642343,35.7142857143,12.0,0,22.589132934,-8.0,55.5555555556,9.90476190476,-6.0
14:15:44,3086.0,3092.33466263,6.96888759898,35.7142857143,30.0,0,22.582267009,-24.0,70.9677419355,14.1904761905,-26.0
14:15:45,3085.0,3092.33058895,6.96714817027,30.7692307692,12.0,0,22.5839486881,10.0,62.1621621622,14.6666666667,-16.0
14:15:45,3086.0,3092.32707293,6.96501619648,35.7142857143,56.0,0,22.5697219588,54.0,70.0,27.1428571429,34.0
14:15:46,3086.0,3092.32355887,6.96287770769,35.7142857143,70.0,0,22.5627923127,10.0,80.8510638298,41.4285714286,46.0
14:15:46,3086.0,3092.32004675,6.96073269788,35.7142857143,12.0,0,22.5558415356,4.0,81.25,35.9047619048,46.0
14:15:47,3086.0,3092.31653659,6.95911392827,35.7142857143,42.0,0,22.5505960087,20.0,84.6846846847,38.7619047619,74.0
14:15:47,3086.0,3092.31302838,6.95748941434,35.7142857143,34.0,0,22.5453318676,6.0,86.7256637168,37.9047619048,104.0
14:15:48,3085.0,3092.30896671,6.95571066121,30.7692307692,16.0,0,22.5468741044,10.0,88.6956521739,31.7142857143,104.0
14:15:48,3086.0,3092.30546271,6.95354021544,35.7142857143,18.0,0,22.5325347228,18.0,92.7083333333,25.9047619048,68.0
14:15:49,3086.0,3092.30196064,6.95189755049,35.7142857143,32.0,0,22.5272117644,16.0,87.012987013,25.9047619048,74.0
14:15:49,3086.0,3092.29846053,6.95024912401,35.7142857143,0.0,0,22.5218701361,0.0,0,18.5714285714,70.0
14:15:50,3086.0,3092.29496235,6.94805985887,35.7142857143,22.0,0,22.5147759523,6.0,83.6065573771,18.0952380952,56.0
14:15:50,3086.0,3092.29146612,6.94639952479,35.7142857143,34.0,0,22.5093957381,26.0,72.131147541,22.0,76.0
14:15:51,3086.0,3092.28797184,6.94473341621,35.7142857143,296.0,32.3529411765,22.5039968121,12.0,89.552238806,100.761904762,78.0
14:15:51,3086.0,3092.28447949,6.94306152897,35.7142857143,6.0,0,22.4985791606,-6.0,89.7435897436,83.3333333333,54.0
14:15:52,3086.0,3092.28098908,6.9413838589,35.7142857143,10.0,0,22.4931427702,-2.0,90.2173913043,67.619047619,36.0
14:15:52,3086.0,3092.27750061,6.93970040179,35.7142857143,38.0,0,22.4876876273,-26.0,91.1330049261,60.9523809524,10.0
14:15:53,3086.0,3092.27401408,6.93747378485,35.7142857143,14.0,0,22.4804724071,-10.0,92.4623115578,45.619047619,-6.0
14:15:53,3086.0,3092.27052948,6.93524056745,35.7142857143,212.0,0,22.4732357986,82.0,96.1805555555,87.2380952381,50.0
14:15:54,3086.0,3092.26704682,6.93353897042,35.7142857143,12.0,0,22.4677218743,12.0,93.8356164383,63.2380952381,50.0
14:15:54,3086.0,3092.2635661,6.93183156813,35.7142857143,12.0,0,22.4621891385,-6.0,93.9597315436,52.7619047619,50.0
14:15:55,3086.0,3092.26008731,6.92957937347,35.7142857143,14.0,0,22.4548910352,8.0,94.701986755,42.5714285714,60.0
14:15:55,3086.0,3092.25661044,6.92732055428,35.7142857143,40.0,0,22.4475714656,-2.0,94.0789473684,39.619047619,84.0
14:15:56,3086.0,3092.25313552,6.92505510407,35.7142857143,468.0,0,22.4402304085,290.0,93.4036939314,158.857142857,384.0
14:15:56,3086.0,3092.24966252,6.92278301634,35.7142857143,30.0,0,22.432867843,24.0,87.5,131.333333333,326.0
14:15:57,3087.0,3092.24674685,6.92016196824,40.0,26.0,0,22.4171103603,-16.0,88.4745762712,111.333333333,298.0
14:15:57,3086.0,3092.2432774,6.91787672927,35.7142857143,30.0,0,22.4169693107,-12.0,85.8552631579,91.8095238095,292.0
14:15:58,3086.0,3092.23980987,6.91500300719,35.7142857143,26.0,0,22.4076571847,-8.0,81.935483871,70.2857142857,276.0
14:15:58,3086.0,3092.23634427,6.91212166044,35.7142857143,46.0,0,22.3983203514,-8.0,75.3993610224,53.9047619048,270.0
14:15:59,3086.0,3092.2328806,6.90923267948,35.7142857143,20.0,0,22.3889587799,-4.0,20.2247191011,29.8095238095,-24.0
14:15:59,3087.0,3092.22997425,6.90599435452,40.0,50.0,0,22.3712159201,-2.0,31.3131313131,35.619047619,-50.0
14:16:00,3087.0,3092.22706952,6.90274859708,40.0,32.0,0,22.3607016426,-26.0,33.3333333333,35.3333333333,-60.0
14:16:00,3086.0,3092.22361099,6.89983690427,35.7142857143,22.0,0,22.3585123275,-10.0,35.7142857143,31.9047619048,-58.0
14:16:01,3086.0,3092.22015439,6.89691753813,35.7142857143,14.0,0,22.3490522947,8.0,38.0434782609,26.5714285714,-42.0
14:16:01,3086.0,3092.21669971,6.8939904889,35.7142857143,124.0,0,22.3395673652,-108.0,67.9389312977,53.2380952381,-142.0
14:16:02,3086.0,3092.21324695,6.89164172148,35.7142857143,2.0,0,22.3319563237,0.0,72.9508196721,41.3333333333,-138.0
14:16:02,3086.0,3092.2097961,6.88928622846,35.7142857143,64.0,0,22.3243234882,10.0,62.7906976744,48.0,-126.0
14:16:03,3087.0,3092.20690257,6.88658316588,40.0,32.0,0,22.3083354904,0.0,55.8139534884,44.8571428571,-100.0
14:16:03,3086.0,3092.20345525,6.88421434143,35.7142857143,32.0,0,22.3078883391,-8.0,48.5074626866,41.7142857143,-98.0
14:16:04,3086.0,3092.20000985,6.88183877035,35.7142857143,244.0,0,22.3001904418,56.0,27.7108433735,98.6666666667,-50.0
14:16:04,3086.0,3092.19656635,6.88000430102,35.7142857143,210.0,0,22.2942459528,-42.0,3.08219178082,134.952380952,16.0
14:16:05,3086.0,3092.19312477,6.87816391283,35.7142857143,564.0,0,22.288282284,-94.0,48.6910994764,268.285714286,-78.0
14:16:05,3086.0,3092.1896851,6.87631760101,35.7142857143,8.0,0,22.28229942,2.0,50.8256880734,216.0,-86.0
14:16:06,3086.0,3092.18624734,6.87446536081,35.7142857143,16.0,0,22.2762973454,10.0,51.9553072626,168.666666667,-76.0
14:16:06,3085.0,3092.18225609,6.87298738218,33.3333333333,226.0,0,22.2787273328,4.0,61.356466877,182.095238095,-64.0
14:16:07,3085.0,3092.17826706,6.87150314548,33.3333333333,390.0,0,22.2739161928,-192.0,55.1626591231,233.142857143,-312.0
14:16:07,3086.0,3092.17483564,6.86963280395,35.7142857143,24.0,0,22.2606377315,-2.0,64.8208469055,172.666666667,-272.0
14:16:08,3085.0,3092.17085073,6.868646284,33.3333333333,38.0,0,22.2646557018,10.0,36.7521367521,125.047619048,-168.0
14:16:08,3086.0,3092.16742343,6.8672746944,35.7142857143,14.0,0,22.2529964174,8.0,37.2881355932,95.619047619,-162.0
14:16:09,3085.0,3092.16344263,6.86576647619,33.3333333333,100.0,0,22.2553208304,28.0,33.3333333333,90.4761904762,-144.0
14:16:09,3086.0,3092.16001945,6.86387280789,35.7142857143,20.0,0,22.2419728059,14.0,10.9215017065,58.4761904762,-134.0
14:16:10,3086.0,3092.15659817,6.86197317459,35.7142857143,2.0,0,22.2358171568,0.0,28.2828282828,31.1428571429,58.0
14:16:10,3085.0,3092.15262338,6.86044645903,33.3333333333,30.0,0,22.2380760423,20.0,38.2352941176,30.2857142857,80.0
14:16:11,3086.0,3092.14920621,6.85904700733,35.7142857143,404.0,0,22.2263350853,314.0,14.0350877193,136.0,384.0
14:16:11,3085.0,3092.14523553,6.8580208459,33.3333333333,18.0,0,22.2302134389,2.0,13.93728223,114.0,378.0
14:16:12,3086.0,3092.14182246,6.85661073727,35.7142857143,60.0,0,22.2184404967,2.0,23.2209737828,103.80952381,352.0
14:16:12,3085.0,3092.13785588,6.85506030423,33.3333333333,410.0,0,22.2206168695,236.0,11.2554112554,195.523809524,574.0
14:16:13,3085.0,3092.13389151,6.85350356468,33.3333333333,406.0,0,22.2155707121,-280.0,7.98192771086,267.523809524,294.0
14:16:13,3084.0,3092.12937393,6.85235888014,31.25,60.0,0,22.2190625167,-2.0,5.30191458028,221.428571429,272.0
14:16:14,3084.0,3092.12485887,6.85120751725,31.25,998.0,0,22.215329174,232.0,41.8032786885,441.904761905,190.0
14:16:14,3084.0,3092.12034631,6.85056417768,31.25,238.0,0,22.2132431183,148.0,38.4898710866,416.952380952,336.0
14:16:15,3085.0,3092.11639166,6.84898205918,33.3333333333,4.0,0,22.2009142923,2.0,36.8620037807,314.666666667,336.0
14:16:15,3086.0,3092.11299461,6.84753199096,35.7142857143,332.0,0,22.1890213576,294.0,69.3817468106,308.761904762,394.0
14:16:16,3085.0,3092.10904404,6.84645352345,33.3333333333,2.0,0,22.1927180663,2.0,86.2913096695,212.285714286,676.0
14:16:16,3085.0,3092.10509567,6.84536943042,33.3333333333,10.0,0,22.1892039884,0.0,89.1414141414,137.333333333,678.0
14:16:17,3084.0,3092.10059409,6.84418036445,31.25,40.0,0,22.1925433348,-30.0,110.223642173,73.3333333333,416.0
14:16:17,3084.0,3092.09609501,6.84298459698,31.25,72.0,0,22.1886660084,-60.0,157.826086957,64.0952380952,208.0
14:16:18,3085.0,3092.09215383,6.84136544652,33.3333333333,212.0,0,22.1762251103,202.0,140.119760479,102.761904762,408.0
14:16:18,3085.0,3092.08821484,6.84025746754,33.3333333333,16.0,0,22.1726336063,8.0,90.3409090909,75.5238095238,122.0
14:16:19,3084.0,3092.08372263,6.8395601654,31.25,2.0,0,22.1775621446,0.0,90.3409090909,59.3333333333,120.0
14:16:19,3084.0,3092.07923292,6.83885682365,31.25,22.0,0,22.1752815293,2.0,90.1098901099,48.8571428571,122.0
14:16:20,3085.0,3092.07530111,6.83721307543,33.3333333333,46.0,0,22.1627652364,36.0,87.027027027,44.6666666667,188.0
14:16:20,3084.0,3092.07081608,6.83597870543,31.25,22.0,0,22.1659491097,14.0,84.375,33.3333333333,262.0
14:16:21,3085.0,3092.06688894,6.83432206036,33.3333333333,34.0,0,22.1533940368,6.0,64.7887323944,27.8095238095,66.0
14:16:21,3085.0,3092.06296398,6.83317865679,33.3333333333,24.0,0,22.1496877043,-22.0,66.6666666667,27.9047619048,36.0
14:16:22,3084.0,3092.0584858,6.83192485484,31.25,44.0,0,22.1528043283,-12.0,59.375,33.3333333333,24.0
14:16:22,3085.0,3092.05456551,6.83024929841,33.3333333333,28.0,0,22.1401922153,-10.0,62.6262626263,32.1904761905,12.0
14:16:23,3084.0,3092.05009199,6.82950290113,31.25,46.0,0,22.1449510413,-14.0,55.5555555556,35.9047619048,-38.0
14:16:23,3084.0,3092.04562096,6.82875044491,31.25,88.0,0,22.1425111703,2.0,46.9696969697,51.619047619,-50.0
14:16:24,3085.0,3092.04170781,6.82757751605,33.3333333333,4.0,0,22.1315316566,0.0,41.0256410257,40.1904761905,-56.0
14:16:24,3085.0,3092.03779684,6.82639891488,33.3333333333,10.0,0,22.1277112314,0.0,33.6363636364,31.9047619048,-34.0
14:16:25,3084.0,3092.03333264,6.82510669545,31.25,158.0,0,22.1306961591,-94.0,50.8982035928,66.5714285714,-116.0
14:16:25,3084.0,3092.02887091,6.82433008967,31.25,26.0,0,22.1281779821,14.0,53.0120481928,58.0952380952,-92.0
14:16:26,3085.0,3092.02496707,6.82313376104,33.3333333333,50.0,0,22.1171272643,14.0,54.1666666667,56.5714285714,-64.0
14:16:26,3085.0,3092.02106539,6.82193174825,33.3333333333,58.0,0,22.1132309506,4.0,67.3202614379,57.1428571429,-62.0
14:16:27,3085.0,3092.01716588,6.82020065393,33.3333333333,46.0,0,22.1076196238,-16.0,68.3908045977,55.7142857143,-78.0
14:16:27,3085.0,3092.01326854,6.81898692174,33.3333333333,106.0,0,22.1036853217,-102.0,53.1531531531,69.4285714286,-180.0
14:16:28,3085.0,3092.00937336,6.81776749578,33.3333333333,2.0,0,22.0997325633,0.0,43.75,48.8571428571,-86.0
14:16:28,3085.0,3092.00548035,6.816542373,33.3333333333,56.0,0,22.0957613387,-30.0,32.7044025157,51.1428571429,-130.0
14:16:29,3085.0,3092.00158949,6.81531155031,33.3333333333,8.0,0,22.091771638,0.0,34.0579710145,38.2857142857,-144.0
14:16:29,3086.0,3091.9982562,6.81370330861,35.7142857143,2.0,0,22.0794015185,2.0,18.1818181818,25.7142857143,-146.0
14:16:30,3085.0,3091.99436936,6.81246125824,33.3333333333,6.0,0,22.0825324416,-2.0,2.22222222222,16.9523809524,-132.0
14:16:30,3085.0,3091.99048468,6.81121349841,33.3333333333,436.0,0,22.0784878393,-220.0,1.56862745097,132.952380952,-250.0
14:16:31,3085.0,3091.98660216,6.80996002599,33.3333333333,6.0,0,22.0744247196,6.0,1.55642023345,110.380952381,-244.0
14:16:31,3086.0,3091.98327719,6.80881554573,35.7142857143,24.0,0,22.0635630127,14.0,5.39419087136,92.7619047619,-200.0
14:16:32,3085.0,3091.97939867,6.80755115866,33.3333333333,12.0,0,22.0666163976,12.0,5.34979423867,73.2380952381,-188.0
14:16:32,3085.0,3091.9755223,6.80676741478,33.3333333333,16.0,0,22.0640758988,12.0,4.79999999999,54.6666666667,-178.0
14:16:33,3085.0,3091.97164809,6.80549192147,33.3333333333,6.0,0,22.0599413986,0.0,4.79999999999,32.5714285714,-176.0
14:16:33,3086.0,3091.96833143,6.80432741186,35.7142857143,16.0,0,22.0490194811,14.0,42.5,13.3333333333,58.0
14:16:34,3085.0,3091.96446121,6.80352829216,33.3333333333,14.0,0,22.0535763117,8.0,38.6363636364,13.5238095238,60.0
14:16:34,3086.0,3091.96114854,6.80235414497,35.7142857143,18.0,0,22.0426252267,6.0,24.3902439024,14.4761904762,52.0
14:16:35,3085.0,3091.95728231,6.80154502578,33.3333333333,26.0,0,22.0471475714,18.0,18.75,18.0,58.0
14:16:35,3085.0,3091.95341822,6.80073080677,33.3333333333,6.0,0,22.0445082878,6.0,20.9302325581,15.1428571429,52.0
14:16:36,3085.0,3091.94955629,6.79991148613,33.3333333333,6.0,0,22.0418524672,6.0,20.9302325581,12.7619047619,58.0
14:16:36,3085.0,3091.94569649,6.79908706199,33.3333333333,46.0,0,22.0391801037,-4.0,6.89655172413,21.8095238095,40.0
14:16:37,3086.0,3091.94239425,6.79788853838,35.7142857143,42.0,0,22.0281546934,-40.0,6.94444444445,28.2857142857,-8.0
14:16:37,3086.0,3091.93909383,6.79668526236,35.7142857143,34.0,0,22.0242555488,6.0,23.75,31.1428571429,-8.0
14:16:38,3086.0,3091.93579525,6.7954772314,35.7142857143,56.0,0,22.0203409961,0.0,36.8421052632,39.5238095238,-26.0
14:16:38,3085.0,3091.9319431,6.79463295255,33.3333333333,2.0,0,22.0247421476,0.0,37.6344086021,31.0476190476,-32.0
14:16:39,3085.0,3091.92809309,6.79378356012,33.3333333333,10.0,0,22.0219888497,2.0,36.8421052632,25.0476190476,-36.0
14:16:39,3085.0,3091.92424522,6.79292905219,33.3333333333,22.0,0,22.0192189698,18.0,39.7590361446,22.2857142857,-14.0
14:16:40,3085.0,3091.92039949,6.79206942682,33.3333333333,222.0,0,22.0164325019,130.0,18.4971098266,77.8095238095,156.0
14:16:40,3085.0,3091.91655589,6.79120468208,33.3333333333,160.0,0,22.0136294395,-56.0,6.77966101695,107.047619048,94.0
14:16:41,3085.0,3091.91271443,6.79033481601,33.3333333333,76.0,29.4117647059,22.0108097764,-38.0,6.91056910569,106.285714286,56.0
14:16:41,3085.0,3091.90887509,6.78945982665,41.6666666667,242.0,0,22.0079735061,-56.0,10.3825136612,152.0,0.0
14:16:42,3085.0,3091.9050379,6.788579712,41.6666666667,4.0,0,22.0051206224,-4.0,11.0192837465,118.285714286,-6.0
14:16:42,3085.0,3091.90120283,6.78769447008,41.6666666667,30.0,0,22.0022511186,0.0,11.9891008174,92.2857142857,-24.0
14:16:43,3085.0,3091.89736989,6.78680409888,41.6666666667,32.0,0,21.9993649883,-2.0,18.3823529412,66.4761904762,-156.0
14:16:43,3085.0,3091.89353908,6.78590859638,41.6666666667,16.0,0,21.9964622249,-2.0,29.0,45.1428571429,-102.0
14:16:44,3085.0,3091.8897104,6.78451458797,41.6666666667,16.0,0,21.9919435591,-14.0,28.8235294117,30.6666666667,-78.0
14:16:44,3085.0,3091.88588385,6.78360851203,41.6666666667,90.0,0,21.989006522,-72.0,72.3404255319,40.1904761905,-94.0
14:16:45,3085.0,3091.88205942,6.78269729819,41.6666666667,10.0,0,21.9860528304,-6.0,73.1958762887,34.0952380952,-96.0
14:16:45,3085.0,3091.87823712,6.78128660882,41.6666666667,16.0,0,21.9814800934,2.0,81.1111111111,29.4285714286,-94.0
14:16:46,3085.0,3091.87441694,6.77987011762,41.6666666667,16.0,0,21.9768885498,2.0,89.0243902439,25.4285714286,-90.0
14:16:46,3085.0,3091.87059888,6.77844782093,41.6666666667,18.0,0,21.9722781878,-4.0,87.9518072289,22.7619047619,-92.0
14:16:47,3085.0,3091.86678294,6.77701971512,41.6666666667,42.0,0,21.9676489955,-22.0,70.8333333334,26.8571428571,-100.0
14:16:47,3085.0,3091.86296912,6.77504899531,41.6666666667,82.0,0,21.9612609248,-24.0,75.0,41.1428571429,-52.0
14:16:48,3084.0,3091.85860201,6.77401488784,38.4615384615,50.0,0,21.9650288192,-2.0,60.7142857143,46.6666666667,-48.0
14:16:48,3085.0,3091.85479274,6.77256880323,41.6666666667,10.0,0,21.9532214043,-8.0,59.6330275229,38.8571428571,-58.0
14:16:49,3085.0,3091.85098558,6.77111689435,41.6666666667,18.0,0,21.9485150546,-4.0,60.0,33.619047619,-64.0
14:16:49,3085.0,3091.84718053,6.76912086036,41.6666666667,476.0,0,21.9420449282,4.0,87.3156342183,159.142857143,-56.0
14:16:50,3085.0,3091.8433776,6.76765692444,41.6666666667,32.0,0,21.937299593,-14.0,87.7245508982,136.0,-48.0
14:16:50,3085.0,3091.83957678,6.76618715232,41.6666666667,372.0,0,21.9325353398,-264.0,52.6096033403,210.476190476,-288.0
14:16:51,3085.0,3091.83577807,6.76471154021,41.6666666667,14.0,0,21.9277521563,-2.0,54.4468546638,168.857142857,-288.0
14:16:51,3085.0,3091.83198147,6.76323008427,41.6666666667,8.0,0,21.9229500301,-2.0,54.5652173913,127.238095238,-282.0
14:16:52,3085.0,3091.82818698,6.76174278068,41.6666666667,16.0,0,21.9181289487,-14.0,54.9019607843,88.0,-292.0
14:16:52,3085.0,3091.82439459,6.76024962557,41.6666666667,14.0,0,21.9132888997,-6.0,9.21052631579,48.2857142857,-302.0
14:16:53,3084.0,3091.82004891,6.75915496558,38.4615384615,14.0,0,21.9168448949,-2.0,12.3287671233,30.5714285714,-290.0
14:16:53,3085.0,3091.81626105,6.75764993462,41.6666666667,4.0,0,21.9048620247,-2.0,82.8571428571,10.8571428571,-28.0
14:16:54,3085.0,3091.81247529,6.75613904073,41.6666666667,4.0,0,21.8999644756,-4.0,93.3333333333,8.66666666667,-30.0
14:16:54,3084.0,3091.80813623,6.75502611229,38.4615384615,46.0,0,21.9034569141,-6.0,91.8367346939,18.9523809524,-34.0
14:16:55,3085.0,3091.80435498,6.75296093609,41.6666666667,12.0,0,21.8896626778,-8.0,89.3617021276,17.7142857143,-28.0
14:16:55,3084.0,3091.80002043,6.7518353929,38.4615384615,30.0,0,21.8931108719,-20.0,89.0909090909,21.8095238095,-42.0
14:16:56,3085.0,3091.79624369,6.74975714584,41.6666666667,418.0,0,21.8792776202,-316.0,98.0544747082,136.0,-356.0
14:16:56,3085.0,3091.79246905,6.74821580786,41.6666666667,2.0,0,21.8742813869,0.0,97.65625,112.095238095,-354.0
14:16:57,3086.0,3091.78925191,6.74630671709,46.1538461538,16.0,0,21.8610068603,10.0,96.5648854962,92.2857142857,-340.0
14:16:57,3086.0,3091.78603655,6.74439204057,46.1538461538,8.0,0,21.8548024646,-2.0,97.1193415638,69.619047619,-336.0
14:16:58,3085.0,3091.78226758,6.742833364,41.6666666667,20.0,0,21.8568342431,-2.0,93.9271255061,52.1904761905,-330.0
14:16:58,3086.0,3091.7790561,6.74090736465,46.1538461538,20.0,0,21.8435105789,-2.0,90.4958677686,34.380952381,-312.0
14:16:59,3085.0,3091.775291,6.73933705114,41.6666666667,8.0,0,21.8455009761,-2.0,29.7297297297,13.619047619,2.0
14:16:59,3085.0,3091.771528,6.73721490956,41.6666666667,32.0,0,21.8386220731,-2.0,21.1538461538,19.2380952381,0.0
14:17:00,3085.0,3091.76776708,6.73563239422,41.6666666667,54.0,0,21.8334923637,6.0,15.4929577465,29.7142857143,-4.0
14:17:00,3085.0,3091.76400825,6.73404396117,41.6666666667,162.0,0,21.8283434722,40.0,5.4054054054,69.2380952381,38.0
14:17:01,3085.0,3091.76025151,6.73244960624,41.6666666667,6.0,0,21.8231753849,-4.0,5.67375886525,56.8571428571,36.0
14:17:01,3085.0,3091.75649686,6.73084932523,41.6666666667,44.0,0,21.8179880883,-4.0,5.22875816993,56.0,34.0
14:17:02,3085.0,3091.7527443,6.72924311389,41.6666666667,40.0,0,21.8127815685,2.0,7.69230769231,52.8571428571,38.0
14:17:02,3085.0,3091.74899381,6.72763096798,41.6666666667,14.0,0,21.8075558119,14.0,8.125,40.7619047619,54.0
14:17:03,3085.0,3091.74524541,6.72601288324,41.6666666667,24.0,0,21.8023108047,2.0,6.20689655172,32.380952381,50.0
14:17:03,3085.0,3091.74149909,6.72438885538,41.6666666667,44.0,0,21.7970465328,18.0,22.0930232558,31.1428571429,28.0
14:17:04,3085.0,3091.73775486,6.72275888009,41.6666666667,56.0,0,21.7917629825,6.0,20.7207207207,38.9523809524,38.0
14:17:04,3086.0,3091.7345681,6.72076347809,46.1538461538,60.0,0,21.778235509,-12.0,23.5294117647,45.5238095238,30.0
14:17:05,3086.0,3091.73138311,6.71876241888,46.1538461538,8.0,0,21.7717511953,0.0,23.3009708738,36.4761904762,28.0
14:17:05,3085.0,3091.7276445,6.7171149044,41.6666666667,12.0,0,21.7734680856,-12.0,24.5098039216,30.0952380952,2.0
14:17:06,3086.0,3091.72446335,6.71455135678,46.1538461538,36.0,0,21.7581054983,-20.0,34.2592592593,30.6666666667,-20.0
14:17:06,3086.0,3091.72128398,6.71198126602,46.1538461538,16.0,0,21.7497772716,2.0,30.8510638298,24.9523809524,-36.0
14:17:07,3086.0,3091.71810637,6.7099565784,46.1538461538,0.0,0,21.7432163914,0.0,0,16.0,-42.0
14:17:07,3085.0,3091.71437513,6.70828488595,41.6666666667,12.0,0,21.7448456595,12.0,42.8571428571,13.1428571429,-18.0
14:17:08,3086.0,3091.71120136,6.70624869266,46.1538461538,28.0,0,21.7312012076,2.0,55.7692307692,17.1428571429,-16.0
14:17:08,3086.0,3091.70802935,6.70365364149,46.1538461538,28.0,0,21.7227920982,-12.0,68.3333333333,20.1904761905,-16.0
14:17:09,3085.0,3091.7043037,6.70141029933,41.6666666667,20.0,0,21.7225617482,-4.0,53.8461538462,20.1904761905,0.0
14:17:09,3086.0,3091.70113552,6.69880197047,46.1538461538,18.0,0,21.7070705459,-4.0,54.7169811321,20.380952381,-6.0
14:17:10,3086.0,3091.6979691,6.69618704844,46.1538461538,12.0,0,21.6985970461,-2.0,59.3220338983,18.7619047619,-8.0
14:17:10,3086.0,3091.69480444,6.69356552552,46.1538461538,78.0,0,21.6901021566,-20.0,69.5652173913,35.4285714286,-40.0
14:17:11,3086.0,3091.69164154,6.69093739396,46.1538461538,108.0,0,21.6815858521,-42.0,63.6363636364,57.5238095238,-84.0
14:17:11,3086.0,3091.6884804,6.68885861358,46.1538461538,20.0,0,21.6748496876,-2.0,63.28125,50.6666666667,-74.0
14:17:12,3085.0,3091.68476561,6.68713163864,41.6666666667,28.0,0,21.6762775969,-8.0,61.3636363636,46.4761904762,-78.0
14:17:12,3085.0,3091.68105288,6.68539863143,41.6666666667,6.0,0,21.6706600695,-2.0,63.4920634921,35.619047619,-76.0
14:17:13,3086.0,3091.67789762,6.68330236901,46.1538461538,238.0,0,21.6568450065,78.0,80.7531380753,91.619047619,4.0
14:17:13,3086.0,3091.6747441,6.68120035581,46.1538461538,48.0,0,21.6500335574,8.0,77.2321428571,82.5714285714,32.0
14:17:14,3086.0,3091.67159234,6.67909258641,46.1538461538,0.0,0,21.6432034556,0.0,0,61.2380952381,74.0
14:17:14,3086.0,3091.66844233,6.67642061916,46.1538461538,4.0,0,21.6345451042,4.0,81.4814814815,46.1904761905,80.0
14:17:15,3085.0,3091.66473867,6.67465761826,41.6666666667,180.0,0,21.635843171,14.0,59.6638655462,82.1904761905,102.0
14:17:15,3086.0,3091.66159247,6.67253199739,46.1538461538,38.0,0,21.621944256,-24.0,62.5984251968,70.380952381,80.0
14:17:16,3086.0,3091.65844801,6.66984085892,46.1538461538,8.0,0,21.6132237813,-6.0,31.654676259,48.4761904762,-4.0
14:17:16,3086.0,3091.65530531,6.66714303275,46.1538461538,88.0,0,21.6044816356,-6.0,49.6855345912,60.380952381,-18.0
14:17:17,3086.0,3091.65216434,6.66499921277,46.1538461538,42.0,0,21.5975347141,0.0,55.5555555555,57.2380952381,-18.0
14:17:17,3085.0,3091.64846972,6.66320567569,41.6666666667,4.0,0,21.5987218013,2.0,54.4444444444,41.2380952381,-20.0
14:17:18,3086.0,3091.64533255,6.6610501283,46.1538461538,22.0,0,21.5847379401,22.0,98.0198019802,30.380952381,-12.0
14:17:18,3086.0,3091.64219713,6.65888877301,46.1538461538,20.0,0,21.5777341964,-2.0,96.7391304348,26.4761904762,10.0
14:17:19,3086.0,3091.63906345,6.65672160417,46.1538461538,10.0,0,21.5707116143,0.0,96.7741935484,20.5714285714,16.0
14:17:19,3085.0,3091.6353761,6.65542515176,41.6666666667,70.0,0,21.5735013023,-48.0,94.0476190476,31.7142857143,-26.0
14:17:20,3086.0,3091.63224621,6.65376798476,46.1538461538,52.0,0,21.5611405858,-4.0,66.2921348315,38.5714285714,-30.0
14:17:20,3086.0,3091.62911805,6.65210576518,46.1538461538,8.0,0,21.5557542618,0.0,69.2307692308,32.380952381,-32.0
14:17:21,3085.0,3091.62543623,6.65079355123,41.6666666667,92.0,0,21.5584880105,74.0,67.4603174603,50.0,20.0
14:17:21,3085.0,3091.62175645,6.64895354595,41.6666666667,226.0,0,21.5525236497,218.0,68.9956331878,102.571428571,240.0
14:17:22,3085.0,3091.61807872,6.64763022846,41.6666666667,4.0,0,21.5482341279,2.0,67.6991150443,81.9047619048,242.0
14:17:22,3085.0,3091.61440303,6.64630152769,41.6666666667,42.0,0,21.5439271562,40.0,64.1509433962,72.380952381,330.0
14:17:23,3085.0,3091.61072938,6.64444392768,41.6666666667,4.0,0,21.5379057623,2.0,72.3404255319,53.3333333333,336.0
14:17:23,3086.0,3091.60761318,6.64222593956,46.1538461538,74.0,0,21.5237392727,2.0,76.0180995475,56.5714285714,338.0
14:17:24,3086.0,3091.6044987,6.64000208589,46.1538461538,126.0,0,21.5165330068,124.0,82.7731092437,71.5238095238,388.0
14:17:24,3086.0,3091.60138596,6.63777236078,46.1538461538,40.0,0,21.5093077148,0.0,93.1034482758,60.2857142857,170.0
14:17:25,3086.0,3091.59827494,6.63606195042,46.1538461538,30.0,0,21.5037652314,6.0,94.3037974683,55.0476190476,174.0
14:17:25,3086.0,3091.59516565,6.63434644692,46.1538461538,20.0,0,21.4982062441,4.0,95.9183673469,45.7142857143,138.0
14:17:26,3086.0,3091.59205809,6.63262584632,46.1538461538,234.0,0,21.4926307399,66.0,97.7099236641,98.5714285714,202.0
14:17:26,3085.0,3091.58839685,6.63125357658,41.6666666667,48.0,0,21.4951493568,-20.0,97.5903614458,87.3333333333,180.0
14:17:27,3086.0,3091.58529305,6.62952262936,46.1538461538,186.0,0,21.4825749493,58.0,98.2078853047,116.761904762,114.0
14:17:27,3086.0,3091.58219097,6.62778657329,46.1538461538,52.0,0,21.4769493626,22.0,89.8245614035,105.047619048,136.0
14:17:28,3086.0,3091.57909061,6.62604540436,46.1538461538,0.0,0,21.4713072079,0.0,0,77.9047619048,130.0
14:17:28,3086.0,3091.57599198,6.62429911853,46.1538461538,2.0,0,21.4656484722,2.0,89.6551724138,52.7619047619,128.0
14:17:29,3086.0,3091.57289507,6.62303385686,46.1538461538,10.0,0,21.4615484668,10.0,79.1946308725,30.7619047619,72.0
14:17:29,3087.0,3091.57035527,6.62145353481,50.0,2.0,0,21.4494769511,-2.0,76.1904761905,17.1428571429,90.0
14:17:30,3086.0,3091.56726149,6.62062431784,46.1538461538,14.0,0,21.4537404985,6.0,17.5,9.14285714286,38.0
14:17:30,3086.0,3091.56416943,6.61934617239,46.1538461538,10.0,0,21.449598744,0.0,31.5789473684,8.19047619048,16.0
14:17:31,3087.0,3091.56163448,6.61775342671,50.0,274.0,41.3793103448,21.4374908542,2.0,91.0256410256,84.6666666667,18.0
14:17:31,3087.0,3091.55910094,6.61660220138,58.3333333333,62.0,0,21.4337615853,2.0,92.4731182796,87.5238095238,18.0
14:17:32,3086.0,3091.55601341,6.61531131165,53.8461538462,46.0,0,21.436524017,8.0,90.1960784314,82.9523809524,16.0
14:17:32,3087.0,3091.553483,6.61455675264,58.3333333333,94.0,0,21.4271355771,-32.0,79.6,90.380952381,-14.0
14:17:33,3087.0,3091.55095399,6.61379912091,58.3333333333,12.0,0,21.4246813117,0.0,80.3212851406,70.0,-20.0
14:17:33,3087.0,3091.54842638,6.61303841538,58.3333333333,774.0,0,21.422217089,-164.0,91.4421553091,267.428571429,-184.0
14:17:34,3087.0,3091.54590018,6.61186970438,58.3333333333,760.0,0,21.4184311771,106.0,93.9359267735,424.476190476,-80.0
14:17:34,3088.0,3091.54393078,6.61083551596,61.5384615385,114.0,0,21.4081461009,-66.0,88.0,373.80952381,-148.0
14:17:35,3088.0,3091.54196248,6.60979853917,61.5384615385,844.0,0,21.4047880154,-70.0,92.3787528868,529.238095238,-226.0
14:17:35,3088.0,3091.53999527,6.60875877268,61.5384615385,476.0,0,21.401420896,378.0,95.033557047,541.523809524,184.0
14:17:36,3087.0,3091.53747375,6.60798291421,58.3333333333,106.0,0,21.405840344,-12.0,95.1203643461,429.904761905,172.0
14:17:36,3088.0,3091.53550903,6.60693743138,61.5384615385,118.0,0,21.39552277,24.0,94.4582299421,317.238095238,360.0
14:17:37,3087.0,3091.53299,6.60615556568,58.3333333333,88.0,0,21.3999208477,-22.0,92.2107674685,227.238095238,232.0
14:17:37,3088.0,3091.53102778,6.60510436152,61.5384615385,30.0,0,21.3895866629,-6.0,98.4356197353,152.666666667,292.0
14:17:38,3088.0,3091.52906664,6.60441513728,61.5384615385,50.0,0,21.3873547192,2.0,97.465437788,87.8095238095,364.0
14:17:38,3088.0,3091.52710659,6.60372355097,61.5384615385,816.0,0,21.3851151262,-506.0,99.1721854305,279.619047619,-520.0
14:17:39,3088.0,3091.52514763,6.60266442197,61.5384615385,318.0,0,21.3816853043,-262.0,99.5774647887,312.952380952,-770.0
14:17:39,3089.0,3091.52374516,6.60137883091,64.2857142857,276.0,0,21.3706015892,-264.0,83.9036755387,324.19047619,-1058.0
14:17:40,3089.0,3091.52234347,6.60045634763,64.2857142857,698.0,0,21.36761524,-244.0,63.071297989,448.476190476,-1280.0
14:17:40,3088.0,3091.52038716,6.59975518041,61.5384615385,1174.0,0,21.3722641853,-776.0,41.1764705882,679.714285714,-2050.0
14:17:41,3088.0,3091.51843193,6.59905164693,61.5384615385,322.0,0,21.3699859033,-242.0,45.1720310766,613.047619048,-2294.0
14:17:41,3088.0,3091.51647779,6.59866987626,61.5384615385,108.0,0,21.3687495993,-98.0,31.7679558011,472.285714286,-1886.0
14:17:42,3088.0,3091.51452473,6.5982861072,61.5384615385,430.0,0,21.3675068238,-84.0,20.2127659574,457.238095238,-1708.0
14:17:42,3087.0,3091.51201736,6.59816528347,58.3333333333,154.0,0,21.3740371995,8.0,20.1663201663,358.0,-1436.0
14:17:43,3087.0,3091.50951138,6.59804216542,58.3333333333,176.0,0,21.3736383719,8.0,26.0575296108,270.857142857,-1184.0
14:17:43,3087.0,3091.50700679,6.59791675291,58.3333333333,44.0,0,21.3732321118,6.0,51.8638573744,170.857142857,-402.0
14:17:44,3087.0,3091.50450359,6.59778904583,58.3333333333,70.0,0,21.3728184186,2.0,41.1405295316,132.095238095,-158.0
14:17:44,3087.0,3091.50200178,6.59794206599,58.3333333333,34.0,0,21.3733141108,22.0,36.1233480176,95.0476190476,-38.0
14:17:45,3088.0,3091.50005677,6.59782895456,61.5384615385,478.0,0,21.3660264072,214.0,86.4016736402,188.380952381,260.0
14:17:45,3088.0,3091.49811283,6.5977141571,61.5384615385,44.0,0,21.3656546538,10.0,100.0,155.428571429,262.0
14:17:46,3088.0,3091.49616998,6.59731421573,61.5384615385,10.0,0,21.3643595069,-8.0,99.7058823529,118.0,246.0
14:17:46,3088.0,3091.4942282,6.59691227342,61.5384615385,34.0,0,21.3630578802,-24.0,98.2089552239,95.3333333333,216.0
14:17:47,3088.0,3091.4922875,6.59679212633,61.5384615385,4.0,0,21.3626688029,0.0,97.6821192053,64.5714285714,214.0
14:17:47,3087.0,3091.48979248,6.59693376562,58.3333333333,10.0,0,21.3700478316,-6.0,96.5517241379,38.6666666667,186.0
14:17:48,3088.0,3091.48785424,6.59681010994,61.5384615385,14.0,0,21.3627270399,0.0,60.3448275862,15.0476190476,-28.0
14:17:48,3087.0,3091.48536168,6.59694794751,58.3333333333,52.0,0,21.3700937723,0.0,46.7741935484,24.380952381,-38.0
14:17:49,3088.0,3091.48342591,6.59653640295,61.5384615385,30.0,0,21.3618406831,-10.0,48.6111111111,27.0476190476,-40.0
14:17:49,3088.0,3091.48149121,6.59612285577,61.5384615385,82.0,0,21.3605014759,-58.0,34.375,43.619047619,-74.0
14:17:50,3087.0,3091.47900218,6.59597005661,58.3333333333,22.0,0,21.3669260013,6.0,36.1904761905,40.7619047619,-68.0
14:17:50,3087.0,3091.47651454,6.5960998519,58.3333333333,42.0,0,21.367346459,32.0,34.7107438017,42.7619047619,-30.0
14:17:51,3088.0,3091.47458368,6.59568019405,61.5384615385,124.0,0,21.3590679859,-6.0,53.4090909091,66.6666666667,-36.0
14:17:51,3088.0,3091.47265389,6.59554373969,61.5384615385,24.0,0,21.3586261,2.0,62.3456790124,56.7619047619,-34.0
14:17:52,3087.0,3091.47016977,6.59566776424,58.3333333333,138.0,0,21.3659467581,-94.0,42.5925925926,80.7619047619,-118.0
14:17:52,3087.0,3091.46768703,6.59578980941,58.3333333333,262.0,0,21.3663421102,-196.0,66.9934640523,135.047619048,-256.0
14:17:53,3087.0,3091.46520568,6.59562422752,58.3333333333,94.0,0,21.3658057257,-74.0,71.9298245614,132.761904762,-336.0
14:17:53,3087.0,3091.46272569,6.59545634846,58.3333333333,140.0,0,21.3652618998,-88.0,82.3529411765,140.19047619,-456.0
14:17:54,3087.0,3091.46024709,6.59495803836,58.3333333333,74.0,0,21.3636476785,-4.0,81.1475409836,124.095238095,-454.0
14:17:54,3087.0,3091.45776986,6.59478539206,58.3333333333,70.0,0,21.3630884096,-24.0,73.5218508997,109.238095238,-480.0
14:17:55,3087.0,3091.45529401,6.59461044792,58.3333333333,10.0,0,21.3625216972,-6.0,89.2307692308,75.0476190476,-392.0
14:17:55,3087.0,3091.45281954,6.59443320578,58.3333333333,34.0,0,21.3619475406,-24.0,87.2037914692,53.8095238095,-220.0
14:17:56,3087.0,3091.45034644,6.59425366545,58.3333333333,10.0,0,21.3613659393,-2.0,84.0236686391,36.5714285714,-148.0
14:17:56,3087.0,3091.44787471,6.59407182674,58.3333333333,8.0,0,21.3607768926,-8.0,63.1067961165,22.7619047619,-68.0
14:17:57,3087.0,3091.44540435,6.59355849146,58.3333333333,14.0,0,21.3591139989,0.0,52.0547945205,16.9523809524,-64.0
14:17:57,3086.0,3091.44237997,6.59334503613,53.8461538462,4.0,0,21.3653436038,-2.0,97.5,11.1428571429,-42.0
14:17:58,3086.0,3091.43935726,6.59345817182,53.8461538462,34.0,0,21.3657102133,-26.0,92.3076923077,17.0476190476,-62.0
14:17:58,3087.0,3091.43689164,6.59293671335,58.3333333333,162.0,0,21.3570998165,-8.0,89.6551724138,58.380952381,-46.0
14:17:59,3086.0,3091.43387198,6.59271462382,53.8461538462,96.0,0,21.3633007901,10.0,91.1949685534,74.7619047619,-34.0
14:17:59,3087.0,3091.4314094,6.59218766378,58.3333333333,140.0,0,21.354673352,-18.0,93.7777777778,99.619047619,-44.0
14:18:00,3087.0,3091.42894819,6.59198839759,58.3333333333,124.0,0,21.354027851,-74.0,89.6428571429,113.619047619,-118.0
14:18:00,3087.0,3091.42648835,6.59178683109,58.3333333333,82.0,0,21.3533748983,12.0,80.5642633229,110.380952381,-104.0
14:18:01,3087.0,3091.42402987,6.59158296407,58.3333333333,338.0,0,21.3527144933,-326.0,87.4734607219,176.571428571,-404.0
14:18:01,3086.0,3091.42101736,6.59167804466,53.8461538462,434.0,0,21.3599418168,212.0,57.0016474465,255.714285714,-184.0
14:18:02,3086.0,3091.41800652,6.59177049012,53.8461538462,26.0,0,21.3602413808,-22.0,54.5454545455,205.333333333,-216.0
14:18:02,3087.0,3091.41555275,6.59155941173,58.3333333333,146.0,0,21.352638198,-132.0,52.8695652174,192.571428571,-330.0
14:18:03,3086.0,3091.41254495,6.59164676684,53.8461538462,10.0,0,21.3598404629,-8.0,49.8069498069,140.666666667,-264.0
14:18:03,3086.0,3091.40953881,6.59173148702,53.8461538462,446.0,0,21.3601149936,0.0,38.7142857143,218.761904762,-276.0
14:18:04,3086.0,3091.40653435,6.59181357237,53.8461538462,12.0,0,21.3603809863,-8.0,19.739292365,155.523809524,42.0
14:18:04,3086.0,3091.40353155,6.59189302299,53.8461538462,606.0,0,21.3606384413,190.0,16.2118780096,277.523809524,20.0
14:18:05,3087.0,3091.40108583,6.59166982137,58.3333333333,32.0,0,21.352995858,-20.0,15.1757188498,227.333333333,22.0
14:18:05,3086.0,3091.39808606,6.59203428178,53.8461538462,50.0,0,21.3610961821,-2.0,5.88235294118,182.0,152.0
14:18:06,3086.0,3091.39508795,6.59210618004,53.8461538462,176.0,0,21.3613291641,152.0,4.99243570349,177.238095238,312.0
14:18:06,3086.0,3091.39209151,6.59246586437,53.8461538462,60.0,0,21.3624946998,44.0,4.91452991452,131.428571429,356.0
14:18:07,3086.0,3091.38909674,6.59253266658,53.8461538462,10.0,0,21.3627111684,10.0,5.1391862955,89.7142857143,374.0
14:18:07,3086.0,3091.38610363,6.59259683468,53.8461538462,6.0,0,21.3629191014,2.0,14.371257485,46.9523809524,186.0
14:18:08,3086.0,3091.38311218,6.59319804167,53.8461538462,52.0,0,21.364867277,-24.0,11.2994350282,45.9047619048,182.0
14:18:08,3085.0,3091.37956699,6.59388921654,50.0,12.0,0,21.3740331168,-4.0,12.0253164557,32.4761904762,180.0
14:18:09,3086.0,3091.37657917,6.59448604663,53.8461538462,52.0,0,21.3690409806,-16.0,33.3333333333,32.2857142857,12.0
14:18:09,3086.0,3091.37359301,6.59528787431,53.8461538462,46.0,0,21.3716392557,2.0,33.7078651685,36.2857142857,-30.0
14:18:10,3085.0,3091.37005311,6.59642823292,50.0,636.0,0,21.3822633158,158.0,10.696517413,209.523809524,118.0
14:18:10,3086.0,3091.36707058,6.59676966869,53.8461538462,320.0,0,21.3764409225,178.0,34.3470483006,262.666666667,294.0
14:18:11,3085.0,3091.3635343,6.59769825183,50.0,88.0,0,21.3863800708,-72.0,35.1819757366,234.571428571,246.0
14:18:11,3085.0,3091.35999998,6.5988319615,50.0,0.0,0,21.3900549806,0.0,0,179.619047619,250.0
14:18:12,3086.0,3091.35702303,6.59941633689,53.8461538462,20.0,0,21.3850172939,0.0,36.0360360361,130.952380952,266.0
14:18:12,3086.0,3091.35404773,6.60020648293,53.8461538462,4.0,0,21.3875777153,0.0,36.1423220974,79.2380952381,264.0
14:18:13,3085.0,3091.35051869,6.60112607303,50.0,18.0,0,21.3974913226,-10.0,79.1111111111,33.5238095238,96.0
14:18:13,3085.0,3091.3469916,6.60225129369,50.0,8.0,0,21.4011387154,-4.0,40.5797101449,14.380952381,-86.0
14:18:14,3085.0,3091.34346647,6.60316618196,50.0,10.0,0,21.4041043175,-2.0,50.0,10.6666666667,-16.0
14:18:14,3086.0,3091.34049871,6.60374014863,53.8461538462,16.0,0,21.3990283494,-6.0,44.7368421053,12.380952381,-22.0
14:18:15,3086.0,3091.33753259,6.60452052446,53.8461538462,40.0,0,21.401557111,4.0,54.1666666667,20.1904761905,-18.0
14:18:15,3086.0,3091.33456811,6.60529912594,53.8461538462,74.0,0,21.404080123,-4.0,34.9397590361,36.7619047619,-22.0
14:18:16,3085.0,3091.33104989,6.6062052526,50.0,4.0,0,21.4139554379,0.0,34.2105263158,30.0,-12.0
14:18:16,3085.0,3091.32753361,6.60731776676,50.0,26.0,0,21.4175616427,-14.0,30.5882352941,30.1904761905,-22.0
14:18:17,3085.0,3091.32401929,6.60842812038,50.0,42.0,0,21.421160844,-22.0,36.6336633663,34.0952380952,-42.0
14:18:17,3085.0,3091.32050692,6.60932728035,50.0,30.0,0,21.424075463,24.0,34.2592592592,33.0476190476,-12.0
14:18:18,3085.0,3091.31699651,6.61022403012,50.0,18.0,0,21.4269822694,12.0,26.8041237113,27.9047619048,-4.0
14:18:18,3086.0,3091.31404344,6.61078145186,53.8461538462,26.0,0,21.421845275,10.0,32.8767123288,26.0952380952,10.0
14:18:19,3086.0,3091.31109201,6.6110853816,53.8461538462,2.0,0,21.4228301413,2.0,34.7222222222,19.7142857143,12.0
14:18:19,3086.0,3091.30814223,6.61138700988,53.8461538462,150.0,0,21.4238075498,-26.0,73.8805970149,55.7142857143,0.0
14:18:20,3086.0,3091.30519408,6.61168633702,53.8461538462,14.0,0,21.4247775017,-12.0,79.1666666667,46.9523809524,10.0
14:18:20,3085.0,3091.30169216,6.61231956742,50.0,8.0,0,21.4337749349,8.0,85.3211009174,37.8095238095,-6.0
14:18:21,3086.0,3091.2987476,6.61261411486,53.8461538462,20.0,37.9310344828,21.4277839108,8.0,86.3636363636,33.1428571429,-10.0
14:18:21,3086.0,3091.29580467,6.61290636222,45.4545454545,40.0,0,21.428730921,18.0,92.3076923077,34.0952380952,-2.0
14:18:22,3086.0,3091.29286337,6.61344869388,45.4545454545,0.0,0,21.4304883146,0.0,0,22.9523809524,-4.0
14:18:22,3086.0,3091.28992371,6.61344195606,45.4545454545,66.0,0,21.4304664811,26.0,87.8378378378,30.7619047619,48.0
14:18:23,3085.0,3091.28643028,6.61406259397,41.6666666667,32.0,0,21.4394249399,4.0,72.2891566265,32.8571428571,64.0
14:18:23,3086.0,3091.28349419,6.61434546816,45.4545454545,44.0,0,21.4333942585,16.0,69.3069306931,37.5238095238,72.0
14:18:24,3085.0,3091.28000432,6.61466593853,41.6666666667,14.0,0,21.441380676,10.0,67.3469387755,31.9047619048,74.0
14:18:24,3086.0,3091.2770718,6.61464870338,45.4545454545,8.0,0,21.4343768742,-8.0,67.0731707317,24.8571428571,48.0
14:18:25,3086.0,3091.27414091,6.61492420382,45.4545454545,4.0,0,21.435269617,0.0,66.6666666667,18.1904761905,48.0
14:18:25,3086.0,3091.27121165,6.61519740661,45.4545454545,2.0,0,21.4361549145,-2.0,46.1538461538,10.7619047619,20.0
14:18:26,3086.0,3091.26828401,6.61546831204,45.4545454545,20.0,0,21.4370327675,12.0,65.2173913044,11.5238095238,28.0
14:18:26,3086.0,3091.265358,6.6157369204,45.4545454545,34.0,0,21.4379031769,34.0,53.6585365854,16.8571428571,46.0
14:18:27,3085.0,3091.26187821,6.61633705098,41.6666666667,24.0,0,21.4467975721,2.0,56.5217391304,19.8095238095,38.0
14:18:27,3086.0,3091.25895576,6.61660088945,45.4545454545,106.0,0,21.4407028174,-62.0,26.3157894737,45.7142857143,-16.0
14:18:28,3086.0,3091.25603492,6.6168624318,45.4545454545,6.0,0,21.4415503299,4.0,27.0833333334,38.380952381,-12.0
14:18:28,3086.0,3091.25311572,6.61712167831,45.4545454545,4.0,0,21.4423904028,4.0,26.8041237114,30.380952381,-6.0
14:18:29,3086.0,3091.25019813,6.61708206085,45.4545454545,84.0,0,21.4422620248,74.0,46.511627907,45.1428571429,56.0
14:18:29,3086.0,3091.24728216,6.61733656465,45.4545454545,6.0,0,21.4430867293,4.0,51.3043478261,34.5714285714,26.0
14:18:30,3086.0,3091.24436782,6.61729187619,45.4545454545,26.0,0,21.442941919,10.0,47.4137931035,31.0476190476,34.0
14:18:30,3085.0,3091.24089969,6.61757713089,41.6666666667,10.0,0,21.45081728,-2.0,80.8823529412,22.8571428571,94.0
14:18:31,3085.0,3091.23743348,6.61815663325,41.6666666667,42.0,0,21.4526957318,0.0,84.8837209302,28.380952381,90.0
14:18:31,3085.0,3091.2339692,6.61898886389,41.6666666667,28.0,0,21.4553934,-24.0,85.7142857143,28.1904761905,62.0
14:18:32,3085.0,3091.23050685,6.61956317211,41.6666666667,10.0,0,21.4572550149,2.0,72.131147541,21.7142857143,-10.0
14:18:32,3086.0,3091.22760182,6.61980305715,45.4545454545,4.0,0,21.4510792519,-4.0,75.0,17.0476190476,-18.0
14:18:33,3085.0,3091.224143,6.62062806479,41.6666666667,6.0,0,21.4607068551,0.0,80.0,13.0476190476,-28.0
14:18:33,3086.0,3091.2212415,6.62086334282,45.4545454545,130.0,0,21.4545150448,0.0,84.5454545454,45.4285714286,-26.0
14:18:34,3085.0,3091.21778622,6.62142752502,41.6666666667,18.0,0,21.4632982983,2.0,75.5102040816,40.0952380952,-24.0
14:18:34,3085.0,3091.21433285,6.62198903742,41.6666666667,34.0,0,21.4651184357,4.0,62.3762376237,40.4761904762,4.0
14:18:35,3086.0,3091.21143681,6.62221708962,45.4545454545,78.0,0,21.458901781,-36.0,74.0740740741,53.1428571429,-34.0
14:18:35,3086.0,3091.20854237,6.6224428503,45.4545454545,94.0,0,21.4596333451,78.0,80.5555555555,67.1428571429,48.0
14:18:36,3086.0,3091.20564954,6.6226663197,45.4545454545,10.0,0,21.4603574844,2.0,81.8681318681,52.8571428571,50.0
14:18:36,3086.0,3091.20275831,6.62288749804,45.4545454545,90.0,0,21.4610741997,88.0,80.2469135802,61.2380952381,138.0
14:18:37,3086.0,3091.19986869,6.62336343634,45.4545454545,32.0,0,21.4626164496,20.0,84.023668639,54.9523809524,156.0
14:18:37,3085.0,3091.19642528,6.62416728985,41.6666666667,28.0,0,21.4721792216,10.0,92.7710843373,46.8571428571,162.0
14:18:38,3086.0,3091.19353918,6.62438173216,45.4545454545,14.0,0,21.4659161768,-2.0,91.0447761194,35.0476190476,196.0
14:18:38,3086.0,3091.19065468,6.62459388459,45.4545454545,4.0,0,21.4666036442,-4.0,86.5168539326,23.4285714286,114.0
14:18:39,3086.0,3091.18777178,6.62480374738,45.4545454545,40.0,0,21.4672836921,34.0,88.4615384615,26.380952381,146.0
14:18:39,3086.0,3091.18489049,6.62501132075,45.4545454545,196.0,0,21.4679563213,152.0,97.4522292994,72.4761904762,210.0
14:18:40,3086.0,3091.18201079,6.62521660489,45.4545454545,0.0,0,21.4686215324,0.0,0,57.5238095238,190.0
14:18:40,3086.0,3091.1791327,6.62567769071,45.4545454545,10.0,0,21.4701156536,2.0,96.2121212121,46.9523809524,182.0
14:18:41,3086.0,3091.1762562,6.62587855228,45.4545454545,8.0,0,21.4707665336,-2.0,93.7984496124,36.6666666667,182.0
14:18:41,3086.0,3091.1733813,6.62607712534,45.4545454545,2.0,0,21.4714099979,0.0,92.96875,24.9523809524,186.0
14:18:42,3086.0,3091.170508,6.62627341011,45.4545454545,16.0,0,21.472046047,16.0,85.3448275862,17.3333333333,168.0
14:18:42,3086.0,3091.16763629,6.62646740679,45.4545454545,4.0,0,21.4726746817,4.0,5.0,7.42857142857,20.0
14:18:43,3087.0,3091.16532158,6.62637302334,50.0,16.0,0,21.465413098,0.0,21.4285714286,10.0952380952,20.0
14:18:43,3087.0,3091.16300816,6.62627667061,50.0,4.0,0,21.4651009738,-2.0,32.0,8.57142857143,16.0
14:18:44,3086.0,3091.16014061,6.62646414639,45.4545454545,12.0,0,21.4726641166,2.0,25.9259259259,9.61904761905,20.0
14:18:44,3086.0,3091.15727467,6.62664933464,45.4545454545,0.0,0,21.4732642082,0.0,0,7.04761904762,20.0
14:18:45,3087.0,3091.15496571,6.6265467796,50.0,8.0,0,21.4659759624,2.0,40.9090909091,6.85714285714,6.0
14:18:45,3087.0,3091.15265804,6.62644225508,50.0,2.0,0,21.4656373666,0.0,47.619047619,5.33333333333,2.0
14:18:46,3087.0,3091.15035165,6.6260340388,50.0,44.0,0,21.4643149945,38.0,17.1428571429,15.9047619048,40.0
14:18:46,3087.0,3091.14804653,6.6256235148,50.0,14.0,0,21.4629851467,0.0,27.5,16.5714285714,42.0
14:18:47,3087.0,3091.1457427,6.62551276842,50.0,44.0,0,21.4626263959,-22.0,35.7142857143,25.3333333333,18.0
14:18:47,3087.0,3091.14344015,6.62540005198,50.0,0.0,0,21.4622612633,0.0,0,20.0,18.0
14:18:48,3087.0,3091.14113888,6.62498296644,50.0,16.0,0,21.4609101601,-6.0,41.6666666667,19.2380952381,10.0
14:18:48,3086.0,3091.13828349,6.62515058646,45.4545454545,22.0,0,21.4684076035,8.0,34.2857142857,19.8095238095,18.0
14:18:49,3086.0,3091.13542968,6.62531591956,45.4545454545,22.0,0,21.4689433557,4.0,52.5423728814,19.4285714286,-16.0
14:18:49,3086.0,3091.13257745,6.625176075,45.4545454545,20.0,0,21.4684901977,-10.0,45.1612903226,19.5238095238,-26.0
14:18:50,3086.0,3091.12972681,6.62533667908,45.4545454545,30.0,0,21.4690106257,16.0,34.5454545455,22.1904761905,12.0
14:18:50,3087.0,3091.12743316,6.62521124168,50.0,122.0,0,21.4616496329,26.0,68.9655172414,51.8095238095,38.0
14:18:51,3087.0,3091.12514078,6.62508383362,50.0,34.0,0,21.4612369084,-32.0,71.2,50.4761904762,12.0
14:18:51,3086.0,3091.12229427,6.62523791793,45.4545454545,8.0,0,21.468690596,4.0,76.2711864407,40.8571428571,8.0
14:18:52,3087.0,3091.12000474,6.62510642239,50.0,18.0,0,21.4613100823,-6.0,77.5862068966,34.7619047619,-2.0
14:18:52,3086.0,3091.11716108,6.62525610383,45.4545454545,56.0,0,21.4687495263,46.0,64.9253731343,39.7142857143,54.0
14:18:53,3086.0,3091.114319,6.62540349924,45.4545454545,24.0,0,21.4692271524,-16.0,74.8091603053,33.8095238095,22.0
14:18:53,3087.0,3091.11203391,6.62526579947,50.0,36.0,0,21.4618263669,-30.0,61.3636363636,31.619047619,-34.0
14:18:54,3087.0,3091.10975008,6.62512612855,50.0,2.0,0,21.4613739182,-2.0,54.1666666667,23.8095238095,-4.0
14:18:54,3087.0,3091.10746752,6.62498448635,50.0,6.0,0,21.4609150838,-2.0,56.338028169,18.6666666667,-10.0
14:18:55,3087.0,3091.10518622,6.62484087277,50.0,12.0,0,21.4604498632,0.0,54.4117647059,15.3333333333,-4.0
14:18:55,3087.0,3091.1029062,6.62469528766,50.0,14.0,0,21.4599782561,-10.0,91.4893617021,12.8571428571,-60.0
14:18:56,3087.0,3091.10062744,6.62454773089,50.0,0.0,0,21.459500262,0.0,0,8.38095238095,-44.0
14:18:56,3087.0,3091.09834994,6.62466136451,50.0,2.0,0,21.4598683658,-2.0,88.8888888889,5.61904761905,-16.0
14:18:57,3087.0,3091.09607372,6.62477331897,50.0,6.0,0,21.46023103,-4.0,90.0,5.61904761905,-18.0
14:18:57,3086.0,3091.09324335,6.62490181036,45.4545454545,4.0,0,21.4676014594,-2.0,89.4736842105,4.85714285714,-18.0
14:18:58,3086.0,3091.09041456,6.62529160784,45.4545454545,8.0,0,21.468864575,0.0,82.3529411765,5.33333333333,-18.0
14:18:58,3086.0,3091.08758733,6.62567941427,45.4545454545,24.0,0,21.4701212387,24.0,31.8181818182,10.5714285714,16.0
14:18:59,3087.0,3091.08531708,6.62552022183,50.0,2.0,0,21.4626505404,-2.0,34.7826086957,9.04761904762,14.0
14:18:59,3086.0,3091.08249269,6.6256400576,45.4545454545,42.0,0,21.4699937058,6.0,18.6046511628,18.8571428571,22.0
14:19:00,3086.0,3091.07966987,6.62575760867,45.4545454545,4.0,0,21.470374623,-2.0,14.2857142857,15.9047619048,24.0
14:19:00,3086.0,3091.07684861,6.62587287518,45.4545454545,36.0,0,21.4707481373,24.0,10.3448275862,22.1904761905,50.0
14:19:01,3086.0,3091.07402892,6.62625035371,45.4545454545,26.0,0,21.4719713341,0.0,23.8805970149,24.0952380952,50.0
14:19:01,3087.0,3091.0717662,6.62608088085,50.0,14.0,0,21.4644667342,-10.0,35.4838709678,21.7142857143,16.0
14:19:02,3086.0,3091.06894934,6.62645441175,45.4545454545,44.0,0,21.4726325721,8.0,25.3012048193,28.380952381,26.0
14:19:02,3087.0,3091.06668944,6.6265459354,50.0,42.0,0,21.4659732277,-26.0,37.3493975904,32.4761904762,-6.0
14:19:03,3087.0,3091.06443079,6.62663578105,50.0,2.0,0,21.4662642729,0.0,37.8048780488,25.1428571429,-4.0
14:19:03,3087.0,3091.0621734,6.62645874925,50.0,12.0,0,21.4656907977,-6.0,48.5714285714,20.7619047619,-34.0
14:19:04,3087.0,3091.05991727,6.62627974479,50.0,8.0,0,21.4651109323,-4.0,42.6229508197,16.380952381,-38.0
14:19:04,3087.0,3091.05766238,6.62609876749,50.0,26.0,0,21.464524676,8.0,38.8059701493,18.0,-20.0
14:19:05,3086.0,3091.05485335,6.62619511699,45.4545454545,4.0,0,21.4717923428,0.0,57.4468085106,12.7619047619,-28.0
14:19:05,3086.0,3091.05204588,6.62655501783,45.4545454545,12.0,0,21.4729585801,-10.0,53.125,11.7142857143,-12.0
14:19:06,3087.0,3091.04979537,6.62636799293,50.0,12.0,0,21.4653968025,-6.0,59.4594594595,12.0952380952,-18.0
14:19:06,3086.0,3091.04699071,6.62672394877,45.4545454545,16.0,0,21.4735059908,10.0,46.1538461538,13.1428571429,-2.0
14:19:07,3087.0,3091.044743,6.62653299291,50.0,4.0,0,21.465931302,-2.0,43.2432432432,10.5714285714,0.0
14:19:07,3086.0,3091.04194115,6.62688500437,45.4545454545,138.0,0,21.4740278819,-78.0,10.752688172,46.4761904762,-86.0
14:19:08,3087.0,3091.03969625,6.6269566817,50.0,2.0,0,21.4673037956,0.0,10.8695652174,38.1904761905,-86.0
14:19:08,3087.0,3091.03745259,6.62675998053,50.0,24.0,0,21.4666666036,-12.0,21.4285714286,36.2857142857,-88.0
14:19:09,3086.0,3091.03465479,6.6271062282,45.4545454545,46.0,0,21.4747447447,-24.0,25.2173913043,40.0952380952,-106.0
14:19:09,3086.0,3091.03185853,6.6274504902,45.4545454545,396.0,0,21.4758603052,-148.0,14.7540983607,142.285714286,-264.0
14:19:10,3086.0,3091.02906383,6.62779276682,45.4545454545,154.0,0,21.4769694323,-22.0,31.5789473684,157.238095238,-284.0
14:19:10,3086.0,3091.02627068,6.62786578478,45.4545454545,20.0,0,21.4772060427,10.0,40.4984423676,126.761904762,-196.0
14:19:11,3086.0,3091.02347909,6.62793652017,45.4545454545,2.0,35.7142857143,21.4774352566,-2.0,40.4984423676,96.7619047619,-198.0
14:19:11,3086.0,3091.02068904,6.62827256698,45.4545454545,72.0,0,21.4785241963,-22.0,44.6376811594,86.7619047619,-208.0
14:19:12,3086.0,3091.01790054,6.62833889773,45.4545454545,34.0,0,21.4787391372,-2.0,46.3126843658,63.619047619,-186.0
14:19:12,3086.0,3091.01511359,6.62867083836,45.4545454545,166.0,0,21.4798147711,-52.0,63.3928571429,78.7619047619,-90.0
14:19:13,3086.0,3091.01232819,6.62900079523,45.4545454545,66.0,0,21.4808839768,66.0,36.1111111111,76.2857142857,-2.0
14:19:13,3086.0,3091.00954434,6.62906060045,45.4545454545,3936.0,0,21.481077772,2164.0,-81.1506080449,1183.71428571,2152.0
14:19:14,3085.0,3091.00620663,6.62943640767,41.6666666667,230.0,0,21.48925902,-30.0,-77.0870337478,1045.80952381,2124.0
14:19:14,3085.0,3091.00287078,6.63007806199,41.6666666667,100.0,0,21.4913389367,-36.0,-76.8755516328,859.904761905,2110.0
14:19:15,3084.0,3090.99898137,6.63080851237,38.4615384615,620.0,0,21.5006761102,262.0,-68.347010551,821.238095238,2374.0
14:19:15,3085.0,3090.99564953,6.631445147,41.6666666667,78.0,0,21.4957703306,-20.0,-68.508946322,599.80952381,2406.0
14:19:16,3084.0,3090.99176414,6.63243877739,38.4615384615,454.0,0,21.5059623132,190.0,-62.753783684,490.0,2530.0
14:19:16,3085.0,3090.98843631,6.63307053267,41.6666666667,66.0,0,21.5010390038,8.0,13.9534883721,250.857142857,374.0
14:19:17,3084.0,3090.98455492,6.63405886015,38.4615384615,26.0,0,21.5112154998,4.0,16.2202380952,184.571428571,408.0
14:19:17,3085.0,3090.98123109,6.63441641539,41.6666666667,42.0,0,21.5054016706,-2.0,15.2410575428,132.571428571,442.0
14:19:18,3085.0,3090.97790911,6.63504081876,41.6666666667,12.0,0,21.5074256686,-8.0,27.4336283186,74.7619047619,172.0
14:19:18,3085.0,3090.97458897,6.63539326265,41.6666666667,8.0,0,21.5085681123,-4.0,22.3684210526,44.7619047619,188.0
14:19:19,3084.0,3090.97071527,6.6363709544,38.4615384615,34.0,0,21.5187125629,-6.0,51.0638297872,25.5238095238,-8.0
14:19:19,3085.0,3090.96739913,6.63671809582,41.6666666667,198.0,0,21.5128625472,-184.0,80.0,73.1428571429,-200.0
14:19:20,3085.0,3090.96408483,6.63706260329,41.6666666667,218.0,0,21.5139792651,44.0,71.09375,120.19047619,-160.0
14:19:20,3085.0,3090.96077237,6.63740447724,41.6666666667,238.0,0,21.5150874465,-34.0,79.0960451977,163.80952381,-192.0
14:19:21,3084.0,3090.95690635,6.63810101671,38.4615384615,168.0,0,21.5243223629,130.0,78.2407407407,178.095238095,-54.0
14:19:21,3085.0,3090.95359787,6.638707988,41.6666666667,82.0,0,21.519312765,56.0,79.7441364605,160.380952381,6.0
14:19:22,3085.0,3090.95029124,6.63931262595,41.6666666667,0.0,0,21.5212726935,0.0,0,115.714285714,12.0
14:19:22,3084.0,3090.94643104,6.64000078439,38.4615384615,14.0,0,21.5304824396,-6.0,75.8333333333,76.6666666667,190.0
14:19:23,3084.0,3090.94257298,6.64095688386,38.4615384615,38.0,0,21.5335826325,30.0,85.9259259259,53.2380952381,176.0
14:19:23,3085.0,3090.93927247,6.64155399784,41.6666666667,434.0,0,21.5285380805,106.0,61.6847826087,151.523809524,316.0
14:19:24,3084.0,3090.93541839,6.64223356008,38.4615384615,294.0,0,21.537722309,-108.0,38.5150812065,200.476190476,78.0
14:19:24,3085.0,3090.93212185,6.64282568074,41.6666666667,138.0,0,21.5326602293,-8.0,30.7189542484,198.857142857,14.0
14:19:25,3084.0,3090.92827174,6.64377109534,38.4615384615,42.0,0,21.5427078318,-12.0,29.375,167.142857143,2.0
14:19:25,3084.0,3090.92442377,6.64471376266,38.4615384615,112.0,0,21.5457644704,22.0,26.843100189,153.428571429,30.0
14:19:26,3084.0,3090.92057793,6.64538185509,38.4615384615,112.0,0,21.5479307882,20.0,22.6148409894,135.047619048,20.0
14:19:26,3084.0,3090.91673423,6.64604690821,38.4615384615,36.0,0,21.550087251,14.0,4.35967302453,91.4285714286,-72.0
14:19:27,3083.0,3090.91233727,6.64710541639,35.7142857143,30.0,0,21.5605105949,8.0,11.4893617021,65.0476190476,44.0
14:19:27,3083.0,3090.90794275,6.64816040183,35.7142857143,78.0,0,21.5639325392,-16.0,18.0487804878,64.9523809524,36.0
14:19:28,3083.0,3090.90355067,6.64921186618,35.7142857143,168.0,0,21.5673430625,-92.0,19.0298507463,93.4285714286,-44.0
14:19:28,3084.0,3090.89971643,6.64986409752,38.4615384615,78.0,0,21.5624646482,-10.0,23.9043824701,90.1904761905,-76.0
14:19:29,3084.0,3090.89588431,6.65078606233,38.4615384615,170.0,0,21.565454158,-36.0,41.0714285714,114.857142857,-132.0
14:19:29,3083.0,3090.89149893,6.65182764614,35.7142857143,236.0,0,21.5758275905,28.0,30.2631578947,155.619047619,-118.0
14:19:30,3084.0,3090.88767138,6.65247071316,38.4615384615,46.0,0,21.5709167094,-14.0,28.0927835052,132.571428571,-140.0
14:19:30,3083.0,3090.88329056,6.65350552735,35.7142857143,958.0,0,21.5812699557,-256.0,25.4830917874,369.333333333,-380.0
14:19:31,3083.0,3090.87891217,6.65481019755,35.7142857143,16.0,0,21.585501776,6.0,26.329787234,295.047619048,-282.0
14:19:31,3083.0,3090.87453621,6.65611164436,35.7142857143,214.0,0,21.589723141,160.0,24.3902439024,284.571428571,-112.0
14:19:32,3083.0,3090.87016269,6.65713623759,35.7142857143,854.0,0,21.5930465053,-278.0,14.2857142857,450.476190476,-354.0
14:19:32,3083.0,3090.86579159,6.65815732396,35.7142857143,24.0,0,21.5963584948,-14.0,16.8560606061,346.666666667,-396.0
14:19:33,3083.0,3090.86142292,6.6591749051,35.7142857143,504.0,0,21.5996591148,132.0,34.6303501945,390.095238095,-250.0
14:19:33,3083.0,3090.85705667,6.6601889826,35.7142857143,114.0,0,21.6029483704,-32.0,39.1657010429,300.285714286,-26.0
14:19:34,3083.0,3090.85269285,6.66119955807,35.7142857143,220.0,0,21.6062262669,90.0,35.5440414508,280.952380952,58.0
14:19:34,3084.0,3090.84888686,6.66208833532,38.4615384615,140.0,0,21.6021022546,6.0,35.775862069,229.047619048,-96.0
14:19:35,3084.0,3090.84508298,6.66297438841,38.4615384615,66.0,0,21.6049753191,34.0,58.4269662921,159.523809524,216.0
14:19:35,3083.0,3090.84072581,6.66424997285,35.7142857143,80.0,0,21.6161205736,50.0,55.1601423487,131.523809524,280.0
14:19:36,3083.0,3090.83637106,6.66552234971,35.7142857143,38.0,0,21.6202476474,28.0,11.2462006079,88.8571428571,176.0
14:19:36,3083.0,3090.83201873,6.66651657238,35.7142857143,36.0,0,21.6234725021,-24.0,6.89655172414,67.8095238095,184.0
14:19:37,3084.0,3090.82822422,6.66739092709,38.4615384615,66.0,0,21.619296132,-12.0,12.20657277,59.0476190476,82.0
14:19:37,3084.0,3090.82443181,6.66798731711,38.4615384615,138.0,0,21.6212299517,-92.0,35.8490566038,78.1904761905,-16.0
14:19:38,3084.0,3090.82064151,6.66885609881,38.4615384615,50.0,0,21.624047013,24.0,43.137254902,72.2857142857,-26.0
14:19:38,3084.0,3090.81685332,6.66972216438,38.4615384615,184.0,0,21.6268552671,34.0,60.15625,105.428571429,-42.0
14:19:39,3083.0,3090.81251183,6.67097610137,35.7142857143,78.0,0,21.6379374031,70.0,67.0289855072,103.333333333,0.0
14:19:39,3084.0,3090.80872815,6.67156069785,38.4615384615,200.0,0,21.6328167894,-14.0,79.0502793296,134.19047619,10.0
14:19:40,3084.0,3090.80494658,6.67214228257,38.4615384615,14.0,0,21.6347026024,0.0,81.6265060241,104.095238095,22.0
14:19:40,3084.0,3090.8011671,6.67272085633,38.4615384615,24.0,0,21.6365786522,-4.0,80.0,79.3333333333,110.0
14:19:41,3085.0,3090.79794513,6.67322463906,41.6666666667,26.0,0,21.6311981817,0.0,80.2281368821,60.5714285714,86.0
14:19:41,3084.0,3090.79416954,6.67407400985,38.4615384615,46.0,0,21.6409663095,-12.0,69.587628866,48.6666666667,40.0
14:19:42,3085.0,3090.79095145,6.67480793985,41.6666666667,60.0,0,21.6363304371,-26.0,61.6216216216,47.3333333333,-56.0
14:19:42,3084.0,3090.78717975,6.67565225463,38.4615384615,10.0,0,21.6460838347,-6.0,18.8888888889,32.5714285714,-48.0
14:19:43,3084.0,3090.78341014,6.67649386229,38.4615384615,50.0,0,21.648812783,0.0,15.7407407407,38.2857142857,-48.0
14:19:43,3085.0,3090.78019802,6.67698571171,41.6666666667,36.0,0,21.6433896652,-2.0,18.4210526316,38.2857142857,-46.0
14:19:44,3084.0,3090.77643229,6.67782212501,38.4615384615,82.0,0,21.6531197309,-70.0,15.4929577465,50.8571428571,-116.0
14:19:44,3084.0,3090.77266865,6.67889147674,38.4615384615,326.0,0,21.656587149,-44.0,7.80141843972,130.476190476,-148.0
14:19:45,3084.0,3090.76890711,6.67972262652,38.4615384615,14.0,0,21.6592821872,-4.0,5.7915057915,107.619047619,-126.0
14:19:45,3084.0,3090.76514765,6.6807869849,38.4615384615,12.0,0,21.6627334141,6.0,5.76923076923,86.380952381,-114.0
14:19:46,3084.0,3090.76139027,6.68161287544,38.4615384615,22.0,0,21.665411399,-16.0,10.5691056911,67.9047619048,-130.0
14:19:46,3084.0,3090.75763499,6.68243606589,38.4615384615,36.0,0,21.6680806287,-30.0,15.8536585366,54.7619047619,-158.0
14:19:47,3084.0,3090.75388179,6.68325655724,38.4615384615,16.0,0,21.6707411065,2.0,19.2488262911,35.9047619048,-86.0
14:19:47,3084.0,3090.75013068,6.68431081796,38.4615384615,106.0,0,21.6741595913,20.0,61.1650485437,45.9047619048,-22.0
14:19:48,3083.0,3090.74582624,6.68574930356,35.7142857143,48.0,0,21.6858556716,6.0,65.8333333333,49.8095238095,-12.0
14:19:48,3083.0,3090.7415242,6.68694817153,35.7142857143,202.0,0,21.6897443125,-70.0,76.7441860465,96.0952380952,-88.0
14:19:49,3083.0,3090.73722455,6.68814387116,35.7142857143,14.0,0,21.6936226765,10.0,74.8815165877,79.619047619,-62.0
14:19:49,3083.0,3090.73292728,6.68933640414,35.7142857143,156.0,0,21.6974907692,34.0,63.4686346863,104.095238095,2.0
14:19:50,3083.0,3090.72863241,6.69052577217,35.7142857143,64.0,0,21.7013485961,38.0,61.3559322034,96.5714285714,38.0
14:19:50,3084.0,3090.72489532,6.69132659069,38.4615384615,18.0,0,21.6969085301,4.0,64.5418326693,73.619047619,22.0
14:19:51,3083.0,3090.7206049,6.69250988645,35.7142857143,60.0,0,21.7077842571,-16.0,60.3112840467,66.8571428571,0.0
14:19:51,3084.0,3090.71687227,6.69330510706,38.4615384615,26.0,0,21.7033239528,8.0,44.3786982249,49.8095238095,78.0
14:19:52,3084.0,3090.71314171,6.6940976397,38.4615384615,114.0,0,21.7058937734,-26.0,47.0319634703,66.2857142857,42.0
14:19:52,3084.0,3090.70941322,6.69488748534,38.4615384615,168.0,0,21.7084548811,-2.0,68.0,93.4285714286,6.0
14:19:53,3083.0,3090.7051314,6.69605890514,35.7142857143,20.0,0,21.7192958324,0.0,67.4876847291,77.7142857143,-32.0
14:19:53,3083.0,3090.70085196,6.69722717061,35.7142857143,82.0,0,21.7230852112,-60.0,60.8510638298,81.8095238095,-96.0
14:19:54,3084.0,3090.6971303,6.69800852566,38.4615384615,80.0,0,21.7185749859,4.0,54.2857142857,82.2857142857,-76.0
14:19:54,3083.0,3090.6928553,6.69889081822,35.7142857143,26.0,0,21.7284814084,18.0,55.5102040816,66.380952381,-66.0
14:19:55,3083.0,3090.68858268,6.69976966621,35.7142857143,98.0,0,21.7313320344,-4.0,44.3037974683,71.0476190476,-44.0
14:19:55,3083.0,3090.68431243,6.70064507098,35.7142857143,48.0,0,21.734171492,0.0,14.1242937853,62.1904761905,-42.0
14:19:56,3083.0,3090.68004456,6.70179743142,35.7142857143,320.0,0,21.7379092813,92.0,7.95107033638,136.761904762,50.0
14:19:56,3083.0,3090.67577905,6.70266611317,35.7142857143,208.0,0,21.7407269321,-28.0,9.23076923076,165.047619048,82.0
14:19:57,3084.0,3090.67207131,6.70342974105,38.4615384615,494.0,0,21.7361535054,214.0,7.53768844222,269.047619048,292.0
14:19:57,3083.0,3090.66781024,6.70457278424,35.7142857143,90.0,0,21.7469113988,70.0,6.20031796503,237.904761905,344.0
14:19:58,3083.0,3090.66355152,6.70543171661,35.7142857143,142.0,0,21.7496974266,34.0,5.68356374809,218.571428571,382.0
14:19:58,3082.0,3090.65873978,6.70699132539,33.3333333333,30.0,0,21.7618148131,14.0,6.69781931465,165.142857143,396.0
14:19:59,3082.0,3090.6539307,6.70854724757,33.3333333333,3234.0,0,21.7668632303,-308.0,3.57313006192,1028.0,-4.0
14:19:59,3082.0,3090.6491243,6.70981810116,33.3333333333,1594.0,0,21.7709867007,338.0,2.47134670486,1283.52380952,362.0
14:20:00,3082.0,3090.64432056,6.71108498891,33.3333333333,764.0,0,21.7750973034,306.0,11.7526477622,1235.9047619,454.0
14:20:00,3082.0,3090.6395195,6.71234791308,33.3333333333,1374.0,0,21.7791950457,762.0,11.5158307649,1349.71428571,1146.0
14:20:01,3083.0,3090.6352765,6.71318533412,35.7142857143,458.0,34.4827586207,21.774847013,382.0,12.3960289777,1140.66666667,1494.0
14:20:01,3082.0,3090.63048045,6.71444062345,33.3333333333,194.0,0,21.7859851507,66.0,13.1268049357,841.142857143,1546.0
14:20:02,3082.0,3090.62568707,6.71597411649,33.3333333333,1322.0,0,21.7909607933,6.0,27.5849982474,856.095238095,1860.0
14:20:02,3083.0,3090.62145176,6.71708322851,35.7142857143,200.0,0,21.7874901995,-8.0,38.4972170686,641.523809524,1514.0
14:20:03,3083.0,3090.61721879,6.71790678171,35.7142857143,86.0,0,21.7901614717,-30.0,30.3247110622,460.761904762,1178.0
14:20:03,3083.0,3090.61298818,6.71872691498,35.7142857143,80.0,0,21.7928216509,-36.0,40.9401709402,310.571428571,380.0
14:20:04,3084.0,3090.60931532,6.71916496135,40.0,118.0,0,21.7871756204,-94.0,43.2,232.857142857,-96.0
14:20:04,3084.0,3090.6056445,6.71960003954,40.0,82.0,0,21.7885863798,-8.0,41.4194915254,161.047619048,-170.0
14:20:05,3083.0,3090.60142031,6.72041040207,35.7142857143,16.0,0,21.7982821994,6.0,25.7731958763,75.7142857143,-170.0
14:20:05,3083.0,3090.59719847,6.72121734914,35.7142857143,24.0,0,21.800899608,6.0,9.35960591133,54.8571428571,-156.0
14:20:06,3084.0,3090.59353438,6.72131834488,40.0,4.0,0,21.7941580573,0.0,7.40740740741,36.6666666667,-126.0
14:20:06,3084.0,3090.58987232,6.72174097795,40.0,22.0,0,21.7955284629,-6.0,12.7819548872,27.5238095238,-96.0
14:20:07,3083.0,3090.5856569,6.722212896,35.7142857143,46.0,0,21.8041287577,22.0,18.5567010309,28.0,20.0
14:20:07,3083.0,3090.58144381,6.72268106216,35.7142857143,48.0,0,21.8056472986,30.0,33.75,32.4761904762,58.0
14:20:08,3084.0,3090.57778847,6.72276857284,40.0,18.0,0,21.7988604826,16.0,33.3333333333,30.0,68.0
14:20:08,3084.0,3090.57413516,6.72285276542,40.0,86.0,0,21.7991334806,30.0,41.9642857143,46.8571428571,92.0
14:20:09,3083.0,3090.56992848,6.72331014498,35.7142857143,142.0,0,21.8076877878,22.0,31.4917127072,76.7619047619,114.0
14:20:09,3084.0,3090.56627953,6.72338750231,40.0,18.0,0,21.8008673875,-2.0,31.843575419,64.6666666667,118.0
14:20:10,3083.0,3090.56207721,6.72383761582,35.7142857143,294.0,0,21.809398689,-46.0,24.0924092409,131.619047619,50.0
14:20:10,3083.0,3090.55787722,6.72428398134,35.7142857143,78.0,0,21.8108465175,12.0,19.4968553459,125.047619048,32.0
14:20:11,3083.0,3090.55367957,6.72505320898,35.7142857143,284.0,0,21.8133415796,-18.0,13.3037694013,175.904761905,-2.0
14:20:11,3084.0,3090.55003964,6.72511689283,40.0,96.0,0,21.8064750092,-46.0,12.2807017544,160.380952381,-78.0
14:20:12,3083.0,3090.54584634,6.72555243497,35.7142857143,98.0,0,21.8149608659,0.0,11.9815668203,144.952380952,-100.0
14:20:12,3083.0,3090.54165537,6.72598423198,35.7142857143,30.0,0,21.8163614401,-10.0,10.6818181818,112.19047619,-108.0
14:20:13,3084.0,3090.53802213,6.72603757084,40.0,6.0,0,21.8094603464,4.0,10.1351351351,72.0,-58.0
14:20:13,3083.0,3090.5338355,6.72646210986,35.7142857143,80.0,0,21.8179114819,-24.0,10.4377104377,66.6666666667,-94.0
14:20:14,3084.0,3090.5302066,6.72650861962,40.0,14.0,0,21.810987742,-4.0,19.7530864197,42.380952381,-80.0
14:20:14,3084.0,3090.52657971,6.72655181394,40.0,64.0,0,21.8111278013,20.0,25.3424657534,45.2380952381,-14.0
14:20:15,3083.0,3090.52239944,6.72696558429,35.7142857143,10.0,0,21.8195445485,0.0,29.4117647059,34.1904761905,-14.0
14:20:15,3083.0,3090.51822149,6.72737561304,35.7142857143,16.0,0,21.8208745152,2.0,33.6842105263,29.0476190476,-2.0
14:20:16,3084.0,3090.51460126,6.72740846771,40.0,176.0,0,21.8139055373,52.0,65.0,70.2857142857,46.0
14:20:16,3083.0,3090.51042764,6.72781124407,35.7142857143,16.0,0,21.8222875254,-10.0,79.0540540541,57.7142857143,60.0
14:20:17,3083.0,3090.50625634,6.72821028062,35.7142857143,48.0,0,21.8235818379,-2.0,70.9090909091,57.3333333333,62.0
14:20:17,3084.0,3090.50264276,6.7282327984,40.0,18.0,0,21.8165784643,-6.0,73.9436619718,46.7619047619,36.0
14:20:18,3084.0,3090.49903118,6.72858123815,40.0,24.0,0,21.8177082949,-18.0,77.1812080537,40.0952380952,18.0
14:20:18,3084.0,3090.49542161,6.7285973214,40.0,266.0,0,21.8177604455,-92.0,86.496350365,101.904761905,-76.0
14:20:19,3084.0,3090.49181405,6.72893968772,40.0,694.0,0,21.8188705828,-172.0,93.0581613508,274.095238095,-300.0
14:20:19,3084.0,3090.48820849,6.72927910123,40.0,60.0,0,21.8199711454,4.0,89.3693693694,240.476190476,-286.0
14:20:20,3084.0,3090.48460493,6.72928563133,40.0,30.0,0,21.8199923195,0.0,90.293040293,196.19047619,-284.0
14:20:20,3085.0,3090.48155877,6.72895851071,43.75,10.0,0,21.8118590299,0.0,89.852398524,147.047619048,-278.0
14:20:21,3084.0,3090.4779589,6.72858697193,40.0,10.0,0,21.8177268869,0.0,89.7196261682,98.2857142857,-260.0
14:20:21,3084.0,3090.47436104,6.72858356033,40.0,626.0,0,21.8177158247,596.0,91.4685314685,226.19047619,428.0
14:20:22,3085.0,3090.47132057,6.72787498209,43.75,1012.0,0,21.8083467815,-10.0,92.7917620137,447.238095238,590.0
14:20:22,3085.0,3090.46828179,6.72753531424,43.75,884.0,0,21.8072457512,230.0,97.200622084,616.571428571,816.0
14:20:23,3085.0,3090.4652447,6.72682019059,43.75,12.0,0,21.8049276842,-2.0,97.9639780736,497.523809524,814.0
14:20:23,3086.0,3090.4627647,6.7261863828,47.0588235294,388.0,0,21.7958081102,-190.0,98.1582537517,486.761904762,624.0
14:20:24,3085.0,3090.45973067,6.72546487447,43.75,458.0,0,21.8005344391,-388.0,97.8106508876,478.0,236.0
14:20:24,3085.0,3090.45669833,6.72511315247,43.75,66.0,0,21.7993943354,-6.0,96.8794326241,335.904761905,-366.0
14:20:25,3086.0,3090.45422307,6.72409753456,47.0588235294,14.0,0,21.7890393213,-8.0,95.2799121844,205.619047619,-364.0
14:20:25,3086.0,3090.45174919,6.72307882513,47.0588235294,4.0,0,21.7857382538,-2.0,90.8704883227,120.0,-596.0
14:20:26,3085.0,3090.44872128,6.72234429986,43.75,46.0,0,21.7904191243,6.0,91.5983606557,88.2857142857,-588.0
14:20:26,3086.0,3090.44625046,6.72169336763,47.0588235294,18.0,0,21.7812487609,-4.0,87.4587458746,46.9523809524,-402.0
14:20:27,3085.0,3090.4432256,6.7209524455,43.75,20.0,0,21.7859074408,4.0,58.3333333333,23.8095238095,-10.0
14:20:27,3085.0,3090.44020243,6.72020812343,43.75,70.0,0,21.7834947275,52.0,46.511627907,35.8095238095,48.0
14:20:28,3085.0,3090.43718093,6.71946040028,43.75,384.0,0,21.7810709896,-240.0,18.0811808118,137.333333333,-184.0
14:20:28,3085.0,3090.43416112,6.71908429401,43.75,498.0,0,21.7798518444,144.0,9.07335907336,253.80952381,-38.0
14:20:29,3084.0,3090.43058758,6.71865763502,40.0,24.0,0,21.7855305935,10.0,6.11439842209,211.333333333,-34.0
14:20:29,3085.0,3090.42757142,6.71789978112,43.75,14.0,0,21.7760122565,6.0,4.75247524752,167.047619048,-24.0
14:20:30,3085.0,3090.42455694,6.71751421452,43.75,104.0,0,21.7747624458,10.0,13.7111517367,148.666666667,-18.0
14:20:30,3085.0,3090.42154413,6.71674978696,43.75,4.0,0,21.7722845606,0.0,14.5914396887,97.7142857143,-70.0
14:20:31,3085.0,3090.418533,6.71635808845,43.75,16.0,0,21.7710148734,12.0,19.696969697,53.3333333333,182.0
14:20:31,3085.0,3090.41552354,6.71596342587,43.75,240.0,0,21.7697355782,144.0,32.8358208955,90.4761904762,182.0
14:20:32,3084.0,3090.41196035,6.71589242849,40.0,24.0,0,21.7765642947,2.0,31.3432835821,78.1904761905,174.0
14:20:32,3085.0,3090.40895454,6.71549167188,43.75,100.0,0,21.7682063918,0.0,45.4918032787,87.619047619,168.0
14:20:33,3085.0,3090.4059504,6.71508794975,43.75,796.0,0,21.7668977301,618.0,26.4406779661,291.80952381,776.0
14:20:33,3085.0,3090.40294793,6.71468126157,43.75,28.0,0,21.765579454,-24.0,27.7408637874,243.619047619,752.0
14:20:34,3085.0,3090.39994713,6.71389423872,43.75,6.0,0,21.7630283265,0.0,27.6381909548,188.0,740.0
14:20:34,3085.0,3090.39694799,6.71348140974,43.75,28.0,0,21.761690145,18.0,34.0122199593,139.142857143,614.0
14:20:35,3084.0,3090.39339512,6.71301342957,40.0,6.0,0,21.7672290194,2.0,34.4398340249,94.0952380952,614.0
14:20:35,3084.0,3090.38984422,6.7125416924,40.0,36.0,0,21.7656993917,22.0,26.0,58.4761904762,636.0
14:20:36,3084.0,3090.38629529,6.71244447295,40.0,4.0,0,21.7653841535,2.0,38.8888888889,16.7619047619,20.0
14:20:36,3084.0,3090.38274833,6.71196545335,40.0,2.0,0,21.7638309123,2.0,19.512195122,12.1904761905,46.0
14:20:37,3084.0,3090.37920335,6.71186138535,40.0,108.0,0,21.7634934674,102.0,7.60869565217,39.1428571429,148.0
14:20:37,3085.0,3090.37621573,6.71142930054,43.75,28.0,0,21.7550382514,-18.0,14.1304347826,38.380952381,112.0
14:20:38,3085.0,3090.37322977,6.71099424452,43.75,16.0,0,21.7536280211,10.0,16.4948453608,34.1904761905,120.0
14:20:38,3085.0,3090.37024547,6.71055621671,43.75,44.0,0,21.7522081579,0.0,35.6435643564,37.5238095238,98.0
14:20:39,3085.0,3090.36726283,6.71011521653,43.75,10.0,0,21.7507786597,-6.0,38.4615384615,30.7619047619,90.0
14:20:39,3085.0,3090.36428185,6.7096712434,43.75,32.0,0,21.7493395248,-4.0,41.1764705882,30.0,84.0
14:20:40,3085.0,3090.36130252,6.70922429671,43.75,12.0,0,21.7478907511,-10.0,74.6478873239,22.0952380952,-28.0
14:20:40,3085.0,3090.35832484,6.70877437589,43.75,42.0,0,21.7464323367,-42.0,83.3333333333,27.3333333333,-52.0
14:20:41,3084.0,3090.35479342,6.70898397466,40.0,6.0,0,21.754163342,0.0,86.301369863,21.619047619,-62.0
14:20:41,3084.0,3090.35126396,6.70885150978,40.0,18.0,0,21.753733819,12.0,70.0,19.8095238095,-50.0
14:20:42,3084.0,3090.34773646,6.70871571834,40.0,42.0,0,21.7532935095,-26.0,69.7368421053,26.0952380952,-70.0
14:20:42,3084.0,3090.34421092,6.70857660014,40.0,12.0,0,21.7528424129,0.0,74.2424242424,22.2857142857,-66.0
14:20:43,3085.0,3090.34124274,6.70811136049,43.75,32.0,0,21.7442831782,2.0,76.3157894737,25.1428571429,-54.0
14:20:43,3085.0,3090.33827621,6.7076431437,43.75,80.0,0,21.7427654577,4.0,64.2105263158,40.7619047619,-8.0
14:20:44,3085.0,3090.33531132,6.70751209029,43.75,12.0,0,21.7423406492,0.0,66.3265306122,35.1428571429,-8.0
14:20:44,3085.0,3090.33234808,6.70703812548,43.75,4.0,0,21.7408042965,0.0,73.6263736264,26.9523809524,-20.0
14:20:45,3084.0,3090.32883109,6.70688332615,40.0,24.0,0,21.7473519006,-18.0,75.6097560976,25.1428571429,-12.0
14:20:45,3085.0,3090.32587145,6.70640324201,43.75,4.0,0,21.7387463274,0.0,74.358974359,18.4761904762,-12.0
14:20:46,3085.0,3090.32291345,6.70592017788,43.75,158.0,0,21.7371804794,12.0,86.524822695,56.1904761905,-2.0
14:20:46,3085.0,3090.3199571,6.70543413312,43.75,364.0,0,21.7356049696,-246.0,98.9399293286,146.761904762,-252.0
14:20:47,3085.0,3090.31700239,6.70494510707,43.75,326.0,0,21.734019796,216.0,99.5454545455,212.952380952,-36.0
14:20:47,3085.0,3090.31404932,6.70479466709,43.75,6.0,0,21.7335321461,2.0,99.0929705215,172.761904762,-34.0
14:20:48,3085.0,3090.31109789,6.70429988588,43.75,12.0,0,21.7319283173,12.0,97.9310344828,134.19047619,-4.0
14:20:48,3085.0,3090.3081481,6.70414407956,43.75,2.0,0,21.7314232725,0.0,97.9262672811,93.3333333333,-4.0
14:20:49,3085.0,3090.30519995,6.70364354127,43.75,0.0,0,21.7298007821,0.0,0,52.0,-16.0
14:20:49,3085.0,3090.30225343,6.70314001876,43.75,0.0,0,21.7281686183,0.0,0,18.1904761905,230.0
14:20:50,3085.0,3090.29930855,6.70263351136,43.75,104.0,0,21.7265267791,102.0,1.6129032258,31.4285714286,116.0
14:20:50,3085.0,3090.29636531,6.7021240184,43.75,6.0,0,21.7248752622,4.0,0,27.2380952381,118.0
14:20:51,3086.0,3090.2939791,6.70133278042,47.0588235294,106.0,38.7096774194,21.7152714855,6.0,45.871559633,51.619047619,112.0
14:20:51,3085.0,3090.29103882,6.70043279881,44.4444444444,2.0,0,21.719393189,0.0,45.871559633,41.8095238095,112.0
14:20:52,3085.0,3090.28810017,6.69991429372,44.4444444444,16.0,0,21.7177124594,12.0,44.4444444444,36.0,124.0
14:20:52,3085.0,3090.28516315,6.69939280001,44.4444444444,10.0,0,21.7160220422,4.0,44.262295082,27.7142857143,128.0
14:20:53,3086.0,3090.28278317,6.69820482215,47.0588235294,6.0,0,21.7051355222,-6.0,78.0821917808,17.8095238095,20.0
14:20:53,3085.0,3090.2798491,6.69767729686,44.4444444444,12.0,0,21.710461254,-6.0,78.947368421,14.2857142857,10.0
14:20:54,3085.0,3090.27691667,6.69714678053,44.4444444444,4.0,0,21.7087415901,0.0,40.0,8.19047619048,4.0
14:20:54,3085.0,3090.27398586,6.69661327247,44.4444444444,110.0,0,21.7070122284,-100.0,75.9493670886,37.2380952381,-96.0
14:20:55,3085.0,3090.27105668,6.69607677195,44.4444444444,0.0,0,21.7052731668,0.0,0,29.7142857143,-108.0
14:20:55,3085.0,3090.26812913,6.69553727825,44.4444444444,94.0,0,21.7035244028,42.0,63.7168141593,49.8095238095,-70.0
14:20:56,3086.0,3090.26575861,6.69471760047,47.0588235294,140.0,0,21.6938353871,-86.0,66.1111111111,79.0476190476,-150.0
14:20:56,3085.0,3090.262834,6.69417228008,44.4444444444,54.0,0,21.6990997734,6.0,58.7064676617,77.3333333333,-138.0
14:20:57,3086.0,3090.26046642,6.69369266756,47.0588235294,142.0,0,21.6905141528,-130.0,69.2592592593,98.7619047619,-268.0
14:20:57,3085.0,3090.25754475,6.69348750652,44.4444444444,70.0,0,21.696880086,-6.0,66.8,93.0476190476,-174.0
14:20:58,3086.0,3090.2551801,6.69265720149,47.0588235294,128.0,0,21.6871587864,-100.0,73.2484076433,105.80952381,-274.0
14:20:58,3085.0,3090.25226137,6.69210064434,44.4444444444,190.0,0,21.6923845846,-86.0,78.729281768,130.19047619,-402.0
14:20:59,3086.0,3090.24989965,6.69126480505,47.0588235294,200.0,0,21.6826468083,-150.0,85.4591836735,152.857142857,-466.0
14:20:59,3085.0,3090.24698385,6.69070241196,44.4444444444,536.0,0,21.6878522268,156.0,61.4533965245,268.666666667,-316.0
14:21:00,3086.0,3090.24462507,6.6898610347,47.0588235294,12.0,0,21.6780979737,0.0,57.2183098591,211.80952381,-186.0
14:21:00,3085.0,3090.2417122,6.68929280227,44.4444444444,128.0,0,21.6832829895,22.0,50.418760469,194.285714286,-158.0
14:21:01,3086.0,3090.23935635,6.68879313677,47.0588235294,218.0,0,21.6746375138,8.0,53.8940809969,199.714285714,-50.0
14:21:01,3086.0,3090.23700181,6.68794373167,47.0588235294,18.0,0,21.671885067,10.0,50.809352518,143.714285714,46.0
14:21:02,3085.0,3090.23409317,6.68736702879,44.4444444444,30.0,0,21.677040612,24.0,38.7473460722,99.3333333333,220.0
14:21:02,3085.0,3090.23118615,6.68678732213,44.4444444444,50.0,0,21.675161498,36.0,57.6754385965,68.7619047619,100.0
14:21:03,3085.0,3090.22828074,6.68581494866,44.4444444444,28.0,0,21.6720095581,12.0,54.0254237288,55.0476190476,112.0
14:21:03,3086.0,3090.22593235,6.68495408444,47.0588235294,6.0,0,21.6621972924,-6.0,70.0,34.2857142857,84.0
14:21:04,3085.0,3090.22302986,6.68436530317,44.4444444444,28.0,0,21.6673105451,0.0,19.375,25.619047619,76.0
14:21:04,3086.0,3090.22068438,6.6831085212,47.0588235294,56.0,0,21.6562168542,-40.0,13.1313131313,34.0,26.0
14:21:05,3086.0,3090.21834021,6.68223916762,47.0588235294,4.0,0,21.6533997654,0.0,16.2790697674,25.7142857143,2.0
14:21:05,3085.0,3090.21544193,6.68164146291,44.4444444444,4.0,0,21.6584812412,-2.0,15.873015873,18.6666666667,-36.0
14:21:06,3086.0,3090.21310067,6.68037548267,47.0588235294,8.0,0,21.6473606049,-2.0,24.5283018868,14.9523809524,-50.0
14:21:06,3085.0,3090.21020531,6.67938037712,44.4444444444,46.0,0,21.6511519518,-6.0,43.8356164383,23.0476190476,-50.0
14:21:07,3085.0,3090.20731155,6.67838178425,44.4444444444,14.0,0,21.6479150219,0.0,51.5151515151,20.0952380952,-50.0
14:21:07,3086.0,3090.20497481,6.67749777561,47.0588235294,42.0,0,21.6380355658,-2.0,72.8813559322,25.8095238095,-12.0
14:21:08,3086.0,3090.20263936,6.67621898982,47.0588235294,22.0,0,21.6338917363,-2.0,77.9411764706,26.4761904762,-14.0
14:21:08,3086.0,3090.20030521,6.6753293198,47.0588235294,52.0,0,21.6310088133,14.0,70.652173913,34.8571428571,2.0
14:21:09,3086.0,3090.19797235,6.67404438413,47.0588235294,22.0,0,21.6268450555,0.0,72.7272727273,32.380952381,4.0
14:21:09,3086.0,3090.19564079,6.67314904748,47.0588235294,0.0,0,21.6239437702,0.0,0,22.9523809524,10.0
14:21:10,3086.0,3090.19331053,6.67185795564,47.0588235294,106.0,0,21.6197600636,30.0,83.6065573771,46.0,40.0
14:21:10,3086.0,3090.19098156,6.67095694706,47.0588235294,6.0,0,21.6168403988,-4.0,87.5,36.0952380952,38.0
14:21:11,3086.0,3090.18865388,6.67005321392,47.0588235294,104.0,0,21.6139119051,68.0,90.3448275862,55.9047619048,108.0
14:21:11,3085.0,3090.1857721,6.66902568795,44.4444444444,8.0,0,21.6175873191,4.0,97.5609756097,44.380952381,98.0
14:21:12,3086.0,3090.18344732,6.66772213288,47.0588235294,10.0,0,21.6063581753,0.0,96.5811965812,35.5238095238,98.0
14:21:12,3086.0,3090.18112382,6.66641535985,47.0588235294,20.0,0,21.6021236547,20.0,96.8503937008,30.0952380952,118.0
14:21:13,3086.0,3090.17880162,6.66510536694,47.0588235294,2.0,0,21.5978787004,2.0,94.6666666667,18.5714285714,90.0
14:21:13,3086.0,3090.17648071,6.66379215228,47.0588235294,18.0,0,21.5936233062,-2.0,91.3580246914,16.5714285714,92.0
14:21:14,3086.0,3090.17416109,6.66247571394,47.0588235294,88.0,0,21.5893574658,-62.0,91.7808219178,34.0,-38.0
14:21:14,3086.0,3090.17184275,6.66115605003,47.0588235294,52.0,0,21.5850811731,-34.0,84.2105263158,41.9047619048,-76.0
14:21:15,3086.0,3090.16952571,6.65983315862,47.0588235294,10.0,0,21.580794422,-2.0,85.2631578947,35.7142857143,-78.0
14:21:15,3085.0,3090.16665455,6.65877864362,44.4444444444,158.0,0,21.5843716163,-12.0,60.3658536585,71.8095238095,-110.0
14:21:16,3085.0,3090.16378498,6.65772061219,44.4444444444,34.0,0,21.5809420168,12.0,57.7777777778,65.9047619048,-100.0
14:21:16,3086.0,3090.16147241,6.65638776447,47.0588235294,454.0,0,21.5696298265,168.0,31.4070351759,178.476190476,70.0
14:21:17,3086.0,3090.15916112,6.65505168168,47.0588235294,6.0,0,21.5653003295,6.0,22.9691876751,142.285714286,138.0
14:21:17,3085.0,3090.15629572,6.65398339807,44.4444444444,68.0,0,21.5688278706,64.0,24.6575342466,127.714285714,236.0
14:21:18,3085.0,3090.1534319,6.65291159109,44.4444444444,148.0,0,21.5653536178,-18.0,20.5069124424,135.238095238,220.0
14:21:18,3085.0,3090.15056968,6.65183625906,44.4444444444,394.0,0,21.5618679386,14.0,13.768115942,206.476190476,246.0
14:21:19,3086.0,3090.14826445,6.65048682429,47.0588235294,34.0,0,21.5505081798,4.0,15.2173913043,163.619047619,238.0
14:21:19,3086.0,3090.1459605,6.64913414488,47.0588235294,336.0,0,21.5461249024,306.0,31.4401622718,207.047619048,376.0
14:21:20,3086.0,3090.14365783,6.64777821884,47.0588235294,2.0,0,21.5417311045,2.0,31.5682281059,160.666666667,372.0
14:21:20,3086.0,3090.14135643,6.64681752842,47.0588235294,2.0,0,21.5386180441,0.0,29.03930131,114.476190476,308.0
14:21:21,3086.0,3090.13905632,6.64545537065,47.0588235294,6.0,0,21.5342040527,0.0,34.1085271318,72.5714285714,326.0
14:21:21,3085.0,3090.13620208,6.64475885892,44.4444444444,2.0,0,21.5389266091,2.0,61.2565445026,36.2857142857,314.0
14:21:22,3085.0,3090.13334943,6.64366009399,44.4444444444,2.0,0,21.5353649724,0.0,58.8571428571,18.6666666667,310.0
14:21:22,3085.0,3090.13049836,6.64255779026,44.4444444444,2.0,0,21.5317918647,2.0,62.5,2.57142857143,6.0
14:21:23,3086.0,3090.12820427,6.64118248967,47.0588235294,2.0,0,21.5203580352,0.0,62.5,2.38095238095,4.0
14:21:23,3086.0,3090.12591146,6.63980392927,47.0588235294,10.0,0,21.515890892,6.0,66.6666666667,4.47619047619,10.0
14:21:24,3086.0,3090.12361993,6.6388223846,47.0588235294,0.0,0,21.5127102547,0.0,0,3.33333333333,10.0
14:21:24,3086.0,3090.12132966,6.637437568,47.0588235294,2.0,0,21.5082228386,0.0,66.6666666667,3.04761904762,8.0
14:21:25,3086.0,3090.11904067,6.63604948578,47.0588235294,26.0,0,21.5037248405,20.0,80.9523809524,9.61904761905,28.0
14:21:25,3085.0,3090.11619755,6.63492693844,44.4444444444,8.0,0,21.5070565265,8.0,70.8333333333,9.90476190476,34.0
14:21:26,3085.0,3090.11335601,6.63380083966,44.4444444444,32.0,0,21.5034062874,20.0,76.9230769231,16.7619047619,54.0
14:21:26,3086.0,3090.11107144,6.63240268923,47.0588235294,4.0,0,21.4919076125,2.0,77.7777777778,14.1904761905,50.0
14:21:27,3086.0,3090.10878815,6.6310012651,47.0588235294,62.0,0,21.4873663808,32.0,88.0597014925,28.4761904762,82.0
14:21:27,3086.0,3090.10650612,6.6295965652,47.0588235294,4.0,0,21.482814534,2.0,88.2352941176,23.2380952381,84.0
14:21:28,3086.0,3090.10422536,6.62818858744,47.0588235294,4.0,0,21.4782520656,0.0,89.4736842105,17.9047619048,64.0
14:21:28,3085.0,3090.10139047,6.62704531088,44.4444444444,8.0,0,21.4815083011,2.0,94.7368421053,14.7619047619,58.0
14:21:29,3086.0,3090.09911255,6.62518574163,47.0588235294,12.0,0,21.4685215218,12.0,97.8723404255,12.7619047619,50.0
14:21:29,3086.0,3090.0968359,6.62332228349,47.0588235294,6.0,0,21.4624830962,4.0,97.9166666667,10.0,52.0
14:21:30,3086.0,3090.09456051,6.62190048039,47.0588235294,42.0,0,21.4578758276,38.0,84.2105263158,17.4285714286,58.0
14:21:30,3086.0,3090.09228639,6.6200295587,47.0588235294,6.0,0,21.4518132168,2.0,84.6153846154,15.5238095238,58.0
14:21:31,3086.0,3090.09001353,6.61815473868,47.0588235294,204.0,0,21.4457379737,-78.0,94.964028777,70.0952380952,-20.0
14:21:31,3085.0,3090.08718653,6.61654323399,44.4444444444,186.0,0,21.4474659125,40.0,96.4912280702,110.0,18.0
14:21:32,3086.0,3090.0849165,6.61466048511,47.0588235294,62.0,0,21.4344150522,0.0,96.837944664,106.0,6.0
14:21:32,3086.0,3090.08264773,6.61277382803,47.0588235294,236.0,0,21.4283014518,46.0,96.7391304348,149.333333333,48.0
14:21:33,3086.0,3090.08038022,6.61088325938,47.0588235294,58.0,0,21.4221751762,2.0,98.1382978723,130.857142857,12.0
14:21:33,3086.0,3090.07811398,6.60898877582,47.0588235294,170.0,0,21.4160362146,-42.0,79.9126637555,143.619047619,-32.0
14:21:34,3086.0,3090.07584899,6.60753847795,47.0588235294,26.0,0,21.4113366104,-20.0,75.3387533875,107.428571429,26.0
14:21:34,3085.0,3090.07302985,6.60590293802,44.4444444444,110.0,0,21.4129754879,4.0,56.7975830816,103.714285714,-10.0
14:21:35,3086.0,3090.07076769,6.60399689582,47.0588235294,32.0,0,21.3998603235,-4.0,50.3164556962,81.3333333333,-14.0
14:21:35,3086.0,3090.06850678,6.60208692571,47.0588235294,84.0,0,21.3936711786,2.0,35.8333333333,75.2380952381,-58.0
14:21:36,3085.0,3090.06569172,6.6004390929,44.4444444444,10.0,0,21.3952644827,10.0,26.3888888889,55.2380952381,-50.0
14:21:36,3086.0,3090.06343363,6.59852113529,47.0588235294,20.0,0,21.3821164462,-20.0,47.5177304965,40.380952381,-28.0
14:21:37,3086.0,3090.0611768,6.59610706364,47.0588235294,4.0,0,21.3742937902,-2.0,43.0769230769,28.0952380952,-10.0
14:21:37,3086.0,3090.05892121,6.59368831666,47.0588235294,24.0,0,21.366455984,-18.0,74.7126436782,22.5714285714,-32.0
14:21:38,3086.0,3090.05666688,6.59126488919,47.0588235294,26.0,0,21.358603011,-22.0,90.4761904762,21.7142857143,-50.0
14:21:38,3086.0,3090.0544138,6.58933012739,47.0588235294,2.0,0,21.3523335301,0.0,83.7209302325,14.2857142857,-52.0
14:21:39,3086.0,3090.05216198,6.58689771651,47.0588235294,6.0,0,21.3444514469,0.0,92.6829268293,11.9047619048,-62.0
14:21:39,3086.0,3090.0499114,6.58495469955,47.0588235294,14.0,0,21.3381552156,0.0,92.1052631579,12.0,-42.0
14:21:40,3086.0,3090.04766208,6.58251328695,47.0588235294,44.0,0,21.3302439629,20.0,74.1379310345,20.9523809524,-20.0
14:21:40,3085.0,3090.0448586,6.58033217458,44.4444444444,10.0,0,21.3300880862,-4.0,72.5490196078,18.2857142857,-6.0
14:21:41,3085.0,3090.04205668,6.5786413132,44.4444444444,0.0,40.0,21.3246071741,0.0,0,13.4285714286,16.0
14:21:41,3085.0,3090.03925631,6.57694621597,44.4444444444,12.0,0,21.3191125315,8.0,55.8139534884,13.2380952381,24.0
14:21:42,3085.0,3090.0364575,6.57524687961,44.4444444444,4.0,0,21.3136041478,2.0,54.7619047619,10.2857142857,26.0
14:21:42,3085.0,3090.03366025,6.57354330082,44.4444444444,4.0,0,21.3080820124,-2.0,45.945945946,7.42857142857,24.0
14:21:43,3085.0,3090.03086455,6.57183547632,44.4444444444,8.0,0,21.3025461145,6.0,36.8421052632,6.19047619048,10.0
14:21:43,3085.0,3090.0280704,6.57012340278,44.4444444444,2.0,0,21.2969964434,2.0,20.0,4.95238095238,16.0
14:21:44,3086.0,3090.0258332,6.56814307054,47.3684210526,2.0,0,21.2836781288,0.0,25.0,4.09523809524,16.0
14:21:44,3085.0,3090.02304185,6.5664226313,44.4444444444,26.0,0,21.2850004256,26.0,13.0434782609,10.0,34.0
14:21:45,3085.0,3090.02025204,6.56469793293,44.4444444444,12.0,0,21.2794098312,12.0,7.40740740741,11.2380952381,44.0
14:21:45,3085.0,3090.01746379,6.56247068777,44.4444444444,14.0,0,21.2721902359,-8.0,18.75,12.6666666667,38.0
14:21:46,3086.0,3090.01523249,6.56047364953,47.3684210526,16.0,0,21.2588258248,2.0,36.1111111111,14.1904761905,34.0
14:21:46,3086.0,3090.01300242,6.55797356536,47.3684210526,4.0,0,21.2507244503,-4.0,40.5405405405,11.9047619048,28.0
14:21:47,3086.0,3090.01077359,6.55546871411,47.3684210526,96.0,0,21.2426076284,-96.0,73.8095238095,35.8095238095,-68.0
14:21:47,3086.0,3090.00854601,6.55391634402,47.3684210526,6.0,0,21.2375772651,-6.0,87.8378378378,29.5238095238,-100.0
14:21:48,3086.0,3090.00631965,6.55190288423,47.3684210526,138.0,0,21.2310527681,-78.0,89.7810218978,61.9047619048,-190.0
14:21:48,3086.0,3090.00409454,6.54988540094,47.3684210526,0.0,0,21.2245152331,0.0,0,48.8571428571,-182.0
14:21:49,3085.0,3090.00131526,6.54812665228,44.4444444444,108.0,0,21.2256941727,-94.0,92.0454545455,67.3333333333,-278.0
14:21:49,3085.0,3089.99853752,6.5468223314,44.4444444444,22.0,0,21.2214662282,6.0,86.4864864865,56.8571428571,-268.0
14:21:50,3086.0,3089.99631673,6.54479286,47.3684210526,414.0,0,21.2080131562,-412.0,92.4418604651,157.523809524,-584.0
14:21:50,3086.0,3089.99409717,6.54275935083,47.3684210526,50.0,0,21.2014236903,-46.0,92.8961748634,139.047619048,-624.0
14:21:51,3085.0,3089.99132344,6.54098403492,44.4444444444,50.0,0,21.2025414422,-18.0,89.1304347826,118.476190476,-564.0
14:21:51,3086.0,3089.98910665,6.53894232018,47.3684210526,60.0,0,21.1890548288,-28.0,90.0568181818,104.952380952,-592.0
14:21:52,3085.0,3089.9863357,6.53761891165,44.4444444444,86.0,0,21.1916334251,-10.0,84.4574780059,96.0,-508.0
14:21:52,3086.0,3089.98412168,6.53603000257,47.3684210526,34.0,0,21.1796176363,-4.0,87.8962536023,73.2380952381,-518.0
14:21:53,3086.0,3089.9819089,6.53397670207,47.3684210526,118.0,0,21.1729640378,10.0,76.3819095477,73.9047619048,-96.0
14:21:53,3086.0,3089.97969734,6.53191934222,47.3684210526,100.0,0,21.1662972852,0.0,79.0178571429,83.5238095238,-50.0
14:21:54,3086.0,3089.97748701,6.52985791916,47.3684210526,4.0,0,21.159617366,-4.0,86.5671641791,63.3333333333,-36.0
14:21:54,3086.0,3089.97527791,6.52779242906,47.3684210526,12.0,0,21.1529242679,-6.0,83.615819209,47.619047619,-14.0
14:21:55,3086.0,3089.97307003,6.52572286805,47.3684210526,36.0,0,21.1462179781,-6.0,94.7368421053,41.0476190476,-10.0
14:21:55,3086.0,3089.97086339,6.52364923226,47.3684210526,36.0,0,21.1394984843,-4.0,84.9673202615,36.8571428571,-10.0
14:21:56,3086.0,3089.96865796,6.52203458347,47.3684210526,22.0,0,21.1342663107,0.0,83.8095238095,28.5714285714,-20.0
14:21:56,3086.0,3089.96645377,6.51995313548,47.3684210526,172.0,0,21.1275215019,8.0,87.9432624114,67.7142857143,-12.0
14:21:57,3086.0,3089.96425079,6.51786760152,47.3684210526,16.0,0,21.1207634528,16.0,88.4353741497,58.8571428571,8.0
14:21:57,3086.0,3089.96204904,6.51624204712,47.3684210526,298.0,0,21.1154959401,150.0,94.8275862069,130.0,164.0
14:21:58,3086.0,3089.95984852,6.51461305498,47.3684210526,20.0,0,21.1102172877,18.0,94.6808510638,108.095238095,188.0
14:21:58,3086.0,3089.95764921,6.51251594155,47.3684210526,118.0,0,21.103421716,10.0,95.9752321981,114.952380952,202.0
14:21:59,3085.0,3089.95489573,6.51067499487,44.4444444444,110.0,0,21.1042949591,2.0,96.1852861035,115.619047619,204.0
14:21:59,3086.0,3089.95269917,6.50903493634,47.3684210526,94.0,0,21.092141725,-32.0,95.4268292683,107.523809524,164.0
14:22:00,3086.0,3089.95050384,6.50692574407,47.3684210526,108.0,0,21.0853070126,-66.0,95.9893048128,107.142857143,82.0
14:22:00,3086.0,3089.94830972,6.50481243977,47.3684210526,60.0,0,21.0784589753,28.0,94.1176470588,88.6666666667,-40.0
14:22:01,3086.0,3089.94611683,6.50316141068,47.3684210526,154.0,0,21.0731089134,148.0,95.3416149068,108.380952381,90.0
14:22:01,3087.0,3089.94448055,6.50082328594,50.0,14.0,0,21.0587084093,0.0,97.037037037,81.7142857143,80.0
14:22:02,3086.0,3089.94228978,6.4986981068,47.3684210526,202.0,0,21.0586458419,-10.0,67.4050632911,113.714285714,68.0
14:22:02,3086.0,3089.94010023,6.49703621296,47.3684210526,156.0,0,21.0532605734,-20.0,48.1268011527,128.19047619,80.0
14:22:03,3086.0,3089.93791189,6.49490312989,47.3684210526,12.0,0,21.0463484442,-8.0,39.7993311037,98.5714285714,138.0
14:22:03,3086.0,3089.93572477,6.49323399042,47.3684210526,26.0,0,21.0409396968,18.0,36.1702127659,77.5238095238,128.0
14:22:04,3086.0,3089.93353886,6.49156137888,47.3684210526,52.0,0,21.0355196983,52.0,22.0779220779,65.5238095238,32.0
14:22:04,3086.0,3089.93135417,6.4898852926,47.3684210526,12.0,0,21.0300884401,6.0,24.3478260869,46.9523809524,38.0
14:22:05,3086.0,3089.92917069,6.48820572888,47.3684210526,8.0,0,21.0246459134,4.0,41.3533834586,27.3333333333,52.0
14:22:05,3086.0,3089.92698842,6.48652268501,47.3684210526,12.0,0,21.0191921096,0.0,95.0819672131,18.0952380952,72.0
14:22:06,3086.0,3089.92480737,6.4848361583,47.3684210526,28.0,0,21.0137270198,-2.0,95.652173913,20.2857142857,78.0
14:22:06,3086.0,3089.92262753,6.48267619611,47.3684210526,20.0,0,21.0067277904,0.0,95.4545454545,19.4285714286,60.0
14:22:07,3086.0,3089.92044889,6.48098238224,47.3684210526,192.0,0,21.001239087,-28.0,97.7941176471,68.0,-20.0
14:22:07,3086.0,3089.91827147,6.47928507692,47.3684210526,20.0,0,20.9957390697,12.0,97.8571428571,60.7619047619,-14.0
14:22:08,3086.0,3089.91609526,6.47758427741,47.3684210526,2.0,0,20.9902277298,0.0,97.8102189781,48.0,-18.0
14:22:08,3086.0,3089.91392025,6.47587998096,47.3684210526,72.0,0,20.9847050582,-36.0,100.0,55.5238095238,-54.0
14:22:09,3086.0,3089.91174646,6.47370061799,47.3684210526,4.0,0,20.9776429617,-4.0,100.0,40.7619047619,-56.0
14:22:09,3086.0,3089.90957387,6.47151707532,47.3684210526,26.0,0,20.9705673212,-22.0,100.0,33.4285714286,-78.0
14:22:10,3086.0,3089.90740249,6.46980163963,47.3684210526,4.0,0,20.9650085536,-4.0,100.0,19.5238095238,-54.0
14:22:10,3086.0,3089.90523231,6.46808269505,47.3684210526,10.0,0,20.9594384156,0.0,100.0,16.2857142857,-66.0
14:22:11,3086.0,3089.90306334,6.46588731463,47.3684210526,118.0,0,20.9523244155,-2.0,100.0,44.380952381,-68.0
14:22:11,3086.0,3089.90089557,6.4636877386,47.3684210526,0.0,0,20.9451968198,0.0,0,33.2380952381,-32.0
14:22:12,3086.0,3089.89872901,6.46195761508,47.3684210526,4.0,0,20.9395904572,-2.0,100.0,26.6666666667,-30.0
14:22:12,3085.0,3089.89600825,6.46048098102,44.4444444444,16.0,0,20.9415915106,-12.0,98.6842105263,23.5238095238,-20.0
14:22:13,3085.0,3089.893289,6.45943178233,44.4444444444,44.0,0,20.9381905424,-10.0,97.9166666667,28.8571428571,-26.0
14:22:13,3086.0,3089.89112666,6.45769115087,47.3684210526,18.0,0,20.9257652329,6.0,98.0,24.8571428571,-20.0
14:22:14,3086.0,3089.88896553,6.45637879026,47.3684210526,40.0,0,20.9215126062,28.0,77.0491803279,26.7619047619,10.0
14:22:14,3086.0,3089.88680559,6.45463140617,47.3684210526,6.0,0,20.9158503116,2.0,78.125,22.6666666667,12.0
14:22:15,3086.0,3089.88464685,6.45331286345,47.3684210526,166.0,0,20.9115776521,28.0,89.6551724138,64.0,42.0
14:22:15,3086.0,3089.88248932,6.45155871682,47.3684210526,2.0,0,20.905893444,-2.0,89.8550724638,50.7619047619,52.0
14:22:16,3086.0,3089.88033298,6.45023398346,47.3684210526,132.0,0,20.9016007241,76.0,92.8571428571,75.3333333333,138.0
14:22:16,3086.0,3089.87817783,6.44890628587,47.3684210526,28.0,0,20.8972983988,4.0,89.8395721925,66.0,136.0
14:22:17,3086.0,3089.87602389,6.44757562223,47.3684210526,120.0,0,20.8929864622,72.0,96.9162995595,82.4761904762,180.0
14:22:17,3086.0,3089.87387114,6.44580823094,47.3684210526,0.0,0,20.8872593355,0.0,0,60.8571428571,178.0
14:22:18,3086.0,3089.87171959,6.44403728958,47.3684210526,0.0,0,20.8815207051,0.0,0,39.5238095238,150.0
14:22:18,3086.0,3089.86956923,6.44226279523,47.3684210526,14.0,0,20.8757705614,10.0,91.156462585,30.0952380952,162.0
14:22:19,3087.0,3089.86797547,6.44027250018,50.0,28.0,0,20.8625607392,-18.0,83.1578947368,24.0952380952,68.0
14:22:19,3087.0,3089.86638259,6.43871390329,50.0,0.0,0,20.8575118344,0.0,0,15.0476190476,64.0
14:22:20,3086.0,3089.8642352,6.43736459165,47.3684210526,6.0,0,20.8598982231,2.0,45.8333333333,9.04761904762,-6.0
14:22:20,3087.0,3089.8626444,6.43580042289,50.0,42.0,0,20.8480739323,-22.0,71.1111111111,18.7619047619,-28.0
14:22:21,3087.0,3089.86105448,6.43423352342,50.0,8.0,0,20.8429981322,-8.0,73.4693877551,16.7619047619,-36.0
14:22:21,3086.0,3089.85891005,6.43243943487,47.3684210526,34.0,0,20.8439385446,-22.0,84.7457627119,21.8095238095,-68.0
14:22:22,3086.0,3089.8567668,6.43107818851,47.3684210526,14.0,0,20.8395275065,10.0,78.8461538462,20.1904761905,-40.0
14:22:22,3087.0,3089.85518015,6.42950257758,50.0,12.0,0,20.8276727489,-2.0,81.0344827586,18.6666666667,-42.0
14:22:23,3087.0,3089.85359438,6.42792422766,50.0,4.0,0,20.8225598564,-2.0,85.9649122807,14.2857142857,-46.0
14:22:23,3087.0,3089.85200949,6.42634313674,50.0,10.0,0,20.8174380847,-8.0,80.4878048781,11.7142857143,-32.0
14:22:24,3087.0,3089.85042548,6.42432178651,50.0,16.0,0,20.810890141,-8.0,82.2222222222,12.380952381,-32.0
14:22:24,3087.0,3089.84884235,6.42273493124,50.0,8.0,0,20.8057496963,-8.0,84.375,10.380952381,-18.0
14:22:25,3087.0,3089.8472601,6.42114532854,50.0,208.0,0,20.8006003516,-60.0,97.6744186046,66.7619047619,-88.0
14:22:25,3087.0,3089.84567873,6.41955297639,50.0,160.0,0,20.7954421004,-74.0,98.5221674877,100.19047619,-160.0
14:22:26,3087.0,3089.84409823,6.41795787273,50.0,398.0,0,20.790274936,196.0,98.75,194.571428571,38.0
14:22:26,3087.0,3089.84251862,6.41636001552,50.0,58.0,0,20.7850988517,-14.0,96.4622641509,173.047619048,32.0
14:22:27,3087.0,3089.84093988,6.41475940269,50.0,50.0,0,20.7799138409,14.0,96.5986394558,146.952380952,54.0
14:22:27,3087.0,3089.83936202,6.41315603219,50.0,134.0,0,20.774719897,26.0,97.0238095238,143.238095238,88.0
14:22:28,3087.0,3089.83778503,6.41154990194,50.0,50.0,0,20.7695170131,24.0,97.1764705882,109.523809524,172.0
14:22:28,3087.0,3089.83620892,6.40994100987,50.0,66.0,0,20.7643051826,6.0,96.8253968254,87.9047619048,252.0
14:22:29,3087.0,3089.83463369,6.40872630399,50.0,2.0,0,20.7603702753,0.0,94.4444444444,52.4761904762,56.0
14:22:29,3087.0,3089.83305933,6.40750933271,50.0,136.0,0,20.7564280295,26.0,100.0,74.1904761905,96.0
14:22:30,3087.0,3089.83148585,6.40589268049,50.0,74.0,0,20.7511910609,64.0,95.2380952381,74.4761904762,146.0
14:22:30,3087.0,3089.82991323,6.40427325871,50.0,18.0,0,20.7459451205,-12.0,93.6416184971,57.619047619,108.0
14:22:31,3087.0,3089.8283415,6.40304901812,50.0,46.0,48.275862069,20.7419793266,32.0,84.2105263158,54.2857142857,116.0
14:22:31,3087.0,3089.82677063,6.40182250647,62.5,66.0,0,20.7380061758,14.0,84.2105263158,56.8571428571,124.0
14:22:32,3087.0,3089.82520064,6.40059372246,62.5,42.0,0,20.7340256639,30.0,85.3403141361,52.5714285714,154.0
14:22:32,3087.0,3089.82363152,6.39936266478,62.5,42.0,0,20.7300377868,24.0,80.5555555555,46.380952381,152.0
14:22:33,3087.0,3089.82206327,6.39812933213,62.5,48.0,0,20.7260425401,32.0,87.0229007634,46.380952381,120.0
14:22:33,3087.0,3089.82049589,6.39649460329,62.5,32.0,0,20.7207470142,20.0,86.231884058,43.0476190476,152.0
14:22:34,3087.0,3089.81892939,6.39525648261,62.5,18.0,0,20.7167362572,0.0,97.5806451613,35.0476190476,120.0
14:22:34,3087.0,3089.81736375,6.39401608277,62.5,484.0,0,20.7127181172,-272.0,99.0990990991,161.523809524,-166.0
14:22:35,3087.0,3089.81579898,6.39277340242,62.5,120.0,0,20.7086925896,-100.0,99.4623655914,164.095238095,-296.0
14:22:35,3087.0,3089.81423508,6.39152844025,62.5,38.0,0,20.7046596704,8.0,96.7567567568,139.523809524,-312.0
14:22:36,3087.0,3089.81267205,6.38988086502,62.5,66.0,0,20.69932253,-20.0,95.2506596306,123.142857143,-364.0
14:22:36,3087.0,3089.81110989,6.38863109987,62.5,84.0,0,20.6952740521,-10.0,95.3086419753,111.047619048,-394.0
14:22:37,3087.0,3089.8095486,6.38737904865,62.5,78.0,0,20.6912181686,2.0,95.4022988506,94.7619047619,-392.0
14:22:37,3087.0,3089.80798817,6.38612471,62.5,24.0,0,20.6871548753,16.0,90.243902439,60.1904761905,-104.0
14:22:38,3087.0,3089.80642861,6.38486808259,62.5,30.0,0,20.6830841678,18.0,86.875,49.2380952381,14.0
14:22:38,3087.0,3089.80486992,6.38360916506,62.5,170.0,0,20.6790060417,-112.0,94.2477876106,82.5714285714,-106.0
14:22:39,3087.0,3089.80331209,6.38234795605,62.5,18.0,0,20.6749204925,10.0,96.5346534653,66.1904761905,-76.0
14:22:39,3087.0,3089.80175513,6.38108445421,62.5,216.0,0,20.6708275161,0.0,98.1343283582,108.666666667,-66.0
14:22:40,3088.0,3089.80075443,6.37965486677,64.7058823529,54.0,0,20.6595041022,52.0,88.671875,98.5714285714,-16.0
14:22:40,3088.0,3089.79975429,6.37822321688,64.7058823529,34.0,0,20.6548679303,2.0,87.7394636015,83.9047619048,-30.0
14:22:41,3087.0,3089.7981993,6.37731221079,62.5,82.0,0,20.6586077447,2.0,87.8048780488,82.4761904762,-46.0
14:22:41,3087.0,3089.79664518,6.37639933202,62.5,20.0,0,20.6556505734,4.0,83.0188679245,60.8571428571,70.0
14:22:42,3087.0,3089.79509192,6.37580050651,62.5,2.0,0,20.6537107435,0.0,81.862745098,41.2380952381,60.0
14:22:42,3087.0,3089.79353952,6.37520016026,62.5,14.0,0,20.6517659872,4.0,61.1650485437,25.8095238095,64.0
14:22:43,3088.0,3089.79254339,6.37443519042,64.7058823529,18.0,0,20.6426010053,2.0,77.6470588235,21.1428571429,14.0
14:22:43,3087.0,3089.7909924,6.37351550738,62.5,10.0,0,20.6463087379,2.0,76.7123287671,15.9047619048,14.0
14:22:44,3088.0,3089.78999768,6.37274767159,64.7058823529,52.0,0,20.6371362422,10.0,75.8620689655,23.8095238095,22.0
14:22:44,3088.0,3089.78900352,6.37197853235,64.7058823529,40.0,0,20.6346455063,-16.0,79.4117647059,29.7142857143,2.0
14:22:45,3088.0,3089.7880099,6.37120808916,64.7058823529,24.0,0,20.6321505478,-18.0,83.5443037975,30.0952380952,-16.0
14:22:45,3088.0,3089.78701684,6.37043634158,64.7058823529,66.0,0,20.6296513652,8.0,82.8571428571,41.4285714286,-12.0
14:22:46,3088.0,3089.78602433,6.36966328911,64.7058823529,24.0,0,20.627147957,-20.0,87.037037037,38.2857142857,-34.0
14:22:46,3088.0,3089.78503237,6.36888893129,64.7058823529,28.0,0,20.6246403215,-10.0,88.0341880342,36.0,-46.0
14:22:47,3088.0,3089.78404096,6.36811326764,64.7058823529,62.0,0,20.6221284574,-46.0,89.3442622951,42.5714285714,-102.0
14:22:47,3088.0,3089.7830501,6.36733629768,64.7058823529,34.0,0,20.619612363,-22.0,89.0756302521,40.6666666667,-108.0
14:22:48,3087.0,3089.78150439,6.36672008898,62.5,8.0,0,20.6242957207,-2.0,87.3873873874,31.619047619,-92.0
14:22:48,3088.0,3089.78051494,6.3659404036,64.7058823529,14.0,0,20.6150919806,-10.0,94.1176470588,25.0476190476,-110.0
14:22:49,3088.0,3089.77952604,6.36515941049,64.7058823529,46.0,0,20.6125628578,-12.0,94.7916666667,30.0952380952,-102.0
14:22:49,3087.0,3089.77798229,6.36453885691,62.5,2.0,0,20.6172298572,2.0,93.9759036145,21.5238095238,-90.0
14:22:50,3088.0,3089.77699479,6.36375514555,64.7058823529,138.0,0,20.6080153677,-38.0,95.867768595,53.0476190476,-82.0
14:22:50,3088.0,3089.77600785,6.36297012501,64.7058823529,18.0,0,20.6054732027,6.0,92.9203539823,46.6666666667,-54.0
14:22:51,3087.0,3089.77446605,6.36202637156,62.5,8.0,0,20.6090909348,2.0,92.9203539823,38.1904761905,-50.0
14:22:51,3088.0,3089.77348051,6.36123846913,64.7058823529,76.0,0,20.5998655088,16.0,94.4444444444,49.1428571429,-24.0
14:22:52,3088.0,3089.77249552,6.36044925596,64.7058823529,30.0,0,20.5973097667,12.0,93.3823529412,44.0,0.0
14:22:52,3088.0,3089.77151107,6.35965873158,64.7058823529,22.0,0,20.5947497784,12.0,93.8356164384,37.3333333333,10.0
14:22:53,3087.0,3089.76997177,6.35870837081,62.5,8.0,0,20.598342633,6.0,87.6543209877,25.7142857143,54.0
14:22:53,3088.0,3089.76898872,6.3575952438,64.7058823529,18.0,0,20.5880674993,-2.0,95.0617283951,23.1428571429,46.0
14:22:54,3088.0,3089.76800623,6.35648045305,64.7058823529,16.0,0,20.5844574257,14.0,96.4705882353,20.0,58.0
14:22:54,3088.0,3089.76702427,6.35568409325,64.7058823529,12.0,0,20.5818785403,4.0,90.5660377359,15.3333333333,46.0
14:22:55,3088.0,3089.76604287,6.35488641947,64.7058823529,20.0,0,20.5792953998,12.0,91.6666666667,16.0,46.0
14:22:55,3088.0,3089.765062,6.3540874312,64.7058823529,58.0,0,20.5767080026,14.0,63.6363636364,28.0,48.0
14:22:56,3088.0,3089.76408169,6.35328712796,64.7058823529,10.0,0,20.574116347,4.0,64.1791044776,24.5714285714,46.0
14:22:56,3087.0,3089.76254651,6.35264577427,62.5,14.0,0,20.5787035124,2.0,61.5384615385,22.1904761905,50.0
14:22:57,3087.0,3089.76101219,6.35200288599,62.5,168.0,0,20.5766209459,0.0,36.170212766,64.0,36.0
14:22:57,3088.0,3089.76003412,6.35087735749,64.7058823529,86.0,0,20.5663126862,12.0,30.3370786517,75.1428571429,44.0
14:22:58,3088.0,3089.7590566,6.34975015913,64.7058823529,78.0,0,20.5626624324,-36.0,24.6376811594,80.4761904762,-4.0
14:22:58,3088.0,3089.75807961,6.34862129001,64.7058823529,22.0,0,20.5590067682,4.0,23.8095238095,67.0476190476,-14.0
14:22:59,3088.0,3089.75710317,6.34749074924,64.7058823529,8.0,0,20.5553456906,4.0,23.4042553191,51.3333333333,-14.0
14:22:59,3087.0,3089.75557187,6.34651814111,62.5,2.0,0,20.5588537127,2.0,20.8791208791,34.0,-14.0
14:23:00,3088.0,3089.75459683,6.34538414913,64.7058823529,10.0,0,20.548523799,-10.0,23.3009708738,19.5238095238,-24.0
14:23:00,3088.0,3089.75362232,6.34424848282,64.7058823529,102.0,0,20.5448461231,-10.0,24.3243243243,38.8571428571,-46.0
14:23:01,3088.0,3089.75264836,6.34311114128,64.7058823529,48.0,0,20.5411630223,0.0,29.1666666666,42.0,-10.0
14:23:01,3088.0,3089.75167494,6.34197212361,64.7058823529,138.0,0,20.5374744936,-8.0,46.7532467532,72.2857142857,-22.0
14:23:02,3087.0,3089.75014665,6.34099049177,62.5,36.0,0,20.5409474952,12.0,45.8333333333,67.9047619048,-14.0
14:23:02,3088.0,3089.74917462,6.33984801391,64.7058823529,16.0,0,20.5305959,14.0,48.5714285714,56.4761904762,-2.0
14:23:03,3088.0,3089.74820312,6.33870385722,64.7058823529,38.0,0,20.5268907293,-20.0,51.8518518519,50.6666666667,-12.0
14:23:03,3088.0,3089.74723217,6.33755802077,64.7058823529,56.0,0,20.5231801191,8.0,69.8795180723,48.6666666667,6.0
14:23:04,3088.0,3089.74626176,6.33641050367,64.7058823529,60.0,0,20.5194640663,-38.0,80.2325581395,50.0,-32.0
14:23:04,3087.0,3089.74473648,6.33505217904,62.5,38.0,0,20.5217109784,-12.0,77.0491803279,44.4761904762,-36.0
14:23:05,3088.0,3089.74376745,6.33390099186,64.7058823529,8.0,0,20.5113374089,-2.0,82.4074074074,35.1428571429,-50.0
14:23:05,3088.0,3089.74279896,6.33274812111,64.7058823529,56.0,0,20.5076040191,-10.0,69.53125,40.8571428571,-74.0
14:23:06,3088.0,3089.74183101,6.33159356587,64.7058823529,8.0,0,20.5038651744,-2.0,66.3716814159,30.9523809524,-56.0
14:23:06,3087.0,3089.74030819,6.330595406,62.5,24.0,0,20.507273748,-8.0,59.793814433,27.0476190476,-72.0
14:23:07,3087.0,3089.73878622,6.3295953333,62.5,24.0,0,20.5040341215,-6.0,43.0379746835,24.6666666667,-40.0
14:23:07,3087.0,3089.73726509,6.32859334687,62.5,14.0,0,20.5007882956,-10.0,55.223880597,21.1428571429,-38.0
14:23:08,3088.0,3089.73630021,6.32775689563,64.7058823529,32.0,0,20.4914407242,-8.0,49.3670886076,23.9047619048,-44.0
14:23:08,3087.0,3089.73478047,6.32675139832,62.5,74.0,0,20.4948215041,-26.0,69.3181818182,37.5238095238,-60.0
14:23:09,3087.0,3089.73326157,6.32606951871,62.5,4.0,0,20.4926126294,-2.0,67.4418604651,30.2857142857,-60.0
14:23:09,3088.0,3089.73229891,6.32522870811,64.7058823529,92.0,0,20.4832535884,-8.0,72.5,48.380952381,-60.0
14:23:10,3087.0,3089.73078139,6.32421797732,62.5,6.0,0,20.486614763,2.0,72.972972973,38.6666666667,-52.0
14:23:10,3088.0,3089.72982011,6.32304817271,64.7058823529,34.0,0,20.4761922691,4.0,76.0330578512,37.8095238095,-38.0
14:23:11,3087.0,3089.72830397,6.32235998678,62.5,40.0,0,20.4805960051,6.0,84.0,37.7142857143,-24.0
14:23:11,3087.0,3089.72678866,6.32134381713,62.5,0.0,0,20.4773042343,0.0,0,25.8095238095,2.0
14:23:12,3087.0,3089.7252742,6.3203257261,62.5,40.0,0,20.4740062394,2.0,75.4716981132,28.8571428571,6.0
14:23:12,3088.0,3089.72431598,6.31947584852,64.7058823529,12.0,0,20.4646238618,-4.0,66.6666666667,22.1904761905,10.0
14:23:13,3088.0,3089.72335829,6.31862463547,64.7058823529,76.0,0,20.4618673428,-58.0,64.3564356436,37.619047619,-50.0
14:23:13,3087.0,3089.72184574,6.31792857888,62.5,14.0,0,20.4662409423,-10.0,60.4395604396,32.0,-64.0
14:23:14,3087.0,3089.72033402,6.31723096766,62.5,16.0,0,20.4639811068,12.0,48.1012658228,27.9047619048,-58.0
14:23:14,3088.0,3089.71937855,6.31637554298,64.7058823529,62.0,0,20.4545840123,12.0,60.9090909091,38.0952380952,-46.0
14:23:15,3088.0,3089.7184236,6.31551878068,64.7058823529,10.0,0,20.4518095229,0.0,69.4736842105,30.4761904762,-48.0
14:23:15,3088.0,3089.71746919,6.31466068021,64.7058823529,44.0,0,20.4490307002,0.0,74.7747747748,34.0,-44.0
14:23:16,3088.0,3089.7165153,6.31380124102,64.7058823529,108.0,0,20.4462475422,4.0,90.5511811024,54.2857142857,18.0
14:23:16,3087.0,3089.71500655,6.31309631702,62.5,22.0,0,20.4505873567,-20.0,83.9694656488,48.4761904762,8.0
14:23:17,3087.0,3089.71349863,6.31267414501,62.5,18.0,0,20.4492197765,14.0,88.6363636364,41.1428571429,10.0
14:23:17,3088.0,3089.71254695,6.31181064565,64.7058823529,4.0,0,20.4398013136,2.0,86.4077669903,29.7142857143,0.0
14:23:18,3088.0,3089.7115958,6.3112304126,64.7058823529,300.0,0,20.4379223206,128.0,74.1935483871,105.619047619,128.0
14:23:18,3088.0,3089.71064517,6.31064913582,64.7058823529,20.0,0,20.4360399476,6.0,73.3050847458,87.7142857143,134.0
14:23:19,3087.0,3089.70913968,6.3102221535,62.5,10.0,0,20.4412768173,0.0,64.1711229947,68.0952380952,130.0
14:23:19,3088.0,3089.70819042,6.30935367134,64.7058823529,610.0,0,20.4318447906,200.0,88.1496881497,224.571428571,350.0
14:23:20,3088.0,3089.70724169,6.30876902943,64.7058823529,146.0,0,20.4299515202,14.0,89.7247706422,220.476190476,350.0
14:23:20,3088.0,3089.70629348,6.30789802305,64.7058823529,726.0,0,20.4271309036,-88.0,93.9293598234,376.0,260.0
14:23:21,3088.0,3089.70534581,6.30731115428,64.7058823529,70.0,46.4285714286,20.4252304219,-8.0,99.2414664981,309.714285714,124.0
14:23:21,3088.0,3089.70439866,6.3067232399,57.1428571429,28.0,0,20.4233265541,16.0,98.4905660377,242.380952381,134.0
14:23:22,3088.0,3089.70345203,6.30584852477,57.1428571429,168.0,0,20.4204939273,66.0,98.7414187643,214.666666667,200.0
14:23:22,3088.0,3089.70250593,6.30497246447,57.1428571429,32.0,0,20.4176569445,0.0,97.9487179487,140.571428571,0.0
14:23:23,3088.0,3089.70156036,6.30438113757,57.1428571429,50.0,0,20.4157420258,26.0,94.4134078212,99.1428571429,12.0
14:23:23,3088.0,3089.70061531,6.30378876373,57.1428571429,30.0,0,20.4138237168,-8.0,83.5978835979,56.5714285714,92.0
14:23:24,3088.0,3089.69967078,6.30319534266,57.1428571429,90.0,0,20.4119020164,-60.0,84.4221105527,64.2857142857,40.0
14:23:24,3088.0,3089.69872679,6.30260087407,57.1428571429,20.0,0,20.4099769238,0.0,87.1794871795,51.0476190476,24.0
14:23:25,3087.0,3089.69722791,6.30215951132,53.3333333333,50.0,0,20.4151587668,-32.0,83.8235294118,46.7619047619,-74.0
14:23:25,3088.0,3089.69628527,6.30127608084,57.1428571429,342.0,0,20.4056867903,196.0,69.7594501718,131.523809524,122.0
14:23:26,3088.0,3089.69534315,6.30039130178,57.1428571429,18.0,0,20.4028215731,16.0,74.5454545454,108.952380952,112.0
14:23:26,3088.0,3089.69440155,6.29950517359,57.1428571429,108.0,0,20.399951987,104.0,78.025477707,113.619047619,224.0
14:23:27,3087.0,3089.69290508,6.29877143003,53.3333333333,28.0,0,20.4041834468,20.0,75.2650176678,91.7142857143,304.0
14:23:27,3088.0,3089.69196484,6.29788250104,57.1428571429,28.0,0,20.3946972184,8.0,72.1254355401,72.7619047619,312.0
14:23:28,3088.0,3089.69102512,6.29699222121,57.1428571429,6.0,0,20.3918141878,0.0,70.1886792453,47.1428571429,344.0
14:23:28,3088.0,3089.69008592,6.29610058996,57.1428571429,36.0,0,20.388926781,16.0,88.3928571429,32.1904761905,164.0
14:23:29,3088.0,3089.68914724,6.29520760672,57.1428571429,10.0,0,20.3860349959,10.0,87.962962963,24.380952381,158.0
14:23:29,3088.0,3089.68820909,6.29431327092,57.1428571429,98.0,0,20.3831388307,-4.0,87.3786407767,42.0952380952,50.0
14:23:30,3088.0,3089.68727146,6.29341758198,57.1428571429,8.0,0,20.3802382836,0.0,86.0215053763,34.5714285714,30.0
14:23:30,3088.0,3089.68633434,6.29252053931,57.1428571429,30.0,0,20.3773333527,14.0,96.8085106383,34.2857142857,36.0
14:23:31,3088.0,3089.68539775,6.29162214235,57.1428571429,20.0,0,20.3744240361,16.0,96.0396039604,31.0476190476,52.0
14:23:31,3088.0,3089.68446168,6.29072239051,57.1428571429,12.0,0,20.371510332,2.0,96.6292134831,24.8571428571,38.0
14:23:32,3087.0,3089.68297072,6.28997399355,53.3333333333,44.0,0,20.3756851103,4.0,83.0188679245,28.9523809524,32.0
14:23:32,3088.0,3089.682036,6.28873816442,57.1428571429,12.0,0,20.3650847293,0.0,71.4285714286,22.2857142857,36.0
14:23:33,3088.0,3089.6811018,6.28750060747,57.1428571429,30.0,0,20.3610770967,2.0,78.3783783784,24.8571428571,38.0
14:23:33,3088.0,3089.68016811,6.28626132167,57.1428571429,12.0,0,20.3570638655,-10.0,73.8461538462,21.2380952381,14.0
14:23:34,3088.0,3089.67923494,6.28502030601,57.1428571429,40.0,0,20.3530450324,-40.0,78.6666666667,26.4761904762,-42.0
14:23:34,3088.0,3089.67830229,6.28377755945,57.1428571429,68.0,0,20.3490205941,18.0,65.0485436893,38.7619047619,-26.0
14:23:35,3088.0,3089.67737016,6.28253308098,57.1428571429,8.0,0,20.3449905472,-2.0,74.1176470588,31.2380952381,-32.0
14:23:35,3088.0,3089.67643855,6.28090814284,57.1428571429,124.0,0,20.3397284418,-4.0,80.1418439716,58.5714285714,-36.0
14:23:36,3087.0,3089.67495205,6.27981183861,53.3333333333,24.0,0,20.3427659171,-4.0,76.0869565217,52.0,-42.0
14:23:36,3088.0,3089.67402178,6.27856184263,57.1428571429,6.0,0,20.3321303194,-6.0,76.2962962963,40.5714285714,-38.0
14:23:37,3088.0,3089.67309203,6.27731011041,57.1428571429,70.0,0,20.3280767824,-28.0,72.0,47.7142857143,-26.0
14:23:37,3088.0,3089.67216279,6.27567703298,57.1428571429,12.0,0,20.3227883192,-4.0,81.1475409836,36.8571428571,-48.0
14:23:38,3088.0,3089.67123407,6.2740417595,57.1428571429,0.0,0,20.3174927445,0.0,0,25.2380952381,-46.0
14:23:38,3088.0,3089.67030586,6.27278438948,57.1428571429,184.0,0,20.3134209504,-30.0,48.6486486486,66.5714285714,-72.0
14:23:39,3088.0,3089.66937817,6.27152527867,57.1428571429,2.0,0,20.309343519,-2.0,48.1751824818,53.0476190476,-70.0
14:23:39,3088.0,3089.668451,6.2698839013,57.1428571429,10.0,0,20.3040281778,-6.0,48.9208633094,42.8571428571,-70.0
14:23:40,3088.0,3089.66752434,6.26862109372,57.1428571429,16.0,0,20.299938775,-12.0,45.5357142857,34.1904761905,-54.0
14:23:40,3087.0,3089.66604279,6.26712643605,53.3333333333,50.0,0,20.3016729383,-30.0,53.4351145038,37.8095238095,-80.0
14:23:41,3088.0,3089.66511747,6.26547858616,57.1428571429,224.0,0,20.2897622609,-4.0,74.4855967078,89.3333333333,-84.0
14:23:41,3088.0,3089.66419266,6.26421001271,57.1428571429,2.0,0,20.2856541862,-2.0,98.6842105263,66.7619047619,-56.0
14:23:42,3088.0,3089.66326837,6.26293969157,57.1428571429,18.0,0,20.281540452,-10.0,98.75,57.4285714286,-64.0
14:23:42,3088.0,3089.66234458,6.26128571185,57.1428571429,864.0,0,20.2761843,-484.0,99.4889267462,289.047619048,-542.0
14:23:43,3087.0,3089.66086591,6.25977984837,53.3333333333,156.0,0,20.2778744683,-62.0,97.8691019787,277.714285714,-592.0
14:23:43,3088.0,3089.65994347,6.25850374577,57.1428571429,130.0,0,20.2671753425,-74.0,96.700143472,252.285714286,-636.0
14:23:44,3088.0,3089.65902153,6.25684326592,57.1428571429,38.0,0,20.2617981409,-22.0,96.1920529801,196.761904762,-654.0
14:23:44,3088.0,3089.65810011,6.25518056899,57.1428571429,52.0,0,20.2564137597,-40.0,96.3434022258,154.095238095,-692.0
14:23:45,3088.0,3089.6571792,6.25351565319,57.1428571429,22.0,0,20.251022193,-20.0,96.3549920761,100.476190476,-702.0
14:23:45,3088.0,3089.6562588,6.25184851676,57.1428571429,10.0,0,20.2456234351,-6.0,89.2156862745,43.2380952381,-224.0
14:23:46,3088.0,3089.65533891,6.2505627833,57.1428571429,34.0,0,20.2414597905,-20.0,91.6083916084,33.5238095238,-182.0
14:23:46,3088.0,3089.65441953,6.24889145107,57.1428571429,258.0,0,20.2360474452,-94.0,98.5507246377,93.619047619,-202.0
14:23:47,3088.0,3089.65350067,6.24721789314,57.1428571429,32.0,0,20.2306278923,30.0,98.5294117647,83.0476190476,-150.0
14:23:47,3088.0,3089.65258231,6.24592645027,57.1428571429,32.0,0,20.2264457587,2.0,97.4226804124,72.7619047619,-108.0
14:23:48,3088.0,3089.65166446,6.24463324522,57.1428571429,152.0,0,20.2222579185,132.0,98.4555984556,97.7142857143,44.0
14:23:48,3088.0,3089.65074713,6.24295350306,57.1428571429,56.0,0,20.2168183389,48.0,88.2978723404,89.0476190476,98.0
14:23:49,3088.0,3089.6498303,6.24127152856,57.1428571429,100.0,0,20.2113715303,20.0,89.8412698413,90.7619047619,138.0
14:23:49,3089.0,3089.64946938,6.23948290434,60.0,98.0,0,20.1990382141,-50.0,69.3617021277,88.7619047619,182.0
14:23:50,3088.0,3089.64855327,6.23818210477,57.1428571429,168.0,0,20.2013669196,6.0,73.2673267327,114.380952381,158.0
14:23:50,3089.0,3089.64819306,6.23677533582,60.0,38.0,0,20.1902730198,8.0,73.5294117647,96.380952381,164.0
14:23:51,3089.0,3089.64783305,6.23498106564,60.0,36.0,0,20.1844644404,28.0,65.7258064516,77.5238095238,60.0
14:23:51,3089.0,3089.64747325,6.23357097487,60.0,84.0,0,20.1798995626,4.0,78.6259541985,77.9047619048,16.0
14:23:52,3088.0,3089.64655824,6.23187681042,57.1428571429,42.0,0,20.1809482203,12.0,67.8111587983,64.9523809524,8.0
14:23:52,3089.0,3089.64619914,6.23046329253,60.0,30.0,0,20.1698390823,8.0,78.391959799,51.3333333333,66.0
14:23:53,3088.0,3089.64528484,6.22876501244,57.1428571429,6.0,0,20.1708711543,4.0,71.186440678,34.0952380952,64.0
14:23:53,3089.0,3089.64492644,6.22696093736,60.0,272.0,0,20.1585009303,102.0,85.5319148936,100.571428571,158.0
14:23:54,3089.0,3089.64456825,6.22554221323,60.0,2.0,0,20.1539081037,0.0,85.7798165138,78.7619047619,130.0
14:23:54,3088.0,3089.64365486,6.22383768092,57.1428571429,180.0,0,20.1549147698,-18.0,71.4285714286,109.428571429,108.0
14:23:55,3089.0,3089.64329737,6.22202767553,60.0,278.0,0,20.1425305132,200.0,83.8541666667,163.523809524,296.0
14:23:55,3089.0,3089.64294008,6.22060373296,60.0,22.0,0,20.137920793,2.0,85.5263157895,133.238095238,290.0
14:23:56,3089.0,3089.64258299,6.21878992015,60.0,14.0,0,20.1320489484,-4.0,84.6354166667,101.047619048,282.0
14:23:56,3089.0,3089.6422261,6.2169740764,60.0,34.0,0,20.126170529,-12.0,73.9622641509,74.1904761905,168.0
14:23:57,3089.0,3089.64186941,6.21554500357,60.0,230.0,0,20.1215442006,190.0,79.9472295515,114.666666667,358.0
14:23:57,3089.0,3089.64151291,6.21411436039,60.0,16.0,0,20.1169127886,6.0,88.2154882155,83.1428571429,382.0
14:23:58,3089.0,3089.64115661,6.21268214578,60.0,516.0,0,20.1122762893,132.0,90.3846153846,202.285714286,314.0
14:23:58,3089.0,3089.64080052,6.21085891334,60.0,224.0,0,20.1063739506,2.0,82.5918762089,226.666666667,314.0
14:23:59,3089.0,3089.64044461,6.20903364183,60.0,140.0,0,20.1004650108,104.0,85.0,217.428571429,422.0
14:23:59,3089.0,3089.64008891,6.20720632947,60.0,118.0,0,20.0945494641,0.0,87.6205787781,195.904761905,434.0
14:24:00,3089.0,3089.6397334,6.20494197081,60.0,4.0,0,20.0872190703,4.0,86.2475442043,137.80952381,248.0
14:24:00,3089.0,3089.6393781,6.20267499417,60.0,2068.0,0,20.0798802013,1780.0,95.7003257329,680.19047619,2022.0
14:24:01,3089.0,3089.63902298,6.20040539669,60.0,2436.0,0,20.0725328478,840.0,97.3547094188,1230.0,2730.0
14:24:01,3090.0,3089.63922347,6.19807614018,62.5,120.0,0,20.0584988355,40.0,98.8948014736,1026.66666667,2768.0
14:24:02,3090.0,3089.63942385,6.19574450109,62.5,1274.0,0,20.050953078,-594.0,96.7441860465,1158.0,2070.0
14:24:02,3090.0,3089.63962411,6.19384700034,62.5,408.0,0,20.0448122988,-170.0,95.9746434231,987.904761905,1900.0
14:24:03,3089.0,3089.63926886,6.19200437741,60.0,104.0,0,20.0453362817,-12.0,95.1014040562,717.142857143,1884.0
14:24:03,3090.0,3089.63946921,6.18966606306,62.5,440.0,0,20.0312817575,16.0,93.2245922208,537.619047619,120.0
14:24:04,3089.0,3089.63911405,6.18781917745,60.0,242.0,0,20.0317875605,-194.0,87.8670788254,379.047619048,-914.0
14:24:04,3090.0,3089.63931449,6.185913882,62.5,66.0,0,20.0191387767,-38.0,88.318863457,274.666666667,-992.0
14:24:05,3090.0,3089.63951481,6.18356887217,62.5,50.0,0,20.0115497481,-12.0,88.3969465649,168.285714286,-410.0
14:24:05,3089.0,3089.63915963,6.18127757955,60.0,94.0,0,20.0106104874,-42.0,87.1485943775,132.761904762,-282.0
14:24:06,3090.0,3089.63936004,6.17892765078,62.5,150.0,0,19.9965296142,-22.0,90.9788867563,128.19047619,-292.0
14:24:06,3089.0,3089.63900494,6.17663118856,60.0,90.0,0,19.9955687555,-6.0,83.5260115607,104.285714286,-314.0
14:24:07,3090.0,3089.63920543,6.17427632961,62.5,134.0,0,19.9814767949,-126.0,78.7671232877,109.619047619,-246.0
14:24:07,3090.0,3089.63940582,6.17235847809,62.5,134.0,0,19.9752701556,-96.0,78.527607362,120.095238095,-304.0
14:24:08,3090.0,3089.63960609,6.16999909959,62.5,240.0,0,19.9676346265,54.0,82.8978622328,157.619047619,-238.0
14:24:08,3089.0,3089.63925086,6.16769270743,60.0,64.0,0,19.9666322675,2.0,84.9753694581,135.80952381,-194.0
14:24:09,3090.0,3089.63945122,6.16532837705,62.5,800.0,0,19.9525190196,460.0,93.4336525308,325.714285714,288.0
14:24:09,3090.0,3089.63965146,6.16296162471,62.5,374.0,0,19.9448596269,8.0,78.2359679267,362.952380952,302.0
14:24:10,3090.0,3089.6398516,6.16059244761,62.5,144.0,0,19.9371923871,10.0,72.3234624146,320.952380952,438.0
14:24:10,3091.0,3089.64060703,6.15821101342,64.7058823529,60.0,0,19.9230378952,-32.0,71.9381688466,254.476190476,502.0
14:24:11,3091.0,3089.64136204,6.15626891173,64.7058823529,1536.0,51.6129032258,19.9167548099,-212.0,44.9966420417,613.238095238,236.0
14:24:11,3090.0,3089.64156123,6.15389302032,64.7058823529,432.0,0,19.9155113926,-282.0,38.5534967125,594.857142857,-48.0
14:24:12,3089.0,3089.6412049,6.15156930068,61.1111111111,80.0,0,19.9144360657,4.0,21.0967250571,458.380952381,-504.0
14:24:12,3090.0,3089.64140418,6.14870079999,64.7058823529,230.0,0,19.8987080906,-38.0,29.1700241741,399.047619048,-550.0
14:24:13,3089.0,3089.64104794,6.14637150186,61.1111111111,102.0,0,19.8976092647,-66.0,31.393442623,310.0,-626.0
14:24:13,3090.0,3089.6412473,6.14349695704,64.7058823529,52.0,0,19.8818671749,14.0,31.5789473684,208.666666667,-580.0
14:24:14,3089.0,3089.64089116,6.14013933343,61.1111111111,116.0,0,19.8774339056,16.0,50.5928853755,126.0,-352.0
14:24:14,3090.0,3089.6410906,6.137257947,64.7058823529,1176.0,0,19.8616762039,-556.0,117.198177677,413.80952381,-626.0
14:24:15,3091.0,3089.64184534,6.13382998568,68.75,186.0,0,19.8441604195,62.0,117.508055854,383.333333333,-568.0
14:24:15,3090.0,3089.64204426,6.13040668399,64.7058823529,202.0,0,19.8395038317,52.0,115.703380589,352.380952381,-478.0
14:24:16,3090.0,3089.64224307,6.1269793413,64.7058823529,100.0,0,19.8284121078,-62.0,113.755458515,293.619047619,-474.0
14:24:16,3090.0,3089.64244177,6.12354795083,64.7058823529,120.0,0,19.8173072843,-4.0,106.947368421,240.666666667,-492.0
14:24:17,3090.0,3089.64264036,6.12011250577,64.7058823529,34.0,0,19.8061893391,12.0,106.930693069,159.904761905,-496.0
14:24:17,3090.0,3089.64283884,6.11721018248,64.7058823529,46.0,0,19.7967967071,10.0,62.7906976744,86.4761904762,70.0
14:24:18,3090.0,3089.64303721,6.11376707436,64.7058823529,174.0,0,19.7856539623,-22.0,54.1420118343,103.428571429,-14.0
14:24:18,3090.0,3089.64323546,6.11031989196,64.7058823529,28.0,0,19.7744980322,4.0,42.2310756972,79.2380952381,-62.0
14:24:19,3090.0,3089.64343361,6.10686862839,64.7058823529,96.0,0,19.7633288945,74.0,53.0120481928,82.7619047619,74.0
14:24:19,3091.0,3089.64418705,6.10340615285,68.75,244.0,0,19.7457332671,110.0,69.4533762058,128.761904762,188.0
14:24:20,3091.0,3089.64494007,6.10047933125,68.75,62.0,0,19.7362644168,12.0,65.2307692308,116.857142857,188.0
14:24:20,3090.0,3089.64513727,6.09755642592,64.7058823529,264.0,0,19.7331923169,-114.0,51.3824884793,161.333333333,64.0
14:24:21,3090.0,3089.64533436,6.09409003325,64.7058823529,24.0,0,19.7219742176,4.0,44.8467966574,126.857142857,90.0
14:24:21,3091.0,3089.64608675,6.09061299597,68.75,222.0,0,19.7043448592,166.0,57.0175438596,156.095238095,252.0
14:24:22,3090.0,3089.64628331,6.08713852959,64.7058823529,64.0,0,19.699477442,38.0,57.7272727273,130.952380952,216.0
14:24:22,3090.0,3089.64647976,6.08365993542,64.7058823529,62.0,0,19.6882198557,20.0,56.7335243553,106.761904762,126.0
14:24:23,3090.0,3089.64667611,6.08017720639,64.7058823529,2.0,0,19.676948888,2.0,60.1880877743,74.0952380952,116.0
14:24:23,3091.0,3089.64742775,6.07668443726,68.75,74.0,0,19.6592832004,26.0,86.1607142857,64.8571428571,256.0
14:24:24,3091.0,3089.64817897,6.07318782985,68.75,482.0,0,19.6479709798,-220.0,92.93598234,181.238095238,32.0
14:24:24,3091.0,3089.64892977,6.06968737754,68.75,56.0,0,19.6366463201,-8.0,92.972972973,154.095238095,-142.0
14:24:25,3091.0,3089.64968016,6.06672708049,68.75,392.0,0,19.6270691701,-292.0,64.0449438202,230.857142857,-472.0
14:24:25,3090.0,3089.64987472,6.06322469895,64.7058823529,60.0,0,19.6220864044,-44.0,60.2251407129,197.142857143,-536.0
14:24:26,3091.0,3089.65062459,6.05971299054,68.75,16.0,0,19.6043771936,-8.0,60.5555555556,150.952380952,-546.0
14:24:26,3091.0,3089.65137403,6.05619741119,68.75,190.0,0,19.5930035949,38.0,65.2173913043,153.80952381,-534.0
14:24:27,3091.0,3089.65212306,6.05267795415,68.75,74.0,0,19.5816174512,-2.0,50.0,118.0,-316.0
14:24:27,3091.0,3089.65287167,6.0485623228,68.75,54.0,0,19.5683025649,42.0,49.6183206107,95.9047619048,-266.0
14:24:28,3091.0,3089.65361987,6.04503459129,68.75,372.0,0,19.5568896515,-98.0,91.1227154047,164.761904762,-72.0
14:24:28,3091.0,3089.65436765,6.04090960135,68.75,214.0,0,19.5435444884,-62.0,97.3913043478,189.428571429,-90.0
14:24:29,3090.0,3089.65455961,6.03737778804,64.7058823529,66.0,0,19.5384394435,46.0,96.7010309278,164.476190476,-36.0
14:24:29,3091.0,3089.65530687,6.03324324032,68.75,36.0,0,19.5187422851,4.0,96.8137254902,128.571428571,-70.0
14:24:30,3091.0,3089.65605372,6.02910369442,68.75,64.0,0,19.5053500305,-4.0,95.0372208437,108.0,-72.0
14:24:30,3090.0,3089.65624475,6.02496286039,64.7058823529,60.0,0,19.4982616841,-6.0,90.8866995074,86.7619047619,-120.0
14:24:31,3091.0,3089.65699107,6.02081312312,68.75,58.0,0,19.4785283828,12.0,85.5421686747,64.6666666667,-10.0
14:24:31,3091.0,3089.65773698,6.01665835641,68.75,34.0,0,19.4650868858,-4.0,77.358490566,50.6666666667,48.0
14:24:32,3091.0,3089.65848247,6.01309589332,68.75,80.0,0,19.4535616089,-38.0,76.5060240964,58.380952381,-36.0
14:24:32,3090.0,3089.65867215,6.00893467993,64.7058823529,50.0,0,19.4463905499,-24.0,71.098265896,56.8571428571,-64.0
14:24:33,3091.0,3089.65941713,6.00536362629,68.75,80.0,0,19.4285461866,-66.0,75.138121547,63.2380952381,-126.0
14:24:33,3090.0,3089.65960629,6.00119237123,64.7058823529,8.0,0,19.4213345347,0.0,82.5806451613,48.2857142857,-120.0
14:24:34,3090.0,3089.65979534,5.99701569301,64.7058823529,40.0,0,19.4078177767,0.0,69.8630136986,44.9523809524,-132.0
14:24:34,3090.0,3089.65998429,5.99283358028,64.7058823529,76.0,0,19.3942834313,-18.0,56.8862275449,52.7619047619,-146.0
14:24:35,3091.0,3089.66072854,5.98864382487,68.75,36.0,0,19.3744543024,-18.0,52.4137931034,47.1428571429,-126.0
14:24:35,3091.0,3089.66147237,5.98444895717,68.75,12.0,0,19.3608830708,-6.0,53.9682539682,36.7619047619,-108.0
14:24:36,3091.0,3089.66221579,5.98024896644,68.75,314.0,0,19.3472952651,4.0,36.6255144033,114.476190476,-38.0
14:24:36,3090.0,3089.6624034,5.97604553975,64.7058823529,6.0,0,19.3399532031,0.0,36.3636363636,93.0476190476,-38.0
14:24:37,3091.0,3089.6631463,5.97183510373,68.75,586.0,0,19.3200747452,-14.0,69.1262135922,237.428571429,-52.0
14:24:37,3091.0,3089.66388879,5.96761951191,68.75,62.0,0,19.3064364669,24.0,73.031496063,206.095238095,-10.0
14:24:38,3091.0,3089.66463087,5.96400307167,68.75,90.0,0,19.2947365632,72.0,75.1401869159,183.428571429,80.0
14:24:38,3091.0,3089.66537254,5.96038257301,68.75,366.0,0,19.2830235296,104.0,81.4606741573,237.047619048,190.0
14:24:39,3090.0,3089.66555839,5.95615351864,64.7058823529,50.0,0,19.2755777302,-46.0,93.9655172414,183.523809524,140.0
14:24:39,3091.0,3089.66629954,5.95252420132,68.75,102.0,0,19.2576001337,-58.0,90.4458598726,157.428571429,82.0
14:24:40,3091.0,3089.66704028,5.94828429979,68.75,22.0,0,19.2438832086,-2.0,89.5953757225,103.904761905,94.0
14:24:40,3091.0,3089.6677806,5.94403918011,68.75,10.0,0,19.2301494018,-8.0,90.9375,73.8095238095,62.0
14:24:41,3091.0,3089.66852052,5.9397888311,68.75,60.0,0,19.2163986771,-10.0,90.4918032787,60.4761904762,-20.0
14:24:41,3091.0,3089.66926003,5.9361415535,68.75,26.0,0,19.2045990084,4.0,78.5185185185,38.8571428571,-120.0
14:24:42,3091.0,3089.66999912,5.93188131812,68.75,56.0,0,19.1908162993,6.0,71.7391304348,42.0,-68.0
14:24:42,3091.0,3089.67073781,5.92822527078,68.75,60.0,0,19.1789882588,-24.0,83.7606837607,46.0,-34.0
14:24:43,3091.0,3089.67147608,5.92456509187,68.75,112.0,0,19.1671468517,-24.0,88.2716049383,66.8571428571,-56.0
14:24:43,3091.0,3089.67221394,5.92090077372,68.75,34.0,0,19.1552920534,-24.0,84.4827586207,61.1428571429,-72.0
14:24:44,3090.0,3089.672396,5.91662049408,64.7058823529,224.0,0,19.1476391394,-10.0,86.71875,108.571428571,-72.0
14:24:44,3090.0,3089.67257795,5.91233455776,64.7058823529,4.0,0,19.1337687953,2.0,85.7142857143,85.3333333333,-74.0
14:24:45,3090.0,3089.6727598,5.90804295243,64.7058823529,2.0,0,19.119880105,2.0,88.5321100917,62.5714285714,-78.0
14:24:45,3091.0,3089.67349695,5.90374697925,68.75,18.0,0,19.0997961154,-2.0,86.8020304568,46.9523809524,-56.0
14:24:46,3091.0,3089.67423369,5.89944566736,68.75,8.0,0,19.0858805156,6.0,80.0,30.4761904762,-26.0
14:24:46,3091.0,3089.67497002,5.89513900505,68.75,16.0,0,19.0719476061,-6.0,82.3529411765,21.2380952381,-8.0
14:24:47,3091.0,3089.67570595,5.89144176846,68.75,84.0,0,19.0599863101,-80.0,75.7575757576,32.2857142857,-78.0
14:24:47,3090.0,3089.67588606,5.88773835066,64.7058823529,2.0,0,19.0541694196,2.0,75.3846153846,26.5714285714,-78.0
14:24:48,3091.0,3089.67662147,5.8840325298,68.75,30.0,0,19.0360159489,0.0,78.4810126582,28.9523809524,-80.0
14:24:48,3090.0,3089.67680108,5.88032018109,64.7058823529,4.0,0,19.0301623983,0.0,83.3333333333,22.5714285714,-78.0
14:24:49,3091.0,3089.67753599,5.87598874659,68.75,26.0,0,19.0099927098,-2.0,86.4197530864,23.1428571429,-86.0
14:24:49,3090.0,3089.67771508,5.8716492349,64.7058823529,430.0,0,19.0021010838,68.0,28.4722222222,138.285714286,-12.0
14:24:50,3090.0,3089.67789408,5.86730393608,64.7058823529,1258.0,0,18.9880386281,-28.0,4.68571428572,470.285714286,40.0
14:24:50,3089.0,3089.67751758,5.86299716889,61.1111111111,44.0,0,18.9802433438,-6.0,5.80357142857,399.523809524,32.0
14:24:51,3090.0,3089.67769668,5.85864010577,64.7058823529,26.0,0,18.9600003423,12.0,5.81655480985,321.619047619,44.0
14:24:51,3090.0,3089.67787569,5.8536094634,64.7058823529,14.0,0,18.9437199463,-8.0,5.89543937709,240.476190476,36.0
14:24:52,3090.0,3089.6780546,5.8485715255,64.7058823529,214.0,0,18.9274159401,198.0,14.8036253776,216.0,236.0
14:24:52,3089.0,3089.67767801,5.84356995993,61.1111111111,64.0,0,18.9173517641,16.0,17.7777777778,139.714285714,184.0
14:24:53,3089.0,3089.67730162,5.83923082174,61.1111111111,6.0,0,18.9033046997,0.0,79.3478260869,64.2857142857,212.0
14:24:53,3089.0,3089.67692545,5.83488548133,61.1111111111,20.0,0,18.8892375569,6.0,78.488372093,52.4761904762,224.0
14:24:54,3090.0,3089.67710489,5.83111449203,64.7058823529,114.0,0,18.8709206862,-24.0,59.7222222222,68.6666666667,188.0
14:24:54,3090.0,3089.67728422,5.82671449229,64.7058823529,4.0,0,18.8566812048,0.0,61.6113744076,49.2380952381,196.0
14:24:55,3089.0,3089.67690806,5.82235146167,61.1111111111,1164.0,0,18.848661255,-72.0,47.3760932945,361.714285714,-74.0
14:24:55,3090.0,3089.6770875,5.81726596058,64.7058823529,34.0,0,18.8261034323,-10.0,47.5409836066,306.095238095,-100.0
14:24:56,3089.0,3089.67671145,5.8128898648,61.1111111111,470.0,0,18.8180312878,-348.0,35.2159468438,376.476190476,-448.0
14:24:56,3089.0,3089.6763356,5.80850748317,61.1111111111,154.0,0,18.8038442317,-116.0,33.8144329897,334.476190476,-570.0
14:24:57,3089.0,3089.67595996,5.80411880148,61.1111111111,2.0,0,18.7896367805,0.0,35.1203501094,242.666666667,-546.0
14:24:57,3089.0,3089.67558454,5.79972380542,61.1111111111,70.0,0,18.7754088877,-32.0,34.2133051742,175.619047619,-578.0
14:24:58,3090.0,3089.67576472,5.79528058711,64.7058823529,18.0,0,18.7549533563,8.0,8.28877005347,90.5714285714,-498.0
14:24:58,3089.0,3089.6753894,5.79087308712,61.1111111111,266.0,0,18.7467565138,128.0,20.4081632653,130.952380952,-360.0
14:24:59,3089.0,3089.67501428,5.78645922967,61.1111111111,58.0,0,18.7324675613,-16.0,35.5633802817,100.857142857,-28.0
14:24:59,3090.0,3089.67519478,5.78131833293,64.7058823529,38.0,0,18.7097680677,4.0,48.2300884956,84.6666666667,92.0
14:25:00,3089.0,3089.67481978,5.77689116461,61.1111111111,168.0,0,18.7014929253,-160.0,35.5987055016,111.142857143,-68.0
14:25:00,3089.0,3089.67444498,5.77245759332,61.1111111111,106.0,0,18.6871401532,-20.0,37.003058104,112.0,-56.0
14:25:01,3090.0,3089.67462579,5.76729518492,64.7058823529,42.0,50.0,18.6643857117,0.0,36.5781710914,92.8571428571,-64.0
14:25:01,3090.0,3089.67480651,5.76212513845,60.0,38.0,0,18.6476541697,-12.0,25.3333333333,71.4285714286,-204.0
14:25:02,3089.0,3089.67443172,5.75698799742,56.25,144.0,0,18.637060529,-100.0,21.6417910448,91.1428571429,-288.0
14:25:02,3089.0,3089.67405714,5.75184283405,56.25,28.0,0,18.6204041245,4.0,16.3498098859,73.619047619,-288.0
14:25:03,3090.0,3089.67423817,5.74664941966,60.0,66.0,0,18.5975709374,40.0,29.2452830189,67.4285714286,-88.0
14:25:03,3089.0,3089.6738637,5.74217395491,56.25,50.0,0,18.5891031237,-20.0,25.0,61.5238095238,-88.0
14:25:04,3089.0,3089.67348943,5.73769197344,56.25,170.0,0,18.5745936337,86.0,39.1129032258,92.5714285714,-2.0
14:25:04,3089.0,3089.67311537,5.73320345998,56.25,22.0,0,18.5600629977,-18.0,36.25,75.2380952381,-8.0
14:25:05,3089.0,3089.67274152,5.72802055203,56.25,170.0,0,18.5432844028,52.0,59.2885375494,100.952380952,144.0
14:25:05,3090.0,3089.67292328,5.72347882643,60.0,112.0,0,18.5225851988,-12.0,57.6271186441,108.857142857,128.0
14:25:06,3089.0,3089.67254954,5.71897005075,56.25,72.0,0,18.5139852727,-2.0,50.3355704698,101.333333333,86.0
14:25:06,3089.0,3089.67217601,5.71445467949,56.25,32.0,0,18.4993676902,8.0,54.6712802768,82.0952380952,114.0
14:25:07,3090.0,3089.67235808,5.70989383915,60.0,30.0,0,18.4786208387,12.0,49.7716894977,63.1428571429,40.0
14:25:07,3090.0,3089.67254005,5.70532670211,60.0,424.0,0,18.4638404599,126.0,27.1428571429,163.428571429,184.0
14:25:08,3089.0,3089.67216652,5.70079179442,56.25,68.0,0,18.4551369195,-26.0,13.0081300813,142.857142857,106.0
14:25:08,3089.0,3089.6717932,5.69625022859,56.25,6.0,0,18.4404345373,-4.0,8.86075949367,109.428571429,114.0
14:25:09,3089.0,3089.67142009,5.6923470121,56.25,10.0,0,18.4277986795,-4.0,11.2280701754,82.1904761905,112.0
14:25:09,3089.0,3089.67104718,5.68843845873,56.25,224.0,0,18.4151455446,104.0,35.6955380577,119.047619048,208.0
14:25:10,3089.0,3089.67067448,5.68452455747,56.25,42.0,0,18.402475097,32.0,37.2093023256,94.7619047619,228.0
14:25:10,3089.0,3089.67030199,5.67995836986,56.25,56.0,0,18.387693007,-12.0,68.4729064039,73.9047619048,90.0
14:25:11,3088.0,3089.6693743,5.67611956651,52.9411764706,22.0,0,18.3812162128,-6.0,82.7777777778,60.8571428571,110.0
14:25:11,3088.0,3089.66844713,5.6722751045,52.9411764706,24.0,0,18.3687665301,-20.0,77.7777777778,50.5714285714,94.0
14:25:12,3088.0,3089.66752047,5.66842497231,52.9411764706,152.0,0,18.3562984854,8.0,75.0,76.0,106.0
14:25:12,3089.0,3089.66714973,5.66448313051,56.25,20.0,0,18.3375951133,0.0,58.8607594937,56.9523809524,2.0
14:25:13,3088.0,3089.66622379,5.65997153507,52.9411764706,124.0,0,18.3289233649,-4.0,39.1959798995,77.3333333333,-34.0
14:25:13,3088.0,3089.66529837,5.65610381947,52.9411764706,22.0,0,18.3163983791,0.0,45.0549450549,64.6666666667,-22.0
14:25:14,3088.0,3089.66437346,5.65223038573,52.9411764706,6.0,0,18.3038548761,-2.0,42.5287356322,49.0476190476,-18.0
14:25:14,3089.0,3089.66400446,5.64761349549,56.25,4.0,0,18.2829831515,0.0,45.1219512195,33.619047619,2.0
14:25:15,3088.0,3089.66308027,5.64307506765,52.9411764706,4.0,0,18.2742068253,4.0,25.5555555556,19.1428571429,-2.0
14:25:15,3088.0,3089.6621566,5.63852948362,52.9411764706,208.0,0,18.2594866698,156.0,61.9565217391,70.0,154.0
14:25:16,3088.0,3089.66123343,5.63463123335,52.9411764706,36.0,0,18.2468628023,2.0,85.0,62.7619047619,160.0
14:25:16,3088.0,3089.66031078,5.63072720097,52.9411764706,12.0,0,18.2342202104,0.0,85.1851851852,52.8571428571,160.0
14:25:17,3088.0,3089.65938864,5.62681737445,52.9411764706,12.0,0,18.2215588551,-10.0,84.0579710145,43.4285714286,152.0
14:25:17,3088.0,3089.65846702,5.62224525138,52.9411764706,20.0,0,18.2067527571,-4.0,78.7671232877,36.0,148.0
14:25:18,3088.0,3089.6575459,5.6176658909,52.9411764706,4.0,0,18.1919232218,-4.0,78.0821917808,23.2380952381,140.0
14:25:18,3088.0,3089.6566253,5.61307927528,52.9411764706,126.0,0,18.177070192,-118.0,51.4285714286,45.3333333333,-134.0
14:25:19,3088.0,3089.65570521,5.60848538675,52.9411764706,6.0,0,18.1621936099,0.0,48.8888888889,37.0476190476,-136.0
14:25:19,3089.0,3089.65534103,5.60380023585,56.25,26.0,0,18.1411467655,-16.0,47.4226804124,35.9047619048,-152.0
14:25:20,3089.0,3089.65497705,5.59910806389,56.25,52.0,0,18.1259568271,-6.0,38.4615384615,41.5238095238,-148.0
14:25:20,3089.0,3089.65461327,5.59506989221,56.25,36.0,0,18.1128840797,2.0,37.6,40.6666666667,-142.0
14:25:21,3088.0,3089.6536943,5.59110966895,52.9411764706,206.0,0,18.1059250938,98.0,39.3805309735,87.619047619,-40.0
14:25:21,3088.0,3089.65277584,5.58714353131,52.9411764706,38.0,0,18.0930813838,22.0,26.3736263736,76.9523809524,100.0
14:25:22,3088.0,3089.65185788,5.58250839677,52.9411764706,86.0,0,18.0780712331,60.0,26.5765765766,84.1904761905,160.0
14:25:22,3088.0,3089.65094044,5.57786586916,52.9411764706,20.0,0,18.0630371411,2.0,28.3105022831,68.7619047619,178.0
14:25:23,3088.0,3089.6500235,5.57388054835,52.9411764706,20.0,0,18.0501313094,-6.0,29.5566502463,53.619047619,178.0
14:25:23,3088.0,3089.64910708,5.56988925904,52.9411764706,20.0,0,18.0372061498,-4.0,30.2564102564,40.0,172.0
14:25:24,3088.0,3089.64819116,5.5658919884,52.9411764706,26.0,0,18.0242616205,0.0,25.7142857143,28.8571428571,74.0
14:25:24,3088.0,3089.64727575,5.56122204768,52.9411764706,4.0,0,18.0091387554,0.0,30.6818181818,20.0,52.0
14:25:25,3088.0,3089.64636086,5.55654462723,52.9411764706,16.0,0,17.9939916685,0.0,39.6226415094,16.1904761905,-8.0
14:25:25,3088.0,3089.64544646,5.55185970816,52.9411764706,16.0,0,17.9788202985,4.0,31.3725490196,15.7142857143,-6.0
14:25:26,3088.0,3089.64453258,5.54783630385,52.9411764706,14.0,0,17.9657911394,14.0,43.75,14.8571428571,14.0
14:25:26,3088.0,3089.64361921,5.54380684794,52.9411764706,12.0,0,17.9527423832,10.0,47.7272727273,13.7142857143,28.0
14:25:27,3088.0,3089.64270634,5.53910090283,52.9411764706,32.0,0,17.9375029237,32.0,23.4042553192,18.6666666667,60.0
14:25:27,3088.0,3089.64179398,5.53438738706,52.9411764706,12.0,0,17.9222389477,8.0,21.568627451,17.619047619,68.0
14:25:28,3088.0,3089.64088212,5.53033829586,52.9411764706,8.0,0,17.9091266058,8.0,12.7659574468,15.0476190476,76.0
14:25:28,3089.0,3089.64052618,5.52620178539,56.25,134.0,0,17.8899377967,36.0,7.54716981131,48.8571428571,108.0
14:25:29,3088.0,3089.63961503,5.52214061392,52.9411764706,8.0,0,17.8825797083,-2.0,2.91262135921,41.0476190476,92.0
14:25:29,3089.0,3089.63925978,5.51799228087,56.25,36.0,0,17.86336122,2.0,3.47826086955,41.5238095238,84.0
14:25:30,3089.0,3089.63890474,5.5131632604,56.25,56.0,0,17.8477282629,0.0,3.937007874,46.5714285714,52.0
14:25:30,3088.0,3089.63799449,5.50908323326,52.9411764706,6.0,0,17.8402954445,-2.0,4.0322580645,36.1904761905,42.0
14:25:31,3088.0,3089.63708474,5.50499702851,52.9411764706,64.0,0,17.8270629162,-12.0,4.60526315788,42.6666666667,22.0
14:25:31,3088.0,3089.6361755,5.50022757666,52.9411764706,158.0,0,17.8116178001,-140.0,3.0487804878,73.3333333333,-154.0
14:25:32,3088.0,3089.63526677,5.49612825985,52.9411764706,36.0,0,17.7983428104,-32.0,2.80898876404,68.0,-184.0
14:25:32,3088.0,3089.63435854,5.49202272212,52.9411764706,22.0,0,17.7850476752,-8.0,1.75438596491,57.3333333333,-194.0
14:25:33,3088.0,3089.63345082,5.48791094949,52.9411764706,76.0,0,17.7717323494,-8.0,1.10497237569,62.7619047619,-202.0
14:25:33,3088.0,3089.6325436,5.48379292794,52.9411764706,542.0,0,17.7583967874,-340.0,0.445434298441,200.380952381,-540.0
14:25:34,3088.0,3089.63163688,5.47966864339,52.9411764706,0.0,0,17.7450409436,0.0,0,157.619047619,-528.0
14:25:34,3088.0,3089.63073067,5.47553808168,52.9411764706,2.0,0,17.7316647723,-2.0,0.294985250737,118.476190476,-390.0
14:25:35,3087.0,3089.62926955,5.47153137207,50.0,32.0,0,17.7244294528,14.0,2.07715133531,95.3333333333,-344.0
14:25:35,3087.0,3089.62780925,5.46751811346,50.0,122.0,0,17.711428939,38.0,1.80878552972,98.0952380952,-298.0
14:25:36,3087.0,3089.62634977,5.46281463625,50.0,4.0,0,17.6961925372,2.0,1.9943019943,62.380952381,-288.0
14:25:36,3087.0,3089.62489109,5.45878750584,50.0,22.0,0,17.6831470873,0.0,16.4835164835,35.2380952381,52.0
14:25:37,3087.0,3089.62343322,5.45475378104,50.0,12.0,0,17.6700802755,8.0,17.5257731959,30.0,60.0
14:25:37,3087.0,3089.62197616,5.45071344719,50.0,52.0,0,17.6569920544,10.0,13.1147540984,35.619047619,72.0
14:25:38,3087.0,3089.62051991,5.44666648958,50.0,8.0,0,17.6438823764,8.0,9.09090909091,26.2857142857,66.0
14:25:38,3088.0,3089.61961987,5.44248366052,52.9411764706,14.0,0,17.624623253,2.0,19.6428571429,19.8095238095,30.0
14:25:39,3087.0,3089.61816493,5.43842354155,50.0,42.0,0,17.6171802447,24.0,36.0,26.4761904762,52.0
14:25:39,3087.0,3089.6167108,5.43435675433,50.0,106.0,0,17.6040063308,102.0,59.8290598291,49.619047619,154.0
14:25:40,3087.0,3089.61525748,5.43028328388,50.0,6.0,0,17.5908107674,4.0,59.649122807,40.1904761905,150.0
14:25:40,3088.0,3089.61436036,5.42538398254,52.9411764706,10.0,0,17.5692486481,8.0,76.3440860215,32.1904761905,148.0
14:25:41,3087.0,3089.61290834,5.4212964829,50.0,70.0,0,17.5616990052,24.0,65.3225806452,43.3333333333,164.0
14:25:41,3087.0,3089.61145713,5.41720225272,50.0,6.0,0,17.5484361928,4.0,66.6666666667,33.2380952381,166.0
14:25:42,3087.0,3089.61000672,5.41310127673,50.0,34.0,0,17.5351515281,-16.0,56.0344827586,31.5238095238,126.0
14:25:42,3087.0,3089.60855712,5.40899353957,50.0,136.0,0,17.5218449614,112.0,12.213740458,59.3333333333,136.0
14:25:43,3087.0,3089.60710833,5.40418475682,50.0,146.0,0,17.5062674338,-42.0,7.96019900497,88.5714285714,90.0
14:25:43,3087.0,3089.60566033,5.40006269254,50.0,10.0,0,17.4929144559,-6.0,6.46766169154,72.2857142857,76.0
14:25:44,3087.0,3089.60421315,5.3959338186,50.0,26.0,0,17.4795394188,-6.0,1.67597765363,60.5714285714,46.0
14:25:44,3087.0,3089.60276676,5.39110146445,50.0,132.0,0,17.4638855343,24.0,1.23966942149,81.2380952381,66.0
14:25:45,3088.0,3089.60187659,5.38613305823,52.9411764706,28.0,0,17.4421407326,18.0,6.27615062762,66.1904761905,100.0
14:25:45,3088.0,3089.6009869,5.38185479495,52.9411764706,86.0,0,17.4282862531,84.0,6.54205607476,68.0,72.0
14:25:46,3087.0,3089.59954231,5.37769724888,50.0,12.0,0,17.4204640391,12.0,9.5238095238,51.0476190476,126.0
14:25:46,3088.0,3089.59865392,5.37270564727,52.9411764706,62.0,0,17.3986581842,-54.0,25.4335260116,54.7619047619,78.0
14:25:47,3087.0,3089.59721063,5.36853365702,50.0,8.0,0,17.3907795822,2.0,28.0487804878,40.5714285714,86.0
14:25:47,3087.0,3089.59576813,5.36435473983,50.0,8.0,0,17.3772424355,4.0,45.0980392157,27.2380952381,66.0
14:25:48,3087.0,3089.59432644,5.36016887949,50.0,46.0,0,17.3636827972,44.0,31.5315315315,30.6666666667,92.0
14:25:48,3088.0,3089.59344095,5.35514618508,52.9411764706,10.0,0,17.3417946408,2.0,49.3150684931,22.9523809524,10.0
14:25:49,3087.0,3089.59200055,5.35024168717,50.0,28.0,0,17.3315247398,24.0,44.4444444444,24.0,22.0
14:25:49,3088.0,3089.59111635,5.34590698832,52.9411764706,24.0,0,17.3118749622,16.0,25.8064516129,23.1428571429,92.0
14:25:50,3087.0,3089.58967724,5.34169188039,50.0,4.0,0,17.3038285727,0.0,23.3333333333,18.380952381,90.0
14:25:50,3088.0,3089.58879433,5.3366369904,52.9411764706,18.0,0,17.2818555389,0.0,23.0769230769,17.8095238095,86.0
14:25:51,3087.0,3089.58735651,5.33240714614,50.0,20.0,50.0,17.2737516882,-8.0,34.6153846154,17.3333333333,34.0
14:25:51,3087.0,3089.58591949,5.32746201706,52.9411764706,4.0,0,17.2577324816,0.0,34.693877551,13.5238095238,32.0
14:25:52,3087.0,3089.58448327,5.32321722896,52.9411764706,18.0,0,17.2439819532,0.0,38.6363636364,14.0,8.0
14:25:52,3087.0,3089.58304784,5.31896533961,52.9411764706,2.0,0,17.2302084211,0.0,21.2121212121,10.380952381,-8.0
14:25:53,3088.0,3089.58216861,5.31458073994,55.5555555556,2.0,0,17.2104298573,0.0,25.0,7.80952380952,-8.0
14:25:53,3087.0,3089.58073447,5.31031472847,52.9411764706,1070.0,0,17.2021857093,354.0,5.19713261647,310.476190476,346.0
14:25:54,3087.0,3089.57930113,5.30604156442,52.9411764706,704.0,0,17.1883432602,418.0,2.77777777777,458.476190476,772.0
14:25:54,3086.0,3089.57731318,5.30193881961,50.0,12.0,0,17.1806183396,12.0,2.65486725663,376.19047619,784.0
14:25:55,3086.0,3089.57532634,5.29782868841,50.0,228.0,0,17.1672997032,28.0,3.46878097125,355.238095238,812.0
14:25:55,3087.0,3089.573896,5.29353378405,52.9411764706,454.0,0,17.1478256691,0.0,2.995951417,388.857142857,812.0
14:25:56,3087.0,3089.57246645,5.2885160933,52.9411764706,140.0,0,17.1315714069,56.0,2.99079754601,311.238095238,868.0
14:25:56,3086.0,3089.5704823,5.28366662694,50.0,52.0,0,17.1214083828,-24.0,2.2641509434,201.904761905,490.0
14:25:57,3086.0,3089.56849925,5.27952537587,50.0,88.0,0,17.1079889043,-30.0,6.16016427105,151.333333333,42.0
14:25:57,3086.0,3089.5665173,5.27537664678,50.0,36.0,0,17.0945451937,4.0,6.0120240481,115.238095238,34.0
14:25:58,3086.0,3089.56453645,5.27122042203,50.0,108.0,0,17.0810771939,-26.0,4.55580865605,98.5714285714,-20.0
14:25:58,3086.0,3089.56255671,5.26633683185,50.0,174.0,0,17.0652522095,148.0,6.02006688964,106.476190476,128.0
14:25:59,3086.0,3089.56057806,5.26216474255,50.0,14.0,0,17.0517328015,14.0,6.3559322034,82.0,86.0
14:25:59,3087.0,3089.55915591,5.25780853753,52.9411764706,46.0,0,17.0320976272,-14.0,12.4463519313,72.6666666667,96.0
14:26:00,3086.0,3089.55717915,5.25289899384,50.0,78.0,0,17.0217076923,-18.0,11.4035087719,72.7619047619,108.0
14:26:00,3086.0,3089.55520349,5.24870347747,50.0,8.0,0,17.0081123703,0.0,12.6168224299,53.3333333333,104.0
14:26:01,3086.0,3089.55322892,5.24450035281,50.0,20.0,0,16.9944923941,-12.0,15.8823529412,38.6666666667,118.0
14:26:01,3086.0,3089.55125545,5.23956455523,50.0,14.0,0,16.9784982347,0.0,31.1111111111,26.4761904762,-30.0
14:26:02,3086.0,3089.54928308,5.23461932772,50.0,20.0,0,16.9624735182,0.0,32.2580645161,23.619047619,-44.0
14:26:02,3086.0,3089.54731181,5.23039159329,50.0,24.0,0,16.9487737955,16.0,19.5121951219,21.619047619,-14.0
14:26:03,3086.0,3089.54534163,5.22615617192,50.0,28.0,0,16.9350491637,6.0,10.5263157895,21.8095238095,10.0
14:26:03,3086.0,3089.54337254,5.22118441224,50.0,10.0,0,16.9189384713,-8.0,8.62068965516,19.2380952381,2.0
14:26:04,3086.0,3089.54140454,5.21693271567,50.0,200.0,0,16.9051611007,22.0,2.7027027027,70.8571428571,36.0
14:26:04,3086.0,3089.53943764,5.21194283075,50.0,6.0,0,16.8889916745,0.0,2.08333333333,58.4761904762,36.0
14:26:05,3086.0,3089.53747184,5.20767477318,50.0,10.0,0,16.875161287,-6.0,1.43884892086,47.619047619,30.0
14:26:05,3086.0,3089.53550712,5.20339892923,50.0,6.0,0,16.8613056683,-4.0,0.76923076923,36.0952380952,10.0
14:26:06,3086.0,3089.53354349,5.19838216019,50.0,332.0,0,16.8450491257,0.0,0.354609929078,118.571428571,4.0
14:26:06,3086.0,3089.53158096,5.19408982747,50.0,14.0,0,16.831140076,0.0,0.352112676056,95.7142857143,12.0
14:26:07,3087.0,3089.53017492,5.18961462924,52.9411764706,6.0,0,16.8111908948,-4.0,1.06951871658,70.380952381,-14.0
14:26:07,3086.0,3089.52821425,5.18530669087,50.0,28.0,0,16.8026788427,-20.0,2.52525252525,60.5714285714,-34.0
14:26:08,3087.0,3089.52681008,5.18007933468,52.9411764706,30.0,0,16.7803023475,-24.0,7.21153846154,50.2857142857,-52.0
14:26:08,3086.0,3089.52485128,5.17501714675,50.0,4.0,0,16.7693361852,0.0,7.72946859903,31.619047619,-48.0
14:26:09,3086.0,3089.52289358,5.17068385494,50.0,44.0,0,16.7552944101,-10.0,33.3333333333,24.4761904762,-58.0
14:26:09,3087.0,3089.52149236,5.16616806883,52.9411764706,56.0,0,16.7352383182,-2.0,58.3333333333,34.4761904762,-60.0
14:26:10,3087.0,3089.52009192,5.1609040444,52.9411764706,2.0,0,16.7181860849,0.0,59.756097561,27.0476190476,-56.0
14:26:10,3087.0,3089.51869226,5.15637179243,52.9411764706,0.0,0,16.7035043486,0.0,0,19.2380952381,-36.0
14:26:11,3087.0,3089.51729337,5.15252005196,52.9411764706,34.0,0,16.6910270552,-2.0,57.1428571429,22.4761904762,-14.0
14:26:11,3086.0,3089.51533986,5.14814718558,50.0,138.0,0,16.6822656694,2.0,30.6569343066,55.2380952381,-12.0
14:26:12,3086.0,3089.51338744,5.14445617349,50.0,118.0,0,16.6703051636,-18.0,50.5747126437,75.9047619048,-20.0
14:26:12,3086.0,3089.5114361,5.14006802538,50.0,4.0,0,16.6560856299,-4.0,41.2162162162,60.4761904762,-22.0
14:26:13,3087.0,3089.51004124,5.1361894111,52.9411764706,20.0,0,16.6381257243,-8.0,40.7643312102,52.0952380952,-30.0
14:26:13,3087.0,3089.50864716,5.13230448294,52.9411764706,78.0,0,16.625540923,-6.0,35.2040816326,59.4285714286,-36.0
14:26:14,3086.0,3089.50669846,5.12858690348,50.0,36.0,0,16.6188817352,-24.0,36.5482233502,51.0476190476,-58.0
14:26:14,3086.0,3089.50475083,5.12486277293,50.0,0.0,0,16.606813911,0.0,0,32.2857142857,-60.0
14:26:15,3086.0,3089.50280429,5.12113207699,50.0,2.0,0,16.594724812,0.0,25.7142857143,20.6666666667,-42.0
14:26:15,3086.0,3089.50085883,5.11669957162,50.0,0.0,0,16.5803615412,0.0,0,14.0,-38.0
14:26:16,3086.0,3089.49891444,5.11295495123,50.0,40.0,0,16.5682273209,-20.0,16.6666666667,18.9523809524,-50.0
14:26:16,3087.0,3089.49752654,5.10903060766,52.9411764706,114.0,0,16.550147741,6.0,60.4166666667,44.0952380952,-38.0
14:26:17,3086.0,3089.49558401,5.10527286577,50.0,4.0,0,16.5433339785,-4.0,62.5,36.0952380952,-18.0
14:26:17,3086.0,3089.49364256,5.10150848394,50.0,4.0,0,16.5311357224,0.0,60.9756097561,29.619047619,-18.0
14:26:18,3086.0,3089.49170219,5.09703832547,50.0,10.0,0,16.516650439,-2.0,58.1395348837,24.6666666667,-20.0
14:26:18,3086.0,3089.48976289,5.09255986437,50.0,26.0,0,16.5021382514,-18.0,60.6060606061,23.9047619048,-38.0
14:26:19,3086.0,3089.48782467,5.08877394794,50.0,18.0,0,16.4898702137,2.0,68.1818181818,19.619047619,-16.0
14:26:19,3086.0,3089.48588753,5.08498132819,50.0,26.0,0,16.4775804543,2.0,36.3636363636,18.6666666667,-20.0
14:26:20,3087.0,3089.48450687,5.0803072277,52.9411764706,2.0,0,16.4571014827,-2.0,39.5348837209,15.0476190476,-18.0
14:26:20,3087.0,3089.48312697,5.07632823341,52.9411764706,24.0,0,16.4442119644,2.0,50.9433962264,17.8095238095,-16.0
14:26:21,3087.0,3089.48174784,5.07234269511,52.9411764706,8.0,0,16.4313012475,0.0,55.7692307692,15.0476190476,-14.0
14:26:21,3086.0,3089.47981407,5.06852267876,50.0,8.0,0,16.4242471768,-2.0,44.1860465116,12.380952381,2.0
14:26:22,3086.0,3089.47788138,5.06469588103,50.0,60.0,0,16.4118466657,10.0,29.6875,25.4285714286,10.0
14:26:22,3087.0,3089.47650516,5.06069043257,52.9411764706,230.0,0,16.3935550132,70.0,19.8795180723,85.0476190476,78.0
14:26:23,3086.0,3089.4745743,5.0568501395,50.0,4.0,0,16.3864230055,4.0,19.1616766467,70.380952381,84.0
14:26:23,3086.0,3089.47264452,5.05300301862,50.0,2.0,0,16.3739566384,0.0,14.1025641026,55.0476190476,82.0
14:26:24,3087.0,3089.47127121,5.04897751995,52.9411764706,36.0,0,16.3556123095,20.0,14.705882353,50.4761904762,102.0
14:26:24,3087.0,3089.46989866,5.04494536793,52.9411764706,14.0,0,16.3425505926,0.0,15.0289017341,38.2857142857,104.0
14:26:25,3087.0,3089.46852688,5.04090654662,52.9411764706,42.0,0,16.3294672712,40.0,17.0731707317,33.8095238095,134.0
14:26:25,3086.0,3089.46660045,5.03703229762,50.0,18.0,0,16.3222044641,4.0,13.7931034483,23.3333333333,68.0
14:26:26,3086.0,3089.4646751,5.03315114185,50.0,4.0,0,16.309627809,2.0,13.7931034483,18.9523809524,66.0
14:26:26,3086.0,3089.46275081,5.0292630633,50.0,64.0,0,16.297028721,18.0,20.2247191011,31.7142857143,84.0
14:26:27,3086.0,3089.4608276,5.02536804592,50.0,0.0,0,16.2844071481,0.0,0,23.2380952381,64.0
14:26:27,3086.0,3089.45890545,5.02146607355,50.0,2.0,0,16.2717630381,2.0,18.4615384615,17.0476190476,66.0
14:26:28,3086.0,3089.45698437,5.01755712997,50.0,0.0,0,16.2590963382,0.0,0,10.8571428571,26.0
14:26:28,3086.0,3089.45506436,5.01364119887,50.0,68.0,0,16.2464069957,68.0,14.4927536232,26.0952380952,90.0
14:26:29,3086.0,3089.45314541,5.00971826387,50.0,6.0,0,16.2336949574,2.0,14.2857142857,21.2380952381,90.0
14:26:29,3086.0,3089.45122753,5.0057883085,50.0,0.0,0,16.2209601701,0.0,0,14.5714285714,72.0
14:26:30,3086.0,3089.44931071,5.00185131621,50.0,40.0,0,16.2082025801,20.0,0,22.380952381,92.0
14:26:30,3086.0,3089.44739496,4.99790727038,50.0,14.0,0,16.1954221334,12.0,0,20.8571428571,102.0
14:26:31,3087.0,3089.44603567,4.99378613879,52.9411764706,16.0,0,16.1768258464,0.0,11.1111111111,19.3333333333,102.0
14:26:31,3087.0,3089.44467714,4.989658124,52.9411764706,26.0,0,16.1634535925,16.0,25.4901960784,19.9047619048,50.0
14:26:32,3087.0,3089.44331936,4.98552320892,52.9411764706,38.0,0,16.1500589858,6.0,26.8656716418,25.9047619048,54.0
14:26:32,3086.0,3089.44140694,4.98082860843,50.0,2.0,0,16.1400797422,2.0,26.4705882353,20.0952380952,56.0
14:26:33,3086.0,3089.43949558,4.97684855383,50.0,8.0,0,16.1271826112,6.0,34.6153846154,15.9047619048,42.0
14:26:33,3087.0,3089.43814068,4.97269181519,52.9411764706,206.0,0,16.1084930845,160.0,81.7567567568,69.8095238095,190.0
14:26:34,3086.0,3089.43623113,4.96869754029,50.0,4.0,0,16.1007697352,2.0,80.2816901408,56.8571428571,192.0
14:26:34,3087.0,3089.43487805,4.96452674973,52.9411764706,10.0,0,16.082043245,4.0,83.5820895522,46.1904761905,180.0
14:26:35,3087.0,3089.43352571,4.96034895228,52.9411764706,182.0,0,16.0685097256,182.0,53.3980582524,85.4285714286,356.0
14:26:35,3086.0,3089.43161873,4.95633327231,50.0,4.0,0,16.060704058,4.0,53.1400966184,66.9523809524,358.0
14:26:36,3087.0,3089.4302682,4.9521413173,52.9411764706,10.0,0,16.0419219867,6.0,53.8461538462,50.0952380952,358.0
14:26:36,3086.0,3089.42836303,4.94811124179,50.0,22.0,0,16.0340610557,22.0,7.75862068965,36.5714285714,220.0
14:26:37,3087.0,3089.42701431,4.94317486041,52.9411764706,110.0,0,16.012876127,8.0,7.6923076923,56.9523809524,226.0
14:26:37,3087.0,3089.42566634,4.93822954448,52.9411764706,14.0,0,15.9968563151,10.0,8.18713450292,44.8571428571,232.0
14:26:38,3087.0,3089.42431913,4.93400743017,52.9411764706,2.0,0,15.9831792361,2.0,14.8148148148,29.1428571429,52.0
14:26:38,3087.0,3089.42297266,4.92977817815,52.9411764706,12.0,0,15.9694790352,2.0,20.0,24.8571428571,50.0
14:26:39,3086.0,3089.42107153,4.92497637395,50.0,206.0,0,15.9590938884,206.0,8.19672131147,75.619047619,250.0
14:26:39,3087.0,3089.41972687,4.92073183324,52.9411764706,62.0,0,15.9401743869,42.0,7.88177339901,75.9047619048,270.0
14:26:40,3087.0,3089.41838295,4.9164800969,52.9411764706,2.0,0,15.9264013505,2.0,8.05369127517,57.1428571429,264.0
14:26:40,3086.0,3089.41648437,4.912389351,50.0,208.0,0,15.9183063869,88.0,3.65853658536,102.380952381,342.0
14:26:41,3087.0,3089.41514225,4.90812307762,52.9411764706,2.0,53.3333333333,15.8993296975,2.0,3.65853658536,79.5238095238,342.0
14:26:41,3086.0,3089.41324548,4.9040175565,50.0,42.0,0,15.8911780833,-4.0,5.74712643678,68.0952380952,336.0
14:26:42,3086.0,3089.41134976,4.89990456414,50.0,12.0,0,15.8778501754,4.0,9.75609756097,46.6666666667,134.0
14:26:42,3086.0,3089.40945509,4.89646732696,50.0,70.0,0,15.8667120122,46.0,9.5238095238,51.0476190476,138.0
14:26:43,3086.0,3089.40756148,4.89302412706,50.0,0.0,0,15.8555545271,0.0,0,35.0476190476,136.0
14:26:43,3086.0,3089.40566891,4.88957495186,50.0,78.0,0,15.8443776794,12.0,13.7254901961,41.4285714286,60.0
14:26:44,3086.0,3089.4037774,4.88543438558,50.0,14.0,0,15.8309604199,-6.0,12.037037037,35.7142857143,52.0
14:26:44,3087.0,3089.40244234,4.88111894396,52.9411764706,20.0,0,15.8118527501,2.0,3.09278350516,31.1428571429,58.0
14:26:45,3086.0,3089.40055262,4.87765043494,50.0,6.0,0,15.8057369894,-4.0,2.12765957447,23.619047619,50.0
14:26:45,3086.0,3089.39866395,4.87417589584,50.0,0.0,0,15.7944779515,0.0,0,14.6666666667,4.0
14:26:46,3087.0,3089.39733172,4.8705283306,52.9411764706,8.0,0,15.7775456126,2.0,7.93650793651,11.3333333333,6.0
14:26:46,3087.0,3089.39600024,4.8668749242,52.9411764706,6.0,0,15.7657108008,-2.0,22.2222222222,7.04761904762,-8.0
14:26:47,3086.0,3089.3941141,4.86269243327,50.0,50.0,0,15.757266472,-6.0,15.5555555555,18.7619047619,-8.0
14:26:47,3087.0,3089.39278441,4.85833558859,52.9411764706,54.0,0,15.7380485539,-26.0,53.2258064516,29.9047619048,-36.0
14:26:48,3086.0,3089.39090005,4.85413785558,50.0,64.0,0,15.7295458703,-64.0,36.2637362637,42.2857142857,-96.0
14:26:48,3086.0,3089.38901674,4.8506249995,50.0,0.0,0,15.7181626685,0.0,0,33.619047619,-96.0
14:26:49,3086.0,3089.38713448,4.84641269108,50.0,6.0,0,15.7045129328,-2.0,32.2222222222,26.6666666667,-100.0
14:26:49,3086.0,3089.38525326,4.84219263893,50.0,24.0,0,15.6908381041,-22.0,28.2828282828,24.9523809524,-120.0
14:26:50,3086.0,3089.38337308,4.83796482279,50.0,6.0,0,15.6771381166,-6.0,35.0649350649,17.2380952381,-120.0
14:26:50,3087.0,3089.38204935,4.83425909876,52.9411764706,6.0,0,15.6600553896,2.0,3.77358490566,11.619047619,-92.0
14:26:51,3086.0,3089.38017096,4.83001667015,50.0,28.0,0,15.6513825993,-12.0,5.71428571429,14.5714285714,-40.0
14:26:51,3086.0,3089.37829361,4.82576641869,50.0,26.0,0,15.6376099115,0.0,4.16666666667,18.6666666667,-40.0
14:26:52,3087.0,3089.3769727,4.82204101522,52.9411764706,8.0,0,15.6204762398,0.0,6.12244897959,16.380952381,-38.0
14:26:52,3086.0,3089.37509713,4.81847521474,50.0,2.0,0,15.6139831975,-2.0,7.89473684211,12.2857142857,-18.0
14:26:53,3087.0,3089.37377799,4.8140377213,52.9411764706,2.0,0,15.5945504415,2.0,11.1111111111,9.2380952381,-10.0
14:26:53,3086.0,3089.37190419,4.80975794898,50.0,78.0,0,15.5857354147,20.0,2.77777777778,28.0952380952,8.0
14:26:54,3086.0,3089.37003143,4.8061719579,50.0,0.0,0,15.5741152233,0.0,0,21.2380952381,20.0
14:26:54,3086.0,3089.36815971,4.80257967428,50.0,86.0,0,15.5624746412,54.0,3.40909090908,40.2857142857,74.0
14:26:55,3086.0,3089.36628903,4.79898108398,50.0,24.0,0,15.5508136228,2.0,3.12499999999,38.7619047619,76.0
14:26:55,3086.0,3089.36441939,4.79537617282,50.0,38.0,0,15.5391321219,-8.0,9.64912280701,40.4761904762,70.0
14:26:56,3086.0,3089.36255079,4.79176492653,50.0,6.0,0,15.5274300924,0.0,10.3448275862,31.3333333333,68.0
14:26:56,3086.0,3089.36068322,4.78814733076,50.0,10.0,0,15.5157074879,0.0,15.8536585366,23.1428571429,48.0
14:26:57,3086.0,3089.3588167,4.78517153188,50.0,86.0,0,15.5060645881,-70.0,12.0,39.9047619048,-22.0
14:26:57,3086.0,3089.35695121,4.78154192807,50.0,298.0,0,15.4943030722,168.0,6.06060606061,113.142857143,92.0
14:26:58,3086.0,3089.35508675,4.77855545996,50.0,274.0,0,15.4846255994,138.0,3.65168539326,169.428571429,228.0
14:26:58,3086.0,3089.35322333,4.77556395739,50.0,214.0,0,15.4749318127,128.0,-5.4054054054,196.666666667,364.0
14:26:59,3085.0,3089.35080555,4.7721389205,47.3684210526,104.0,0,15.4688457715,-54.0,0.40567951319,184.095238095,310.0
14:26:59,3086.0,3089.3489445,4.76848507629,50.0,150.0,0,15.4519931183,4.0,4.44049733571,180.0,314.0
14:27:00,3085.0,3089.34652909,4.76569917014,47.3684210526,26.0,0,15.4479713781,-10.0,6.00375234522,133.80952381,374.0
14:27:00,3085.0,3089.34411503,4.76225511343,47.3684210526,64.0,0,15.436807499,-6.0,12.5,101.333333333,200.0
14:27:01,3085.0,3089.3417023,4.75880441334,47.3684210526,62.0,0,15.4256220854,-42.0,23.2258064516,79.4285714286,20.0
14:27:01,3085.0,3089.33929091,4.75600139882,47.3684210526,48.0,0,15.4165361388,22.0,44.9339207049,63.619047619,-86.0
14:27:02,3086.0,3089.33743627,4.75297138219,50.0,94.0,0,15.4017219125,-26.0,49.0990990991,68.8571428571,-58.0
14:27:02,3085.0,3089.33502725,4.75015785963,47.3684210526,16.0,0,15.3975943586,-10.0,58.7096774194,52.2857142857,-72.0
14:27:03,3085.0,3089.33261957,4.7466827598,47.3684210526,22.0,0,15.3863298535,0.0,53.5947712418,43.8095238095,-62.0
14:27:03,3085.0,3089.33021323,4.74385794417,47.3684210526,24.0,0,15.3771732388,4.0,46.6165413534,36.0952380952,-52.0
14:27:04,3086.0,3089.32836362,4.74080649459,50.0,238.0,0,15.3623023156,66.0,22.1719457014,91.4285714286,56.0
14:27:04,3085.0,3089.32595964,4.73797109127,47.3684210526,26.0,0,15.3580910576,-18.0,22.8571428571,77.8095238095,16.0
14:27:05,3085.0,3089.323557,4.73513032367,47.3684210526,12.0,0,15.3488827347,-2.0,7.6923076923,61.2380952381,40.0
14:27:05,3085.0,3089.32115569,4.73228418211,47.3684210526,26.0,0,15.3396569923,2.0,5.1724137931,52.5714285714,52.0
14:27:06,3085.0,3089.31875572,4.7294326569,47.3684210526,14.0,0,15.3304137987,14.0,5.29411764706,40.0,66.0
14:27:06,3085.0,3089.31635707,4.7265757383,47.3684210526,10.0,0,15.3211531225,4.0,6.13496932515,26.6666666667,66.0
14:27:07,3085.0,3089.31395976,4.72305192057,47.3684210526,4.0,0,15.3097306988,-2.0,6.52173913043,12.2857142857,-2.0
14:27:07,3085.0,3089.31156378,4.72018353869,47.3684210526,14.0,0,15.3004328645,-6.0,12.5,11.9047619048,10.0
14:27:08,3085.0,3089.30916914,4.71730973237,47.3684210526,8.0,0,15.2911174469,-6.0,15.7894736842,10.380952381,6.0
14:27:08,3085.0,3089.30677582,4.71376694008,47.3684210526,2.0,0,15.2796335173,0.0,15.3846153846,7.33333333333,4.0
14:27:09,3085.0,3089.30438383,4.7108816031,47.3684210526,18.0,0,15.2702807232,4.0,14.2857142857,10.0,-6.0
14:27:09,3085.0,3089.30199317,4.70799081022,47.3684210526,12.0,0,15.2609102438,8.0,10.3448275862,10.7619047619,-2.0
14:27:10,3085.0,3089.29960384,4.7050945514,47.3684210526,2.0,0,15.2515220467,2.0,10.7142857143,8.57142857143,2.0
14:27:10,3085.0,3089.29721583,4.70152653664,47.3684210526,20.0,0,15.2399563586,-6.0,19.3548387097,11.619047619,2.0
14:27:11,3085.0,3089.29482915,4.69795160741,47.3684210526,4.0,0,15.2283682574,0.0,20.6896551724,9.80952380952,8.0
14:27:11,3085.0,3089.2924438,4.69436974793,47.3684210526,2.0,0,15.2167576918,0.0,20.6896551724,7.61904761905,8.0
14:27:12,3085.0,3089.29005977,4.69078094231,47.3684210526,4.0,0,15.2051246104,2.0,27.2727272727,6.0,6.0
14:27:12,3085.0,3089.28767706,4.68785454626,47.3684210526,92.0,0,15.1956387237,32.0,9.67741935484,30.1904761905,30.0
14:27:13,3085.0,3089.28529568,4.68492261653,47.3684210526,40.0,0,15.1861348996,-22.0,25.9259259259,35.7142857143,6.0
14:27:13,3086.0,3089.28347103,4.68109512221,50.0,952.0,0,15.1688111543,-240.0,83.1809872029,300.0,-228.0
14:27:14,3086.0,3089.28164738,4.67726078398,50.0,178.0,0,15.1563862086,124.0,83.1230283912,298.761904762,-104.0
14:27:14,3086.0,3089.27982475,4.67341958498,50.0,70.0,0,15.143939031,-22.0,79.3413173653,258.380952381,-126.0
14:27:15,3086.0,3089.27800313,4.66957150829,50.0,6.0,0,15.1314695667,-4.0,79.2227204783,196.476190476,-132.0
14:27:15,3086.0,3089.27618252,4.66571653688,50.0,4.0,0,15.1189777605,-4.0,84.8,133.904761905,-168.0
14:27:16,3086.0,3089.27436293,4.66185465365,50.0,4.0,0,15.1064635569,0.0,84.8434925865,75.5238095238,-146.0
14:27:16,3087.0,3089.27309974,4.65782653938,52.9411764706,2.0,0,15.0885213456,0.0,58.3333333333,18.2857142857,94.0
14:27:17,3086.0,3089.27128186,4.65395089689,50.0,22.0,0,15.0808519018,8.0,14.8148148148,12.0,-22.0
14:27:17,3087.0,3089.27002039,4.64990919864,52.9411764706,22.0,0,15.0628739833,-2.0,33.3333333333,13.1428571429,-2.0
14:27:18,3087.0,3089.26875962,4.64586072903,52.9411764706,36.0,0,15.0497594073,-12.0,46.6666666667,20.5714285714,-10.0
14:27:18,3087.0,3089.26749954,4.64180547036,52.9411764706,6.0,0,15.0366228389,2.0,47.8260869565,18.0,-4.0
14:27:19,3087.0,3089.26624017,4.63774340481,52.9411764706,12.0,0,15.0234642203,-4.0,48.0,17.0476190476,-8.0
14:27:19,3087.0,3089.2649815,4.63293396061,52.9411764706,22.0,0,15.0078845501,-6.0,40.0,18.5714285714,-14.0
14:27:20,3086.0,3089.26316812,4.62901597414,50.0,2.0,0,15.0000517633,0.0,40.0,13.4285714286,-22.0
14:27:20,3086.0,3089.26135576,4.62509091502,50.0,0.0,0,14.9873328419,0.0,0,8.66666666667,-20.0
14:27:21,3086.0,3089.2595444,4.62041543714,50.0,24.0,0,14.9721822331,14.0,12.1212121212,11.8095238095,6.0
14:27:21,3087.0,3089.25828944,4.6155726408,52.9411764706,14.0,0,14.951644447,-2.0,21.6216216216,12.6666666667,2.0
14:27:22,3087.0,3089.25703518,4.61146638524,52.9411764706,0.0,0,14.9383426798,0.0,0,9.14285714286,6.0
14:27:22,3087.0,3089.25578162,4.60660689481,52.9411764706,142.0,0,14.9226008902,-128.0,6.59340659341,46.7619047619,-116.0
14:27:23,3087.0,3089.25452876,4.60173849998,52.9411764706,4.0,0,14.9068302559,-4.0,8.69565217392,39.2380952381,-120.0
14:27:23,3086.0,3089.25272119,4.59776749871,50.0,4.0,0,14.8987929317,-4.0,8.51063829788,31.619047619,-124.0
14:27:24,3087.0,3089.25147003,4.59288217426,52.9411764706,58.0,0,14.8781411541,12.0,8.10810810811,39.2380952381,-126.0
14:27:24,3087.0,3089.25021956,4.58798786386,52.9411764706,24.0,0,14.862286569,6.0,7.75862068966,35.5238095238,-118.0
14:27:25,3086.0,3089.24841438,4.58399358881,50.0,30.0,0,14.8541593934,28.0,6.87022900763,33.0476190476,-90.0
14:27:25,3086.0,3089.24661021,4.57923975441,50.0,30.0,0,14.838754875,24.0,29.3333333333,29.1428571429,62.0
14:27:26,3087.0,3089.24536244,4.57431920827,52.9411764706,2.0,0,14.8180084492,0.0,28.3783783784,22.5714285714,66.0
14:27:26,3086.0,3089.24355996,4.57030133809,50.0,12.0,0,14.8097904669,-2.0,28.2051282051,18.9523809524,68.0
14:27:27,3087.0,3089.24231388,4.56611888442,52.9411764706,2.0,0,14.791444394,0.0,44.0,12.0952380952,56.0
14:27:27,3087.0,3089.2410685,4.56192928106,52.9411764706,0.0,0,14.7778726306,0.0,0,7.33333333333,50.0
14:27:28,3086.0,3089.23926841,4.55713238293,50.0,34.0,0,14.7671172486,20.0,45.0,13.4285714286,42.0
14:27:28,3086.0,3089.23746931,4.55232609108,50.0,64.0,0,14.7515427449,56.0,7.01754385965,27.9047619048,74.0
14:27:29,3087.0,3089.23622662,4.54735351572,52.9411764706,4.0,0,14.7306560276,-4.0,8.62068965517,23.619047619,70.0
14:27:29,3086.0,3089.23442921,4.54170672765,50.0,2.0,0,14.7171313275,2.0,7.54716981132,18.6666666667,74.0
14:27:30,3087.0,3089.23318821,4.53671434888,52.9411764706,430.0,0,14.6961916063,-32.0,81.6479400749,136.476190476,42.0
14:27:30,3086.0,3089.23139249,4.53186924036,50.0,18.0,0,14.6852535332,-8.0,78.9855072464,116.19047619,34.0
14:27:31,3086.0,3089.22959777,4.52701458292,50.0,180.0,48.275862069,14.6695223037,-120.0,85.6733524355,141.333333333,-106.0
14:27:31,3087.0,3089.22835945,4.52199395411,62.5,10.0,0,14.6485064921,-2.0,94.099378882,110.952380952,-164.0
14:27:32,3086.0,3089.22656642,4.51712021093,60.0,54.0,0,14.637460178,22.0,91.3544668588,95.7142857143,-138.0
14:27:32,3086.0,3089.22477438,4.51140795924,60.0,32.0,0,14.6189499651,0.0,87.8453038674,71.8095238095,-140.0
14:27:33,3086.0,3089.22298333,4.50651372706,60.0,250.0,0,14.603090496,134.0,40.8088235294,108.761904762,26.0
14:27:33,3086.0,3089.22119328,4.50077839633,60.0,802.0,0,14.5845054968,-416.0,16.7168674699,312.0,-382.0
14:27:34,3086.0,3089.21940423,4.49503078685,60.0,100.0,0,14.5658807092,-4.0,7.53205128205,277.333333333,-266.0
14:27:34,3085.0,3089.21706077,4.49032261895,56.25,994.0,0,14.5553407421,-260.0,4.39068100359,501.904761905,-524.0
14:27:35,3085.0,3089.21471861,4.48476928677,56.25,788.0,0,14.5373396654,420.0,3.7761294673,620.761904762,-126.0
14:27:35,3085.0,3089.21237775,4.47920348822,56.25,12.0,0,14.519298179,-2.0,3.93754243042,482.952380952,-128.0
14:27:36,3085.0,3089.21003819,4.47362517677,56.25,34.0,0,14.5012161322,-10.0,4.90842490843,352.380952381,-272.0
14:27:36,3085.0,3089.20769993,4.46803430555,56.25,106.0,0,14.4830933729,38.0,8.35791543757,252.666666667,182.0
14:27:37,3084.0,3089.20480756,4.46271051134,52.9411764706,462.0,0,14.4705269499,-76.0,22.3706176962,287.80952381,110.0
14:27:37,3084.0,3089.20191681,4.45737410934,52.9411764706,106.0,0,14.4532234414,-10.0,35.4111405836,204.0,360.0
14:27:38,3085.0,3089.19958306,4.45174535754,56.25,58.0,0,14.4302928932,38.0,64.5244215938,148.761904762,-22.0
14:27:38,3084.0,3089.1966952,4.4454762344,52.9411764706,52.0,0,14.4146440804,-24.0,61.1246943765,126.571428571,-44.0
14:27:39,3085.0,3089.19436435,4.43891147783,56.25,308.0,0,14.3886919865,-228.0,43.4065934066,175.619047619,-262.0
14:27:39,3084.0,3089.19147939,4.43352129927,52.9411764706,40.0,0,14.3758796993,-10.0,45.4191033138,135.047619048,-310.0
14:27:40,3085.0,3089.18915144,4.42783838659,56.25,12.0,0,14.3527986599,0.0,11.4583333333,89.619047619,-234.0
14:27:40,3085.0,3089.18682478,4.42214251743,56.25,12.0,0,14.3343355508,-2.0,12.0331950207,65.619047619,-226.0
14:27:41,3085.0,3089.18449941,4.41643364165,56.25,42.0,0,14.3158302809,-14.0,10.3004291845,54.6666666667,-278.0
14:27:41,3085.0,3089.18217534,4.40979506502,56.25,36.0,0,14.2943113939,14.0,12.4444444444,42.7619047619,-240.0
14:27:42,3085.0,3089.17985255,4.40405851509,56.25,24.0,0,14.2757164184,-2.0,31.3253012048,28.1904761905,-14.0
14:27:42,3084.0,3089.17697565,4.39766912694,52.9411764706,64.0,0,14.2596275192,-52.0,13.6842105263,38.5714285714,-56.0
14:27:43,3084.0,3089.17410036,4.39126341356,52.9411764706,60.0,0,14.2388567236,-22.0,10.0840336134,46.6666666667,-78.0
14:27:43,3084.0,3089.17122665,4.3857645349,52.9411764706,154.0,0,14.2210263777,98.0,7.36842105263,79.3333333333,22.0
14:27:44,3084.0,3089.16835455,4.38111350635,52.9411764706,74.0,0,14.2059452216,-62.0,5.82524271845,82.380952381,-26.0
14:27:44,3084.0,3089.16548404,4.37558947528,52.9411764706,88.0,0,14.188033318,14.0,7.75862068966,87.9047619048,-26.0
14:27:45,3084.0,3089.16261512,4.37091586265,52.9411764706,394.0,0,14.1728789321,152.0,4.3165467626,178.380952381,128.0
14:27:45,3084.0,3089.1597478,4.36623152165,52.9411764706,130.0,0,14.1576897589,42.0,18.0,175.80952381,222.0
14:27:46,3084.0,3089.15688207,4.36153641769,52.9411764706,244.0,0,14.1424656864,126.0,38.9298892989,202.666666667,370.0
14:27:46,3085.0,3089.15457333,4.35655030449,56.25,102.0,0,14.1217189773,42.0,42.4418604651,180.19047619,314.0
14:27:47,3084.0,3089.15171047,4.35096476282,52.9411764706,256.0,0,14.1081866499,10.0,36.07907743,204.19047619,386.0
14:27:47,3084.0,3089.14884921,4.34623591048,52.9411764706,28.0,0,14.0928531468,0.0,35.8752166378,154.380952381,372.0
14:27:48,3084.0,3089.14598953,4.34149614899,52.9411764706,208.0,0,14.0774842704,-34.0,42.3553719008,158.857142857,186.0
14:27:48,3085.0,3089.14368684,4.33646521438,56.25,10.0,0,14.0566133367,-6.0,33.4905660377,115.619047619,138.0
14:27:49,3084.0,3089.14083003,4.33082939587,52.9411764706,56.0,0,14.0428968738,-8.0,3.63636363636,91.2380952381,4.0
14:27:49,3084.0,3089.13797481,4.32517979359,52.9411764706,62.0,0,14.0245778002,-40.0,0.645161290322,77.5238095238,-78.0
14:27:50,3084.0,3089.13512117,4.31951635346,52.9411764706,16.0,0,14.0062138569,10.0,1.05263157895,52.5714285714,-78.0
14:27:50,3084.0,3089.13226912,4.31383902096,52.9411764706,232.0,0,13.9878048669,184.0,0.684931506849,100.761904762,106.0
14:27:51,3084.0,3089.12941865,4.30814774118,52.9411764706,170.0,0,13.9693506524,120.0,0.7326007326,121.523809524,260.0
14:27:51,3084.0,3089.12656976,4.30244245878,52.9411764706,40.0,0,13.9508510337,10.0,3.125,106.952380952,276.0
14:27:52,3084.0,3089.12372246,4.29577512803,52.9411764706,196.0,0,13.9292319327,94.0,26.8156424581,135.523809524,378.0
14:27:52,3083.0,3089.12032134,4.29038531753,50.0,36.0,0,13.9162676533,-22.0,27.8260869565,111.714285714,396.0
14:27:53,3083.0,3089.1169221,4.28403019803,50.0,230.0,0,13.8956542265,-74.0,26.3274336283,144.571428571,312.0
14:27:53,3083.0,3089.11352475,4.27861080453,50.0,122.0,0,13.8780759148,-62.0,40.0503778337,136.380952381,66.0
14:27:54,3084.0,3089.1106847,4.27283177273,52.9411764706,328.0,0,13.8548371359,-304.0,65.756302521,192.285714286,-358.0
14:27:54,3084.0,3089.10784622,4.26703838622,52.9411764706,452.0,0,13.836051836,-26.0,75.366568915,276.095238095,-394.0
14:27:55,3084.0,3089.10500931,4.26123058648,52.9411764706,220.0,0,13.8172198005,-50.0,77.8097982709,274.0,-538.0
14:27:55,3084.0,3089.10217398,4.25540831447,52.9411764706,158.0,0,13.7983408381,102.0,71.3907284768,253.047619048,-414.0
14:27:56,3084.0,3089.09934023,4.24861014856,52.9411764706,86.0,0,13.7762974986,64.0,76.5739385066,205.714285714,-276.0
14:27:56,3084.0,3089.09650805,4.2427570817,52.9411764706,8.0,0,13.7573186826,8.0,77.3162939297,142.952380952,-206.0
14:27:57,3084.0,3089.09367744,4.23688935474,52.9411764706,28.0,0,13.7382923305,18.0,69.3277310924,91.3333333333,116.0
14:27:57,3084.0,3089.09084841,4.23100690669,52.9411764706,68.0,0,13.7192182448,18.0,48.2394366197,65.4285714286,160.0
14:27:58,3084.0,3089.08802094,4.22510967605,52.9411764706,680.0,0,13.7000962259,236.0,4.66926070039,232.666666667,446.0
14:27:58,3084.0,3089.08519505,4.21822756024,52.9411764706,140.0,0,13.6777806752,88.0,-0.990099009904,223.714285714,432.0
14:27:59,3084.0,3089.08237073,4.21229886504,52.9411764706,210.0,0,13.6585566311,-20.0,12.3456790123,235.619047619,348.0
14:27:59,3083.0,3089.07899257,4.20572866773,50.0,582.0,0,13.6416758603,456.0,8.31381733021,347.904761905,796.0
14:28:00,3083.0,3089.07561629,4.19914008687,50.0,782.0,0,13.6203051796,704.0,6.01137286759,490.0,1482.0
14:28:00,3083.0,3089.07224188,4.19253303579,50.0,1122.0,0,13.598874589,-98.0,18.0887372014,693.333333333,1366.0
14:28:01,3083.0,3089.06886935,4.18688685395,50.0,964.0,0,13.580560668,704.0,16.7894736842,801.333333333,1834.0
14:28:01,3083.0,3089.0654987,4.18024454362,50.0,250.0,0,13.5590157107,4.0,23.8363171356,691.80952381,1750.0
14:28:02,3083.0,3089.06212991,4.17456658503,50.0,196.0,0,13.5405987189,-66.0,25.3593429158,561.619047619,1704.0
14:28:02,3083.0,3089.05876299,4.16887348967,50.0,782.0,0,13.5221326295,-530.0,20.751953125,599.523809524,718.0
14:28:03,3083.0,3089.05539795,4.16217868481,50.0,96.0,0,13.5004174013,44.0,25.0439882698,431.904761905,58.0
14:28:03,3084.0,3089.05259018,4.15511657478,52.9411764706,262.0,0,13.4731406445,-182.0,22.0392156863,344.380952381,-26.0
14:28:04,3083.0,3089.04922856,4.148383554,50.0,56.0,0,13.4556715991,30.0,34.2265529842,238.952380952,-700.0
14:28:04,3083.0,3089.04586881,4.14262392991,50.0,28.0,0,13.4369897175,8.0,23.5211267606,168.761904762,-696.0
14:28:05,3083.0,3089.04251093,4.13684882608,50.0,80.0,0,13.418257626,0.0,12.4233128835,124.0,-630.0
14:28:05,3083.0,3089.03915491,4.13105817759,50.0,20.0,0,13.3994751138,-8.0,56.4575645756,67.619047619,-108.0
14:28:06,3083.0,3089.03580075,4.12525191898,50.0,96.0,0,13.3806419688,-92.0,54.9815498155,69.2380952381,-244.0
14:28:06,3083.0,3089.03244846,4.11942998424,50.0,108.0,0,13.3617579768,-54.0,18.5567010309,74.2857142857,-116.0
14:28:07,3083.0,3089.02909803,4.11259086545,50.0,42.0,0,13.3395746528,34.0,19.2513368984,67.8095238095,-112.0
14:28:07,3083.0,3089.02574946,4.10573206657,50.0,38.0,0,13.3173274946,12.0,17.7083333333,60.8571428571,-108.0
14:28:08,3083.0,3089.02240276,4.09985907617,50.0,128.0,0,13.2982778987,-66.0,7.87037037037,79.1428571429,-174.0
14:28:08,3083.0,3089.01905791,4.09397012178,50.0,52.0,0,13.2791765222,-40.0,5.1724137931,73.4285714286,-206.0
14:28:09,3083.0,3089.01571491,4.08806513441,50.0,38.0,0,13.2600231411,-30.0,8.37438423646,62.1904761905,-144.0
14:28:09,3083.0,3089.01237378,4.08214404449,50.0,44.0,0,13.24081753,-24.0,12.2807017544,55.4285714286,-114.0
14:28:10,3084.0,3089.0095899,4.0758566376,52.9411764706,24.0,0,13.2161369572,20.0,13.5802469136,46.0,-128.0
14:28:10,3083.0,3089.00625216,4.07084935931,50.0,24.0,0,13.204182158,8.0,14.1935483871,37.4285714286,-132.0
14:28:11,3084.0,3089.00347169,4.06635812999,52.9411764706,38.0,0,13.1853376459,34.0,25.4545454546,33.5238095238,-32.0
14:28:11,3083.0,3089.00013735,4.06220678904,50.0,12.0,0,13.1761491698,8.0,32.2222222222,26.4761904762,16.0
14:28:12,3084.0,3088.99736027,4.05769467939,52.9411764706,98.0,0,13.1572460421,44.0,28.3333333333,45.9047619048,90.0
14:28:12,3083.0,3088.99402933,4.05352247366,50.0,6.0,0,13.1479807774,4.0,29.702970297,36.1904761905,118.0
14:28:13,3083.0,3088.99070023,4.0501554516,50.0,8.0,0,13.1370595251,4.0,32.2580645161,28.8571428571,102.0
14:28:13,3083.0,3088.98737299,4.0467801177,50.0,210.0,0,13.1261113127,-22.0,31.7204301075,80.0,72.0
14:28:14,3083.0,3088.9840476,4.04339645114,50.0,66.0,0,13.1151360725,44.0,28.0,81.1428571429,82.0
14:28:14,3084.0,3088.98127945,4.03965412856,52.9411764706,16.0,0,13.0987487956,2.0,29.702970297,66.6666666667,76.0
14:28:15,3084.0,3088.97851284,4.03590344155,52.9411764706,30.0,0,13.0865870349,28.0,36.9047619048,56.0,60.0
14:28:15,3083.0,3088.97519237,4.03167389149,50.0,708.0,0,13.0771128494,418.0,12.9094412331,242.285714286,474.0
14:28:16,3083.0,3088.97187374,4.0274336922,50.0,218.0,0,13.0633593649,100.0,10.4166666667,255.142857143,570.0
14:28:16,3083.0,3088.96855695,4.02400605011,50.0,10.0,0,13.0522414859,6.0,7.06106870227,198.571428571,598.0
14:28:17,3082.0,3088.96468661,4.02098933683,47.3684210526,136.0,0,13.046688309,56.0,5.90339892664,187.523809524,610.0
14:28:17,3082.0,3088.96081841,4.01796413653,47.3684210526,1168.0,0,13.0368726039,386.0,7.13656387665,468.0,994.0
14:28:18,3083.0,3088.95750776,4.01368488524,50.0,838.0,0,13.0187638185,636.0,8.3820662768,599.333333333,1602.0
14:28:18,3082.0,3088.95364356,4.01064170845,47.3684210526,1446.0,0,13.0131139145,986.0,6.70859538783,865.904761905,2170.0
14:28:19,3082.0,3088.94978149,4.00758998266,47.3684210526,208.0,0,13.0032121436,2.0,9.98423541775,743.619047619,2072.0
14:28:19,3082.0,3088.94592158,4.00452968833,47.3684210526,166.0,0,12.9932825708,8.0,12.2160524987,609.80952381,2074.0
14:28:20,3081.0,3088.9415084,4.00194951528,45.0,890.0,0,12.9891253336,242.0,13.2739609839,675.428571429,2260.0
14:28:20,3080.0,3088.93654228,3.99991873953,42.8571428571,6088.0,0,12.9867491543,-880.0,3.69447903695,2190.28571429,994.0
14:28:21,3080.0,3088.93157891,3.9961458187,42.8571428571,7444.0,40.0,12.9744994114,248.0,4.54377539712,3858.28571429,606.0
14:28:21,3079.0,3088.9260629,3.99298768058,31.5789473684,5170.0,0,12.9684562539,560.0,-14.3243513974,4562.0,180.0
14:28:22,3078.0,3088.91999455,3.98954048183,30.0,1782.0,0,12.9614700514,-20.0,-20.1764159703,4120.38095238,158.0
14:28:22,3077.0,3088.91337417,3.98781999761,28.5714285714,2210.0,0,12.96009099,-614.0,-24.1604477612,3726.0952381,-464.0
14:28:23,3077.0,3088.90675746,3.9860866724,28.5714285714,2218.0,0,12.9544578239,-216.0,-20.9617854849,3236.76190476,-922.0
14:28:23,3077.0,3088.90014444,3.98434048944,28.5714285714,1684.0,0,12.9487828711,-518.0,-20.109225668,2531.61904762,-560.0
14:28:24,3078.0,3088.89409048,3.98181499034,30.0,894.0,0,12.9363709888,-226.0,-28.7577016765,1810.47619048,-1034.0
14:28:24,3078.0,3088.88803989,3.97927671944,30.0,476.0,0,12.9281244946,-350.0,-4.51208981002,1281.80952381,-1944.0
14:28:25,3079.0,3088.88254806,3.97602885784,31.5789473684,1244.0,0,12.9133772583,-500.0,11.2308044923,1196.0952381,-2424.0
14:28:25,3078.0,3088.87650388,3.97346498624,30.0,476.0,0,12.9092429703,-24.0,29.9485125858,916.571428571,-1834.0
14:28:26,3078.0,3088.87046305,3.97180024954,30.0,448.0,0,12.9038344689,40.0,30.3715051704,711.619047619,-1578.0
14:28:26,3077.0,3088.86387018,3.96997829977,28.5714285714,574.0,0,12.9021069216,314.0,24.7568093385,626.952380952,-746.0
14:28:27,3077.0,3088.85728098,3.9690569265,28.5714285714,430.0,0,12.8991125333,150.0,16.3925438597,554.0,-370.0
14:28:27,3077.0,3088.85069543,3.96812413895,28.5714285714,800.0,0,12.8960810496,-474.0,32.0745216516,608.857142857,-494.0
14:28:28,3078.0,3088.84466894,3.96641420765,30.0,532.0,0,12.8863359573,-234.0,54.6012269939,571.714285714,-228.0
14:28:28,3077.0,3088.83809039,3.96545884973,28.5714285714,1020.0,0,12.8874190761,-198.0,35.6466876972,707.904761905,-402.0
14:28:29,3076.0,3088.8309601,3.9653272618,27.2727272727,544.0,0,12.8911809552,58.0,34.8205128205,682.19047619,-384.0
14:28:29,3076.0,3088.82383377,3.96518350734,27.2727272727,2310.0,0,12.890713613,30.0,22.4627395316,1156.47619048,-668.0
14:28:30,3076.0,3088.8167114,3.96411024843,27.2727272727,762.0,0,12.8872244747,212.0,21.3806970509,1105.80952381,-606.0
14:28:30,3076.0,3088.80959298,3.96394163128,27.2727272727,650.0,0,12.8866763045,342.0,14.2316947405,1007.33333333,210.0
14:28:31,3075.0,3088.80192311,3.96466428412,26.0869565217,452.0,0,12.8932171841,272.0,6.93621470897,859.428571429,716.0
14:28:31,3075.0,3088.79425751,3.9653736513,26.0869565217,7528.0,0,12.8955240693,312.0,-22.6196308999,2737.04761905,1226.0
14:28:32,3073.0,3088.78548536,3.96716461238,24.0,2232.0,0,12.909744915,1018.0,-10.3846705899,2791.61904762,2186.0
14:28:32,3072.0,3088.77616268,3.9709675466,23.0769230769,6046.0,0,12.9263266491,240.0,0.582908885121,3855.52380952,2396.0
14:28:33,3072.0,3088.76684517,3.97475051628,23.0769230769,4582.0,0,12.9386410035,1378.0,9.87901349465,4323.23809524,3562.0
14:28:33,3071.0,3088.75697744,3.97969010519,22.2222222222,2214.0,0,12.9589387991,584.0,2.89320725254,3932.47619048,3804.0
14:28:34,3070.0,3088.7465598,3.98584996241,21.4285714286,3276.0,0,12.9832246333,1280.0,0.475307210761,3770.66666667,4812.0
14:28:34,3070.0,3088.73614793,3.99106562977,21.4285714286,10470.0,0,13.0002137777,836.0,19.4760582928,5529.80952381,5336.0
14:28:35,3070.0,3088.72574185,3.99717025679,21.4285714286,4924.0,0,13.0200985563,-708.0,-5.19801980198,5564.28571429,3610.0
14:28:35,3068.0,3088.71423075,4.00501290823,20.0,1286.0,0,13.0541489838,-148.0,-16.0511363636,4431.14285714,3222.0
14:28:36,3069.0,3088.70328144,4.0123599164,20.6896551724,4762.0,0,13.0738348531,-650.0,-37.3830387643,4517.80952381,1194.0
14:28:36,3069.0,3088.69233821,4.01967383973,20.6896551724,4950.0,0,13.0976664703,1342.0,-37.9803154914,4649.61904762,1952.0
14:28:37,3069.0,3088.68140106,4.02695485846,20.6896551724,2714.0,0,13.1213908715,824.0,-38.7686387686,4012.28571429,1496.0
14:28:37,3070.0,3088.67102539,4.03290967128,21.4285714286,1496.0,0,13.1365135872,852.0,-64.6334194317,3053.71428571,1512.0
14:28:38,3066.0,3088.65843387,4.04441082861,18.75,2468.0,0,13.1911638246,-8.0,-39.1038696538,2800.19047619,2212.0
14:28:38,3067.0,3088.64640475,4.05436527434,19.3548387097,3562.0,0,13.2193194468,-626.0,-29.2602245389,2976.19047619,1734.0
14:28:39,3067.0,3088.63438231,4.06336796046,19.3548387097,1694.0,0,13.2486728414,282.0,-26.5458422175,2510.0952381,2666.0
14:28:39,3066.0,3088.62181114,4.07471422159,18.75,1648.0,0,13.2900007227,596.0,-11.0587542335,2176.95238095,1920.0
14:28:40,3066.0,3088.60924696,4.08600584312,18.75,2216.0,0,13.3268292339,388.0,8.95750535005,2163.33333333,1484.0
14:28:40,3067.0,3088.59724516,4.09660258968,19.3548387097,956.0,0,13.3570348539,-378.0,13.5682397959,1813.42857143,254.0
14:28:41,3066.0,3088.58469462,4.10778933931,18.75,1768.0,0,13.397877819,-256.0,17.0888213441,1721.23809524,6.0
14:28:41,3066.0,3088.57215105,4.11892275861,18.75,924.0,0,13.4341903412,-302.0,25.8309797958,1421.23809524,330.0
14:28:42,3067.0,3088.56016985,4.12937152386,19.3548387097,1282.0,0,13.4638784606,-226.0,56.2428928815,1349.14285714,-178.0
14:28:42,3068.0,3088.54875071,4.1375587348,20.0,1006.0,0,13.4861757979,-410.0,60.6967615309,1217.80952381,-1184.0
14:28:43,3069.0,3088.5378933,4.14439078756,20.6896551724,418.0,0,13.5040429702,70.0,44.0982058546,949.047619048,-1502.0
14:28:43,3068.0,3088.52648653,4.15250852899,20.0,1028.0,0,13.5349039406,-206.0,35.7920946156,940.19047619,-1330.0
14:28:44,3069.0,3088.5156415,4.15927743866,20.6896551724,942.0,0,13.5525494906,-370.0,55.4642857143,903.333333333,-1444.0
14:28:44,3069.0,3088.50480248,4.16601638444,20.6896551724,898.0,0,13.5745076065,-246.0,53.6419088626,893.238095238,-1388.0
14:28:45,3069.0,3088.49396949,4.17272551151,20.6896551724,486.0,0,13.5963685615,-200.0,66.8480535789,766.666666667,-1362.0
14:28:45,3070.0,3088.48369792,4.17816631615,21.4285714286,2614.0,0,13.6096622676,-36.0,63.8897588475,1286.0,-988.0
14:28:46,3070.0,3088.47343205,4.18358232069,21.4285714286,1430.0,0,13.6273039762,-504.0,74.0470397405,1390.47619048,-1562.0
14:28:46,3071.0,3088.46372728,4.18780525882,22.2222222222,1874.0,0,13.63661758,-298.0,88.185346919,1573.61904762,-1654.0
14:28:47,3071.0,3088.45402791,4.19200737699,22.2222222222,612.0,0,13.6503008043,-138.0,76.851149861,1355.9047619,-1422.0
14:28:47,3071.0,3088.44433392,4.19618873775,22.2222222222,360.0,0,13.6639164368,56.0,75.8676789588,1081.9047619,-1120.0
14:28:48,3071.0,3088.43464531,4.20034940309,22.2222222222,4694.0,0,13.6774646795,-2652.0,102.814226519,2071.80952381,-3572.0
14:28:48,3072.0,3088.42551749,4.20339365393,23.0769230769,2586.0,0,13.6829220505,306.0,113.620629976,2259.04761905,-3230.0
14:28:49,3072.0,3088.41639473,4.20642027474,23.0769230769,954.0,0,13.6927743318,392.0,115.722021661,1981.33333333,-2334.0
14:28:49,3072.0,3088.40727705,4.20942930357,23.0769230769,1430.0,0,13.7025693475,-250.0,111.790146672,1862.28571429,-2286.0
14:28:50,3072.0,3088.39816443,4.21324103274,23.0769230769,552.0,0,13.7149773201,8.0,114.428895613,1513.52380952,-2140.0
14:28:50,3073.0,3088.38961227,4.21519019678,24.0,1524.0,0,13.7168571324,-210.0,115.485519591,1445.33333333,-2406.0
14:28:51,3072.0,3088.38050945,4.21896804421,23.0769230769,790.0,0,13.7336199356,-34.0,91.3221031138,1112.0,212.0
14:28:51,3073.0,3088.3719671,4.22088589964,24.0,238.0,0,13.7353917984,-78.0,84.6574344023,806.857142857,-172.0
14:28:52,3072.0,3088.36287409,4.22463001521,23.0769230769,586.0,0,13.7520508308,-168.0,66.9140625,712.952380952,-732.0
14:28:52,3072.0,3088.35378613,4.22835650879,23.0769230769,224.0,0,13.7641813437,52.0,67.3990802248,533.142857143,-430.0
14:28:53,3071.0,3088.34414781,4.23314915573,22.2222222222,570.0,0,13.7842694749,-244.0,58.5452695829,509.619047619,-682.0
14:28:53,3071.0,3088.33451485,4.23792107053,22.2222222222,364.0,0,13.7998081098,90.0,34.0548340548,426.380952381,-382.0
14:28:54,3070.0,3088.32433184,4.24381772569,21.4285714286,1132.0,0,13.8235105071,104.0,19.8458574181,617.80952381,-244.0
14:28:54,3071.0,3088.31470988,4.24854658336,22.2222222222,224.0,0,13.8344076306,-88.0,20.9677419355,533.523809524,-254.0
14:28:55,3070.0,3088.30453787,4.25357888528,21.4285714286,292.0,0,13.8553058153,6.0,29.2230933713,469.333333333,-80.0
14:28:55,3071.0,3088.2949269,4.25826537418,22.2222222222,1312.0,0,13.8660546212,-410.0,28.5053929122,710.571428571,-542.0
14:28:56,3070.0,3088.28476588,4.26406929586,21.4285714286,1412.0,0,13.8894765337,-878.0,10.8952702703,928.571428571,-1176.0
14:28:56,3069.0,3088.2740551,4.27023352608,20.6896551724,1466.0,0,13.9140877357,186.0,8.49606029462,1121.9047619,-1080.0
14:28:57,3069.0,3088.26335026,4.27637039439,20.6896551724,320.0,0,13.9340840482,18.0,7.60047751691,935.333333333,-1166.0
14:28:57,3068.0,3088.25209597,4.28374057727,20.0,874.0,0,13.9626485569,-402.0,13.3897110641,945.714285714,-1480.0
14:28:58,3068.0,3088.24084793,4.291892299,20.0,860.0,0,13.989218706,-214.0,23.4465086483,921.142857143,-1700.0
14:28:58,3069.0,3088.23016154,4.29875555313,20.6896551724,724.0,0,14.0070236335,144.0,16.513437058,830.666666667,-1146.0
14:28:59,3068.0,3088.21892568,4.3068427377,20.0,626.0,0,14.0379489495,-60.0,39.9178644764,740.19047619,-328.0
14:28:59,3069.0,3088.20825147,4.3136472709,20.6896551724,292.0,0,14.0555466631,-158.0,54.9242424243,591.714285714,-672.0
14:29:00,3068.0,3088.19702778,4.32167059462,20.0,5030.0,0,14.0862796435,-3388.0,18.439210088,1852.85714286,-4078.0
14:29:00,3067.0,3088.18525492,4.33096836283,19.3548387097,1228.0,0,14.1211880105,158.0,13.0136986301,1803.42857143,-3518.0
14:29:01,3066.0,3088.1729332,4.34159460913,18.75,4660.0,0,14.1604520846,3060.0,26.0987261146,2717.71428571,-244.0
14:29:01,3067.0,3088.16117373,4.35081058859,19.3548387097,1354.0,0,14.1858838885,-94.0,30.2805155421,2506.47619048,-482.0
14:29:02,3066.0,3088.14886538,4.36054277082,18.75,2230.0,0,14.2222530033,354.0,20.5218331756,2515.52380952,-68.0
14:29:02,3066.0,3088.13656387,4.37103590252,18.75,650.0,0,14.2564771772,136.0,21.4229144667,1996.76190476,226.0
14:29:03,3065.0,3088.1237138,4.3836385526,18.1818181818,716.0,0,14.3022465012,40.0,34.988005167,1479.80952381,3654.0
14:29:03,3065.0,3088.11087086,4.39618478497,18.1818181818,3588.0,0,14.3431803751,-104.0,16.3812698894,1988.85714286,3392.0
14:29:04,3063.0,3088.09692425,4.41167536798,17.1428571429,2506.0,0,14.4031190597,-968.0,-4.61789206809,2076.38095238,-636.0
14:29:04,3064.0,3088.08354079,4.42482976411,17.6470588235,2632.0,0,14.4413504051,-606.0,-2.32105177731,2302.47619048,-1148.0
14:29:05,3064.0,3088.07016476,4.43865508354,17.6470588235,3994.0,0,14.4864722048,2094.0,17.0097969615,2856.85714286,592.0
14:29:05,3065.0,3088.05735156,4.45096313617,18.1818181818,1848.0,0,14.521902565,-400.0,19.4844281602,2714.0952381,56.0
14:29:06,3066.0,3088.04510088,4.46183049928,18.75,2008.0,0,14.5526108913,-302.0,29.0661196911,2560.0,-286.0
14:29:06,3065.0,3088.0323016,4.47403551059,18.1818181818,922.0,0,14.5971794799,236.0,50.3738317757,2034.0952381,54.0
14:29:07,3066.0,3088.02006483,4.48480892693,18.75,1066.0,0,14.6275568393,192.0,54.4587008821,1676.28571429,1214.0
14:29:07,3065.0,3088.00727946,4.49691248676,18.1818181818,418.0,0,14.6718188801,-90.0,58.4925897036,1201.9047619,1730.0
14:29:08,3065.0,3087.99450118,4.50962652604,18.1818181818,906.0,0,14.7133002481,262.0,58.0496651786,972.380952381,-102.0
14:29:08,3065.0,3087.98173001,4.52162478138,18.1818181818,354.0,0,14.7524462688,40.0,58.7768769827,732.19047619,338.0
14:29:09,3065.0,3087.96896593,4.53423190305,18.1818181818,438.0,0,14.7935788028,-6.0,41.0087719298,587.142857143,634.0
14:29:09,3066.0,3087.95676433,4.54542827574,18.75,436.0,0,14.8252716104,-166.0,33.0569375346,516.285714286,232.0
14:29:10,3065.0,3087.94401412,4.55793324637,18.1818181818,1140.0,0,14.8709078185,388.0,35.0487540628,669.714285714,428.0
14:29:10,3065.0,3087.93127098,4.5709814622,18.1818181818,972.0,0,14.9134794852,368.0,30.1224682054,771.619047619,886.0
14:29:11,3066.0,3087.91909033,4.5820357675,18.75,582.0,28.5714285714,14.9446698223,-58.0,29.5512493626,735.714285714,566.0
14:29:11,3065.0,3087.90636103,4.59438734346,18.75,1202.0,0,14.9898445137,-264.0,16.5828092243,892.380952381,262.0
14:29:12,3065.0,3087.89363881,4.60668756193,18.75,938.0,0,15.0299757322,-682.0,14.174573055,933.238095238,-414.0
14:29:12,3064.0,3087.88036826,4.62092099072,18.1818181818,2220.0,0,15.0813348261,1610.0,12.2341933655,1316.57142857,1362.0
14:29:13,3062.0,3087.86599427,4.63804615599,17.1428571429,1922.0,0,15.1471135075,-322.0,16.0413476263,1529.80952381,652.0
14:29:13,3064.0,3087.85273906,4.65214642483,18.1818181818,2990.0,0,15.1832455118,-324.0,48.1225898113,2010.95238095,-40.0
14:29:14,3064.0,3087.83949122,4.6661860781,18.1818181818,2818.0,0,15.2290668345,-1252.0,7.59305210918,2346.85714286,-1234.0
14:29:14,3063.0,3087.82569533,4.68101099004,17.6470588235,1514.0,0,15.282438753,-926.0,15.8039025964,2203.71428571,-1896.0
14:29:15,3063.0,3087.81190711,4.69635385232,17.6470588235,302.0,0,15.332529717,-94.0,16.1652218256,1699.42857143,-1308.0
14:29:15,3064.0,3087.79868195,4.71020660047,18.1818181818,1486.0,0,15.3727369467,-126.0,20.5221174764,1563.71428571,-3044.0
14:29:16,3065.0,3087.78601953,4.72206009526,18.75,386.0,0,15.4063950906,-136.0,18.9974726201,1148.66666667,-2858.0
14:29:16,3065.0,3087.77336415,4.73386615904,18.75,1240.0,0,15.4449140589,-760.0,-21.3529563646,1050.76190476,-3294.0
14:29:17,3065.0,3087.76071579,4.74562514583,18.75,398.0,0,15.4832794317,110.0,37.7018400301,795.619047619,-1932.0
14:29:17,3064.0,3087.74751906,4.75868403715,18.1818181818,662.0,0,15.5309531239,540.0,30.6213679035,731.142857143,-466.0
14:29:18,3065.0,3087.73488506,4.77034608542,18.75,660.0,0,15.5639350258,62.0,35.678807947,706.666666667,-310.0
14:29:18,3065.0,3087.72225807,4.78196212118,18.75,276.0,0,15.6018340006,22.0,29.8729983435,555.428571429,-162.0
14:29:19,3065.0,3087.7096381,4.79289723329,18.75,578.0,0,15.6375113647,126.0,38.8044048243,548.095238095,100.0
14:29:19,3066.0,3087.69758054,4.80251489384,19.3548387097,344.0,0,15.6637798234,-144.0,52.0904729267,464.761904762,716.0
14:29:20,3065.0,3087.68497428,4.81336679704,18.75,500.0,0,15.7042962383,-14.0,57.9470198676,468.666666667,592.0
14:29:20,3065.0,3087.67237501,4.82480854223,18.75,952.0,0,15.7416265652,-536.0,49.5468277946,596.857142857,-484.0
14:29:21,3065.0,3087.65978275,4.83557406553,18.75,726.0,0,15.7767506216,-400.0,69.0165876777,646.666666667,-946.0
14:29:21,3065.0,3087.64719747,4.8469281907,18.75,686.0,0,15.8137950757,310.0,61.6745905969,681.904761905,-658.0
14:29:22,3066.0,3087.63517459,4.85635128873,19.3548387097,1076.0,0,15.839371457,-758.0,66.4799253035,809.047619048,-1542.0
14:29:22,3067.0,3087.62371379,4.86517093168,21.875,370.0,0,15.8629635855,220.0,69.4663573086,710.761904762,-1178.0
14:29:23,3066.0,3087.61170395,4.8751541207,19.3548387097,204.0,0,15.9006983715,2.0,66.6168410563,563.80952381,-1162.0
14:29:23,3067.0,3087.60025619,4.88328080335,21.875,436.0,0,15.9220110967,-78.0,86.9068038879,497.238095238,-704.0
14:29:24,3067.0,3087.58881478,4.89200544603,21.875,166.0,0,15.9504579264,72.0,64.3294758339,378.095238095,-232.0
14:29:24,3067.0,3087.57737972,4.90007243585,21.875,516.0,0,15.976760469,-64.0,75.686416185,385.619047619,-606.0
14:29:25,3066.0,3087.56539562,4.9092944651,19.3548387097,170.0,0,16.0120497883,-70.0,63.2653061225,302.380952381,82.0
14:29:25,3066.0,3087.55341817,4.91779986156,19.3548387097,198.0,0,16.0397908074,-100.0,65.5621301775,270.285714286,-238.0
14:29:26,3066.0,3087.54144738,4.92695408373,19.3548387097,666.0,0,16.0696480226,-36.0,56.3197026022,380.095238095,-276.0
14:29:26,3067.0,3087.53003863,4.93489790005,21.875,256.0,0,16.0903094231,-74.0,46.3488843813,350.761904762,-272.0
14:29:27,3066.0,3087.51808082,4.94398698727,19.3548387097,372.0,0,16.1252021763,-294.0,51.331496786,363.142857143,-638.0
14:29:27,3066.0,3087.50612965,4.95304243077,19.3548387097,300.0,0,16.1547372171,-100.0,51.376146789,345.142857143,-674.0
14:29:28,3066.0,3087.49418512,4.96206441475,19.3548387097,330.0,0,16.1841631271,-60.0,54.0999057493,346.0,-664.0
14:29:28,3067.0,3087.48280262,4.96988702923,21.875,456.0,0,16.2043920092,-72.0,51.9327731092,375.238095238,-636.0
14:29:29,3068.0,3087.47198185,4.97657323596,24.2424242424,332.0,0,16.2209036374,-130.0,45.3567937439,356.761904762,-730.0
14:29:29,3066.0,3087.46005628,4.98550360737,19.3548387097,326.0,0,16.2606118962,-126.0,36.011342155,352.476190476,-782.0
14:29:30,3066.0,3087.44813734,4.99440118632,19.3548387097,464.0,0,16.2896320493,-196.0,20.5615942029,384.285714286,-684.0
14:29:30,3066.0,3087.43622502,5.00259040922,19.3548387097,250.0,0,16.3163418435,-172.0,26.4133456904,350.571428571,-756.0
14:29:31,3066.0,3087.42431931,5.01142360907,19.3548387097,326.0,0,16.3451520191,-146.0,19.6843082637,340.952380952,-842.0
14:29:31,3066.0,3087.41242021,5.02022452894,19.3548387097,422.0,0,16.3738569111,-102.0,6.6037735849,358.952380952,-872.0
14:29:32,3066.0,3087.40052773,5.02899333832,19.3548387097,80.0,0,16.4024570722,-8.0,20.0214132762,280.857142857,-750.0
14:29:32,3066.0,3087.38864185,5.03773020489,19.3548387097,410.0,0,16.4309530492,-272.0,31.9672131147,309.047619048,-896.0
14:29:33,3065.0,3087.37620717,5.04696185808,18.75,168.0,0,16.4664334684,-32.0,47.5845410628,264.095238095,-732.0
14:29:33,3065.0,3087.36377939,5.05615796167,18.75,458.0,0,16.4964370691,6.0,42.2746781116,316.095238095,-554.0
14:29:34,3066.0,3087.35191392,5.06479618708,19.3548387097,274.0,0,16.5192308776,-100.0,49.2273730684,305.619047619,-508.0
14:29:34,3066.0,3087.34005504,5.07340314231,19.3548387097,246.0,0,16.5473031387,-64.0,62.5916870416,289.619047619,-470.0
14:29:35,3065.0,3087.32764735,5.08316745327,18.75,172.0,0,16.5845593908,92.0,62.3842592593,260.857142857,-370.0
14:29:35,3065.0,3087.31524654,5.09289552971,18.75,736.0,0,16.6162986287,144.0,66.017526777,388.857142857,46.0
14:29:36,3066.0,3087.30340803,5.10201845194,19.3548387097,268.0,0,16.6406342203,-26.0,63.5097493036,367.619047619,52.0
14:29:36,3066.0,3087.29157609,5.11049645308,19.3548387097,602.0,0,16.6682858874,386.0,65.5352480418,437.047619048,432.0
14:29:37,3066.0,3087.27975072,5.11955666212,19.3548387097,204.0,0,16.6978364714,124.0,64.0035906643,385.904761905,656.0
14:29:37,3066.0,3087.26793192,5.12858545914,19.3548387097,106.0,0,16.7272846026,-4.0,68.4865900383,310.095238095,716.0
14:29:38,3065.0,3087.25556428,5.13875567395,18.75,516.0,0,16.7659238954,-132.0,50.5756578947,358.095238095,492.0
14:29:38,3065.0,3087.24320351,5.14888948083,18.75,346.0,0,16.7989868869,164.0,52.5954946131,341.142857143,512.0
14:29:39,3065.0,3087.23084961,5.15837715383,18.75,944.0,0,16.8299417743,176.0,39.5879323031,513.619047619,714.0
14:29:39,3065.0,3087.21850257,5.1684394808,18.75,646.0,0,16.8627715524,42.0,29.5438088342,568.761904762,370.0
14:29:40,3065.0,3087.20616238,5.17846602931,18.75,316.0,0,16.8954845981,-228.0,24.2867084203,527.523809524,18.0
14:29:40,3065.0,3087.19382905,5.18845700677,18.75,466.0,0,16.9280815882,-22.0,25.3555967842,523.80952381,0.0
14:29:41,3064.0,3087.18094717,5.19962201855,18.1818181818,1434.0,0,16.9700457525,1028.0,23.9884393064,779.523809524,1160.0
14:29:41,3064.0,3087.16807244,5.21074598934,18.1818181818,564.0,0,17.0063511401,254.0,15.3318077803,742.952380952,1250.0
14:29:42,3063.0,3087.15464946,5.22363751507,17.6470588235,486.0,0,17.0539912343,166.0,19.1717791411,673.714285714,1240.0
14:29:42,3064.0,3087.14178934,5.23522782854,18.1818181818,62.0,0,17.0862527041,20.0,18.9903846154,505.142857143,1218.0
14:29:43,3063.0,3087.12838096,5.24747511302,17.6470588235,760.0,0,17.1318155828,36.0,23.7539766702,563.80952381,1482.0
14:29:43,3063.0,3087.11498003,5.25967590861,17.6470588235,520.0,0,17.171648412,-204.0,18.6095138526,532.761904762,1300.0
14:29:44,3064.0,3087.10214194,5.2711372259,18.1818181818,496.0,0,17.2034504762,216.0,28.0470914127,492.285714286,488.0
14:29:44,3063.0,3087.08875558,5.28324861919,17.6470588235,2148.0,0,17.2486079634,-94.0,21.6457960644,968.476190476,140.0
14:29:45,3064.0,3087.07593205,5.29462620651,18.1818181818,138.0,0,17.28011164,66.0,18.5257032008,794.952380952,40.0
14:29:45,3063.0,3087.06256025,5.3066493855,17.6470588235,928.0,0,17.3250061557,458.0,18.7975951904,863.714285714,478.0
14:29:46,3064.0,3087.04975127,5.31739800351,18.1818181818,394.0,0,17.3544321264,136.0,26.9896193772,738.666666667,578.0
14:29:46,3063.0,3087.03639401,5.32933484373,17.6470588235,822.0,0,17.3990690295,68.0,28.7860332927,753.333333333,850.0
14:29:47,3064.0,3087.02359957,5.34000390137,18.1818181818,244.0,0,17.4282111664,-62.0,30.8087291399,588.476190476,572.0
14:29:47,3064.0,3087.01081223,5.35117945203,18.1818181818,286.0,0,17.4646848956,26.0,45.8748221906,447.619047619,692.0
14:29:48,3064.0,3086.998032,5.36231604191,18.1818181818,144.0,0,17.5010314684,70.0,44.4996451384,354.857142857,696.0
14:29:48,3064.0,3086.98525886,5.37341391327,18.1818181818,372.0,0,17.5372516752,266.0,46.2422634836,326.952380952,504.0
14:29:49,3064.0,3086.97249282,5.38447330551,18.1818181818,1246.0,0,17.5733462974,490.0,15.671162492,575.238095238,858.0
14:29:49,3064.0,3086.95973387,5.39495260222,18.1818181818,498.0,0,17.6075476574,134.0,12.6164874552,569.238095238,924.0
14:29:50,3064.0,3086.946982,5.40539508155,18.1818181818,236.0,0,17.6416288562,18.0,12.9403306973,503.80952381,1004.0
14:29:50,3064.0,3086.93423722,5.41580095646,18.1818181818,964.0,0,17.675590589,318.0,15.3179190751,646.761904762,1296.0
14:29:51,3064.0,3086.92149951,5.4267106238,18.1818181818,676.0,0,17.7111965529,-488.0,18.0360721443,675.142857143,738.0
14:29:51,3064.0,3086.90876888,5.43758294956,18.1818181818,184.0,0,17.7466806448,-46.0,20.9253417455,537.619047619,426.0
14:29:52,3063.0,3086.89548992,5.44907364848,17.6470588235,626.0,0,17.789989058,-480.0,26.8844221105,535.333333333,-544.0
14:29:52,3064.0,3086.88277374,5.4593313973,18.1818181818,410.0,0,17.8176612183,-62.0,29.1989664083,500.857142857,-740.0
14:29:53,3063.0,3086.86950922,5.47074235489,17.6470588235,530.0,0,17.8607324678,-52.0,21.4159292035,504.857142857,-810.0
14:29:53,3062.0,3086.85569666,5.48334850274,17.1428571429,1056.0,0,17.9077351494,-270.0,26.2492820218,645.142857143,-1398.0
14:29:54,3062.0,3086.84189177,5.49590754028,17.1428571429,1908.0,0,17.948750948,-454.0,26.8137462876,1024.47619048,-1364.0
14:29:54,3062.0,3086.82809455,5.50783375193,17.1428571429,1998.0,0,17.987700039,1134.0,19.6691176471,1370.85714286,-184.0
14:29:55,3062.0,3086.814305,5.52030035163,17.1428571429,1260.0,0,18.0284139505,18.0,35.1857023178,1420.0,314.0
14:29:55,3062.0,3086.8005231,5.53272078688,17.1428571429,1830.0,0,18.0689770963,-544.0,20.3915171289,1601.80952381,-168.0
14:29:56,3062.0,3086.78674886,5.54509536788,17.1428571429,792.0,0,18.1093904895,34.0,30.3708729082,1419.42857143,-82.0
14:29:56,3063.0,3086.77353767,5.55620771172,17.6470588235,528.0,0,18.1397574656,246.0,29.316979317,1149.14285714,434.0
14:29:57,3062.0,3086.75977841,5.56791247287,17.1428571429,990.0,0,18.1839074881,92.0,25.6555825899,1036.0,980.0
14:29:57,3062.0,3086.7460268,5.58015525222,17.1428571429,1964.0,0,18.2238904383,178.0,33.9217816404,1244.85714286,24.0
14:29:58,3062.0,3086.73228283,5.5923533483,17.1428571429,1530.0,0,18.2637274602,-208.0,17.8412365732,1331.33333333,-202.0
14:29:58,3063.0,3086.71910189,5.6027224905,17.6470588235,492.0,0,18.2916176641,84.0,31.7026683609,1108.38095238,426.0
14:29:59,3061.0,3086.70481747,5.61608690271,16.6666666667,1526.0,0,18.3472293457,-276.0,21.052631579,1244.57142857,116.0
14:29:59,3061.0,3086.69054098,5.62940082305,16.6666666667,1352.0,0,18.3907246751,-22.0,25.2610134963,1296.0952381,-152.0
14:30:00,3061.0,3086.67627242,5.64266460893,16.6666666667,1986.0,0,18.43405622,508.0,24.3163841808,1489.52380952,264.0
14:30:00,3060.0,3086.66145638,5.65716807398,16.2162162162,6028.0,0,18.487477366,1062.0,9.36967632028,2790.38095238,1148.0
14:30:01,3061.0,3086.64720398,5.66975338044,16.6666666667,8252.0,25.9259259259,18.5225526967,1500.0,9.09553880627,4533.14285714,2856.0
14:30:01,3060.0,3086.63240408,5.68357362775,11.4285714286,7652.0,0,18.5737700253,1102.0,7.12792954172,5784.38095238,3874.0
14:30:02,3059.0,3086.61705701,5.69924090679,11.1111111111,2306.0,0,18.6310588649,-422.0,8.98607484769,5167.23809524,3728.0
14:30:02,3058.0,3086.60116306,5.71674003165,10.8108108108,3862.0,0,18.6943755123,-1344.0,7.25919032108,4957.52380952,2406.0
14:30:03,3059.0,3086.58583334,5.73227571533,11.1111111111,4512.0,0,18.7390510472,-388.0,9.99018766099,4814.0,1510.0
14:30:03,3059.0,3086.57051213,5.74774898907,11.1111111111,2366.0,0,18.7896338315,-84.0,15.4956822107,3937.04761905,364.0
14:30:04,3060.0,3086.55575484,5.76237152718,11.4285714286,4632.0,0,18.8312795006,-1146.0,27.3509672325,3881.9047619,-2282.0
14:30:04,3061.0,3086.54156114,5.77568014807,11.7647058824,3762.0,0,18.8686055148,586.0,36.1287313433,3750.57142857,-2798.0
14:30:05,3059.0,3086.52626452,5.79097924911,11.1111111111,1138.0,0,18.9309553747,220.0,33.7805840568,3054.76190476,-2156.0
14:30:05,3060.0,3086.5115318,5.80543782443,11.4285714286,1896.0,0,18.9720190341,-120.0,39.0036053753,2631.14285714,-932.0
14:30:06,3060.0,3086.49680726,5.81984232928,11.4285714286,524.0,0,19.0190925793,140.0,44.0983377567,1909.14285714,-404.0
14:30:06,3059.0,3086.4815355,5.83548478182,11.1111111111,546.0,0,19.0764458379,138.0,44.8871819491,1383.33333333,-182.0
14:30:07,3059.0,3086.46627222,5.85106637295,11.1111111111,454.0,0,19.1273827164,54.0,30.6730769231,917.904761905,1018.0
14:30:07,3060.0,3086.45157282,5.86530381898,11.4285714286,738.0,0,19.1676595391,198.0,35.5740181269,732.571428571,630.0
14:30:08,3059.0,3086.43632618,5.88076900888,11.1111111111,376.0,0,19.2244818858,110.0,41.5968239965,587.80952381,520.0
14:30:08,3059.0,3086.42108801,5.89617473818,11.1111111111,362.0,0,19.2748438646,-74.0,59.2,475.333333333,566.0
14:30:09,3060.0,3086.4064137,5.91024893853,11.4285714286,578.0,0,19.3145390148,132.0,54.1584806811,497.619047619,558.0
14:30:09,3058.0,3086.39063674,5.92634413961,10.8108108108,944.0,0,19.3798042499,418.0,17.9026651217,621.904761905,838.0
14:30:10,3060.0,3086.37597935,5.94030985495,11.4285714286,400.0,0,19.4127773038,-40.0,15.715126545,571.80952381,744.0
14:30:10,3060.0,3086.3613301,5.95422507293,11.4285714286,314.0,0,19.4582518723,86.0,12.3739071957,499.714285714,632.0
14:30:11,3060.0,3086.34668898,5.96809014677,11.4285714286,452.0,0,19.5035625712,222.0,13.9672131148,487.238095238,744.0
14:30:11,3060.0,3086.332056,5.98139582269,11.4285714286,2260.0,0,19.5470451722,-106.0,16.8552950687,987.714285714,712.0
14:30:12,3060.0,3086.31743114,5.99516234374,11.4285714286,572.0,0,19.5920338031,322.0,12.5859975718,915.523809524,902.0
14:30:12,3059.0,3086.302259,6.01012801958,11.1111111111,606.0,0,19.647361947,342.0,30.3214596003,853.333333333,826.0
14:30:13,3059.0,3086.28709529,6.02453061539,11.1111111111,678.0,0,19.6944446401,-122.0,46.8660385088,827.80952381,744.0
14:30:13,3060.0,3086.27249541,6.03763809494,11.4285714286,514.0,0,19.7308434475,-116.0,49.3506493506,742.19047619,542.0
14:30:14,3060.0,3086.25790363,6.05069876589,11.4285714286,390.0,0,19.7735253787,200.0,54.7011952191,611.619047619,520.0
14:30:14,3060.0,3086.24331996,6.06421851677,11.4285714286,1032.0,0,19.8177075711,340.0,38.9240506329,667.428571429,966.0
14:30:15,3059.0,3086.22818898,6.0784176994,11.1111111111,266.0,0,19.8706037901,150.0,39.5295467585,562.857142857,794.0
14:30:15,3061.0,3086.21417721,6.09065728578,11.7647058824,456.0,0,19.8976062913,316.0,44.0647482014,527.142857143,768.0
14:30:16,3061.0,3086.20017323,6.10235215099,11.7647058824,528.0,0,19.9358123195,-8.0,24.8273697426,519.142857143,882.0
14:30:16,3060.0,3086.18562162,6.1156881597,11.4285714286,446.0,0,19.9859090186,96.0,18.05644644,494.857142857,1094.0
14:30:17,3061.0,3086.17163349,6.12780344006,11.7647058824,1694.0,0,20.0189592945,6.0,19.1090004523,830.380952381,900.0
14:30:17,3061.0,3086.15765313,6.13937639467,11.7647058824,738.0,0,20.0567670522,-92.0,44.5978682171,830.666666667,468.0
14:30:18,3062.0,3086.14423594,6.15028793364,14.2857142857,874.0,0,20.0858521673,138.0,47.191722973,883.80952381,456.0
14:30:18,3061.0,3086.1302708,6.16274258907,11.7647058824,336.0,0,20.1331022185,-202.0,51.1048526863,754.285714286,-62.0
14:30:19,3060.0,3086.11575802,6.17632051533,11.4285714286,1738.0,0,20.1840539717,-270.0,16.5465156197,1031.04761905,-324.0
14:30:19,3060.0,3086.10125329,6.18985250203,11.4285714286,826.0,0,20.2282761504,232.0,28.553013213,989.619047619,-188.0
14:30:20,3061.0,3086.08731202,6.20218111774,11.7647058824,408.0,0,20.2619441939,-60.0,21.8292682927,810.666666667,-254.0
14:30:20,3061.0,3086.0733785,6.21401601718,11.7647058824,410.0,0,20.3006077007,90.0,15.1567944251,693.523809524,-72.0
14:30:21,3061.0,3086.05945271,6.2262659913,11.7647058824,1440.0,0,20.3406272176,-974.0,33.4625823963,886.285714286,-1184.0
14:30:21,3062.0,3086.04609006,6.23737138342,14.2857142857,214.0,0,20.3702527218,-44.0,35.1866560763,701.80952381,-1026.0
14:30:22,3061.0,3086.03217943,6.24954576127,11.7647058824,350.0,0,20.4166800434,-78.0,82.1271929825,562.0,-834.0
14:30:22,3061.0,3086.01827652,6.26168137376,11.7647058824,384.0,0,20.4563259515,62.0,70.9918902059,498.0,-1004.0
14:30:23,3062.0,3086.00493674,6.27268056956,14.2857142857,164.0,0,20.4855668503,16.0,80.2160702228,392.19047619,-928.0
14:30:23,3062.0,3085.99160437,6.28364631675,14.2857142857,192.0,0,20.5213792186,66.0,81.8513119534,306.0,-952.0
14:30:24,3061.0,3085.977724,6.29567201426,11.7647058824,384.0,0,20.5673701871,-36.0,70.6161137441,285.047619048,-14.0
14:30:24,3061.0,3085.96385134,6.30806646042,11.7647058824,364.0,0,20.6078616806,146.0,63.9825897715,308.666666667,176.0
14:30:25,3062.0,3085.95054179,6.31933437633,14.2857142857,140.0,0,20.6379306869,60.0,73.8329238329,261.142857143,314.0
14:30:25,3062.0,3085.93723963,6.33056896298,14.2857142857,760.0,0,20.6746210417,-394.0,86.7265469062,400.761904762,-142.0
14:30:26,3062.0,3085.92394485,6.34177039751,14.2857142857,1564.0,0,20.7112031271,-418.0,93.4782608696,752.19047619,-576.0
14:30:26,3062.0,3085.91065746,6.35293885527,14.2857142857,612.0,0,20.7476775156,108.0,87.6569037657,764.952380952,-534.0
14:30:27,3062.0,3085.89737745,6.36407450988,14.2857142857,576.0,0,20.7840447743,-280.0,88.1972111554,747.428571429,-778.0
14:30:27,3063.0,3085.88466022,6.37414433255,16.6666666667,326.0,0,20.8101349414,-42.0,89.5424836601,649.333333333,-966.0
14:30:28,3062.0,3085.87139465,6.3855780733,14.2857142857,422.0,0,20.8542719572,12.0,83.1924882629,580.476190476,-1014.0
14:30:28,3063.0,3085.85869185,6.39595010751,16.6666666667,128.0,0,20.8813258489,68.0,79.217199559,414.19047619,-552.0
14:30:29,3062.0,3085.8454407,6.40763779759,14.2857142857,634.0,0,20.9263154722,-76.0,70.4225352113,422.571428571,-210.0
14:30:29,3063.0,3085.83275231,6.41826804813,16.6666666667,858.0,0,20.954188861,-162.0,90.2173913044,539.238095238,-480.0
14:30:30,3064.0,3085.82062638,6.42816400813,18.9189189189,342.0,0,20.9796475461,-144.0,82.5092250923,496.761904762,-344.0
14:30:30,3063.0,3085.80795177,6.43924334539,16.6666666667,478.0,0,21.0226684472,-254.0,69.6715583508,504.285714286,-556.0
14:30:31,3063.0,3085.79528421,6.45048146351,16.6666666667,320.0,0,21.059358353,-2.0,78.1884057971,459.428571429,-570.0
14:30:31,3062.0,3085.78206827,6.46252057212,14.2857142857,466.0,0,21.1055537953,-114.0,80.6972240155,461.142857143,-752.0
14:30:32,3063.0,3085.76941508,6.47370026042,16.6666666667,202.0,0,21.1351624565,-108.0,78.2445611403,371.333333333,-784.0
14:30:32,3062.0,3085.75621352,6.48567694835,14.2857142857,1526.0,0,21.1811787993,-1184.0,45.4709058188,680.380952381,-1806.0
14:30:33,3063.0,3085.74357469,6.49661164653,16.6666666667,360.0,0,21.2099629335,-248.0,49.7613365155,624.476190476,-1910.0
14:30:33,3063.0,3085.73094288,6.50728876713,16.6666666667,320.0,0,21.2448213096,-204.0,58.2341891046,556.285714286,-1860.0
14:30:34,3063.0,3085.71831809,6.51793844155,16.6666666667,504.0,0,21.2795900801,-378.0,60.3315571344,548.19047619,-2236.0
14:30:34,3063.0,3085.7057003,6.52879064837,16.6666666667,272.0,0,21.315020073,-122.0,59.3592964824,465.047619048,-2244.0
14:30:35,3063.0,3085.69308953,6.53980289562,16.6666666667,416.0,0,21.3509725616,-86.0,62.2719246616,432.285714286,-2222.0
14:30:35,3063.0,3085.68048576,6.55060074052,16.6666666667,644.0,0,21.3862250752,-86.0,78.3783783784,454.476190476,-1124.0
14:30:36,3064.0,3085.66844439,6.5601861,18.9189189189,56.0,0,21.410529047,-26.0,77.3056057866,350.666666667,-902.0
14:30:36,3064.0,3085.65640971,6.56997796166,18.9189189189,172.0,0,21.44248682,-104.0,73.4496124031,294.476190476,-802.0
14:30:37,3064.0,3085.64438171,6.57951703146,18.9189189189,324.0,0,21.4736195544,-94.0,66.135881104,288.761904762,-518.0
14:30:37,3064.0,3085.63236039,6.58926277747,18.9189189189,340.0,0,21.5054268194,-52.0,56.9672131148,296.19047619,-448.0
14:30:38,3064.0,3085.62034575,6.59875596207,18.9189189189,1114.0,0,21.5364097979,-710.0,68.3018867924,521.523809524,-1072.0
14:30:38,3065.0,3085.60889318,6.6073209899,21.0526315789,96.0,0,21.5573278626,14.0,70.5994291151,422.761904762,-972.0
14:30:39,3064.0,3085.59689158,6.61677030775,18.9189189189,448.0,0,21.5952033543,112.0,58.2197273456,450.666666667,-834.0
14:30:39,3064.0,3085.58489664,6.62592541871,18.9189189189,2020.0,0,21.6250829592,-320.0,73.8830032243,909.047619048,-1050.0
14:30:40,3064.0,3085.57290836,6.63505811724,18.9189189189,200.0,0,21.6548894166,-124.0,76.0075865339,759.428571429,-1080.0
14:30:40,3064.0,3085.56092674,6.64416849576,18.9189189189,260.0,0,21.6846230279,-188.0,80.8119864669,632.857142857,-1216.0
14:30:41,3064.0,3085.54895177,6.65325664595,18.9189189189,108.0,0,21.7142840925,-64.0,74.2017879949,466.666666667,-570.0
14:30:41,3064.0,3085.53698345,6.66259412066,18.9189189189,492.0,0,21.7447588794,-98.0,68.4240362812,458.095238095,-682.0
14:30:42,3064.0,3085.52502179,6.67190946047,18.9189189189,502.0,0,21.7751614245,-212.0,79.508654383,433.523809524,-1006.0
14:30:42,3063.0,3085.51251136,6.68213705004,16.6666666667,786.0,0,21.8156612799,-140.0,74.1056218058,487.523809524,-826.0
14:30:43,3064.0,3085.50056328,6.6914067797,18.9189189189,358.0,0,21.8387949729,-92.0,77.094972067,478.0,-794.0
14:30:43,3065.0,3085.48917724,6.69949380804,21.0526315789,496.0,0,21.8580548386,-178.0,60.1750547046,500.380952381,-784.0
14:30:44,3064.0,3085.47724213,6.70872152086,18.9189189189,56.0,0,21.8953052247,-4.0,59.0334572491,385.80952381,-724.0
14:30:44,3065.0,3085.46586904,6.7167696895,21.0526315789,222.0,0,21.9144198678,-52.0,68.0991735537,321.142857143,-678.0
14:30:45,3064.0,3085.45394687,6.72568454798,18.9189189189,582.0,0,21.9506675848,106.0,58.24,372.19047619,-360.0
14:30:45,3064.0,3085.44203132,6.73457796986,18.9189189189,148.0,0,21.9796931131,70.0,47.3684210526,295.428571429,-150.0
14:30:46,3064.0,3085.43012239,6.74372115378,18.9189189189,134.0,0,22.0095337917,74.0,38.4615384615,245.047619048,16.0
14:30:46,3064.0,3085.41822007,6.75257193228,18.9189189189,264.0,0,22.0384201445,34.0,64.2958748222,242.476190476,228.0
14:30:47,3064.0,3085.40632437,6.76140152759,18.9189189189,184.0,0,22.0672373616,36.0,69.2307692308,228.095238095,268.0
14:30:47,3064.0,3085.39443527,6.77021002259,18.9189189189,188.0,0,22.0959857134,-94.0,69.4666666667,208.761904762,226.0
14:30:48,3064.0,3085.38255277,6.77926850068,18.9189189189,322.0,0,22.1255499369,156.0,88.5483870968,229.333333333,276.0
14:30:48,3063.0,3085.37012147,6.78922164578,16.6666666667,44.0,0,22.1652681873,8.0,88.5563380282,182.857142857,214.0
14:30:49,3063.0,3085.35769708,6.79887980969,16.6666666667,364.0,0,22.1967999011,-290.0,90.1903367496,232.761904762,-150.0
14:30:49,3063.0,3085.34527958,6.80851407349,16.6666666667,414.0,0,22.2282535863,-154.0,90.7651715039,286.0,-338.0
14:30:50,3064.0,3085.33342439,6.8174845792,18.9189189189,368.0,0,22.2502760418,-216.0,89.8823529412,318.952380952,-590.0
14:30:50,3063.0,3085.32102037,6.82734366557,16.6666666667,270.0,0,22.289727932,-44.0,91.4702581369,315.142857143,-540.0
14:30:51,3064.0,3085.30917865,6.83627144943,18.9189189189,216.0,29.8245614035,22.3115908924,52.0,84.7255369928,292.0,-644.0
14:30:51,3063.0,3085.29678811,6.84581420615,16.2162162162,268.0,0,22.350030056,-66.0,81.6842105263,288.761904762,-718.0
14:30:52,3064.0,3085.28495984,6.85442902233,16.6666666667,204.0,0,22.3708519006,-100.0,75.5172413793,256.571428571,-528.0
14:30:52,3064.0,3085.27313815,6.86329418711,16.6666666667,760.0,0,22.399785206,-122.0,73.8255033557,390.857142857,-496.0
14:30:53,3063.0,3085.26076762,6.8730406804,16.2162162162,1190.0,0,22.4389183167,-184.0,47.5928473178,631.523809524,-464.0
14:30:53,3063.0,3085.24840396,6.88276394381,16.2162162162,188.0,0,22.4706625655,54.0,41.9674451522,546.761904762,-366.0
14:30:54,3064.0,3085.23660257,6.89156569858,16.6666666667,248.0,0,22.492055152,-6.0,46.0461861442,483.047619048,-424.0
14:30:54,3064.0,3085.22480773,6.90007702028,16.6666666667,216.0,0,22.5198336171,-64.0,42.7655024947,408.666666667,-422.0
14:30:55,3064.0,3085.21301945,6.90856846314,16.6666666667,790.0,0,22.5475472035,-268.0,54.1863207547,500.761904762,-590.0
14:30:55,3063.0,3085.20068231,6.9179341989,16.2162162162,1498.0,0,22.5854854682,542.0,33.3171912833,767.238095238,74.0
14:30:56,3063.0,3085.18835202,6.92727724736,16.2162162162,242.0,0,22.6159884014,96.0,45.1917033312,639.714285714,354.0
14:30:56,3063.0,3085.17602858,6.93659770019,16.2162162162,102.0,0,22.6464175651,54.0,47.9974160207,517.333333333,354.0
14:30:57,3063.0,3085.16371199,6.94616595884,16.2162162162,180.0,0,22.6776557585,38.0,48.0184940555,421.333333333,398.0
14:30:57,3064.0,3085.15195764,6.95482379338,16.6666666667,482.0,0,22.698511075,194.0,57.619914997,414.857142857,656.0
14:30:58,3064.0,3085.14020981,6.96319191655,16.6666666667,110.0,0,22.7258221819,-6.0,45.3710788064,289.428571429,918.0
14:30:58,3063.0,3085.12791311,6.97242584917,16.2162162162,292.0,0,22.7633883421,214.0,76.5625,248.380952381,590.0
14:30:59,3063.0,3085.11562324,6.98213823416,16.2162162162,92.0,0,22.7950970753,36.0,68.3624801272,207.619047619,530.0
14:30:59,3064.0,3085.1038956,6.99094638832,16.6666666667,1140.0,0,22.8164046616,-602.0,32.9268292683,473.428571429,-126.0
14:31:00,3064.0,3085.09217446,6.99992614048,16.6666666667,220.0,0,22.8457119467,-34.0,30.0941780822,426.952380952,-198.0
14:31:00,3063.0,3085.07990444,7.0099173079,16.2162162162,88.0,0,22.8857894479,46.0,13.1307929969,340.857142857,-346.0
14:31:01,3063.0,3085.06764124,7.01999841722,16.2162162162,342.0,0,22.9187019824,68.0,9.52161913524,346.095238095,-272.0
14:31:01,3063.0,3085.05538484,7.03005821038,16.2162162162,144.0,0,22.9515449245,6.0,11.8953603159,283.714285714,-480.0
14:31:02,3063.0,3085.04313525,7.03983366456,16.2162162162,460.0,0,22.9834595644,-286.0,15.3299916458,318.666666667,-802.0
14:31:02,3063.0,3085.03089247,7.04985092544,16.2162162162,70.0,0,23.0161636482,42.0,32.4018126888,224.666666667,-158.0
14:31:03,3063.0,3085.01865648,7.05973506458,16.2162162162,142.0,0,23.0484331198,10.0,35.4735152488,202.19047619,-114.0
14:31:03,3062.0,3085.00587189,7.07050732023,15.7894736842,722.0,0,23.0911408237,-588.0,23.4042553192,349.142857143,-748.0
14:31:04,3063.0,3084.9936498,7.08034760603,16.2162162162,494.0,0,23.1157283906,164.0,37.5,400.761904762,-652.0
14:31:04,3063.0,3084.9814345,7.09001523075,16.2162162162,194.0,0,23.1472909917,102.0,41.4024975985,359.428571429,-556.0
14:31:05,3063.0,3084.96922598,7.09966176816,16.2162162162,504.0,0,23.1787847475,134.0,35.6538099718,404.285714286,-136.0
14:31:05,3062.0,3084.95646884,7.10999947366,15.7894736842,82.0,0,23.2201158513,0.0,33.6763330215,326.476190476,-178.0
14:31:06,3062.0,3084.94371879,7.12031305665,15.7894736842,1118.0,0,23.2537983561,-428.0,19.0751445087,544.095238095,-616.0
14:31:06,3062.0,3084.93097582,7.13079359426,15.7894736842,172.0,0,23.288026108,-78.0,26.2090483619,444.952380952,-106.0
14:31:07,3062.0,3084.91823993,7.14105928421,15.7894736842,262.0,0,23.3215522019,-66.0,27.5300171526,397.714285714,-336.0
14:31:07,3062.0,3084.90551111,7.15130116366,15.7894736842,204.0,0,23.3550005345,-50.0,24.0819812126,344.952380952,-488.0
14:31:08,3063.0,3084.89334476,7.16062430463,16.2162162162,164.0,0,23.3778135966,92.0,27.4725274725,280.285714286,-530.0
14:31:08,3062.0,3084.88062977,7.17101158127,15.7894736842,518.0,0,23.4193715914,184.0,32.8958162428,332.952380952,-346.0
14:31:09,3063.0,3084.86847724,7.18029227972,16.2162162162,730.0,0,23.4420250725,280.0,51.1219512195,425.428571429,362.0
14:31:09,3063.0,3084.85633146,7.18974380435,16.2162162162,758.0,0,23.4728821559,-216.0,35.5842185129,544.380952381,224.0
14:31:10,3062.0,3084.84363702,7.20006416617,15.7894736842,552.0,0,23.5142526655,218.0,19.6855775803,576.571428571,508.0
14:31:10,3063.0,3084.83150504,7.2092825911,16.2162162162,1076.0,0,23.5366718613,648.0,13.7967351237,744.666666667,1206.0
14:31:11,3062.0,3084.81882439,7.21936693559,15.7894736842,386.0,0,23.5772924088,-136.0,12.0895522388,674.095238095,978.0
14:31:11,3062.0,3084.80615079,7.22942823734,15.7894736842,440.0,0,23.6101510037,242.0,16.1846778285,608.380952381,1036.0
14:31:12,3061.0,3084.79292882,7.240387833,15.3846153846,2720.0,0,23.6536681901,358.0,7.21510451786,1197.80952381,1114.0
14:31:12,3061.0,3084.7797142,7.25109153128,15.3846153846,466.0,0,23.6886361688,-164.0,9.85815602836,1048.47619048,1166.0
14:31:13,3061.0,3084.76650691,7.26176924141,15.3846153846,676.0,0,23.7235192467,-360.0,12.6995142262,973.047619048,588.0
14:31:13,3061.0,3084.75330696,7.27215312228,15.3846153846,258.0,0,23.7574424119,16.0,12.535382127,772.285714286,-44.0
14:31:14,3060.0,3084.73955895,7.28346393645,15.0,364.0,0,23.802169727,274.0,14.1348497157,640.761904762,366.0
14:31:14,3061.0,3084.72637396,7.2937949275,15.3846153846,310.0,0,23.8281441604,-110.0,9.92907801419,494.857142857,14.0
14:31:15,3060.0,3084.7126409,7.30531735987,15.0,1134.0,0,23.8735861434,952.0,16.5835411471,590.571428571,608.0
14:31:15,3060.0,3084.69891547,7.31681084815,15.0,3296.0,0,23.9111465626,1588.0,17.6217290494,1379.52380952,2360.0
14:31:16,3060.0,3084.68519766,7.32827552854,15.0,176.0,0,23.9486128384,46.0,17.4792343806,1142.28571429,2766.0
14:31:16,3060.0,3084.67148747,7.33971153603,15.0,1224.0,0,23.9859854119,580.0,33.0565805658,1228.28571429,3330.0
14:31:17,3059.0,3084.6572295,7.35209846062,14.6341463415,652.0,0,24.0343199105,-256.0,36.3957597173,1104.85714286,2800.0
14:31:17,3059.0,3084.64297944,7.36468273415,14.6341463415,730.0,0,24.0754584314,54.0,37.2712146423,990.0,2964.0
14:31:18,3059.0,3084.62873729,7.37700529339,14.6341463415,1006.0,0,24.1157413972,32.0,39.8362507058,934.0,2044.0
14:31:18,3059.0,3084.61450306,7.38952543206,14.6341463415,664.0,0,24.1566702585,212.0,56.0197663971,786.380952381,668.0
14:31:19,3059.0,3084.60027673,7.4017842725,14.6341463415,418.0,0,24.1967449248,38.0,56.1567959097,693.80952381,660.0
14:31:19,3059.0,3084.58605831,7.41424092145,14.6341463415,186.0,0,24.2374662355,-14.0,41.8490153173,523.428571429,66.0
14:31:20,3059.0,3084.57184778,7.42666603809,14.6341463415,900.0,0,24.2780844658,226.0,43.1352459016,606.476190476,548.0
14:31:20,3059.0,3084.55764514,7.43883047027,14.6341463415,1330.0,0,24.3178505076,-590.0,38.4547069272,800.571428571,-96.0
14:31:21,3059.0,3084.54345039,7.45096376544,14.6341463415,270.0,0,24.3575147612,158.0,42.9936305732,663.238095238,30.0
14:31:21,3060.0,3084.52981893,7.46183770351,15.0,624.0,0,24.3850905344,276.0,46.2446351931,662.095238095,94.0
14:31:22,3059.0,3084.51563963,7.47364472209,14.6341463415,398.0,0,24.4316597649,98.0,43.2038834951,598.285714286,154.0
14:31:22,3059.0,3084.50146821,7.48568757305,14.6341463415,846.0,0,24.4710283526,184.0,46.3827838828,663.428571429,352.0
14:31:23,3059.0,3084.48730467,7.49743358868,14.6341463415,334.0,0,24.509426573,252.0,39.7685428722,550.857142857,378.0
14:31:23,3061.0,3084.47425979,7.50727708175,15.3846153846,542.0,0,24.5255703422,420.0,36.3636363636,524.666666667,1388.0
14:31:24,3059.0,3084.46011135,7.5189663426,14.6341463415,654.0,0,24.5798180536,390.0,29.6645085344,568.0,1620.0
14:31:24,3060.0,3084.44652617,7.52994060258,15.0,730.0,0,24.607649028,36.0,36.9292237443,614.761904762,1380.0
14:31:25,3061.0,3084.43350394,7.5399756852,15.3846153846,120.0,0,24.6323936138,-18.0,40.6075635462,482.19047619,1264.0
14:31:25,3060.0,3084.41993354,7.55063274574,15.0,116.0,0,24.6752704109,26.0,35.0961538462,361.714285714,1106.0
14:31:26,3061.0,3084.40692608,7.56062011631,15.3846153846,252.0,0,24.6998370347,82.0,40.1822700911,314.857142857,936.0
14:31:26,3061.0,3084.39392585,7.57031850203,15.3846153846,1130.0,0,24.7315207515,-448.0,15.7894736842,522.761904762,68.0
14:31:27,3059.0,3084.37982203,7.58210974561,14.6341463415,212.0,0,24.7862365008,-124.0,17.34375,440.380952381,-446.0
14:31:27,3060.0,3084.36628144,7.59293030809,15.0,154.0,0,24.8134977389,12.0,-7.56048387097,362.476190476,-470.0
14:31:28,3059.0,3084.35219298,7.60439890056,14.6341463415,164.0,0,24.8591006883,120.0,-3.15581854043,314.857142857,-332.0
14:31:28,3059.0,3084.33811234,7.61610428267,14.6341463415,432.0,0,24.8973660761,336.0,0.255972696251,341.714285714,-22.0
14:31:29,3059.0,3084.32403952,7.62778068605,14.6341463415,598.0,0,24.9355367311,142.0,1.63568773234,400.952380952,38.0
14:31:29,3059.0,3084.30997451,7.63942824359,14.6341463415,1398.0,0,24.9736130879,-918.0,-12.4408384043,672.285714286,-432.0
14:31:30,3059.0,3084.29591732,7.65104708702,14.6341463415,318.0,0,25.011595577,52.0,0.130548302865,622.285714286,-256.0
14:31:30,3059.0,3084.28186794,7.66263734697,14.6341463415,324.0,0,25.0494846256,116.0,-4.76190476191,568.952380952,-152.0
14:31:31,3059.0,3084.26782636,7.67419915293,14.6341463415,518.0,0,25.0872806569,238.0,9.81047937569,562.952380952,-34.0
14:31:31,3059.0,3084.25379257,7.68573263334,14.6341463415,342.0,0,25.1249840907,-192.0,16.3522012579,489.80952381,-562.0
14:31:32,3059.0,3084.23976658,7.6972379155,14.6341463415,1164.0,0,25.1625953432,300.0,39.8622047244,655.80952381,-404.0
14:31:32,3059.0,3084.22574838,7.70871512568,14.6341463415,1496.0,0,25.2001148273,-842.0,72.3209995194,889.714285714,-328.0
14:31:33,3059.0,3084.21173797,7.72016438908,14.6341463415,896.0,0,25.2375429522,42.0,42.7848101266,947.523809524,-338.0
14:31:33,3059.0,3084.19773534,7.73158582986,14.6341463415,390.0,0,25.2748801238,248.0,48.8139825218,833.238095238,-206.0
14:31:34,3059.0,3084.18374049,7.74297957113,14.6341463415,540.0,0,25.3121267444,362.0,45.7746478873,758.666666667,-82.0
14:31:34,3060.0,3084.17030881,7.75342850786,15.0,556.0,0,25.3380016597,202.0,39.3097976993,687.619047619,312.0
14:31:35,3059.0,3084.15632918,7.76476888275,14.6341463415,94.0,0,25.383356923,40.0,20.0402819738,474.380952381,52.0
14:31:35,3059.0,3084.14235733,7.7758170346,14.6341463415,206.0,0,25.4194737973,192.0,9.84340044743,344.095238095,1086.0
14:31:36,3059.0,3084.12839323,7.78653752251,14.6341463415,1268.0,0,25.4545195244,-74.0,30.124426981,578.666666667,970.0
14:31:36,3059.0,3084.11443689,7.79753161619,14.6341463415,394.0,0,25.4904596803,-52.0,22.1059516023,545.80952381,670.0
14:31:37,3059.0,3084.1004883,7.8087635954,14.6341463415,704.0,0,25.527177494,-562.0,14.2768466791,601.333333333,-254.0
14:31:37,3058.0,3084.08599205,7.82091164447,14.2857142857,376.0,0,25.5752506359,-68.0,22.6166995398,555.333333333,-524.0
14:31:38,3059.0,3084.07205926,7.83182365279,14.6341463415,380.0,0,25.602561794,-92.0,25.2403846154,519.047619048,-656.0
14:31:38,3059.0,3084.05813421,7.84270910535,14.6341463415,232.0,0,25.6381467975,12.0,30.2921884317,426.857142857,-836.0
14:31:39,3059.0,3084.04421689,7.85356811257,14.6341463415,1264.0,0,25.67364535,-578.0,22.1492537313,628.285714286,-1340.0
14:31:39,3058.0,3084.0297519,7.86533706101,14.2857142857,206.0,0,25.7205266874,46.0,27.1979759646,527.619047619,-1242.0
14:31:40,3058.0,3084.01529494,7.87707642623,14.2857142857,674.0,0,25.7589157169,196.0,34.0357598978,569.619047619,-484.0
14:31:40,3059.0,3084.00140141,7.88785353143,14.6341463415,272.0,0,25.7857258301,28.0,34.5442536328,498.19047619,-388.0
14:31:41,3059.0,3083.9875156,7.89860463923,14.6341463415,302.0,29.3103448276,25.8208716549,196.0,30.7796610169,440.285714286,-100.0
14:31:41,3059.0,3083.9736375,7.90932985565,7.89473684211,226.0,0,25.8559328396,-14.0,29.0081521739,364.380952381,-126.0
14:31:42,3059.0,3083.95976711,7.92002928586,7.89473684211,984.0,0,25.8909097282,392.0,53.7537537538,505.333333333,844.0
14:31:42,3059.0,3083.94590443,7.93096739055,7.89473684211,1064.0,0,25.9266668537,-368.0,25.3833049404,682.476190476,430.0
14:31:43,3058.0,3083.93149404,7.94254038954,7.69230769231,78.0,0,25.9729901555,-22.0,14.0806561859,537.047619048,212.0
14:31:43,3058.0,3083.91709165,7.95408466675,7.69230769231,1350.0,0,26.0107412255,-116.0,6.2937062937,783.428571429,68.0
14:31:44,3059.0,3083.90325267,7.9646788499,7.89473684211,268.0,0,26.036871036,-10.0,13.5012594458,669.333333333,-138.0
14:31:44,3059.0,3083.88942137,7.97524777567,7.89473684211,512.0,0,26.0714213,56.0,14.4266917293,626.571428571,-68.0
14:31:45,3058.0,3083.87504235,7.98697411279,7.69230769231,120.0,0,26.1182933708,48.0,9.9646226415,458.19047619,-412.0
14:31:45,3058.0,3083.86067132,7.99867210719,7.69230769231,794.0,0,26.1565471131,-500.0,18.065342729,523.523809524,-544.0
14:31:46,3057.0,3083.84575287,8.01129149127,7.5,486.0,0,26.2063836809,58.0,7.81869688385,513.714285714,-464.0
14:31:46,3057.0,3083.8308427,8.0241085617,7.5,1248.0,0,26.2483106369,470.0,7.67211201867,702.19047619,122.0
14:31:47,3057.0,3083.81594082,8.03666481846,7.5,540.0,0,26.2893844242,436.0,0.459459459458,693.238095238,568.0
14:31:47,3058.0,3083.80160261,8.04824560574,7.69230769231,394.0,0,26.3186579651,82.0,-0.474595198211,629.619047619,594.0
14:31:48,3058.0,3083.78727237,8.06002795388,7.69230769231,1278.0,0,26.3571875536,1044.0,6.13924050633,824.19047619,1590.0
14:31:48,3058.0,3083.77295009,8.07155344404,7.69230769231,1894.0,0,26.3948771878,488.0,27.1404109589,1139.61904762,2578.0
14:31:49,3058.0,3083.75863576,8.08305146511,7.69230769231,914.0,0,26.4324769951,504.0,43.2514358647,1122.66666667,3024.0
14:31:49,3058.0,3083.74432938,8.09452213415,7.69230769231,474.0,0,26.4699873582,264.0,48.0524208227,959.619047619,2818.0
14:31:50,3057.0,3083.72947554,8.10713060624,7.5,366.0,0,26.519890763,-2.0,48.2330827068,802.571428571,2380.0
14:31:50,3057.0,3083.71462996,8.11970851435,7.5,364.0,0,26.5610353757,28.0,49.7542533081,653.238095238,2326.0
14:31:51,3058.0,3083.70034802,8.13109456134,7.69230769231,190.0,0,26.5895832614,-110.0,54.1408852927,455.619047619,1172.0
14:31:51,3059.0,3083.68662942,8.14155708539,7.89473684211,404.0,0,26.6150934469,-120.0,52.5442477876,370.952380952,564.0
14:31:52,3058.0,3083.67236303,8.15289106016,7.69230769231,234.0,0,26.660860236,-66.0,30.1673228347,308.666666667,-6.0
14:31:52,3059.0,3083.65865997,8.16330475019,7.89473684211,70.0,0,26.6861874802,-14.0,38.0221130221,231.904761905,-284.0
14:31:53,3059.0,3083.64496452,8.17343164629,7.89473684211,906.0,0,26.7192927306,132.0,36.4852398524,413.238095238,-150.0
14:31:53,3059.0,3083.63127667,8.18353511104,7.89473684211,324.0,0,26.7523213829,180.0,29.2763157895,402.571428571,2.0
14:31:54,3058.0,3083.61704103,8.19476780906,7.69230769231,84.0,0,26.7978018609,64.0,29.4757665678,325.238095238,176.0
14:31:54,3058.0,3083.60281329,8.20571108237,7.69230769231,268.0,0,26.8335875813,144.0,18.2396606575,305.523809524,440.0
14:31:55,3059.0,3083.58914886,8.21574196115,7.89473684211,336.0,0,26.8576069341,26.0,26.0563380282,311.714285714,532.0
14:31:55,3058.0,3083.57493661,8.22689784007,7.69230769231,1042.0,0,26.9028706346,-504.0,14.6621621622,514.761904762,42.0
14:31:56,3058.0,3083.56073226,8.23802778429,7.69230769231,342.0,0,26.9392667897,-102.0,17.3622704508,471.523809524,-192.0
14:31:56,3058.0,3083.54653579,8.24886881508,7.69230769231,492.0,0,26.9747181657,272.0,29.1731669267,498.0,-100.0
14:31:57,3058.0,3083.53234722,8.25968417307,7.69230769231,592.0,0,27.0100855889,160.0,39.6484375,545.047619048,-4.0
14:31:57,3058.0,3083.51816652,8.27047395898,7.69230769231,58.0,0,27.0453693884,32.0,41.6491963662,415.333333333,-116.0
14:31:58,3059.0,3083.5045491,8.28062385357,7.89473684211,1302.0,0,27.0697085766,-174.0,32.2884012539,651.047619048,-316.0
14:31:58,3059.0,3083.49093924,8.29048814908,7.89473684211,658.0,0,27.1019553746,562.0,47.3286875726,656.761904762,750.0
14:31:59,3060.0,3083.47789234,8.299751665,10.2564102564,302.0,0,27.1233714542,18.0,43.4782608696,579.047619048,870.0
14:31:59,3060.0,3083.46485269,8.30873227988,10.2564102564,926.0,0,27.1527198689,650.0,24.8045857217,681.523809524,1248.0
14:32:00,3059.0,3083.45126488,8.31879509152,7.89473684211,918.0,0,27.1944919631,-332.0,4.65898174832,761.047619048,756.0
14:32:00,3059.0,3083.43768461,8.32857259846,7.89473684211,1044.0,0,27.2264550456,440.0,-12.2718446602,861.047619048,1164.0
14:32:01,3059.0,3083.42411189,8.33859100808,7.89473684211,122.0,0,27.2592056492,14.0,-19.798488665,650.666666667,1352.0
14:32:01,3058.0,3083.40999131,8.34919246021,7.69230769231,258.0,0,27.3027876397,26.0,-30.4761904762,535.333333333,816.0
14:32:02,3057.0,3083.39532317,8.36093205788,7.5,1170.0,0,27.350121223,-240.0,-46.0117169896,699.619047619,558.0
14:32:02,3058.0,3083.38121857,8.37148263617,7.69230769231,666.0,0,27.3756789934,-44.0,-37.3863092389,678.571428571,-136.0
14:32:03,3058.0,3083.36712181,8.38227163128,7.69230769231,168.0,0,27.4109602069,-14.0,-34.5974329055,527.619047619,182.0
14:32:03,3057.0,3083.35247748,8.39366857489,7.5,158.0,0,27.4572082921,-70.0,-10.7002360346,409.523809524,-328.0
14:32:04,3058.0,3083.33839668,8.40414431496,7.69230769231,256.0,0,27.4824863145,-108.0,-9.41704035875,361.619047619,-450.0
14:32:04,3057.0,3083.3237683,8.41548820133,7.5,574.0,0,27.5285842372,-234.0,5.01336898396,398.19047619,-710.0
14:32:05,3058.0,3083.30970345,8.42591405728,7.69230769231,476.0,0,27.5536757923,-284.0,69.364664926,391.714285714,-754.0
14:32:05,3058.0,3083.2956464,8.43631582454,7.69230769231,1074.0,0,27.5876907277,4.0,47.6718403548,589.142857143,-706.0
14:32:06,3058.0,3083.28159717,8.44639780039,7.69230769231,288.0,0,27.6206599097,112.0,42.745930644,542.571428571,-580.0
14:32:06,3058.0,3083.26755574,8.45675169941,7.69230769231,110.0,0,27.6545183107,38.0,39.6688264939,439.428571429,-472.0
14:32:07,3059.0,3083.25407751,8.46593345834,7.89473684211,924.0,0,27.6754934892,768.0,47.3592571097,571.142857143,404.0
14:32:07,3059.0,3083.24060676,8.47509411707,7.89473684211,1454.0,0,27.7054400689,214.0,54.2302357836,822.476190476,852.0
14:32:08,3059.0,3083.2271435,8.48423374396,7.89473684211,206.0,0,27.7353178946,0.0,48.6686390533,675.333333333,1136.0
14:32:08,3059.0,3083.21368771,8.49364815322,7.89473684211,536.0,0,27.7660939955,-32.0,65.4349061967,635.333333333,1100.0
14:32:09,3060.0,3083.2007948,8.50193086275,10.2564102564,1350.0,0,27.7840877868,58.0,52.6200873363,853.523809524,1046.0
14:32:09,3059.0,3083.18735365,8.51100898818,7.89473684211,76.0,0,27.8228472971,10.0,54.1135063792,657.142857143,1018.0
14:32:10,3059.0,3083.17391996,8.5200663469,7.89473684211,48.0,0,27.8524561847,8.0,50.7901907357,454.380952381,258.0
14:32:10,3060.0,3083.16104914,8.5282914069,10.2564102564,436.0,0,27.8702333559,-30.0,31.97586727,404.19047619,14.0
14:32:11,3060.0,3083.14818546,8.53649809297,10.2564102564,148.0,0,27.8970525914,-12.0,32.9221279877,320.19047619,2.0
14:32:11,3060.0,3083.13532893,8.54468645807,10.2564102564,568.0,0,27.9238119545,-276.0,38.4615384615,358.952380952,-242.0
14:32:12,3060.0,3083.12247954,8.5528565548,10.2564102564,1392.0,0,27.950511617,412.0,69.7151424288,631.619047619,112.0
14:32:12,3060.0,3083.10963728,8.56100843546,10.2564102564,466.0,0,27.9771517499,-140.0,72.0732504905,637.714285714,-38.0
14:32:13,3060.0,3083.09680216,8.56881382066,10.2564102564,372.0,0,28.0026595447,88.0,69.5446481372,598.380952381,42.0
14:32:13,3060.0,3083.08397417,8.57692942966,10.2564102564,314.0,0,28.0291811427,-132.0,73.1288343558,527.047619048,-60.0
14:32:14,3061.0,3083.0717087,8.58425516445,12.5,770.0,0,28.0439567607,-354.0,67.2849046883,591.80952381,-402.0
14:32:14,3061.0,3083.05945004,8.59123649101,12.5,288.0,0,28.0667641,-138.0,59.8556357579,489.238095238,-264.0
14:32:15,3061.0,3083.0471982,8.59820177511,12.5,196.0,0,28.0895190301,-122.0,55.6109725686,373.714285714,-798.0
14:32:15,3061.0,3083.03495315,8.6051510557,12.5,526.0,0,28.1122216782,22.0,40.3892944039,409.428571429,-636.0
14:32:16,3060.0,3083.02215951,8.61285247178,10.2564102564,348.0,0,28.1465767052,-288.0,50.6142506143,391.428571429,-1012.0
14:32:16,3060.0,3083.00937298,8.62017529665,10.2564102564,762.0,0,28.1705075054,-544.0,62.6989619377,492.857142857,-1424.0
14:32:17,3061.0,3082.99714894,8.62707494723,12.5,790.0,0,28.1838449762,168.0,77.5257731959,580.952380952,-902.0
14:32:17,3061.0,3082.9849317,8.63395875309,12.5,434.0,0,28.2063337246,-374.0,71.0732984293,566.380952381,-1138.0
14:32:18,3061.0,3082.97272124,8.6408267521,12.5,924.0,0,28.2287708334,-30.0,73.5200845666,684.857142857,-1046.0
14:32:18,3062.0,3082.96107296,8.64694763457,14.6341463415,54.0,0,28.2395415891,-4.0,82.6086956522,520.095238095,-1072.0
14:32:19,3061.0,3082.94887575,8.65411376792,12.5,468.0,0,28.2721782683,70.0,67.2494172494,496.095238095,-714.0
14:32:19,3061.0,3082.93668532,8.66126427062,12.5,158.0,0,28.2955382902,10.0,60.1131541726,377.80952381,-160.0
14:32:20,3061.0,3082.92450166,8.66869591628,12.5,244.0,0,28.3198167797,48.0,43.7335670464,312.857142857,-280.0
14:32:20,3060.0,3082.91176936,8.67657508738,10.2564102564,204.0,0,28.354820547,50.0,57.6023391813,262.476190476,144.0
14:32:21,3061.0,3082.89959953,8.68397486434,12.5,644.0,0,28.3697316705,238.0,36.5688487585,348.761904762,412.0
14:32:21,3060.0,3082.88688107,8.69211707845,10.2564102564,396.0,0,28.4056113675,-44.0,39.545884579,377.523809524,372.0
14:32:22,3061.0,3082.87472507,8.6994851868,12.5,310.0,0,28.4204024397,-20.0,58.1799591002,365.428571429,282.0
14:32:22,3061.0,3082.86257582,8.70654110567,12.5,76.0,0,28.4434534651,10.0,56.5635005336,294.0,282.0
14:32:23,3061.0,3082.85043331,8.71387859951,12.5,88.0,0,28.4674243695,18.0,60.6519208382,229.904761905,252.0
14:32:23,3060.0,3082.83774215,8.72165799661,10.2564102564,104.0,0,28.5021503157,0.0,56.4894932015,177.80952381,202.0
14:32:24,3061.0,3082.82561344,8.72896411415,12.5,564.0,0,28.5167073314,-210.0,80.6241872562,261.904761905,-246.0
14:32:24,3061.0,3082.81349147,8.73625507742,12.5,340.0,0,28.5405262248,234.0,93.2523616734,285.80952381,32.0
14:32:25,3061.0,3082.80137623,8.74323385221,12.5,432.0,0,28.5633252277,228.0,69.825436409,338.666666667,280.0
14:32:25,3062.0,3082.78982312,8.74947871022,14.6341463415,382.0,0,28.5743916075,42.0,62.9319371728,371.428571429,312.0
14:32:26,3061.0,3082.77772102,8.75642804451,12.5,312.0,0,28.6064294169,-54.0,59.3252108716,369.619047619,240.0
14:32:26,3062.0,3082.76618105,8.76264518381,14.6341463415,36.0,0,28.6173911947,-26.0,60.0193610842,278.285714286,214.0
14:32:27,3062.0,3082.75464749,8.76884890457,14.6341463415,40.0,0,28.6376515499,-22.0,46.3035019455,191.333333333,402.0
14:32:27,3062.0,3082.74312033,8.77533664632,14.6341463415,276.0,0,28.658839472,-240.0,32.3410013532,196.761904762,-72.0
14:32:28,3061.0,3082.73104417,8.78222840756,12.5,72.0,0,28.6907167839,-34.0,44.5438282648,146.952380952,-334.0
14:32:28,3062.0,3082.71953012,8.78868885413,14.6341463415,206.0,0,28.7024456373,-108.0,42.8874734607,152.571428571,-484.0
14:32:29,3062.0,3082.70802247,8.79483854929,14.6341463415,606.0,0,28.7225295535,-108.0,56.3106796116,280.857142857,-538.0
14:32:29,3061.0,3082.69596581,8.8016872681,12.5,722.0,0,28.7542870568,490.0,27.7835587929,428.285714286,-22.0
14:32:30,3061.0,3082.68391584,8.8085211226,12.5,328.0,0,28.7766126188,-272.0,36.9230769231,430.476190476,-272.0
14:32:30,3061.0,3082.67187256,8.81534014736,12.5,614.0,0,28.7988897333,-508.0,52.0408163265,500.666666667,-540.0
14:32:31,3061.0,3082.65983598,8.82214437676,12.5,126.0,28.0701754386,28.8211185128,-44.0,53.7279016141,415.333333333,-550.0
14:32:31,3061.0,3082.64780608,8.82893384501,12.8205128205,264.0,0,28.843299069,-58.0,54.5112781955,366.857142857,-500.0
14:32:32,3061.0,3082.63578286,8.83570858614,12.8205128205,798.0,0,28.865431513,-598.0,63.5343618513,468.19047619,-990.0
14:32:32,3061.0,3082.62376632,8.842468634,12.8205128205,26.0,0,28.8875159556,-6.0,90.6307977736,339.80952381,-1486.0
14:32:33,3061.0,3082.61175645,8.84921402226,12.8205128205,42.0,0,28.9095525066,16.0,88.2352941176,249.142857143,-1198.0
14:32:33,3062.0,3082.60030865,8.85523915073,15.0,142.0,0,28.9197882127,90.0,75.2503576538,200.666666667,-600.0
14:32:34,3061.0,3082.58831182,8.86225432803,12.8205128205,146.0,0,28.9521539629,-2.0,74.1889985896,175.80952381,-558.0
14:32:34,3062.0,3082.57687704,8.86855102157,15.0,340.0,0,28.9632626439,230.0,63.7215528782,205.428571429,-270.0
14:32:35,3061.0,3082.56489322,8.87523986374,12.8205128205,110.0,0,28.9945764905,32.0,18.6104218362,165.714285714,360.0
14:32:35,3061.0,3082.55291605,8.88221255785,12.8205128205,330.0,0,29.0173556284,98.0,48.1081081081,221.619047619,464.0
14:32:36,3061.0,3082.54094553,8.88887249998,12.8205128205,112.0,0,29.0391130349,-38.0,50.6779661017,200.761904762,410.0
14:32:36,3061.0,3082.52898166,8.89551800985,12.8205128205,114.0,0,29.0608232926,-10.0,60.4166666667,177.142857143,310.0
14:32:37,3060.0,3082.51646904,8.90288026895,12.5,1842.0,0,29.0943799639,-368.0,39.7471910112,648.571428571,-56.0
14:32:37,3060.0,3082.50396336,8.91022643416,12.5,134.0,0,29.1183870397,-80.0,42.6192278577,551.238095238,-366.0
14:32:38,3060.0,3082.49146463,8.91785514752,12.5,114.0,0,29.1433174755,-44.0,47.0143613001,458.0,-442.0
14:32:38,3060.0,3082.47897284,8.92516929327,12.5,66.0,0,29.1672199127,-48.0,38.6230058774,350.857142857,-588.0
14:32:39,3060.0,3082.46648799,8.93246746426,12.5,242.0,0,29.1910701446,132.0,41.8789808917,306.571428571,-418.0
14:32:39,3060.0,3082.45401008,8.93974969959,12.5,182.0,0,29.2148682993,-38.0,43.3333333333,238.952380952,-446.0
14:32:40,3060.0,3082.44153909,8.94701603819,12.5,272.0,0,29.2386145039,84.0,81.9801980198,193.80952381,6.0
14:32:40,3060.0,3082.42907503,8.95426651875,12.5,600.0,0,29.2623088848,-72.0,75.7452574526,317.142857143,14.0
14:32:41,3060.0,3082.41661789,8.96180006565,12.5,274.0,0,29.2869283191,68.0,65.5256723716,325.142857143,126.0
14:32:41,3060.0,3082.40416767,8.96931791659,12.5,168.0,0,29.3114964594,4.0,60.8745684695,295.238095238,178.0
14:32:42,3059.0,3082.39116897,8.97727428714,12.1951219512,148.0,0,29.3470882221,-34.0,55.4744525547,254.761904762,12.0
14:32:42,3060.0,3082.37873289,8.98475991902,12.5,278.0,0,29.3619605197,36.0,48.9655172414,255.904761905,86.0
14:32:43,3059.0,3082.36574831,8.99298121376,12.1951219512,186.0,0,29.3984348276,106.0,43.6517533253,226.19047619,108.0
14:32:43,3059.0,3082.35277094,9.00118509001,12.1951219512,184.0,0,29.425253645,46.0,44.2649434572,200.0,226.0
14:32:44,3059.0,3082.33980078,9.00907254907,12.1951219512,278.0,0,29.4510380813,82.0,40.4186795491,220.476190476,240.0
14:32:44,3060.0,3082.32739323,9.01619427376,12.5,122.0,0,29.4646871691,-2.0,39.4648829432,196.19047619,234.0
14:32:45,3060.0,3082.31499257,9.02330049232,12.5,86.0,0,29.4879101056,-12.0,42.8571428572,163.80952381,256.0
14:32:45,3059.0,3082.30204339,9.0314370319,12.1951219512,256.0,0,29.5241485188,-2.0,52.8776978417,182.952380952,218.0
14:32:46,3059.0,3082.28910141,9.03925716316,12.1951219512,678.0,0,29.5497128577,212.0,31.2967581048,323.714285714,324.0
14:32:46,3059.0,3082.27616661,9.04706008707,12.1951219512,102.0,0,29.575220945,14.0,33.5085413929,276.476190476,292.0
14:32:47,3060.0,3082.2637944,9.0541020945,12.5,118.0,0,29.5885689363,-62.0,43.4654919237,237.714285714,148.0
14:32:47,3060.0,3082.25142906,9.06142815713,12.5,44.0,0,29.6125103174,-20.0,46.261682243,185.428571429,130.0
14:32:48,3059.0,3082.23851518,9.06948102766,12.1951219512,150.0,0,29.6485159453,-100.0,48.3679525223,167.142857143,42.0
14:32:48,3059.0,3082.22560848,9.07751692812,12.1951219512,144.0,0,29.6747856427,28.0,35.1132686084,144.095238095,72.0
14:32:49,3059.0,3082.21270895,9.08580475638,12.1951219512,72.0,0,29.7018789028,-18.0,67.3015873016,105.80952381,-158.0
14:32:49,3059.0,3082.19981658,9.09380690343,12.1951219512,38.0,0,29.728038259,0.0,57.7738515901,86.6666666667,-172.0
14:32:50,3059.0,3082.18693137,9.10179221515,12.1951219512,82.0,0,29.7541425798,-28.0,46.9811320755,83.1428571429,-138.0
14:32:50,3059.0,3082.17405332,9.1097607358,12.1951219512,152.0,0,29.7801920098,-40.0,54.0752351097,101.333333333,-158.0
14:32:51,3059.0,3082.16118242,9.11771250941,12.1951219512,368.0,0,29.8061866931,-78.0,30.7242990654,176.095238095,-136.0
14:32:51,3059.0,3082.14831867,9.12564757976,12.1951219512,746.0,0,29.8321267727,-96.0,9.25925925927,348.476190476,-260.0
14:32:52,3060.0,3082.13601747,9.13253189492,12.5,62.0,0,29.8448754736,-18.0,7.66574585637,296.761904762,-260.0
14:32:52,3060.0,3082.1237231,9.13970092644,12.5,88.0,0,29.8683036812,-8.0,10.4138851803,252.952380952,-268.0
14:32:53,3059.0,3082.11088015,9.14758795706,12.1951219512,116.0,0,29.9038507913,-26.0,12.9242819844,214.761904762,-266.0
14:32:53,3058.0,3082.09748894,9.15648995704,11.9047619048,700.0,0,29.9427402127,256.0,11.1538461539,341.80952381,30.0
14:32:54,3059.0,3082.08466056,9.16434307251,12.1951219512,92.0,0,29.9586239703,-22.0,15.0776053215,269.047619048,86.0
14:32:54,3059.0,3082.07183931,9.17244918203,12.1951219512,862.0,0,29.9851231841,516.0,23.6458333333,429.428571429,698.0
14:32:55,3058.0,3082.05846978,9.18102874894,11.9047619048,1104.0,0,30.0229847905,368.0,15.1924375422,653.428571429,1084.0
14:32:55,3057.0,3082.04455228,9.19037842287,11.6279069767,538.0,0,30.0633903267,94.0,17.2919109027,666.095238095,1186.0
14:32:56,3057.0,3082.0306425,9.19970772483,11.6279069767,236.0,0,30.093908161,-88.0,19.0826727067,571.047619048,1124.0
14:32:56,3058.0,3082.01729585,9.20823051308,11.9047619048,474.0,0,30.1119375837,-188.0,26.9207501512,538.285714286,680.0
14:32:57,3057.0,3082.00340121,9.21752035009,11.6279069767,290.0,0,30.1521764805,-24.0,29.2237442922,463.714285714,678.0
14:32:57,3057.0,3081.98951429,9.2267899958,11.6279069767,276.0,0,30.1824991685,-8.0,34.6127484578,375.714285714,154.0
14:32:58,3057.0,3081.97563508,9.236039511,11.6279069767,924.0,0,30.2127560059,438.0,38.3491599708,500.761904762,224.0
14:32:58,3058.0,3081.96231899,9.24448702915,11.9047619048,656.0,0,30.2305004223,-96.0,29.4817927171,557.80952381,34.0
14:32:59,3057.0,3081.94845488,9.2536975426,11.6279069767,430.0,0,30.2705186215,-156.0,24.262295082,544.666666667,-34.0
14:32:59,3057.0,3081.93459848,9.26288810186,11.6279069767,448.0,0,30.3005826034,72.0,22.2222222222,527.428571429,226.0
14:33:00,3057.0,3081.92074977,9.27205876628,11.6279069767,460.0,0,30.3305815057,162.0,22.041327489,514.857142857,412.0
14:33:00,3056.0,3081.90635335,9.28228697807,11.3636363636,1206.0,0,30.3739757136,790.0,19.3016488846,707.333333333,1210.0
14:33:01,3056.0,3081.89196493,9.29222334738,11.3636363636,2448.0,0,30.4064900111,1256.0,39.3767705382,1210.38095238,2028.0
14:33:01,3057.0,3081.8781399,9.30133253679,11.6279069767,1394.0,0,30.4263413045,-274.0,45.8189790166,1339.71428571,1850.0
14:33:02,3056.0,3081.86376715,9.31149607647,11.3636363636,734.0,0,30.469555224,-436.0,44.8729446936,1245.33333333,1570.0
14:33:02,3057.0,3081.84995778,9.32056497238,11.6279069767,772.0,0,30.4892540804,-254.0,41.003706872,1147.33333333,1244.0
14:33:03,3056.0,3081.83560068,9.33041621079,11.3636363636,796.0,0,30.5314666584,-168.0,36.843537415,1040.76190476,914.0
14:33:03,3056.0,3081.82125156,9.34051568883,11.3636363636,740.0,0,30.5645146886,-6.0,38.7565368972,902.19047619,118.0
14:33:04,3056.0,3081.8069104,9.35032361871,11.3636363636,256.0,0,30.5966087,186.0,27.7919863598,647.523809524,-952.0
14:33:04,3056.0,3081.79257721,9.36037995414,11.3636363636,1236.0,0,30.6295155567,-138.0,33.568592854,777.238095238,-816.0
14:33:05,3057.0,3081.77880738,9.36961756601,11.6279069767,266.0,0,30.6497139876,-70.0,35.0221347762,637.333333333,-450.0
14:33:05,3058.0,3081.7656006,9.37806935763,11.9047619048,1212.0,0,30.6673294887,-218.0,13.2711939636,790.0,-414.0
14:33:06,3056.0,3081.75129035,9.38806490467,11.3636363636,484.0,0,30.7201076724,76.0,9.39437291368,713.714285714,-170.0
14:33:06,3055.0,3081.73643265,9.39886271275,11.1111111111,1218.0,0,30.7655080614,894.0,1.28424657534,862.0,730.0
14:33:07,3057.0,3081.72269401,9.40802177747,11.6279069767,582.0,0,30.7753411105,356.0,5.76230492196,805.80952381,900.0
14:33:07,3056.0,3081.70840759,9.41795368131,11.3636363636,398.0,0,30.8179112608,-62.0,-12.9326923077,681.523809524,976.0
14:33:08,3057.0,3081.69468451,9.42707385819,11.6279069767,298.0,0,30.837663913,250.0,-9.30343511451,568.571428571,1296.0
14:33:08,3057.0,3081.68096905,9.43617520339,11.6279069767,314.0,0,30.8674360595,16.0,10.8682452945,458.666666667,1530.0
14:33:09,3057.0,3081.66726121,9.44549848693,11.6279069767,708.0,0,30.8979342065,-10.0,30.4718590108,504.095238095,1444.0
14:33:09,3057.0,3081.65356098,9.4548031428,11.6279069767,160.0,0,30.928371419,-54.0,59.756097561,382.285714286,496.0
14:33:10,3057.0,3081.63986836,9.46357826513,11.6279069767,230.0,0,30.9570764316,100.0,56.8311195446,330.857142857,240.0
14:33:10,3057.0,3081.62618334,9.47260490837,11.6279069767,464.0,0,30.9866042145,262.0,50.8739650414,363.047619048,564.0
14:33:11,3058.0,3081.61306133,9.48058755732,11.9047619048,58.0,0,31.0025754,14.0,49.4312306101,276.095238095,328.0
14:33:11,3057.0,3081.59939121,9.48957809997,11.6279069767,624.0,0,31.0421265946,-226.0,38.9483065954,362.285714286,86.0
14:33:12,3056.0,3081.58517327,9.49933262357,11.3636363636,506.0,0,31.0842036112,-54.0,12.2428991185,400.0,42.0
14:33:12,3057.0,3081.57151863,9.50828527595,11.6279069767,146.0,0,31.1033211513,62.0,8.57988165681,344.476190476,158.0
14:33:13,3057.0,3081.55787158,9.51721957514,11.6279069767,414.0,0,31.1325468601,364.0,8.13743218807,366.19047619,422.0
14:33:13,3056.0,3081.54367671,9.52664450662,11.3636363636,732.0,0,31.1735749562,86.0,32.8225806452,470.0,246.0
14:33:14,3057.0,3081.53004512,9.53527078215,11.6279069767,344.0,0,31.1915956236,160.0,32.6825741142,450.19047619,392.0
14:33:14,3056.0,3081.5158657,9.54492651738,11.3636363636,356.0,0,31.2333982899,-16.0,39.3915132106,420.19047619,602.0
14:33:15,3056.0,3081.50169415,9.55429154673,11.3636363636,470.0,0,31.2640430194,-146.0,46.5475223395,435.523809524,510.0
14:33:15,3057.0,3081.48808588,9.5631317511,11.6279069767,144.0,0,31.282733893,-20.0,45.0406504065,359.428571429,428.0
14:33:16,3057.0,3081.47448517,9.57168335363,11.6279069767,144.0,0,31.3107077319,-18.0,48.8584474886,283.428571429,46.0
14:33:16,3057.0,3081.46089201,9.58021688458,11.6279069767,406.0,0,31.3386224553,-80.0,32.5107296137,295.142857143,-120.0
14:33:17,3057.0,3081.4473064,9.58900305311,11.6279069767,372.0,0,31.3673636019,-36.0,29.1754756871,312.666666667,-316.0
14:33:17,3057.0,3081.43372833,9.59750063513,11.6279069767,122.0,0,31.3951607299,32.0,29.5536791315,257.428571429,-268.0
14:33:18,3057.0,3081.42015781,9.60625103517,11.6279069767,1184.0,0,31.4237848713,-480.0,18.802698145,516.761904762,-602.0
14:33:18,3057.0,3081.40659482,9.61471286077,11.6279069767,124.0,0,31.4514650336,40.0,19.8129251701,439.238095238,-542.0
14:33:19,3057.0,3081.39303937,9.62342768543,11.6279069767,300.0,0,31.4799728015,-126.0,24.4816586922,412.952380952,-650.0
14:33:19,3057.0,3081.37949144,9.63185394494,11.6279069767,152.0,0,31.5075366207,100.0,20.8518189885,336.952380952,-470.0
14:33:20,3057.0,3081.36595104,9.64026246617,11.6279069767,534.0,0,31.5350424147,124.0,23.5927152318,382.19047619,-310.0
14:33:20,3057.0,3081.35241816,9.6486532955,11.6279069767,686.0,0,31.5624903353,-88.0,41.1409395973,463.142857143,-430.0
14:33:21,3056.0,3081.33833739,9.65806193895,11.3636363636,1480.0,26.2295081967,31.6036058212,564.0,-2.50305250304,744.095238095,614.0
14:33:21,3056.0,3081.32426445,9.66745108168,12.1951219512,576.0,0,31.6343294558,-104.0,0.536480686703,752.666666667,470.0
14:33:22,3058.0,3081.31131012,9.67505357755,16.2790697674,342.0,0,31.6385009076,-58.0,-5.62334217506,672.857142857,538.0
14:33:22,3057.0,3081.29780759,9.68337323891,14.2857142857,58.0,0,31.6760655509,18.0,-5.93035908596,509.904761905,456.0
14:33:23,3058.0,3081.28486796,9.6909434581,16.2790697674,60.0,0,31.6904625837,-42.0,-10.4309806371,352.0,290.0
14:33:23,3058.0,3081.27193551,9.69849802232,16.2790697674,1282.0,0,31.7151668487,82.0,6.00315955767,565.80952381,460.0
14:33:24,3059.0,3081.25956565,9.70533523887,18.1818181818,30.0,0,31.7271501761,-18.0,62.7768313458,393.523809524,-122.0
14:33:24,3059.0,3081.24720266,9.71215845801,18.1818181818,1110.0,0,31.7494555672,-772.0,36.7800138793,598.857142857,-790.0
14:33:25,3058.0,3081.23429113,9.71966791445,16.2790697674,370.0,0,31.7843947497,-204.0,37.1821305842,567.333333333,-936.0
14:33:25,3058.0,3081.22138678,9.72716185625,16.2790697674,262.0,0,31.8089007726,-12.0,36.3519588953,503.619047619,-966.0
14:33:26,3058.0,3081.20848959,9.73464031924,16.2790697674,524.0,0,31.833356178,-188.0,43.8792621576,505.047619048,-1112.0
14:33:26,3058.0,3081.19559957,9.74210333907,16.2790697674,80.0,0,31.8577610826,22.0,16.0774410774,357.523809524,-1172.0
14:33:27,3058.0,3081.1827167,9.7495509512,16.2790697674,300.0,0,31.8821156023,74.0,22.6757369615,330.095238095,-1080.0
14:33:27,3058.0,3081.16984099,9.75698319091,16.2790697674,116.0,0,31.9064198525,34.0,53.5108958838,237.238095238,-274.0
14:33:28,3057.0,3081.15641703,9.76512381949,14.2857142857,102.0,0,31.9434864883,-76.0,71.676300578,187.714285714,-146.0
14:33:28,3058.0,3081.14355593,9.77222418041,16.2790697674,346.0,0,31.9562595828,-210.0,81.0626702997,220.666666667,-344.0
14:33:29,3059.0,3081.13125737,9.77861545891,18.1818181818,114.0,0,31.9667063057,-10.0,75.9924385633,183.333333333,-166.0
14:33:29,3058.0,3081.11841024,9.78568587637,16.2790697674,34.0,0,32.0002808253,12.0,73.7154150198,142.666666667,-176.0
14:33:30,3058.0,3081.10557024,9.79304160559,16.2790697674,564.0,0,32.0243348777,232.0,79.4670846395,255.619047619,-18.0
14:33:30,3058.0,3081.09273738,9.80008149059,16.2790697674,708.0,0,32.0473560843,-292.0,86.1884368308,397.142857143,-344.0
14:33:31,3059.0,3081.08046705,9.80641550762,18.1818181818,552.0,0,32.0575858373,354.0,79.9827437446,465.904761905,86.0
14:33:31,3059.0,3081.06820353,9.81303664491,18.1818181818,490.0,0,32.0792306143,-6.0,62.2258326564,495.523809524,290.0
14:33:32,3059.0,3081.05594682,9.8193433281,18.1818181818,148.0,0,32.0998474276,-10.0,57.532051282,420.571428571,290.0
14:33:32,3059.0,3081.04369692,9.82563634339,18.1818181818,14.0,0,32.1204195599,8.0,58.4006462036,305.714285714,286.0
14:33:33,3058.0,3081.03089842,9.83260345298,16.2790697674,30.0,0,32.1537065173,14.0,49.0216271885,196.380952381,68.0
14:33:33,3059.0,3081.01866243,9.83916963885,18.1818181818,326.0,0,32.1646604735,170.0,22.8205128205,197.047619048,530.0
14:33:34,3059.0,3081.00643324,9.84572238617,18.1818181818,68.0,0,32.1860816808,36.0,8.36431226766,142.19047619,212.0
14:33:34,3058.0,3080.99365543,9.85264597146,16.2790697674,712.0,0,32.2192477811,-442.0,63.6363636364,294.380952381,-224.0
14:33:35,3058.0,3080.98088473,9.85985588255,16.2790697674,196.0,0,32.242824992,-110.0,76.3744427935,288.571428571,-324.0
14:33:35,3060.0,3080.96923192,9.86540968908,20.0,288.0,0,32.2399009447,-12.0,67.037037037,306.761904762,-344.0
14:33:36,3059.0,3080.95703018,9.87160658604,18.1818181818,148.0,0,32.2706982218,10.0,64.4418872267,271.904761905,-348.0
14:33:36,3059.0,3080.94483522,9.87779002624,18.1818181818,156.0,0,32.2909121485,-52.0,67.4744897959,233.714285714,-570.0
14:33:37,3059.0,3080.93264703,9.88396003494,18.1818181818,408.0,0,32.3110821672,-18.0,70.4402515723,275.619047619,-624.0
14:33:37,3059.0,3080.92046561,9.89011663727,18.1818181818,164.0,0,32.3312083598,-44.0,60.2941176471,231.619047619,-226.0
14:33:38,3058.0,3080.90773555,9.89694040201,16.2790697674,98.0,0,32.3640954938,-36.0,54.9920760697,194.857142857,-152.0
14:33:38,3059.0,3080.89556797,9.90306957261,18.1818181818,198.0,0,32.3735520517,-32.0,64.8464163822,191.333333333,-172.0
14:33:39,3059.0,3080.88340714,9.9094874067,18.1818181818,440.0,0,32.394532222,-58.0,78.1420765027,261.238095238,-240.0
14:33:39,3059.0,3080.87125307,9.9155900287,18.1818181818,296.0,0,32.4144819506,-180.0,91.0224438903,276.095238095,-368.0
14:33:40,3059.0,3080.85910574,9.92167937034,18.1818181818,66.0,0,32.4343882652,38.0,92.7099841521,218.571428571,-312.0
14:33:40,3059.0,3080.84696517,9.92775545605,18.1818181818,550.0,0,32.4542512457,-174.0,93.9320388349,315.619047619,-442.0
14:33:41,3059.0,3080.83483134,9.93381831015,18.1818181818,14.0,0,32.4740709714,-8.0,93.989769821,241.142857143,-414.0
14:33:41,3059.0,3080.82270424,9.94017036876,18.1818181818,126.0,0,32.4948361188,-22.0,90.6166219839,202.666666667,-404.0
14:33:42,3060.0,3080.81113929,9.94555983425,20.0,128.0,0,32.5018295237,-100.0,87.1186440678,168.19047619,-446.0
14:33:42,3059.0,3080.79902535,9.95158388969,18.1818181818,128.0,0,32.5321474001,-88.0,83.9920948617,148.571428571,-354.0
14:33:43,3059.0,3080.78691815,9.95789748,18.1818181818,310.0,0,32.5527867931,30.0,66.5605095541,188.952380952,-362.0
14:33:43,3060.0,3080.77537307,9.96325023508,20.0,82.0,0,32.5596412911,68.0,41.6243654822,152.571428571,-120.0
14:33:44,3060.0,3080.7638344,9.96859116809,20.0,326.0,0,32.5770953206,242.0,33.4545454545,208.19047619,130.0
14:33:44,3060.0,3080.75230214,9.9742232556,20.0,192.0,0,32.5955008353,134.0,45.6260720412,210.666666667,286.0
14:33:45,3060.0,3080.74077628,9.97984374491,20.0,138.0,0,32.6138684474,-18.0,46.9387755102,194.571428571,368.0
14:33:45,3060.0,3080.72925683,9.98545265562,20.0,596.0,0,32.632198221,-62.0,61.9221411192,308.857142857,394.0
14:33:46,3059.0,3080.71718837,9.99169206975,18.1818181818,104.0,0,32.6632627321,-28.0,74.4089012517,260.285714286,336.0
14:33:46,3060.0,3080.70568202,9.99697398275,20.0,170.0,0,32.6698496168,-56.0,78.374836173,240.380952381,212.0
14:33:47,3059.0,3080.69362665,10.0031883767,18.1818181818,128.0,0,32.7008446445,22.0,95.4819277108,204.285714286,-8.0
14:33:47,3060.0,3080.68213339,10.0084463982,20.0,52.0,0,32.7073411706,40.0,94.9494949495,155.904761905,-102.0
14:33:48,3060.0,3080.6706465,10.0139963163,20.0,70.0,0,32.7254781577,-12.0,95.0,119.333333333,-96.0
14:33:48,3060.0,3080.659166,10.0192311224,20.0,70.0,0,32.7425853673,16.0,86.531986532,86.0,-18.0
14:33:49,3059.0,3080.64713647,10.0250926499,18.1818181818,98.0,0,32.7724506371,20.0,85.0340136054,85.7142857143,30.0
14:33:49,3060.0,3080.63566903,10.0306074647,20.0,654.0,0,32.7797629566,-432.0,92.1641791045,244.571428571,-346.0
14:33:50,3060.0,3080.62420795,10.0358069425,20.0,212.0,0,32.7967547141,-84.0,93.7716262976,254.095238095,-452.0
14:33:50,3060.0,3080.61275324,10.0409948446,20.0,566.0,0,32.8137086425,-120.0,54.251497006,360.761904762,-612.0
14:33:51,3060.0,3080.60130489,10.0461711888,20.0,172.0,0,32.8306248001,-2.0,56.7720090294,330.380952381,-602.0
14:33:51,3060.0,3080.5898629,10.0513359931,20.0,558.0,0,32.8475032455,160.0,67.8761061947,405.428571429,-458.0
14:33:52,3060.0,3080.57842726,10.0567936277,20.0,912.0,0,32.8653386528,-330.0,46.1288223813,558.380952381,-808.0
14:33:52,3060.0,3080.56699798,10.0619355106,20.0,82.0,0,32.8821421914,0.0,34.0527577938,435.428571429,-376.0
14:33:53,3060.0,3080.55557504,10.0670659068,20.0,70.0,0,32.8989081922,46.0,30.2542372881,336.285714286,-246.0
14:33:53,3059.0,3080.54360305,10.0728178257,18.1818181818,796.0,0,32.9284662496,-296.0,32.8185328185,451.333333333,-422.0
14:33:54,3060.0,3080.5321931,10.0779247202,20.0,304.0,0,32.9343945106,34.0,37.8398236591,414.857142857,-386.0
14:33:54,3060.0,3080.5207895,10.0830201819,20.0,144.0,0,32.9510463459,0.0,26.1698440208,326.380952381,-546.0
14:33:55,3059.0,3080.50883682,10.0890403807,18.1818181818,30.0,0,32.9814984657,4.0,45.8625525947,225.047619048,-212.0
14:33:55,3060.0,3080.49744619,10.0944175954,20.0,102.0,0,32.9882927953,-72.0,46.4730290456,186.285714286,-284.0
14:33:56,3059.0,3080.48550648,10.1004135985,18.1818181818,94.0,0,33.0186779945,-46.0,44.4897959184,144.285714286,-376.0
14:33:56,3060.0,3080.4741288,10.10576788,20.0,52.0,0,33.0253852288,20.0,93.9393939394,89.1428571429,-60.0
14:33:57,3060.0,3080.46275744,10.1108057188,20.0,178.0,0,33.0418487544,-38.0,80.3333333333,105.428571429,-132.0
14:33:57,3060.0,3080.4513924,10.1161376357,20.0,642.0,0,33.0592733191,-428.0,89.7996357013,260.285714286,-560.0
14:33:58,3059.0,3080.43947827,10.1220860424,18.1818181818,340.0,0,33.0895261273,-318.0,67.8977272727,305.142857143,-882.0
14:33:58,3061.0,3080.42868156,10.1267955846,21.7391304348,112.0,0,33.0832916843,92.0,62.2002820875,270.095238095,-718.0
14:33:59,3060.0,3080.41733545,10.1317885298,20.0,414.0,0,33.1104200319,90.0,50.1726121979,320.857142857,-582.0
14:33:59,3059.0,3080.40544023,10.1373961002,18.1818181818,24.0,0,33.1395753519,6.0,50.2923976608,244.952380952,-596.0
14:34:00,3060.0,3080.39410702,10.1426718628,20.0,148.0,0,33.1459864796,52.0,40.9523809524,205.80952381,-506.0
14:34:00,3058.0,3080.38166931,10.1492132974,16.2790697674,2550.0,0,33.1890559103,1066.0,-46.2095875139,854.380952381,988.0
14:34:01,3058.0,3080.3692385,10.1557412114,16.2790697674,984.0,0,33.2104029149,74.0,-4.96219281662,964.666666667,1380.0
14:34:01,3058.0,3080.3568146,10.1622556308,16.2790697674,1368.0,0,33.2317057908,194.0,-20.2988338192,1154.0,1482.0
14:34:02,3057.0,3080.34384219,10.1694338068,14.2857142857,1204.0,0,33.266057595,340.0,-18.4135074865,1236.66666667,1732.0
14:34:02,3057.0,3080.33087699,10.1765970931,14.2857142857,2592.0,0,33.2894900003,1360.0,-9.99321727335,1678.28571429,3086.0
14:34:03,3056.0,3080.31736359,10.1844484713,12.1951219512,970.0,0,33.3260748405,236.0,-6.90939180803,1534.19047619,3270.0
14:34:03,3056.0,3080.3038577,10.1922834373,12.1951219512,590.0,0,33.3517128185,146.0,13.5184224183,1242.38095238,2350.0
14:34:04,3056.0,3080.2903593,10.2001020291,12.1951219512,324.0,0,33.3772972157,-90.0,-2.2985244041,967.904761905,2186.0
14:34:04,3057.0,3080.27742381,10.2074829578,14.2857142857,1696.0,0,33.3905232508,308.0,35.9815618221,1116.85714286,2300.0
14:34:05,3056.0,3080.2639401,10.2155490145,12.1951219512,646.0,0,33.4278436337,-262.0,41.3904370783,950.19047619,1698.0
14:34:05,3056.0,3080.25046387,10.2233196535,12.1951219512,840.0,0,33.4532711175,346.0,67.5483616265,865.523809524,684.0
14:34:06,3057.0,3080.23755053,10.2306553228,14.2857142857,256.0,0,33.4663242485,34.0,80.1011029412,697.428571429,482.0
14:34:06,3057.0,3080.22464437,10.2379765035,14.2857142857,342.0,0,33.490273155,-302.0,87.037037037,587.904761905,34.0
14:34:07,3057.0,3080.21174537,10.2452832267,14.2857142857,256.0,0,33.5141747684,-230.0,82.9038652131,465.619047619,-106.0
14:34:07,3056.0,3080.19829814,10.2529917909,12.1951219512,92.0,0,33.5503658078,-52.0,61.1019736842,299.714285714,-466.0
14:34:08,3056.0,3080.18485837,10.2606842689,12.1951219512,392.0,0,33.5755375292,-226.0,61.7079889807,295.904761905,-430.0
14:34:08,3056.0,3080.17142607,10.2686403676,12.1951219512,492.0,0,33.6015718836,-178.0,51.8032786885,332.761904762,-954.0
14:34:09,3055.0,3080.15744583,10.2770212334,11.9047619048,1042.0,0,33.6400040374,-408.0,59.5565749236,543.333333333,-1396.0
14:34:09,3056.0,3080.14402875,10.2846649259,12.1951219512,1756.0,0,33.6540082655,-262.0,66.0545905707,920.476190476,-1356.0
14:34:10,3056.0,3080.13061913,10.2922926785,12.1951219512,656.0,0,33.6789681889,-298.0,64.8758465011,916.0,-1424.0
14:34:10,3056.0,3080.11721695,10.3001844494,12.1951219512,428.0,0,33.7047920464,-138.0,56.1057490558,827.333333333,-1510.0
14:34:11,3056.0,3080.10382222,10.3077804988,12.1951219512,184.0,23.7288135593,33.7296482291,-108.0,59.2803861343,652.952380952,-1392.0
14:34:11,3056.0,3080.09043492,10.3156407638,12.1951219512,510.0,0,33.7553689914,376.0,57.6923076923,581.619047619,-838.0
14:34:12,3056.0,3080.07705507,10.3234853573,12.1951219512,738.0,0,33.7810384729,-524.0,44.4288389513,574.571428571,-954.0
14:34:12,3056.0,3080.06368264,10.3313143151,12.1951219512,586.0,0,33.8066567904,4.0,25.5963894262,538.571428571,-688.0
14:34:13,3055.0,3080.04976224,10.3395612915,11.9047619048,148.0,0,33.8447178118,2.0,25.0578257517,433.142857143,-388.0
14:34:13,3055.0,3080.03584957,10.3480711956,11.9047619048,584.0,0,33.8725734717,-276.0,33.3090909091,476.476190476,-526.0
14:34:14,3056.0,3080.02250003,10.3555714674,12.1951219512,386.0,0,33.8860322886,56.0,34.756097561,455.80952381,-362.0
14:34:14,3056.0,3080.0091579,10.3630561177,12.1951219512,530.0,0,33.9105239454,236.0,28.9367429341,466.666666667,-502.0
14:34:15,3056.0,3079.99582318,10.3705251803,12.1951219512,1362.0,0,33.9349645953,668.0,35.1501668521,714.285714286,690.0
14:34:15,3056.0,3079.98249587,10.3779786889,12.1951219512,308.0,0,33.9593543484,-24.0,35.5033152502,631.047619048,662.0
14:34:16,3056.0,3079.96917596,10.3856972964,12.1951219512,584.0,0,33.9846115721,-264.0,29.3553542888,639.904761905,396.0
14:34:16,3056.0,3079.95586345,10.3934005503,12.1951219512,524.0,0,34.0098185548,-70.0,23.443421765,610.857142857,602.0
14:34:17,3056.0,3079.94255833,10.4008077463,12.1951219512,194.0,0,34.0340567613,148.0,20.8452312964,490.380952381,694.0
14:34:17,3056.0,3079.92926061,10.4081995217,12.1951219512,458.0,0,34.0582445082,388.0,15.5685131195,454.476190476,846.0
14:34:18,3056.0,3079.91597026,10.4155759096,12.1951219512,72.0,0,34.082381903,6.0,1.77570093457,311.714285714,184.0
14:34:18,3055.0,3079.9021319,10.4236420164,11.9047619048,1114.0,0,34.1199411338,584.0,8.1466395112,528.095238095,792.0
14:34:19,3056.0,3079.88885663,10.4309869566,12.1951219512,454.0,0,34.1328107219,-44.0,11.2926136364,517.523809524,1012.0
14:34:19,3055.0,3079.87503333,10.4393011827,11.9047619048,1528.0,0,34.1711986339,268.0,16.1780104712,820.0,1350.0
14:34:20,3056.0,3079.8617731,10.4466148897,12.1951219512,1814.0,0,34.1839492465,-96.0,11.9485294118,1156.38095238,1106.0
14:34:20,3055.0,3079.84796484,10.4548964804,11.9047619048,2600.0,0,34.2222470718,406.0,11.5800580322,1640.19047619,1124.0
14:34:21,3054.0,3079.83360885,10.4636077006,11.6279069767,2638.0,0,34.2619767536,542.0,8.96728419393,2032.85714286,1660.0
14:34:21,3054.0,3079.81926083,10.4725817799,11.6279069767,1066.0,0,34.2913614272,212.0,4.41584158416,1854.19047619,1288.0
14:34:22,3053.0,3079.80436538,10.4822897342,11.3636363636,1088.0,0,34.3343915302,-132.0,6.01825973542,1684.0952381,1200.0
14:34:22,3054.0,3079.7900336,10.4912263131,11.6279069767,3194.0,0,34.3524109793,656.0,14.8225806452,2085.52380952,1588.0
14:34:23,3054.0,3079.77570978,10.5001446749,11.6279069767,812.0,0,34.3816132119,210.0,18.7752237235,1727.04761905,1894.0
14:34:23,3054.0,3079.76139392,10.5095284478,11.6279069767,1986.0,0,34.4123393837,40.0,9.08753709199,1751.71428571,1528.0
14:34:24,3054.0,3079.74708601,10.5186657136,11.6279069767,456.0,0,34.4422583943,-80.0,13.3689839572,1368.47619048,906.0
14:34:24,3054.0,3079.73278604,10.5280137177,11.6279069767,1066.0,0,34.4728674449,-586.0,18.4608230644,1263.42857143,108.0
14:34:25,3053.0,3079.71793862,10.5380905184,11.3636363636,1312.0,0,34.5171651439,612.0,15.2503965556,1228.66666667,852.0
14:34:25,3052.0,3079.70254404,10.5489195478,11.1111111111,680.0,0,34.5639565787,-18.0,8.87198986059,1002.66666667,178.0
14:34:26,3052.0,3079.68715801,10.5597269207,11.1111111111,1578.0,0,34.5993673678,116.0,23.5094659508,1152.95238095,84.0
14:34:26,3053.0,3079.67233593,10.5697429656,11.3636363636,1138.0,0,34.6208416822,190.0,56.051364366,1141.04761905,234.0
14:34:27,3054.0,3079.65807748,10.5789969973,11.6279069767,848.0,0,34.6398068019,96.0,50.5285412262,1086.66666667,410.0
14:34:27,3053.0,3079.64327155,10.5891778992,11.3636363636,424.0,0,34.6845001611,-70.0,57.0568561873,892.476190476,926.0
14:34:28,3054.0,3079.62902925,10.5985989313,11.6279069767,1212.0,0,34.7039912615,-314.0,78.537414966,954.0,0.0
14:34:28,3055.0,3079.61535025,10.6074657933,11.9047619048,4296.0,0,34.7216556245,-418.0,79.1701769166,1901.42857143,-400.0
14:34:29,3055.0,3079.60167886,10.6159375258,11.9047619048,1136.0,0,34.7493863366,-48.0,72.1669980119,1773.80952381,-564.0
14:34:29,3054.0,3079.58745965,10.6254855771,11.6279069767,1122.0,0,34.7920287398,-6.0,57.512724054,1663.23809524,-760.0
14:34:30,3055.0,3079.57380375,10.6343055982,11.9047619048,442.0,0,34.8095109597,70.0,64.6431881372,1359.14285714,-786.0
14:34:30,3055.0,3079.56015542,10.6429333044,11.9047619048,242.0,0,34.8377522238,56.0,64.5443786982,1017.23809524,-660.0
14:34:31,3055.0,3079.54651468,10.651342345,11.9047619048,470.0,0,34.865277725,-28.0,54.3591074208,749.142857143,-374.0
14:34:31,3055.0,3079.53288152,10.6599392812,11.9047619048,1184.0,0,34.893418269,-324.0,28.0243690165,720.380952381,-280.0
14:34:32,3055.0,3079.51925592,10.668520929,11.9047619048,556.0,0,34.9215087691,300.0,35.0597609562,660.380952381,68.0
14:34:32,3055.0,3079.5056379,10.6770873252,11.9047619048,418.0,0,34.949549346,-246.0,56.7632850242,588.571428571,-172.0
14:34:33,3054.0,3079.49147203,10.6863446816,11.6279069767,114.0,0,34.9913054408,10.0,48.8605898123,463.428571429,-232.0
14:34:33,3055.0,3079.47786944,10.6948798757,11.9047619048,84.0,0,35.0077901005,-12.0,49.0445859873,345.333333333,-300.0
14:34:34,3055.0,3079.4642744,10.70339993,11.9047619048,336.0,0,35.0356789853,198.0,53.4175334324,306.761904762,-74.0
14:34:34,3054.0,3079.45013151,10.7126085824,11.6279069767,624.0,0,35.077303806,-394.0,61.8198874297,356.857142857,-144.0
14:34:35,3054.0,3079.43599647,10.7218005098,11.6279069767,716.0,0,35.1074018004,-6.0,56.369982548,459.904761905,-450.0
14:34:35,3055.0,3079.42242469,10.7302737617,11.9047619048,354.0,0,35.123645701,32.0,60.592459605,451.904761905,-172.0
14:34:36,3055.0,3079.40886044,10.7389102683,11.9047619048,488.0,0,35.1519157718,246.0,50.7302075327,485.238095238,64.0
14:34:36,3055.0,3079.39530373,10.7475320164,11.9047619048,130.0,0,35.1801375334,10.0,49.0936555891,398.476190476,86.0
14:34:37,3055.0,3079.38175455,10.7562916415,11.9047619048,152.0,0,35.2088106104,-62.0,50.0811688312,315.80952381,-174.0
14:34:37,3055.0,3079.36821289,10.765036799,11.9047619048,678.0,0,35.2374363306,268.0,56.7116759333,392.19047619,488.0
14:34:38,3056.0,3079.35523415,10.7729424434,12.1951219512,138.0,0,35.2517750111,-12.0,48.0412371134,311.714285714,482.0
14:34:38,3055.0,3079.34170723,10.7816594385,11.9047619048,254.0,0,35.2918475891,150.0,45.5434782609,291.904761905,600.0
14:34:39,3056.0,3079.32874321,10.7896912928,12.1951219512,22.0,0,35.3065814556,18.0,60.2620087336,210.571428571,372.0
14:34:39,3056.0,3079.3157864,10.7977103054,12.1951219512,108.0,0,35.33282168,52.0,61.9822485207,176.0,414.0
14:34:40,3056.0,3079.30283678,10.8055632534,12.1951219512,48.0,0,35.3585184992,26.0,72.7564102564,125.333333333,502.0
14:34:40,3056.0,3079.28989436,10.8134031914,12.1951219512,190.0,0,35.3841727468,10.0,36.8421052632,120.19047619,244.0
14:34:41,3055.0,3079.27640372,10.8217189023,11.9047619048,442.0,0,35.4229751302,54.0,37.5939849624,210.285714286,310.0
14:34:41,3055.0,3079.26292057,10.8300199919,11.9047619048,346.0,0,35.450147273,194.0,44.6366782007,258.476190476,354.0
14:34:42,3056.0,3079.25000032,10.8378194558,12.1951219512,488.0,0,35.4640688997,-82.0,45.4993834772,342.857142857,254.0
14:34:42,3056.0,3079.23708724,10.8454265515,12.1951219512,84.0,0,35.4889612286,4.0,45.6821026283,289.619047619,206.0
14:34:43,3055.0,3079.22362593,10.8536855797,11.9047619048,228.0,0,35.5276123723,-38.0,50.3937007874,278.666666667,142.0
14:34:43,3056.0,3079.21072749,10.8612658557,12.1951219512,638.0,0,35.5407914125,124.0,41.2398921833,376.285714286,256.0
14:34:44,3056.0,3079.19783623,10.8688331138,12.1951219512,86.0,0,35.5655533829,-44.0,42.4598930481,294.857142857,158.0
14:34:44,3055.0,3079.18439672,10.8770502502,11.9047619048,170.0,0,35.604092472,20.0,43.919716647,254.380952381,-16.0
14:34:45,3056.0,3079.17152007,10.8847708731,12.1951219512,94.0,0,35.6177057366,12.0,42.6153846154,200.571428571,78.0
14:34:45,3055.0,3079.15809518,10.8929600914,11.9047619048,438.0,0,35.6561705119,-110.0,38.2103990326,263.80952381,-36.0
14:34:46,3056.0,3079.14523315,10.9002685683,12.1951219512,74.0,0,35.66841809,-14.0,30.5333333333,206.19047619,-12.0
14:34:46,3055.0,3079.13182285,10.9084297983,11.9047619048,230.0,0,35.7068078503,188.0,35.347985348,200.476190476,52.0
14:34:47,3056.0,3079.11897541,10.9157115747,12.1951219512,210.0,0,35.7189514879,-92.0,39.6381578947,208.476190476,4.0
14:34:47,3056.0,3079.1061351,10.9231863342,12.1951219512,144.0,0,35.7434107794,-14.0,40.3361344538,191.714285714,-30.0
14:34:48,3056.0,3079.09330192,10.930442199,12.1951219512,442.0,0,35.7671537927,-32.0,42.9128738621,261.333333333,-74.0
14:34:48,3055.0,3079.07992047,10.938342345,11.9047619048,86.0,0,35.8047212602,12.0,50.4215851602,212.666666667,48.0
14:34:49,3055.0,3079.06654645,10.9464344461,11.9047619048,30.0,0,35.8312093163,2.0,50.0875656742,164.761904762,64.0
14:34:49,3055.0,3079.05317986,10.9543060477,11.9047619048,246.0,0,35.8569756064,44.0,60.2763385147,180.666666667,-80.0
14:34:50,3056.0,3079.0403761,10.9617147684,12.1951219512,38.0,0,35.8694854987,14.0,55.5780933063,136.380952381,26.0
14:34:50,3055.0,3079.02702404,10.969558664,11.9047619048,34.0,0,35.9069023373,24.0,50.9132420091,99.1428571429,64.0
14:34:51,3055.0,3079.0136794,10.9773883443,11.9047619048,112.0,0,35.9325314052,12.0,54.2124542125,89.4285714286,108.0
14:34:51,3056.0,3079.00089758,10.984318775,12.1951219512,64.0,0,35.9434514888,-2.0,56.4885496183,81.7142857143,94.0
14:34:52,3055.0,3078.98756745,10.9921207436,11.9047619048,36.0,0,35.9807552981,0.0,58.1132075472,67.0476190476,92.0
14:34:52,3055.0,3078.97424472,10.9999085855,11.9047619048,204.0,0,36.0062474156,-102.0,73.3606557377,100.095238095,-54.0
14:34:53,3056.0,3078.9614848,11.0067990737,12.1951219512,134.0,0,36.0170126757,86.0,75.3424657534,115.142857143,18.0
14:34:53,3056.0,3078.94873196,11.0139091039,12.1951219512,166.0,0,36.0402784815,12.0,75.1396648045,134.761904762,6.0
14:34:54,3056.0,3078.9359862,11.0207739304,12.1951219512,300.0,0,36.0627419188,140.0,44.0265486726,186.380952381,134.0
14:34:54,3056.0,3078.92324753,11.0276259121,12.1951219512,188.0,0,36.0851633248,168.0,49.0272373541,197.047619048,304.0
14:34:55,3056.0,3078.91051593,11.0344650729,12.1951219512,618.0,0,36.1075427777,-168.0,49.6894409938,324.666666667,136.0
14:34:55,3056.0,3078.8977914,11.0415242618,12.1951219512,146.0,0,36.130642218,14.0,42.2680412371,289.714285714,252.0
14:34:56,3056.0,3078.88507393,11.0485708673,12.1951219512,296.0,0,36.153700482,252.0,33.0221703617,300.380952381,418.0
14:34:56,3056.0,3078.87236353,11.0553719101,12.1951219512,186.0,0,36.1759552033,6.0,34.3713956171,271.904761905,412.0
14:34:57,3056.0,3078.85966019,11.0623933314,12.1951219512,70.0,0,36.1989310583,-4.0,46.2765957447,209.333333333,268.0
14:34:57,3057.0,3078.84751931,11.0685490053,14.2857142857,252.0,0,36.207226056,44.0,46.556122449,209.714285714,144.0
14:34:58,3058.0,3078.83594057,11.0743320974,16.2790697674,514.0,0,36.2142972447,244.0,15.1639344262,281.904761905,556.0
14:34:58,3056.0,3078.82325746,11.0810844279,12.1951219512,142.0,0,36.2600930233,92.0,15.1369863014,252.761904762,634.0
14:34:59,3056.0,3078.81058139,11.0878241215,12.1951219512,212.0,0,36.2821469945,2.0,17.6598837209,243.80952381,384.0
14:34:59,3056.0,3078.79791237,11.0945512013,12.1951219512,922.0,0,36.3041596901,20.0,4.21401515151,441.714285714,398.0
14:35:00,3056.0,3078.78525038,11.1012656901,12.1951219512,486.0,0,36.326131185,40.0,15.3085443038,480.0,442.0
14:35:00,3055.0,3078.77204002,11.1086090204,11.9047619048,2048.0,0,36.3620589865,-406.0,-0.716928769662,944.761904762,-8.0
14:35:01,3054.0,3078.7582816,11.1166041838,11.6279069767,1714.0,23.3333333333,36.4001446753,148.0,13.9572773353,1228.57142857,-104.0
14:35:01,3054.0,3078.74453082,11.124818087,11.9047619048,670.0,0,36.4270402325,48.0,11.5994712492,1156.95238095,-148.0
14:35:02,3053.0,3078.73023227,11.1334719996,11.6279069767,200.0,0,36.4673173914,-12.0,12.2847682119,925.904761905,-162.0
14:35:02,3054.0,3078.71649707,11.1414208781,11.9047619048,414.0,0,36.4814043159,-236.0,13.8467100506,756.571428571,-418.0
14:35:03,3053.0,3078.70221409,11.1502764041,11.6279069767,350.0,0,36.5223596598,-66.0,8.71015567087,593.142857143,-524.0
14:35:03,3053.0,3078.68793905,11.1593248253,11.6279069767,560.0,0,36.5519974623,260.0,22.6714431935,496.19047619,142.0
14:35:04,3054.0,3078.67422734,11.1674615389,11.9047619048,488.0,0,36.5666717055,108.0,25.5779269202,449.523809524,102.0
14:35:04,3054.0,3078.66052324,11.1757929504,11.9047619048,108.0,0,36.5939520315,50.0,34.5283018868,352.666666667,104.0
14:35:05,3055.0,3078.64738216,11.1834500429,13.9534883721,388.0,0,36.6070377835,76.0,29.5493934142,362.571428571,192.0
14:35:05,3055.0,3078.63424837,11.1908841733,13.9534883721,780.0,0,36.6313720894,428.0,42.7075542259,475.523809524,856.0
14:35:06,3055.0,3078.62112188,11.1985147825,13.9534883721,56.0,0,36.6563495335,50.0,46.7226890756,364.19047619,972.0
14:35:06,3056.0,3078.60855808,11.2052894118,15.9090909091,220.0,0,36.6665229444,76.0,45.8823529412,313.714285714,788.0
14:35:07,3055.0,3078.59544585,11.2126842546,13.9534883721,172.0,0,36.7027307844,-38.0,31.4385150812,265.714285714,642.0
14:35:07,3055.0,3078.58234091,11.2200657994,13.9534883721,330.0,0,36.7268929604,48.0,33.1963001028,277.904761905,640.0
14:35:08,3055.0,3078.56924325,11.2274340723,13.9534883721,556.0,0,36.7510116934,-190.0,48.4389782403,344.095238095,374.0
14:35:08,3055.0,3078.55615286,11.2347890995,13.9534883721,120.0,0,36.7750870689,92.0,38.7895460798,277.714285714,38.0
14:35:09,3055.0,3078.54306975,11.2423413712,13.9534883721,464.0,0,36.799808089,-54.0,51.5574650913,341.047619048,-66.0
14:35:09,3055.0,3078.5299939,11.2496700878,13.9534883721,818.0,0,36.8237973413,-142.0,54.9593495935,486.095238095,-284.0
14:35:10,3056.0,3078.51748071,11.256357295,15.9090909091,26.0,0,36.833629892,6.0,58.8591184097,376.380952381,-240.0
14:35:10,3055.0,3078.50441907,11.2636603484,13.9534883721,40.0,0,36.8695919752,10.0,61.8577075099,277.619047619,-278.0
14:35:11,3056.0,3078.49192009,11.2703231931,15.9090909091,70.0,0,36.8793298203,56.0,59.2977893368,201.238095238,-32.0
14:35:11,3055.0,3078.47887264,11.2776006794,13.9534883721,224.0,0,36.9152231731,134.0,55.0548112058,192.0,10.0
14:35:12,3056.0,3078.46638785,11.2840035361,15.9090909091,18.0,0,36.9240953406,12.0,42.9765886288,118.952380952,76.0
14:35:12,3055.0,3078.45335459,11.2912554627,13.9534883721,70.0,0,36.9599196813,44.0,33.9285714286,82.0,262.0
14:35:13,3055.0,3078.44032856,11.2984943687,13.9534883721,142.0,0,36.9836149549,-2.0,29.4326241135,101.238095238,254.0
14:35:13,3055.0,3078.42730978,11.3057202793,13.9534883721,968.0,0,37.00726769,-398.0,10.8579088472,350.952380952,-154.0
14:35:14,3055.0,3078.41429822,11.3129332193,13.9534883721,100.0,0,37.0308779683,10.0,12.7463863338,308.476190476,-200.0
14:35:14,3055.0,3078.40129389,11.3198970462,13.9534883721,556.0,0,37.0536728189,-108.0,12.6213592233,394.857142857,-442.0
14:35:15,3054.0,3078.38774138,11.3277305868,11.9047619048,168.0,0,37.0914557524,-24.0,14.4710578842,354.571428571,-478.0
14:35:15,3055.0,3078.3747518,11.3346676774,13.9534883721,94.0,0,37.1020218574,48.0,15.3846153846,286.0,-474.0
14:35:16,3055.0,3078.36176943,11.3418281583,13.9534883721,124.0,0,37.1254604199,4.0,14.4278606965,224.857142857,-468.0
14:35:16,3054.0,3078.34823887,11.3496203742,11.9047619048,38.0,0,37.1631315462,-6.0,29.6296296296,140.0,-76.0
14:35:17,3055.0,3078.33527123,11.3565179217,13.9534883721,234.0,0,37.1735447518,-42.0,26.0296540362,155.428571429,-128.0
14:35:17,3055.0,3078.32231079,11.3634024822,13.9534883721,114.0,0,37.1960801381,4.0,47.6683937824,130.19047619,-16.0
14:35:18,3055.0,3078.30935755,11.3702740793,13.9534883721,236.0,0,37.2185730911,20.0,63.0952380952,160.857142857,28.0
14:35:18,3055.0,3078.2964115,11.3773696623,13.9534883721,416.0,0,37.2417992219,0.0,69.8795180723,239.714285714,-20.0
14:35:19,3055.0,3078.28347264,11.3844525201,13.9534883721,314.0,0,37.2649836991,-260.0,59.1715976331,274.095238095,-284.0
14:35:19,3055.0,3078.27054097,11.391285571,13.9534883721,128.0,0,37.2873504779,-112.0,52.9819694868,246.285714286,-390.0
14:35:20,3055.0,3078.25761649,11.3981057522,13.9534883721,94.0,0,37.3096751299,4.0,51.6129032258,204.476190476,-344.0
14:35:20,3054.0,3078.24414377,11.4055525654,11.9047619048,246.0,0,37.3462755905,150.0,32.4965132497,212.761904762,-198.0
14:35:21,3055.0,3078.23123395,11.412583857,13.9534883721,634.0,0,37.357066635,-306.0,41.4847161572,325.619047619,-524.0
14:35:21,3055.0,3078.21833129,11.4196025422,13.9534883721,186.0,0,37.3800410547,34.0,37.8277153558,291.523809524,-490.0
14:35:22,3055.0,3078.2054358,11.4266086442,13.9534883721,164.0,0,37.4029742855,30.0,45.4545454545,262.095238095,-200.0
14:35:22,3055.0,3078.19254747,11.4333645091,13.9534883721,18.0,0,37.4250884093,-6.0,50.521609538,198.095238095,-94.0
14:35:23,3055.0,3078.1796663,11.4401076431,13.9534883721,140.0,0,37.4471608612,40.0,57.6368876081,174.19047619,-58.0
14:35:23,3055.0,3078.16679228,11.4470759515,13.9534883721,40.0,0,37.4699703814,20.0,77.3265651438,119.523809524,-188.0
14:35:24,3055.0,3078.15392542,11.4540317683,13.9534883721,38.0,0,37.4927390125,26.0,69.9658703072,74.0952380952,144.0
14:35:24,3054.0,3078.1405103,11.4616095619,11.9047619048,50.0,0,37.5298282971,44.0,52.4444444445,60.4761904762,154.0
14:35:25,3055.0,3078.12765803,11.4683016942,13.9534883721,84.0,0,37.539449081,26.0,70.8108108108,63.0476190476,150.0
14:35:25,3055.0,3078.1148129,11.4749812091,13.9534883721,98.0,0,37.5613132869,38.0,64.8888888889,73.4285714286,194.0
14:35:26,3055.0,3078.1019749,11.4818864863,13.9534883721,172.0,0,37.5839164854,22.0,39.0041493776,101.142857143,176.0
14:35:26,3054.0,3078.08858863,11.4894113356,11.9047619048,102.0,0,37.6208622647,76.0,37.5,107.333333333,232.0
14:35:27,3055.0,3078.0757652,11.4962912666,13.9534883721,430.0,0,37.6310679757,406.0,64.5299145299,204.285714286,612.0
14:35:27,3055.0,3078.06294889,11.5031588657,13.9534883721,158.0,0,37.6535478418,112.0,69.3486590038,204.857142857,680.0
14:35:28,3054.0,3078.0495843,11.5106442285,11.9047619048,120.0,0,37.6903871268,6.0,66.8518518519,189.428571429,660.0
14:35:28,3055.0,3078.03678253,11.5174866213,13.9534883721,72.0,0,37.7004472054,38.0,66.6034155598,158.571428571,660.0
14:35:29,3055.0,3078.02398787,11.5243167495,13.9534883721,158.0,0,37.7228044174,56.0,79.4230769231,153.523809524,694.0
14:35:29,3055.0,3078.01120032,11.5311346351,13.9534883721,150.0,0,37.7451215551,58.0,85.2941176471,146.857142857,676.0
14:35:30,3055.0,3077.99841987,11.5377012141,13.9534883721,94.0,0,37.7666160854,14.0,78.9893617021,121.904761905,284.0
14:35:30,3054.0,3077.98509112,11.5451215948,11.9047619048,108.0,0,37.8032796163,0.0,79.2022792023,116.952380952,172.0
14:35:31,3055.0,3077.97232517,11.5516629094,13.9534883721,108.0,0,37.8123172157,40.0,84.9275362319,114.380952381,206.0
14:35:31,3055.0,3077.95956631,11.5581918701,13.9534883721,216.0,0,37.8336886091,160.0,71.9424460432,143.238095238,328.0
14:35:32,3055.0,3077.94681454,11.5649479858,13.9534883721,90.0,0,37.8558035541,36.0,62.4020887728,129.238095238,308.0
14:35:32,3055.0,3077.93406985,11.5716919886,13.9534883721,4.0,0,37.8778788497,0.0,55.4838709677,93.9047619048,250.0
14:35:33,3056.0,3077.92188764,11.5778238663,15.9090909091,56.0,0,37.8855493006,36.0,46.3917525773,80.380952381,272.0
14:35:33,3056.0,3077.90971219,11.5837050167,15.9090909091,28.0,0,37.9047939028,0.0,38.6454183267,60.6666666667,272.0
14:35:34,3055.0,3077.89698811,11.590173986,13.9534883721,552.0,0,37.9383763861,58.0,43.5517970402,194.476190476,290.0
14:35:34,3055.0,3077.88427109,11.5966307234,13.9534883721,126.0,0,37.9595113697,38.0,44.3925233645,185.428571429,168.0
14:35:35,3055.0,3077.87156114,11.6030752496,13.9534883721,118.0,0,37.9806063815,114.0,42.0814479638,178.380952381,246.0
14:35:35,3056.0,3077.85941365,11.6091505522,15.9090909091,126.0,0,37.9880580896,114.0,47.5149105368,172.285714286,360.0
14:35:36,3055.0,3077.8467175,11.6155713921,13.9534883721,144.0,0,38.0215102852,40.0,53.9305301645,165.523809524,364.0
14:35:36,3056.0,3077.8345838,11.6213839424,15.9090909091,56.0,0,38.0280888169,48.0,55.4367201426,129.428571429,412.0
14:35:37,3056.0,3077.82245685,11.6274259881,15.9090909091,98.0,0,38.0478599086,42.0,54.7904191617,104.0,396.0
14:35:37,3056.0,3077.81033663,11.6334572283,15.9090909091,168.0,0,38.0675956424,6.0,69.5774647887,120.19047619,364.0
14:35:38,3056.0,3077.79822314,11.6392369479,15.9090909091,62.0,0,38.0865083372,-8.0,78.2874617737,104.095238095,242.0
14:35:38,3055.0,3077.78556098,11.6458405353,13.9534883721,96.0,0,38.1205909504,-30.0,73.3974358974,100.380952381,98.0
14:35:39,3056.0,3077.77346125,11.6518388279,15.9090909091,274.0,0,38.1277448556,-10.0,50.6631299735,148.952380952,48.0
14:35:39,3056.0,3077.76136824,11.6575853412,15.9090909091,36.0,0,38.1465488914,-6.0,49.863760218,123.333333333,-6.0
14:35:40,3056.0,3077.74928195,11.6635620737,15.9090909091,48.0,0,38.1661062621,26.0,48.5380116959,102.095238095,-22.0
14:35:40,3056.0,3077.73720237,11.6692868453,15.9090909091,64.0,0,38.1848391535,-40.0,41.724137931,87.8095238095,-68.0
14:35:41,3055.0,3077.7245741,11.6755920588,13.9534883721,148.0,0,38.2179772791,-106.0,53.1531531531,102.476190476,-166.0
14:35:41,3055.0,3077.71195284,11.6821267803,13.9534883721,50.0,0,38.2393675296,14.0,53.5483870968,85.0476190476,-122.0
14:35:42,3056.0,3077.69989399,11.6880595397,15.9090909091,40.0,0,38.2462681271,4.0,79.274611399,66.9523809524,-108.0
14:35:42,3055.0,3077.68728644,11.6943296906,13.9534883721,288.0,0,38.2793115897,-84.0,69.9059561128,130.857142857,-186.0
14:35:43,3055.0,3077.6746859,11.700829713,13.9534883721,20.0,0,38.3005882585,2.0,68.8524590164,106.19047619,-210.0
14:35:43,3056.0,3077.66264775,11.7067294638,15.9090909091,156.0,0,38.3073608107,-2.0,73.2193732194,121.714285714,-172.0
14:35:44,3056.0,3077.65061629,11.7126186273,15.9090909091,70.0,0,38.3266316338,36.0,70.5128205128,108.285714286,-30.0
14:35:44,3057.0,3077.63914691,11.7179333386,17.7777777778,14.0,0,38.3314796815,8.0,70.4081632653,82.5714285714,-36.0
14:35:45,3057.0,3077.6276839,11.7232384729,17.7777777778,42.0,0,38.3488337355,-10.0,72.5423728814,66.5714285714,-50.0
14:35:45,3056.0,3077.61567186,11.7290969803,15.9090909091,24.0,0,38.3805529459,8.0,82.8220858896,45.3333333333,42.0
14:35:46,3056.0,3077.60366648,11.7349449618,15.9090909091,246.0,0,38.3996890111,-116.0,59.4202898551,100.095238095,-76.0
14:35:46,3057.0,3077.59222318,11.7402205034,17.7777777778,64.0,0,38.4043850292,-18.0,46.0869565217,92.0952380952,-92.0
14:35:47,3057.0,3077.58078623,11.7454865215,17.7777777778,90.0,0,38.4216111269,-82.0,47.9166666667,95.9047619048,-210.0
14:35:47,3057.0,3077.56935564,11.7507430288,17.7777777778,84.0,0,38.4388061131,0.0,50.9090909091,97.0476190476,-218.0
14:35:48,3056.0,3077.55737599,11.7565505644,15.9090909091,80.0,0,38.4703879725,74.0,43.1972789116,93.7142857143,-134.0
14:35:48,3057.0,3077.5459584,11.7620069333,17.7777777778,142.0,0,38.4756523824,60.0,42.209631728,106.285714286,-82.0
14:35:49,3056.0,3077.53399175,11.7680136118,15.9090909091,1262.0,0,38.5078979443,472.0,77.2357723577,433.238095238,506.0
14:35:49,3056.0,3077.52203174,11.7742060065,15.9090909091,26.0,0,38.528161016,-20.0,78.8598574822,358.666666667,504.0
14:35:50,3056.0,3077.51007837,11.780192415,15.9090909091,46.0,0,38.5477500489,-28.0,78.4146341463,291.619047619,558.0
14:35:50,3055.0,3077.49757625,11.786750238,13.9534883721,968.0,0,38.5818338396,-110.0,50.4754358161,490.095238095,448.0
14:35:51,3055.0,3077.48508107,11.7934931022,13.9534883721,94.0,24.5901639344,38.6039054083,-10.0,52.6398739164,396.761904762,364.0
14:35:51,3055.0,3077.47259282,11.8000286376,16.2162162162,498.0,0,38.6252983228,-70.0,47.2702142363,418.19047619,234.0
14:35:52,3054.0,3077.45955612,11.8071564405,15.7894736842,594.0,0,38.6612850048,-244.0,15.7232704402,450.095238095,-482.0
14:35:52,3055.0,3077.44708205,11.8138656732,16.2162162162,772.0,0,38.6705914017,-686.0,36.1372812921,564.666666667,-1148.0
14:35:53,3054.0,3077.43405951,11.8211662769,15.7894736842,88.0,0,38.7071587323,-24.0,36.297279363,448.285714286,-1144.0
14:35:53,3055.0,3077.4215996,11.8278531389,16.2162162162,110.0,0,38.7163768869,-60.0,53.6178107607,336.19047619,-1094.0
14:35:54,3054.0,3077.40859122,11.8351302626,15.7894736842,692.0,0,38.7528823269,-398.0,42.4836601307,431.238095238,-1482.0
14:35:54,3055.0,3077.39614546,11.8417948328,16.2162162162,112.0,0,38.7620125458,14.0,47.7195945946,332.095238095,-1398.0
14:35:55,3055.0,3077.38370661,11.8484485623,16.2162162162,226.0,0,38.7837923479,-56.0,54.7,283.904761905,-1210.0
14:35:55,3055.0,3077.37127467,11.8550914695,16.2162162162,370.0,0,38.805536725,-116.0,29.0362953692,294.380952381,-640.0
14:35:56,3054.0,3077.35829423,11.8623224694,15.7894736842,18.0,0,38.8419203319,-12.0,26.832460733,223.428571429,-628.0
14:35:56,3054.0,3077.34532101,11.8695415493,15.7894736842,136.0,0,38.8655584455,24.0,21.6216216216,189.523809524,-544.0
14:35:57,3054.0,3077.33235499,11.8765512307,15.7894736842,54.0,0,38.8885109061,20.0,29.4759825327,130.952380952,-126.0
14:35:57,3054.0,3077.31939617,11.8837464346,15.7894736842,78.0,0,38.9120708401,8.0,27.8911564626,109.619047619,-132.0
14:35:58,3055.0,3077.30699995,11.8905075611,16.2162162162,498.0,0,38.9214650119,-300.0,54.4194107452,209.904761905,-376.0
14:35:58,3055.0,3077.29461061,11.8970837508,16.2162162162,184.0,0,38.9429910011,88.0,61.3636363636,207.523809524,-172.0
14:35:59,3055.0,3077.28222815,11.9038238196,16.2162162162,266.0,0,38.9650534193,150.0,69.9013157895,237.428571429,-10.0
14:35:59,3055.0,3077.26985258,11.9103787607,16.2162162162,66.0,0,38.9865098548,52.0,71.5532286213,198.380952381,18.0
14:36:00,3055.0,3077.25748387,11.916923045,16.2162162162,0.0,0,39.0079314076,0.0,0,143.80952381,-2.0
14:36:00,3056.0,3077.24567744,11.9230610143,18.4210526316,44.0,0,39.0152520101,6.0,74.2911153119,104.380952381,-4.0
14:36:01,3055.0,3077.23332216,11.929759707,16.2162162162,548.0,0,39.0499499411,-398.0,68.7725631769,210.571428571,-102.0
14:36:01,3055.0,3077.22097375,11.936448021,16.2162162162,56.0,0,39.0718429493,-6.0,70.4081632653,173.80952381,-196.0
14:36:02,3055.0,3077.20863219,11.9431259737,16.2162162162,26.0,0,39.0937020417,18.0,59.1891891892,134.571428571,-328.0
14:36:02,3056.0,3077.19685289,11.9490497065,18.4210526316,222.0,0,39.1002935423,4.0,61.6071428572,162.761904762,-376.0
14:36:03,3056.0,3077.18508013,11.9551393689,18.4210526316,140.0,0,39.120220448,12.0,58.1081081081,160.095238095,-364.0
14:36:03,3056.0,3077.17331391,11.9612197317,18.4210526316,76.0,0,39.140116923,-8.0,57.8651685393,132.476190476,-378.0
14:36:04,3056.0,3077.16155422,11.9672908089,18.4210526316,34.0,0,39.1599830135,-16.0,39.3501805054,91.3333333333,4.0
14:36:04,3056.0,3077.14980107,11.9733526148,18.4210526316,244.0,0,39.1798187659,-20.0,48.2479784367,134.666666667,-10.0
14:36:05,3055.0,3077.13749904,11.9799712483,16.2162162162,360.0,0,39.2143085052,216.0,34.3866171004,202.19047619,188.0
14:36:05,3056.0,3077.12575925,11.9860140687,18.4210526316,1832.0,0,39.221250225,608.0,65.8972449739,674.380952381,792.0
14:36:06,3056.0,3077.11402597,11.9920476608,18.4210526316,52.0,0,39.2409936544,-14.0,67.2825250192,561.333333333,766.0
14:36:06,3057.0,3077.10285462,11.997354309,20.5128205128,54.0,0,39.2455162219,28.0,67.4689440994,453.047619048,802.0
14:36:07,3056.0,3077.09113406,12.0033698458,18.4210526316,382.0,0,39.278042689,-4.0,59.3023255814,439.523809524,814.0
14:36:07,3057.0,3077.07997542,12.0086591411,20.5128205128,46.0,0,39.2824963726,-22.0,58.180484226,313.428571429,812.0
14:36:08,3056.0,3077.06826758,12.0144800722,18.4210526316,24.0,0,39.3143981419,2.0,65.6066945607,190.476190476,598.0
14:36:08,3057.0,3077.05712164,12.0199286648,20.5128205128,160.0,0,39.3193610234,72.0,15.0417827298,122.380952381,62.0
14:36:09,3057.0,3077.04598188,12.0251921778,20.5128205128,144.0,0,39.3365789265,62.0,20.7407407407,129.333333333,138.0
14:36:09,3057.0,3077.03484832,12.0304472243,20.5128205128,104.0,0,39.3537691341,10.0,23.488372093,120.476190476,120.0
14:36:10,3057.0,3077.02372094,12.0358708947,20.5128205128,62.0,0,39.3715109412,24.0,45.1851851852,97.2380952381,148.0
14:36:10,3057.0,3077.01259974,12.041286355,20.5128205128,188.0,0,39.3892258914,12.0,58.9442815249,125.238095238,182.0
14:36:11,3057.0,3077.00148472,12.0465163117,20.5128205128,262.0,0,39.4063340257,24.0,68.9130434783,167.619047619,204.0
14:36:11,3058.0,3076.99093127,12.0512237993,22.5,472.0,0,39.4088417245,310.0,85.3896103896,258.666666667,442.0
14:36:12,3058.0,3076.98038368,12.0559236887,22.5,72.0,0,39.4242108852,12.0,85.5172413793,220.571428571,392.0
14:36:12,3058.0,3076.96984195,12.0606159886,22.5,124.0,0,39.4395552276,12.0,87.9661016949,200.761904762,394.0
14:36:13,3058.0,3076.95930608,12.0650998797,22.5,34.0,0,39.4542180502,8.0,88.7152777778,154.285714286,378.0
14:36:13,3058.0,3076.94877605,12.0695759614,22.5,448.0,0,39.468855335,-24.0,80.4532577904,227.428571429,342.0
14:36:14,3058.0,3076.93825188,12.074245318,22.5,76.0,0,39.4841246502,34.0,76.8352365416,181.904761905,352.0
14:36:14,3058.0,3076.92773355,12.0789071204,22.5,202.0,0,39.4993692621,34.0,68.6192468619,181.238095238,76.0
14:36:15,3058.0,3076.91722106,12.0835613772,22.5,180.0,0,39.5145891993,-108.0,75.0,187.142857143,-44.0
14:36:15,3058.0,3076.90671441,12.0880066793,22.5,252.0,0,39.5291258315,-118.0,75.1677852349,208.476190476,-174.0
14:36:16,3058.0,3076.8962136,12.092645757,22.5,172.0,0,39.5442961315,-56.0,75.1879699248,200.857142857,-238.0
14:36:16,3058.0,3076.88571862,12.0970756593,22.5,206.0,0,39.5587824044,-144.0,84.375,196.380952381,-358.0
14:36:17,3058.0,3076.87522947,12.1012730684,22.5,152.0,0,39.572508399,-124.0,87.1134020619,188.0,-516.0
14:36:17,3058.0,3076.86474614,12.1052146675,22.5,162.0,0,39.5853978661,-62.0,86.2989323843,178.857142857,-612.0
14:36:18,3057.0,3076.85371324,12.109905024,20.5128205128,256.0,0,39.6136899707,-106.0,86.1666666667,198.476190476,-610.0
14:36:18,3058.0,3076.84324186,12.1140780132,22.5,518.0,0,39.6143819923,-294.0,92.7694406548,289.333333333,-786.0
14:36:19,3059.0,3076.8333317,12.1177577041,24.3902439024,238.0,0,39.6134609483,28.0,93.3420365535,287.523809524,-702.0
14:36:19,3058.0,3076.82287164,12.1221405436,22.5,474.0,0,39.6407473629,-352.0,68.4444444445,350.0,-910.0
14:36:20,3058.0,3076.8124174,12.1262901821,22.5,246.0,0,39.6543171422,-160.0,68.2154171067,334.571428571,-946.0
14:36:20,3058.0,3076.80196896,12.1304318875,22.5,200.0,0,39.6678609795,-118.0,68.115942029,301.523809524,-1002.0
14:36:21,3058.0,3076.79152632,12.134565668,22.5,84.0,0,39.6813789012,-10.0,65.6818181818,233.523809524,-906.0
14:36:21,3058.0,3076.78108948,12.1386915316,22.5,1328.0,0,39.6948709339,-34.0,73.4630350195,529.142857143,-646.0
14:36:22,3058.0,3076.77065844,12.1428094864,22.5,162.0,0,39.7083371039,-128.0,74.0978348035,453.047619048,-802.0
14:36:22,3058.0,3076.76023319,12.1469195404,22.5,224.0,0,39.7217774375,-84.0,92.2459893048,398.285714286,-534.0
14:36:23,3058.0,3076.74981373,12.151247964,22.5,96.0,0,39.7359318641,-70.0,89.3982808023,318.857142857,-444.0
14:36:23,3058.0,3076.73940006,12.1553423675,22.5,214.0,0,39.7493210186,-72.0,84.2504743833,280.285714286,-398.0
14:36:24,3058.0,3076.72899218,12.1596553999,22.5,156.0,0,39.7634251141,-92.0,79.4495412844,224.476190476,-480.0
14:36:24,3059.0,3076.71914547,12.1632528665,24.3902439024,404.0,0,39.7621865526,-388.0,67.9936305732,236.095238095,-834.0
14:36:25,3059.0,3076.70930424,12.1670699293,24.3902439024,60.0,0,39.7746646919,-26.0,64.8180242634,193.428571429,-732.0
14:36:25,3059.0,3076.69946847,12.1706532155,24.3902439024,88.0,0,39.7863786057,-54.0,60.3143418468,163.619047619,-702.0
14:36:26,3058.0,3076.68908276,12.1747096576,22.5,180.0,0,39.8126542106,-66.0,67.6950998185,166.571428571,-698.0
14:36:26,3059.0,3076.67925822,12.1782783219,24.3902439024,272.0,0,39.8113054001,26.0,75.5172413793,191.80952381,-600.0
14:36:27,3059.0,3076.66943913,12.1818398537,24.3902439024,166.0,0,39.8229481979,22.0,83.4188034188,184.0,-486.0
14:36:27,3059.0,3076.65962551,12.1853942594,24.3902439024,1314.0,0,39.8345676998,368.0,39.7115384616,503.714285714,270.0
14:36:28,3059.0,3076.64981733,12.1891690658,24.3902439024,106.0,0,39.8469077013,-26.0,39.6989651929,434.952380952,270.0
14:36:28,3059.0,3076.6400146,12.1929370082,24.3902439024,438.0,0,39.8592252638,-16.0,47.9806138934,458.857142857,308.0
14:36:29,3059.0,3076.63021731,12.1964703329,24.3902439024,162.0,0,39.8707758511,-62.0,48.4133441823,387.238095238,312.0
14:36:29,3059.0,3076.62042546,12.2002244464,24.3902439024,1228.0,0,39.8830482067,408.0,63.5618043351,621.047619048,694.0
14:36:30,3059.0,3076.61063906,12.2039717149,24.3902439024,228.0,0,39.8952981852,46.0,65.1323360184,523.619047619,718.0
14:36:30,3059.0,3076.60085809,12.2077121445,24.3902439024,884.0,0,39.9075258074,-846.0,95.7321076822,610.666666667,-496.0
14:36:31,3060.0,3076.59163795,12.2107633026,26.1904761905,74.0,0,39.9044552373,-20.0,95.7531519575,486.761904762,-490.0
14:36:31,3061.0,3076.58297833,12.2133768466,27.9069767442,3206.0,0,39.8999570291,-880.0,97.6132826012,1259.23809524,-1354.0
14:36:32,3060.0,3076.57376813,12.216643929,26.1904761905,650.0,0,39.9236729707,-436.0,90.7814992026,1169.61904762,-1728.0
14:36:32,3060.0,3076.56456303,12.2196761868,26.1904761905,542.0,0,39.9335823099,-380.0,80.0501432665,1025.9047619,-2516.0
14:36:33,3060.0,3076.55536305,12.2227020108,26.1904761905,438.0,0,39.9434706235,-376.0,79.1163272351,885.142857143,-2938.0
14:36:33,3060.0,3076.54616818,12.2257214057,26.1904761905,804.0,0,39.953337927,-506.0,75.4637731887,838.952380952,-2598.0
14:36:34,3060.0,3076.53697842,12.2287343762,26.1904761905,146.0,0,39.9631842361,-62.0,76.1493259592,608.571428571,-2640.0
14:36:34,3060.0,3076.52779376,12.2319700995,26.1904761905,184.0,0,39.9737584951,-16.0,47.1056439942,385.619047619,-1776.0
14:36:35,3060.0,3076.5186142,12.2354062447,26.1904761905,376.0,0,39.9849877277,12.0,49.2369477912,361.428571429,-1328.0
14:36:35,3060.0,3076.50943975,12.2388364823,26.1904761905,352.0,0,39.9961976547,58.0,56.9565217391,343.428571429,-890.0
14:36:36,3059.0,3076.49971498,12.2425051871,24.3902439024,156.0,0,40.021265731,-100.0,59.2666005946,278.476190476,-614.0
14:36:36,3060.0,3076.49055102,12.2454866182,26.1904761905,128.0,0,40.0179301247,-38.0,57.2280178838,218.952380952,-146.0
14:36:37,3060.0,3076.48139214,12.2484616538,26.1904761905,392.0,0,40.0276524636,-214.0,54.1561712846,267.047619048,-298.0
14:36:37,3060.0,3076.47223836,12.251660205,26.1904761905,300.0,0,40.038105245,-168.0,54.3427230047,277.142857143,-450.0
14:36:38,3059.0,3076.46253425,12.2553025938,24.3902439024,118.0,0,40.0631009933,-108.0,63.9004149378,229.714285714,-570.0
14:36:38,3060.0,3076.45339094,12.2584885902,26.1904761905,330.0,0,40.0604202293,-120.0,84.8314606742,255.142857143,-748.0
14:36:39,3059.0,3076.44369731,12.2618875428,24.3902439024,326.0,0,40.084627469,158.0,81.6813048933,280.476190476,-490.0
14:36:39,3060.0,3076.43456446,12.2648304785,26.1904761905,76.0,0,40.0811453546,-12.0,77.3022049287,226.285714286,-464.0
14:36:40,3060.0,3076.42543668,12.2679975847,26.1904761905,344.0,0,40.0914953748,-56.0,78.5809906292,251.142857143,-306.0
14:36:40,3060.0,3076.41631397,12.2711585853,26.1904761905,106.0,0,40.101825442,-28.0,84.0,210.285714286,-166.0
14:36:41,3060.0,3076.40719633,12.2740827019,26.1904761905,1066.0,31.746031746,40.1113813787,192.0,91.1921708185,452.952380952,134.0
14:36:41,3060.0,3076.39808375,12.2770004656,39.2857142857,22.0,0,40.1209165542,-8.0,88.9690721649,352.19047619,246.0
14:36:42,3061.0,3076.38953163,12.2794869317,41.3793103448,104.0,0,40.1159324786,-28.0,85.4481955763,289.523809524,60.0
14:36:42,3060.0,3076.38042887,12.2823922921,39.2857142857,250.0,0,40.1385369022,-112.0,85.6236786469,279.142857143,-40.0
14:36:43,3061.0,3076.37188656,12.2848669202,41.3793103448,110.0,0,40.1335083966,-68.0,90.1085645356,220.476190476,-52.0
14:36:43,3060.0,3076.36279359,12.2877598939,39.2857142857,86.0,0,40.1560780846,-10.0,90.1098901099,166.095238095,-34.0
14:36:44,3060.0,3076.35370567,12.290878126,39.2857142857,352.0,0,40.1662683856,-202.0,77.4891774892,188.666666667,-428.0
14:36:44,3061.0,3076.34517821,12.293335028,41.3793103448,98.0,0,40.1611729109,72.0,78.2,172.666666667,-348.0
14:36:45,3061.0,3076.33665547,12.2957861615,41.3793103448,322.0,0,40.1691805343,170.0,68.3087027915,217.047619048,-150.0
14:36:45,3061.0,3076.32813748,12.29823153,41.3793103448,396.0,0,40.1771693237,-84.0,56.3049853372,272.19047619,-122.0
14:36:46,3060.0,3076.31906881,12.3013260069,39.2857142857,162.0,0,40.2004117872,-78.0,58.615819209,253.523809524,-132.0
14:36:46,3060.0,3076.31000518,12.3041821876,39.2857142857,1504.0,0,40.2097457111,788.0,33.9449541284,615.80952381,666.0
14:36:47,3060.0,3076.30094658,12.3070320628,39.2857142857,254.0,0,40.2190590287,-156.0,23.9766081871,553.428571429,712.0
14:36:47,3060.0,3076.29189301,12.3098756368,39.2857142857,78.0,0,40.2283517544,-50.0,24.6686303387,445.428571429,590.0
14:36:48,3060.0,3076.28284447,12.3127129141,39.2857142857,48.0,0,40.2376239024,28.0,24.8976248976,329.80952381,448.0
14:36:48,3060.0,3076.27380096,12.315543899,39.2857142857,156.0,0,40.2468754869,26.0,27.70208901,258.095238095,558.0
14:36:49,3060.0,3076.26476247,12.3183685958,39.2857142857,394.0,0,40.2561065221,40.0,34.3467543139,265.80952381,676.0
14:36:49,3060.0,3076.255729,12.3211870088,39.2857142857,194.0,0,40.2653170222,-76.0,72.5978647687,205.333333333,-188.0
14:36:50,3060.0,3076.24670055,12.3237434063,39.2857142857,482.0,0,40.2736712623,314.0,95.5621301775,289.523809524,282.0
14:36:50,3060.0,3076.23767711,12.3262932578,39.2857142857,334.0,0,40.2820041106,34.0,96.0199004975,320.571428571,366.0
14:36:51,3059.0,3076.22810328,12.3292789851,37.9310344828,230.0,0,40.304932936,40.0,95.1955307262,309.714285714,378.0
14:36:51,3060.0,3076.21909017,12.3318154722,39.2857142857,150.0,0,40.3000505626,-8.0,94.3946188341,267.333333333,344.0
14:36:52,3060.0,3076.21008207,12.3346017241,39.2857142857,28.0,0,40.309155961,-2.0,93.7940761636,190.380952381,302.0
14:36:52,3059.0,3076.20052357,12.3375668285,37.9310344828,230.0,0,40.3320262454,24.0,95.598349381,188.571428571,402.0
14:36:53,3060.0,3076.19152578,12.3403401518,39.2857142857,114.0,0,40.3279089928,20.0,91.7127071823,151.904761905,108.0
14:36:53,3060.0,3076.18253298,12.342850529,39.2857142857,138.0,0,40.33611284,26.0,72.1348314607,139.619047619,100.0
14:36:54,3060.0,3076.17354518,12.3453543894,39.2857142857,236.0,0,40.3442953902,-44.0,57.3660714286,164.666666667,16.0
14:36:54,3060.0,3076.16456238,12.3478517369,39.2857142857,34.0,0,40.3524566564,-14.0,49.4871794872,131.714285714,10.0
14:36:55,3061.0,3076.15613996,12.3499249479,41.3793103448,38.0,0,40.3460468733,-10.0,49.3670886076,105.428571429,2.0
14:36:55,3060.0,3076.14716682,12.3526668255,39.2857142857,64.0,0,40.36819224,-14.0,28.2051282051,86.0952380952,-36.0
14:36:56,3060.0,3076.13819866,12.3551450771,39.2857142857,36.0,0,40.3762911017,-28.0,19.4139194139,66.6666666667,-84.0
14:36:56,3060.0,3076.12923548,12.3576168313,39.2857142857,322.0,0,40.3843687298,148.0,17.2602739726,132.666666667,38.0
14:36:57,3059.0,3076.11972189,12.3607787596,37.9310344828,126.0,0,40.4079070271,-14.0,25.4838709677,133.904761905,68.0
14:36:57,3059.0,3076.11021357,12.363676076,37.9310344828,116.0,0,40.4173784765,12.0,37.037037037,137.523809524,94.0
14:36:58,3060.0,3076.10126594,12.3661279426,39.2857142857,118.0,0,40.412182819,70.0,45.0127877238,137.80952381,174.0
14:36:58,3060.0,3076.09232327,12.3685733281,39.2857142857,98.0,0,40.4201742749,8.0,47.0588235294,128.571428571,196.0
14:36:59,3060.0,3076.08338558,12.3712704693,39.2857142857,68.0,0,40.4289884618,-32.0,51.8867924528,109.142857143,192.0
14:36:59,3060.0,3076.07445284,12.3739614105,39.2857142857,46.0,0,40.4377823871,-8.0,83.9160839161,81.9047619048,36.0
14:37:00,3059.0,3076.06496967,12.3768249184,37.9310344828,36.0,0,40.4603625971,22.0,82.9875518672,64.9523809524,72.0
14:37:00,3060.0,3076.05604717,12.379503059,39.2857142857,178.0,0,40.4558923497,10.0,65.4411764706,92.8571428571,70.0
14:37:01,3060.0,3076.04712962,12.381916246,39.2857142857,170.0,0,40.4637785817,0.0,49.3288590604,115.523809524,0.0
14:37:01,3060.0,3076.03821702,12.3843229753,39.2857142857,86.0,0,40.47164371,-46.0,56.8493150685,111.714285714,-54.0
14:37:02,3060.0,3076.02930937,12.3867232506,39.2857142857,234.0,0,40.4794877469,-8.0,38.6666666667,150.761904762,-30.0
14:37:02,3060.0,3076.02040668,12.3893762703,39.2857142857,1262.0,0,40.4881577461,-6.0,28.484231943,475.619047619,-28.0
14:37:03,3059.0,3076.01095352,12.3921993553,37.9310344828,118.0,0,40.5106222795,22.0,34.1796875,415.714285714,-28.0
14:37:03,3059.0,3076.00150561,12.3950154228,37.9310344828,92.0,0,40.5198281228,72.0,36.5953109072,344.476190476,34.0
14:37:04,3059.0,3075.99206296,12.3978244775,37.9310344828,152.0,0,40.5290110412,38.0,41.5637860082,294.476190476,72.0
14:37:04,3059.0,3075.98262554,12.4006265243,37.9310344828,28.0,0,40.5381710502,20.0,40.2969247084,209.904761905,138.0
14:37:05,3058.0,3075.97263797,12.4041381953,36.6666666667,42.0,0,40.5629110375,18.0,44.746162928,132.095238095,164.0
14:37:05,3059.0,3075.96321135,12.4069260793,37.9310344828,120.0,0,40.5587645614,4.0,94.5652173913,85.7142857143,174.0
14:37:06,3058.0,3075.95323455,12.4101630867,36.6666666667,72.0,0,40.5826131025,48.0,73.5177865613,80.0,200.0
14:37:06,3059.0,3075.94381871,12.4131969767,37.9310344828,480.0,0,40.5792643893,28.0,86.129753915,193.047619048,156.0
14:37:07,3058.0,3075.93385269,12.4164192245,36.6666666667,54.0,0,40.6030713685,40.0,84.1708542714,165.904761905,158.0
14:37:07,3059.0,3075.9244476,12.4194392598,37.9310344828,148.0,0,40.599670676,8.0,74.672489083,170.285714286,146.0
14:37:08,3058.0,3075.91449234,12.4226467702,36.6666666667,34.0,0,40.6234361355,18.0,74.0088105727,136.380952381,146.0
14:37:08,3059.0,3075.90509801,12.4253921492,37.9310344828,104.0,0,40.6191309226,8.0,77.802690583,122.857142857,150.0
14:37:09,3058.0,3075.8951535,12.4285848065,36.6666666667,34.0,0,40.6428541744,4.0,79.6252927401,90.0952380952,106.0
14:37:09,3059.0,3075.88576991,12.4313159637,37.9310344828,896.0,0,40.638496122,452.0,81.4173228346,305.428571429,530.0
14:37:10,3059.0,3075.87639153,12.4340401665,37.9310344828,56.0,0,40.6474016556,54.0,78.144654088,260.952380952,544.0
14:37:10,3059.0,3075.86701836,12.4364736874,37.9310344828,12.0,0,40.6553569383,6.0,83.8028169014,203.80952381,542.0
14:37:11,3059.0,3075.8576504,12.438899977,37.9310344828,120.0,0,40.6632885814,106.0,77.0867430442,184.0,630.0
14:37:11,3059.0,3075.84828764,12.4418647624,37.9310344828,30.0,0,40.6729805897,20.0,73.6933797909,134.380952381,642.0
14:37:12,3059.0,3075.83893008,12.444561061,37.9310344828,126.0,0,40.6817949034,-20.0,75.6451612903,115.714285714,618.0
14:37:12,3059.0,3075.82957771,12.4472504277,37.9310344828,10.0,0,40.6905865567,-8.0,29.3785310735,59.5238095238,158.0
14:37:13,3059.0,3075.82023054,12.4499328671,37.9310344828,120.0,0,40.6993555642,-82.0,26.3157894737,76.9523809524,22.0
14:37:13,3059.0,3075.81088857,12.4526083836,37.9310344828,186.0,0,40.7081019405,40.0,30.4054054054,110.19047619,56.0
14:37:14,3059.0,3075.80155178,12.4552769817,37.9310344828,80.0,0,40.7168257003,58.0,32.6086956522,104.857142857,8.0
14:37:14,3059.0,3075.79222017,12.4579386659,37.9310344828,256.0,0,40.725526858,-12.0,45.501285347,151.714285714,-24.0
14:37:15,3059.0,3075.78289375,12.4605934405,37.9310344828,144.0,0,40.7342054282,6.0,48.743718593,155.80952381,2.0
14:37:15,3059.0,3075.77357251,12.46324131,37.9310344828,376.0,0,40.7428614252,-246.0,65.5765920826,225.333333333,-236.0
14:37:16,3058.0,3075.76370105,12.4663323602,36.6666666667,32.0,0,40.7662928719,-6.0,72.4394785847,179.142857143,-160.0
14:37:16,3059.0,3075.75439047,12.4689661396,37.9310344828,20.0,0,40.7615761346,-4.0,79.9559471366,133.714285714,-204.0
14:37:17,3060.0,3075.74564046,12.4711658053,39.2857142857,1226.0,0,40.7554438082,422.0,105.842259007,440.761904762,160.0
14:37:17,3059.0,3075.73633991,12.4737860935,37.9310344828,64.0,0,40.7773327672,-12.0,107.411385607,361.238095238,160.0
14:37:18,3059.0,3075.72704452,12.4763994984,37.9310344828,46.0,0,40.7858760982,-6.0,105.782312925,285.714285714,148.0
14:37:18,3060.0,3075.7183097,12.4785796436,39.2857142857,614.0,0,40.7796720381,14.0,74.7252747253,377.142857143,408.0
14:37:19,3059.0,3075.70902433,12.4811795817,37.9310344828,358.0,0,40.8015023919,38.0,62.4570446735,384.095238095,452.0
14:37:19,3059.0,3075.69974412,12.483772649,37.9310344828,42.0,0,40.8099792384,-20.0,61.9574468085,285.238095238,436.0
14:37:20,3059.0,3075.69046906,12.4866229533,37.9310344828,8.0,0,40.8192970033,0.0,1.06007067137,175.619047619,14.0
14:37:20,3060.0,3075.68175455,12.4887771811,39.2857142857,18.0,0,40.8129973238,-4.0,2.39410681399,126.857142857,22.0
14:37:21,3059.0,3075.67248948,12.4913500905,37.9310344828,50.0,0,40.8347502141,-26.0,5.13761467889,89.4285714286,2.0
14:37:21,3059.0,3075.66322956,12.4941806701,37.9310344828,34.0,0,40.8440034982,-4.0,16.0784313725,47.2380952381,-16.0
14:37:22,3059.0,3075.65397478,12.4970046751,37.9310344828,14.0,0,40.8532352895,-2.0,66.265060241,26.9523809524,-56.0
14:37:22,3060.0,3075.64528055,12.4993979824,39.2857142857,34.0,0,40.8477058249,-32.0,70.8860759494,28.7619047619,-68.0
14:37:23,3059.0,3075.63603574,12.5022091381,37.9310344828,220.0,0,40.8702488987,-8.0,29.7297297297,84.0952380952,-76.0
14:37:23,3059.0,3075.62679606,12.5050137322,37.9310344828,348.0,0,40.8794172349,-240.0,14.8571428571,165.904761905,-312.0
14:37:24,3059.0,3075.61756152,12.5078117689,37.9310344828,170.0,0,40.8885641351,-22.0,29.756097561,181.142857143,-308.0
14:37:24,3059.0,3075.6083321,12.5106032528,37.9310344828,294.0,0,40.8976896137,-208.0,47.037037037,226.095238095,-512.0
14:37:25,3059.0,3075.59910781,12.5133881883,37.9310344828,494.0,0,40.9067936851,-196.0,63.5897435897,315.80952381,-706.0
14:37:25,3059.0,3075.58988865,12.5161665796,37.9310344828,124.0,0,40.9158763636,-22.0,60.0,276.952380952,-696.0
14:37:26,3059.0,3075.5806746,12.5189384312,37.9310344828,48.0,0,40.9249376633,0.0,68.6062246279,212.095238095,-688.0
14:37:26,3059.0,3075.57146567,12.5217037474,37.9310344828,138.0,0,40.9339775986,90.0,89.2744479495,181.142857143,-358.0
14:37:27,3059.0,3075.56226186,12.5244625325,37.9310344828,46.0,0,40.9429961834,4.0,88.1118881119,133.904761905,-332.0
14:37:27,3059.0,3075.55306316,12.5274587173,37.9310344828,38.0,0,40.9527908378,26.0,83.5585585586,90.2857142857,-98.0
14:37:28,3059.0,3075.54386957,12.5302045906,37.9310344828,16.0,0,40.9617672136,12.0,63.4146341463,52.5714285714,110.0
14:37:28,3059.0,3075.53468108,12.5329439459,37.9310344828,6.0,0,40.9707222814,6.0,84.2465753425,34.7619047619,138.0
14:37:29,3058.0,3075.5249423,12.5363636968,36.6666666667,18.0,0,40.9953031287,-14.0,89.3129770992,26.0,124.0
14:37:29,3059.0,3075.51576432,12.5393343316,37.9310344828,88.0,0,40.9916127216,-46.0,73.5849056604,38.6666666667,-12.0
14:37:30,3059.0,3075.50659145,12.5420541468,37.9310344828,60.0,0,41.0005039125,2.0,63.7168141593,45.7142857143,-14.0
14:37:30,3059.0,3075.49742366,12.5447674615,37.9310344828,22.0,0,41.0093738526,-18.0,64.7619047619,41.2380952381,-58.0
14:37:31,3059.0,3075.48826097,12.5474742798,37.9310344828,14.0,27.868852459,41.0182225558,-10.0,66.3461538462,35.2380952381,-80.0
14:37:31,3059.0,3075.47910337,12.5501746059,45.8333333333,32.0,0,41.0270500357,-20.0,67.5213675214,34.4761904762,-106.0
14:37:32,3059.0,3075.46995086,12.552868444,45.8333333333,32.0,0,41.035856306,-8.0,69.3548387097,32.4761904762,-100.0
14:37:32,3059.0,3075.46080343,12.5555557983,45.8333333333,10.0,0,41.0446413805,2.0,76.4705882353,23.5238095238,-52.0
14:37:33,3059.0,3075.45166107,12.5579691356,45.8333333333,54.0,0,41.0525306821,0.0,90.243902439,30.8571428571,-54.0
14:37:33,3058.0,3075.4419684,12.5610833917,44.0,22.0,0,41.0761392795,-4.0,90.243902439,29.3333333333,-40.0
14:37:34,3058.0,3075.43228111,12.5641905871,44.0,26.0,0,41.0863001539,-14.0,87.5,28.9523809524,-44.0
14:37:34,3058.0,3075.4225992,12.567022787,44.0,28.0,0,41.0955617625,-4.0,79.0697674419,28.5714285714,-28.0
14:37:35,3059.0,3075.41347806,12.5696766676,45.8333333333,22.0,0,41.0908030977,-6.0,79.012345679,26.6666666667,-26.0
14:37:35,3059.0,3075.404362,12.57232409,45.8333333333,1126.0,0,41.0994576333,-452.0,17.3708920188,340.666666667,-480.0
14:37:36,3059.0,3075.39525099,12.5749650584,45.8333333333,74.0,0,41.1080910702,-20.0,18.7981510016,300.952380952,-500.0
14:37:36,3059.0,3075.38614505,12.5773310893,45.8333333333,256.0,0,41.1158257251,-104.0,29.3733681462,312.285714286,-600.0
14:37:37,3058.0,3075.37648876,12.5803969808,44.0,1106.0,0,41.1392968633,676.0,26.875957121,555.333333333,90.0
14:37:37,3058.0,3075.36683784,12.5831870852,44.0,338.0,0,41.1484208151,-52.0,23.8877481177,527.523809524,42.0
14:37:38,3057.0,3075.35663687,12.5864292978,42.3076923077,152.0,0,41.1724870717,-66.0,22.0838794233,431.80952381,-18.0
14:37:38,3058.0,3075.34699698,12.5892045139,44.0,90.0,0,41.1680984759,-38.0,30.4563492063,312.19047619,396.0
14:37:39,3058.0,3075.33736243,12.5922416315,44.0,18.0,0,41.178030188,6.0,28.1632653061,221.333333333,422.0
14:37:39,3058.0,3075.32773324,12.5952717435,44.0,118.0,0,41.1879389912,86.0,18.7705817783,161.714285714,612.0
14:37:40,3057.0,3075.31755399,12.5984835673,42.3076923077,36.0,0,41.2119187676,4.0,11.7021276596,85.2380952381,-60.0
14:37:40,3058.0,3075.3079358,12.6012296578,44.0,170.0,0,41.2074220334,-56.0,42.8082191781,98.0,-64.0
14:37:41,3058.0,3075.29832295,12.6042382153,44.0,52.0,0,41.2172603508,46.0,61.1570247934,85.0476190476,48.0
14:37:41,3058.0,3075.28871544,12.6072397876,44.0,10.0,0,41.227075826,10.0,65.3465346535,64.8571428571,96.0
14:37:42,3057.0,3075.27855786,12.6104213101,42.3076923077,38.0,0,41.2509692838,32.0,66.0377358491,56.4761904762,122.0
14:37:42,3058.0,3075.26896133,12.6131383558,44.0,4.0,0,41.2463647998,2.0,85.8064516129,37.4285714286,38.0
14:37:43,3057.0,3075.25881473,12.6163044587,42.3076923077,22.0,0,41.2702141272,0.0,84.4594594595,28.9523809524,34.0
14:37:43,3057.0,3075.24867376,12.619462699,42.3076923077,282.0,0,41.2805453026,4.0,39.7058823529,95.4285714286,94.0
14:37:44,3057.0,3075.23853842,12.6226130826,42.3076923077,174.0,0,41.2908507774,26.0,27.5471698113,125.714285714,74.0
14:37:44,3057.0,3075.22840871,12.626026312,42.3076923077,32.0,0,41.3020160681,12.0,26.8115942029,109.619047619,76.0
14:37:45,3057.0,3075.21828463,12.6291611404,42.3076923077,60.0,0,41.3122706589,46.0,21.6027874564,100.476190476,90.0
14:37:45,3057.0,3075.20816617,12.6322881298,42.3076923077,106.0,0,41.3224996069,28.0,20.4142011834,103.428571429,116.0
14:37:46,3058.0,3075.19860874,12.6349529128,44.0,26.0,0,41.3177008266,-16.0,21.7647058824,78.6666666667,100.0
14:37:46,3057.0,3075.18850121,12.638064561,42.3076923077,80.0,0,41.3413953583,4.0,15.4811715481,69.1428571429,100.0
14:37:47,3057.0,3075.17839929,12.6411683872,42.3076923077,134.0,0,41.3515485353,80.0,15.5251141553,84.6666666667,154.0
14:37:47,3058.0,3075.16885838,12.6440824952,44.0,250.0,0,41.3475555761,40.0,11.2804878049,135.238095238,182.0
14:37:48,3057.0,3075.15876738,12.6471711538,42.3076923077,76.0,0,41.3711846707,12.0,11.9047619048,125.714285714,148.0
14:37:48,3057.0,3075.14868197,12.6502520073,42.3076923077,20.0,0,41.3812626998,8.0,11.2627986348,99.4285714286,128.0
14:37:49,3057.0,3075.13860217,12.6533250613,42.3076923077,38.0,0,41.3913152154,4.0,9.03010033444,82.380952381,148.0
14:37:49,3058.0,3075.12908337,12.6559381344,44.0,24.0,0,41.3863248345,-18.0,12.5461254612,60.7619047619,126.0
14:37:50,3058.0,3075.11956986,12.65854403,44.0,84.0,0,41.3948464029,-40.0,15.4471544715,58.9523809524,6.0
14:37:50,3058.0,3075.11006163,12.6611427526,44.0,432.0,0,41.4033445148,38.0,10.3857566766,158.952380952,4.0
14:37:51,3057.0,3075.10000327,12.6641856123,42.3076923077,16.0,0,41.4268420421,-2.0,10.0977198697,131.428571429,-10.0
14:37:51,3058.0,3075.09050591,12.666769709,44.0,132.0,0,41.4217452878,36.0,22.8650137741,139.904761905,18.0
14:37:52,3058.0,3075.08101382,12.6690518923,44.0,22.0,0,41.4292082808,0.0,24.2253521127,111.619047619,14.0
14:37:52,3058.0,3075.071527,12.6716215333,44.0,20.0,0,41.4376112928,-6.0,23.5127478754,83.5238095238,26.0
14:37:53,3057.0,3075.06149006,12.6746341414,42.3076923077,380.0,0,41.4610210708,68.0,49.500998004,158.476190476,134.0
14:37:53,3058.0,3075.05201408,12.6768940071,44.0,454.0,0,41.4548528681,-46.0,90.8203125,240.476190476,50.0
14:37:54,3058.0,3075.04254337,12.679441776,44.0,34.0,0,41.4631843557,20.0,92.3224568138,201.428571429,72.0
14:37:54,3058.0,3075.03307792,12.6819824072,44.0,6.0,0,41.4714925024,6.0,93.4497816594,153.523809524,42.0
14:37:55,3058.0,3075.02361773,12.684220281,44.0,46.0,0,41.4788105983,32.0,90.4255319149,123.047619048,74.0
14:37:55,3059.0,3075.01471819,12.6860239487,45.8333333333,50.0,0,41.471147266,2.0,87.8350515464,92.5714285714,82.0
14:37:56,3059.0,3075.0058236,12.6878207373,45.8333333333,158.0,0,41.4770210438,80.0,70.8556149733,91.5238095238,94.0
14:37:56,3059.0,3074.99693394,12.6899067504,45.8333333333,18.0,0,41.4838403085,2.0,30.1282051282,61.0476190476,142.0
14:37:57,3059.0,3074.98804922,12.6916899485,45.8333333333,98.0,0,41.4896696585,-2.0,40.4255319149,74.1904761905,120.0
14:37:57,3058.0,3074.97861404,12.6941884122,44.0,28.0,0,41.5114074958,6.0,40.7035175879,64.2857142857,120.0
14:37:58,3058.0,3074.96918409,12.6966797661,44.0,58.0,0,41.5195545001,6.0,43.4146341463,61.9047619048,94.0
14:37:58,3059.0,3074.96031479,12.6984421617,45.8333333333,246.0,0,41.511742928,70.0,56.1056105611,112.666666667,162.0
14:37:59,3058.0,3074.95089501,12.7006226031,44.0,12.0,0,41.5324480153,-4.0,67.8260869565,87.2380952381,78.0
14:37:59,3058.0,3074.94148046,12.7027956484,44.0,38.0,0,41.539554115,-4.0,68.3333333333,76.1904761905,72.0
14:38:00,3058.0,3074.93207114,12.7052584592,44.0,96.0,0,41.5476077803,-22.0,56.9037656904,80.7619047619,52.0
14:38:00,3058.0,3074.92266705,12.7074168795,44.0,50.0,0,41.5546660547,24.0,57.6,72.2857142857,70.0
14:38:01,3059.0,3074.91382358,12.7091441271,45.8333333333,40.0,0,41.5467281044,2.0,64.3153526971,59.9047619048,66.0
14:38:01,3058.0,3074.90442962,12.7112880597,44.0,14.0,0,41.5673252442,6.0,54.4,40.9523809524,2.0
14:38:02,3059.0,3074.89559628,12.7130013619,45.8333333333,82.0,0,41.5593375674,50.0,61.875,52.4761904762,56.0
14:38:02,3059.0,3074.88676784,12.7147078245,45.8333333333,74.0,0,41.5649160656,20.0,64.0449438202,58.380952381,80.0
14:38:03,3059.0,3074.87794431,12.7164074503,45.8333333333,162.0,0,41.570472214,62.0,83.8862559242,87.7142857143,164.0
14:38:03,3059.0,3074.86912568,12.718100242,45.8333333333,222.0,0,41.5760060216,-90.0,85.1851851852,131.047619048,50.0
14:38:04,3059.0,3074.86031195,12.7200846215,45.8333333333,62.0,0,41.5824930418,6.0,79.2207792208,120.476190476,54.0
14:38:04,3059.0,3074.85150311,12.7220624808,45.8333333333,116.0,0,41.5889587473,-92.0,79.3871866295,124.285714286,-44.0
14:38:05,3059.0,3074.84269917,12.7237351084,45.8333333333,366.0,0,41.5944266374,-230.0,80.0399201597,194.666666667,-324.0
14:38:05,3059.0,3074.83390011,12.7254009129,45.8333333333,458.0,0,41.5998722228,140.0,86.7243867244,277.80952381,-204.0
14:38:06,3060.0,3074.82566134,12.7269595468,48.0,2.0,0,41.5913710679,-2.0,84.9918433932,212.380952381,-268.0
14:38:06,3059.0,3074.81687175,12.7286121265,45.8333333333,12.0,0,41.6103698153,-2.0,85.4330708661,157.428571429,-180.0
14:38:07,3060.0,3074.80864244,12.7301583417,48.0,80.0,0,41.601824646,-18.0,87.8143133462,131.904761905,-204.0
14:38:07,3060.0,3074.8004177,12.731698545,48.0,162.0,0,41.60685799,150.0,90.7407407407,128.952380952,38.0
14:38:08,3060.0,3074.79219753,12.7332327385,48.0,284.0,0,41.6118716944,8.0,94.9899799599,158.666666667,276.0
14:38:08,3059.0,3074.78342652,12.7351591156,45.8333333333,10.0,0,41.6317721989,0.0,90.9090909091,114.0,136.0
14:38:09,3060.0,3074.77521579,12.7366810608,48.0,232.0,0,41.6231407216,-2.0,93.0769230769,154.095238095,136.0
14:38:09,3060.0,3074.76700962,12.7381970029,48.0,14.0,0,41.6280947809,-2.0,93.6061381074,120.952380952,136.0
14:38:10,3060.0,3074.758808,12.7397069442,48.0,312.0,0,41.6330292295,-146.0,91.124260355,172.857142857,8.0
14:38:10,3060.0,3074.75061094,12.7412108868,48.0,50.0,0,41.6379440744,-6.0,90.4656319291,138.857142857,-148.0
14:38:11,3060.0,3074.74241843,12.7427088327,48.0,104.0,0,41.6428393226,-4.0,86.1495844875,125.619047619,-160.0
14:38:11,3060.0,3074.73423047,12.7442007841,48.0,60.0,0,41.6477149809,-32.0,87.5647668394,108.380952381,-192.0
14:38:12,3060.0,3074.72604706,12.7456867432,48.0,150.0,0,41.6525710562,0.0,86.0869565217,114.476190476,-190.0
14:38:12,3060.0,3074.7178682,12.7474459315,48.0,26.0,0,41.6583200377,-16.0,86.6096866097,89.0476190476,-204.0
14:38:13,3060.0,3074.70969388,12.7489200674,48.0,3026.0,0,41.6631374753,-1628.0,99.0046838407,920.19047619,-1686.0
14:38:13,3061.0,3074.70207949,12.7500141582,50.0,236.0,0,41.6531008108,28.0,98.7229317046,824.952380952,-1652.0
14:38:14,3061.0,3074.69446934,12.7511027089,50.0,1664.0,0,41.656657004,526.0,99.9612553274,1128.85714286,-1122.0
14:38:14,3062.0,3074.68741882,12.751833855,51.8518518519,288.0,0,41.6454404149,-6.0,98.5528756957,965.333333333,-1096.0
14:38:15,3061.0,3074.67981681,12.7529115412,50.0,1496.0,0,41.6625662895,-1000.0,96.3182897862,1136.0952381,-2096.0
14:38:15,3062.0,3074.67277442,12.753632232,51.8518518519,374.0,0,41.6513136249,98.0,96.6403162055,922.19047619,-1982.0
14:38:16,3063.0,3074.66629135,12.7542986097,53.5714285714,780.0,0,41.6398909882,-228.0,83.8362959901,807.714285714,-582.0
14:38:16,3063.0,3074.65981187,12.7549605425,53.5714285714,0.0,0,41.6420520487,0.0,0,577.333333333,-610.0
14:38:17,3061.0,3074.6522252,12.7560174586,50.0,620.0,0,41.6727130304,-278.0,69.7582911748,535.333333333,-1414.0
14:38:17,3063.0,3074.64575354,12.7563892216,53.5714285714,200.0,0,41.6467163616,-36.0,70.4899135447,423.047619048,-1444.0
14:38:18,3063.0,3074.63928547,12.7567562316,53.5714285714,384.0,0,41.6479145661,-230.0,60.0508905852,367.523809524,-674.0
14:38:18,3062.0,3074.63226559,12.7574470626,51.8518518519,192.0,0,41.6637722489,-78.0,55.0551470588,310.095238095,-850.0
14:38:19,3062.0,3074.62524962,12.7581327699,51.8518518519,234.0,0,41.6660116588,54.0,72.2699386503,273.333333333,-568.0
14:38:19,3062.0,3074.61823754,12.7588133543,51.8518518519,484.0,0,41.668234338,24.0,78.5241248817,334.0,-544.0
14:38:20,3062.0,3074.61122935,12.7594888166,51.8518518519,224.0,0,41.6704402894,128.0,85.4481955763,297.333333333,-138.0
14:38:20,3062.0,3074.60422506,12.7601591576,51.8518518519,102.0,0,41.6726295155,-64.0,85.6790123457,244.666666667,-166.0
14:38:21,3061.0,3074.59666926,12.761455635,50.0,740.0,30.6451612903,41.6904790426,416.0,55.4655870445,378.952380952,480.0
14:38:21,3061.0,3074.58911765,12.7624648553,43.4782608696,268.0,0,41.6937760708,-136.0,49.6101364522,361.428571429,422.0
14:38:22,3061.0,3074.58157024,12.7634685549,43.4782608696,322.0,0,41.6970550634,8.0,61.1214953271,355.714285714,376.0
14:38:22,3061.0,3074.57402701,12.7647490945,43.4782608696,250.0,0,41.701238466,40.0,59.8111227702,325.238095238,392.0
14:38:23,3061.0,3074.56648798,12.7660244224,43.4782608696,106.0,0,41.7054048428,40.0,61.8568232662,264.761904762,304.0
14:38:23,3061.0,3074.55895314,12.7670118867,43.4782608696,284.0,0,41.7086307962,0.0,65.3807106599,260.761904762,368.0
14:38:24,3061.0,3074.55142248,12.7679938357,43.4782608696,32.0,0,41.7118387316,18.0,104.437400951,176.095238095,-30.0
14:38:24,3061.0,3074.543896,12.7689702707,43.4782608696,120.0,0,41.7150286531,32.0,117.414721724,150.285714286,138.0
14:38:25,3060.0,3074.5358183,12.7703106201,41.6666666667,156.0,0,41.7330412421,82.0,100.0,141.80952381,212.0
14:38:25,3061.0,3074.52830049,12.7715591118,43.4782608696,76.0,0,41.7234861541,26.0,91.7312661499,118.380952381,198.0
14:38:26,3061.0,3074.52078686,12.7725189631,43.4782608696,338.0,0,41.7266218985,228.0,93.6381709742,178.095238095,386.0
14:38:26,3061.0,3074.51327739,12.7737569036,43.4782608696,218.0,0,41.7306661339,24.0,93.4042553191,192.476190476,410.0
14:38:27,3061.0,3074.5057721,12.7747058989,43.4782608696,406.0,0,41.7337664125,36.0,94.2161339422,263.714285714,428.0
14:38:27,3061.0,3074.49827098,12.775649388,43.4782608696,134.0,0,41.7368487029,54.0,97.5903614458,239.428571429,450.0
14:38:28,3062.0,3074.49132942,12.7762409432,45.8333333333,240.0,0,41.7251500431,38.0,74.9291784703,244.761904762,406.0
14:38:28,3061.0,3074.48383632,12.77717363,43.4782608696,112.0,0,41.7418282589,86.0,67.817679558,209.523809524,466.0
14:38:29,3062.0,3074.47690278,12.7777547826,45.8333333333,58.0,0,41.7300939993,46.0,57.0205479452,157.142857143,284.0
14:38:29,3061.0,3074.46941769,12.7789612224,43.4782608696,36.0,0,41.7476681554,22.0,46.0446247465,111.80952381,282.0
14:38:30,3061.0,3074.46193676,12.7798777713,43.4782608696,252.0,0,41.7506624347,58.0,14.6634615385,136.857142857,304.0
14:38:30,3062.0,3074.45501539,12.7804433935,45.8333333333,106.0,0,41.7388745704,38.0,11.4427860696,127.523809524,288.0
14:38:31,3061.0,3074.44754245,12.7816341735,43.4782608696,154.0,0,41.7564004361,116.0,40.9470752089,133.238095238,366.0
14:38:31,3062.0,3074.44062907,12.7824747376,45.8333333333,38.0,0,41.7455086139,4.0,46.8944099379,109.904761905,284.0
14:38:32,3062.0,3074.43371953,12.7830251906,45.8333333333,86.0,0,41.7473063052,-50.0,54.1666666667,103.80952381,188.0
14:38:32,3062.0,3074.42681383,12.7838560302,45.8333333333,342.0,0,41.7500196936,-302.0,70.3476482617,169.523809524,-136.0
14:38:33,3062.0,3074.41991196,12.7843964471,45.8333333333,34.0,0,41.7517846083,-10.0,86.8421052631,132.666666667,-204.0
14:38:33,3062.0,3074.41301392,12.7852175654,45.8333333333,46.0,0,41.7544662488,-30.0,85.7142857143,109.619047619,-272.0
14:38:34,3062.0,3074.40611972,12.7857479491,45.8333333333,96.0,0,41.7561983967,-76.0,90.9657320872,103.714285714,-464.0
14:38:34,3062.0,3074.39922935,12.7865593496,45.8333333333,58.0,0,41.7588483003,14.0,91.2386706949,89.7142857143,-454.0
14:38:35,3061.0,3074.3917874,12.7877096636,43.4782608696,312.0,0,41.7762484928,-198.0,81.3063063063,147.333333333,-602.0
14:38:35,3062.0,3074.38490498,12.7885113101,45.8333333333,364.0,0,41.7652230897,-290.0,80.6593406594,209.047619048,-590.0
14:38:36,3061.0,3074.37747099,12.789651476,43.4782608696,266.0,0,41.7825922116,20.0,68.3012259194,241.714285714,-560.0
14:38:36,3061.0,3074.37004112,12.7907864669,43.4782608696,42.0,0,41.7863001205,-18.0,68.014059754,199.333333333,-548.0
14:38:37,3062.0,3074.36317079,12.7915733951,45.8333333333,114.0,0,41.7752233675,-2.0,66.6089965398,177.714285714,-474.0
14:38:37,3062.0,3074.35630427,12.7926208354,45.8333333333,36.0,0,41.7786441393,16.0,68.430335097,132.952380952,-472.0
14:38:38,3062.0,3074.34944156,12.7936637933,45.8333333333,46.0,0,41.7820502721,0.0,71.6589861751,92.0952380952,-274.0
14:38:38,3062.0,3074.34258266,12.7944366979,45.8333333333,48.0,0,41.7845744543,-20.0,56.5217391304,64.4761904762,-4.0
14:38:39,3061.0,3074.33517218,12.7958126801,43.4782608696,36.0,0,41.8027202879,-14.0,83.2298136646,48.4761904762,-38.0
14:38:39,3062.0,3074.32832121,12.7968418654,45.8333333333,72.0,0,41.7924293449,-56.0,72.1590909091,53.7142857143,-76.0
14:38:40,3062.0,3074.32147404,12.7981108632,45.8333333333,122.0,0,41.7965736878,-10.0,49.4444444444,71.8095238095,-84.0
14:38:40,3062.0,3074.31463068,12.7993756599,45.8333333333,196.0,0,41.8007043107,-22.0,47.3076923077,110.666666667,-122.0
14:38:41,3061.0,3074.30723572,12.8007330519,43.4782608696,938.0,0,41.8187946812,518.0,16.1473087819,353.904761905,396.0
14:38:41,3061.0,3074.29984486,12.8023302729,43.4782608696,320.0,0,41.8240126524,152.0,11.8764845606,378.095238095,568.0
14:38:42,3060.0,3074.29190271,12.8042855209,41.6666666667,102.0,0,41.8440703297,-48.0,11.6571428571,327.047619048,534.0
14:38:42,3061.0,3074.28452037,12.8058733511,43.4782608696,164.0,0,41.8355875566,-138.0,11.9435396308,290.571428571,452.0
14:38:43,3061.0,3074.27714213,12.8072114981,43.4782608696,202.0,0,41.8399591576,-90.0,21.0197710718,260.571428571,372.0
14:38:43,3061.0,3074.26976799,12.8085447825,43.4782608696,198.0,0,41.8443148725,-20.0,21.4137214137,225.619047619,374.0
14:38:44,3061.0,3074.26239794,12.8098732056,43.4782608696,464.0,0,41.8486547063,-184.0,56.9655172414,266.571428571,-328.0
14:38:44,3061.0,3074.25503199,12.811196769,43.4782608696,176.0,0,41.8529786639,-58.0,73.3537519142,247.80952381,-538.0
14:38:45,3061.0,3074.24767013,12.8125154742,43.4782608696,92.0,0,41.8572867502,-18.0,77.0061728395,211.904761905,-508.0
14:38:45,3061.0,3074.24031235,12.8138293228,43.4782608696,42.0,0,41.8615789702,-12.0,85.1788756388,162.19047619,-382.0
14:38:46,3060.0,3074.23240327,12.8157452229,41.6666666667,656.0,0,41.8815203361,96.0,49.3857493857,293.714285714,-196.0
14:38:46,3060.0,3074.22449857,12.8174100318,41.6666666667,606.0,0,41.8869608882,-242.0,34.0864440079,389.333333333,-418.0
14:38:47,3059.0,3074.21604286,12.8194517244,40.0,576.0,0,41.9073282918,302.0,17.7839851024,456.952380952,68.0
14:38:47,3060.0,3074.20814726,12.8208377087,41.6666666667,44.0,0,41.8981624467,10.0,14.1865079365,367.238095238,136.0
14:38:48,3060.0,3074.20025603,12.822486325,41.6666666667,70.0,0,41.9035500818,26.0,13.9418254764,291.238095238,180.0
14:38:48,3059.0,3074.19181379,12.8245111451,40.0,234.0,0,41.9238677513,226.0,11.1619396157,263.142857143,418.0
14:38:49,3060.0,3074.18393164,12.8258805199,41.6666666667,16.0,0,41.9146422219,8.0,16.5588615783,163.619047619,330.0
14:38:49,3060.0,3074.17605387,12.8275129628,41.6666666667,24.0,0,41.9199770027,22.0,28.8381742739,96.8571428571,594.0
14:38:50,3060.0,3074.16818047,12.8291401399,41.6666666667,240.0,0,41.9252945747,-56.0,29.9363057325,119.523809524,236.0
14:38:50,3060.0,3074.16031144,12.830762053,41.6666666667,36.0,0,41.9305949445,28.0,30.3225806452,99.9047619048,254.0
14:38:51,3060.0,3074.15244679,12.8323787043,41.6666666667,118.0,0,41.9358781185,4.0,35.3293413174,104.095238095,232.0
14:38:51,3060.0,3074.1445865,12.8339900956,41.6666666667,50.0,0,41.9411441034,36.0,55.3719008265,86.5714285714,42.0
14:38:52,3060.0,3074.13673058,12.8355962291,41.6666666667,842.0,0,41.9463929054,692.0,83.0534351145,304.095238095,726.0
14:38:52,3060.0,3074.12887902,12.8371971066,41.6666666667,188.0,0,41.9516245312,108.0,85.0746268657,295.428571429,812.0
14:38:53,3060.0,3074.12103182,12.8385231179,41.6666666667,30.0,0,41.9559579016,22.0,96.0443037975,233.80952381,890.0
14:38:53,3061.0,3074.11374438,12.8397557252,43.4782608696,30.0,0,41.9462780961,8.0,95.0715421304,182.19047619,870.0
14:38:54,3060.0,3074.10590559,12.8410710169,41.6666666667,112.0,0,41.964284369,-2.0,86.7412140575,154.285714286,864.0
14:38:54,3061.0,3074.09862656,12.8422936222,43.4782608696,6.0,0,41.9545691675,-6.0,87.0860927152,96.380952381,822.0
14:38:55,3060.0,3074.09079616,12.8438684031,41.6666666667,64.0,0,41.9734261538,36.0,56.7441860465,57.1428571429,166.0
14:38:55,3061.0,3074.08352552,12.8448108097,43.4782608696,34.0,0,41.9627925832,-8.0,29.7101449275,46.380952381,50.0
14:38:56,3060.0,3074.07570351,12.8461046811,41.6666666667,692.0,0,41.980734252,-474.0,9.5948827292,230.952380952,-446.0
14:38:56,3061.0,3074.06844125,12.8473073,43.4782608696,90.0,0,41.9709483829,-18.0,14.629258517,212.0,-472.0
14:38:57,3060.0,3074.06062762,12.8488612648,41.6666666667,464.0,0,41.9897426955,-282.0,12.5925925926,297.047619048,-752.0
14:38:57,3060.0,3074.05281833,12.8501390563,41.6666666667,120.0,0,41.9939184845,46.0,14.8907103825,267.047619048,-700.0
14:38:58,3060.0,3074.04501337,12.851682406,41.6666666667,48.0,0,41.998962111,16.0,16.2983425414,211.047619048,-720.0
14:38:58,3060.0,3074.03721275,12.8529492911,41.6666666667,152.0,0,42.0031022583,26.0,16.091954023,185.523809524,-686.0
14:38:59,3061.0,3074.02997187,12.8538553447,43.4782608696,52.0,0,41.9923402309,40.0,31.9654427646,125.80952381,-172.0
14:38:59,3060.0,3074.0221796,12.8553829306,41.6666666667,92.0,0,42.0110553289,-50.0,27.1551724138,108.0,-204.0
14:39:00,3061.0,3074.01494707,12.8562787178,43.4782608696,82.0,0,42.0002571636,0.0,53.4798534799,87.2380952381,78.0
14:39:00,3060.0,3074.00716315,12.857795922,41.6666666667,548.0,0,42.0189409216,-244.0,29.158110883,217.80952381,-212.0
14:39:01,3060.0,3073.99938355,12.8590359227,41.6666666667,180.0,0,42.0229932114,70.0,21.6998191682,222.857142857,-158.0
14:39:01,3060.0,3073.99160828,12.860542536,41.6666666667,174.0,0,42.0279167844,-124.0,22.3404255319,219.904761905,-308.0
14:39:02,3059.0,3073.98328192,12.8624195519,40.0,668.0,0,42.0477919316,-152.0,12.2706422018,357.047619048,-500.0
14:39:02,3059.0,3073.97496019,12.8642908956,40.0,266.0,0,42.0539094332,-38.0,12.7215849844,350.0,-488.0
14:39:03,3059.0,3073.96664307,12.8661565697,40.0,78.0,0,42.0600084005,-64.0,12.8526645768,280.952380952,-552.0
14:39:03,3059.0,3073.95833058,12.8680165767,40.0,16.0,0,42.0660888417,-2.0,15.3400868307,194.380952381,-310.0
14:39:04,3058.0,3073.9494673,12.8705184098,38.4615384615,324.0,0,42.0880261928,72.0,19.3971166448,221.142857143,-308.0
14:39:04,3059.0,3073.94116435,12.8726183672,40.0,174.0,0,42.0811322889,98.0,24.1153342071,198.19047619,-86.0
14:39:05,3059.0,3073.93286601,12.8747129418,40.0,46.0,0,42.0879795416,10.0,42.9203539823,138.666666667,76.0
14:39:05,3059.0,3073.92457228,12.8770321901,40.0,46.0,0,42.0955612622,38.0,52.9239766082,108.761904762,152.0
14:39:06,3059.0,3073.91628315,12.8793463238,40.0,46.0,0,42.1031262628,20.0,49.3865030675,89.3333333333,236.0
14:39:06,3058.0,3073.90744323,12.8820503859,38.4615384615,16.0,0,42.125737037,-2.0,47.8527607362,62.8571428571,236.0
14:39:07,3058.0,3073.89860821,12.8847488442,38.4615384615,126.0,0,42.1345612956,40.0,71.8061674009,67.8095238095,204.0
14:39:07,3058.0,3073.8897781,12.8874417022,38.4615384615,34.0,0,42.1433672405,-20.0,64.9681528663,55.9047619048,86.0
14:39:08,3059.0,3073.8815083,12.8899438146,40.0,48.0,0,42.1377699071,0.0,63.9240506329,54.6666666667,76.0
14:39:08,3059.0,3073.87324309,12.8924410784,40.0,1034.0,0,42.1459335678,-554.0,15.1840490797,335.047619048,-516.0
14:39:09,3058.0,3073.86442707,12.8951179273,38.4615384615,24.0,0,42.1684693501,12.0,14.5085803432,279.80952381,-524.0
14:39:09,3058.0,3073.85561595,12.8977891893,38.4615384615,112.0,0,42.177204674,-22.0,15.5297532656,250.761904762,-544.0
14:39:10,3058.0,3073.84680972,12.900454868,38.4615384615,590.0,0,42.1859217398,394.0,6.62323561346,353.714285714,-190.0
14:39:10,3058.0,3073.83800838,12.9031149669,38.4615384615,286.0,0,42.1946205588,252.0,19.3887297039,347.714285714,82.0
14:39:11,3059.0,3073.82976733,12.9053767117,40.0,110.0,27.4193548387,42.1882206986,22.0,18.1818181818,279.428571429,104.0
14:39:11,3058.0,3073.82097546,12.9082359314,47.619047619,18.0,0,42.2113666822,10.0,31.7543859649,181.904761905,668.0
14:39:12,3058.0,3073.81218847,12.9110898325,47.619047619,54.0,0,42.2206992561,24.0,31.9658119658,143.047619048,680.0
14:39:12,3059.0,3073.80396176,12.9135463854,50.0,32.0,0,42.2149277063,4.0,32.1100917431,96.4761904762,706.0
14:39:13,3059.0,3073.79573962,12.9159981159,50.0,10.0,0,42.2229425169,6.0,68.6274509804,47.4285714286,318.0
14:39:13,3058.0,3073.78696665,12.9188365889,47.619047619,22.0,0,42.2460320109,6.0,31.7073170732,29.4285714286,72.0
14:39:14,3058.0,3073.77819855,12.9214591348,47.619047619,100.0,0,42.2546080275,-40.0,27.9661016949,46.2857142857,10.0
14:39:14,3058.0,3073.76943532,12.9242868801,47.619047619,730.0,0,42.2638550689,-206.0,8.01687763715,243.619047619,-206.0
14:39:15,3058.0,3073.76067695,12.9268984535,47.619047619,164.0,0,42.2723952043,60.0,19.6597353497,245.333333333,-170.0
14:39:15,3058.0,3073.75192345,12.9295044805,47.619047619,336.0,0,42.2809172024,172.0,17.4743024963,290.952380952,-2.0
14:39:16,3058.0,3073.74317481,12.9321049645,47.619047619,202.0,0,42.2894210741,-74.0,19.8198198198,283.80952381,-82.0
14:39:16,3058.0,3073.73443103,12.9349111742,47.619047619,90.0,0,42.2985976918,-22.0,20.8384710234,235.523809524,-110.0
14:39:17,3058.0,3073.72569211,12.9377120994,47.619047619,894.0,0,42.3077570288,118.0,14.6523178808,413.714285714,48.0
14:39:17,3058.0,3073.71695804,12.9402962357,47.619047619,334.0,0,42.3162074417,-14.0,21.3861386139,394.095238095,240.0
14:39:18,3057.0,3073.70767342,12.9432855824,45.4545454545,142.0,0,42.3398285324,-88.0,20.3203203203,338.476190476,92.0
14:39:18,3058.0,3073.69894936,12.9460701769,47.619047619,38.0,0,42.3350888714,-10.0,23.7647058823,254.19047619,-90.0
14:39:19,3057.0,3073.68967474,12.9492597118,45.4545454545,194.0,0,42.3593709905,-26.0,20.6855791962,228.666666667,-42.0
14:39:19,3057.0,3073.68040528,12.9524434513,45.4545454545,54.0,0,42.3697855782,-48.0,18.3574879227,163.523809524,-68.0
14:39:20,3057.0,3073.67114096,12.9554092688,45.4545454545,44.0,0,42.3794873038,22.0,35.7320099255,97.2380952381,-164.0
14:39:20,3057.0,3073.66188178,12.9585813094,45.4545454545,52.0,0,42.3898636225,34.0,39.3129770992,73.7142857143,-116.0
14:39:21,3057.0,3073.65262775,12.9617475674,45.4545454545,104.0,0,42.4002210251,4.0,18.1069958848,78.4761904762,-24.0
14:39:21,3057.0,3073.64337886,12.9646955443,45.4545454545,228.0,0,42.4098643908,2.0,28.9940828402,120.476190476,-12.0
14:39:22,3057.0,3073.63413511,12.9676374958,45.4545454545,26.0,0,42.4194880464,-6.0,36.2204724409,95.7142857143,8.0
14:39:22,3057.0,3073.62489649,12.9707861893,45.4545454545,46.0,0,42.4297879923,4.0,38.0,84.6666666667,60.0
14:39:23,3057.0,3073.615663,12.9739291168,45.4545454545,30.0,0,42.440069077,0.0,37.8600823045,69.4285714286,38.0
14:39:23,3058.0,3073.60699004,12.9764455146,47.619047619,66.0,0,42.4344196031,-18.0,38.0,65.1428571429,-14.0
14:39:24,3057.0,3073.5977665,12.9795770728,45.4545454545,312.0,0,42.4585445625,-16.0,29.9435028249,130.476190476,-34.0
14:39:24,3058.0,3073.58910348,12.9822956368,47.619047619,50.0,0,42.4535501529,-26.0,14.3396226415,111.047619048,-62.0
14:39:25,3058.0,3073.58044527,12.9850089728,47.619047619,40.0,0,42.4624230636,-4.0,18.3823529412,97.2380952381,-60.0
14:39:25,3057.0,3073.57123647,12.988123822,45.4545454545,12.0,0,42.4865025255,0.0,19.2156862745,74.7619047619,-64.0
14:39:26,3057.0,3073.56203278,12.9912329294,45.4545454545,376.0,0,42.4966729779,-310.0,12.1495327103,157.904761905,-374.0
14:39:26,3057.0,3073.55283421,12.9943362989,45.4545454545,292.0,0,42.5068246611,-264.0,34.3807763401,200.571428571,-620.0
14:39:27,3057.0,3073.54364074,12.9976264185,45.4545454545,130.0,0,42.5175872376,-112.0,51.1111111111,186.19047619,-716.0
14:39:27,3057.0,3073.53445239,13.0009110525,45.4545454545,92.0,0,42.5283318694,-12.0,57.9617834395,169.619047619,-702.0
14:39:28,3056.0,3073.52471373,13.0046169389,43.4782608696,438.0,0,42.5543748002,-50.0,63.4328358209,249.904761905,-748.0
14:39:28,3057.0,3073.51553588,13.0078903405,45.4545454545,818.0,0,42.5511623831,416.0,2.88909599254,419.80952381,-332.0
14:39:29,3057.0,3073.50636313,13.0111582692,45.4545454545,668.0,0,42.561852369,218.0,-13.1255127154,508.476190476,196.0
14:39:29,3056.0,3073.49664007,13.0148466237,43.4782608696,396.0,0,42.5878488996,-204.0,-10.7002360346,505.523809524,256.0
14:39:30,3056.0,3073.48692242,13.0185289487,43.4782608696,54.0,0,42.5998983923,-2.0,-15.4906731549,399.904761905,366.0
14:39:30,3056.0,3073.47721016,13.0222052492,43.4782608696,1736.0,0,42.6119281715,700.0,-21.5571776156,778.476190476,1078.0
14:39:31,3056.0,3073.46750329,13.0256821076,43.4782608696,78.0,0,42.6233053258,42.0,-31.8933333333,605.047619048,1170.0
14:39:31,3055.0,3073.45724642,13.0295987356,41.6666666667,220.0,0,42.6500776942,96.0,-7.67766497463,489.333333333,850.0
14:39:32,3057.0,3073.44810604,13.0328320449,45.4545454545,270.0,0,42.6327512101,-76.0,16.2672476398,416.380952381,556.0
14:39:32,3056.0,3073.43841534,13.0362902656,43.4782608696,132.0,0,42.6580178848,-32.0,7.87148594378,322.952380952,728.0
14:39:33,3056.0,3073.42873003,13.039936162,43.4782608696,46.0,0,42.669948174,-26.0,8.05801772764,217.523809524,704.0
14:39:33,3056.0,3073.41905009,13.0435760642,43.4782608696,142.0,0,42.6818588489,38.0,72.2972972973,139.904761905,42.0
14:39:34,3056.0,3073.40937552,13.0470158241,43.4782608696,102.0,0,42.6931146076,-72.0,70.6140350877,126.761904762,-72.0
14:39:34,3056.0,3073.39970633,13.0504493561,43.4782608696,214.0,0,42.7043499871,110.0,52.5386313466,144.476190476,-58.0
14:39:35,3056.0,3073.39004252,13.0538766651,43.4782608696,122.0,0,42.7155650036,90.0,31.926121372,136.19047619,108.0
14:39:35,3057.0,3073.38093946,13.0566595278,45.4545454545,218.0,0,42.7106952169,32.0,21.8009478673,162.380952381,172.0
14:39:36,3056.0,3073.37128607,13.0600745725,43.4782608696,76.0,0,42.7358461142,50.0,24.0274599542,143.904761905,248.0
14:39:36,3056.0,3073.36163803,13.0632673412,43.4782608696,66.0,0,42.7462936556,42.0,27.3182957393,121.142857143,252.0
14:39:37,3056.0,3073.35199536,13.0666698525,43.4782608696,138.0,0,42.7574275278,-2.0,22.5419664268,122.571428571,322.0
14:39:37,3055.0,3073.34180264,13.0702923653,41.6666666667,1084.0,0,42.7832810649,-298.0,-28.6384976526,392.571428571,-86.0
14:39:38,3056.0,3073.33217098,13.0736820707,43.4782608696,298.0,0,42.780373268,34.0,-17.0212765958,396.571428571,-142.0
14:39:38,3055.0,3073.32198927,13.0775075022,41.6666666667,56.0,0,42.8068985341,54.0,-16.6472642608,323.047619048,-120.0
14:39:39,3056.0,3073.31236861,13.0808845432,43.4782608696,166.0,0,42.803941568,158.0,-13.9380530973,288.666666667,-12.0
14:39:39,3055.0,3073.3021979,13.0846967177,41.6666666667,70.0,0,42.8304311545,60.0,-12.472406181,222.571428571,6.0
14:39:40,3056.0,3073.29258824,13.0878441858,43.4782608696,86.0,0,42.8267152677,60.0,-9.54545454545,160.857142857,68.0
14:39:40,3055.0,3073.28242851,13.0914259473,41.6666666667,72.0,0,42.8524580926,42.0,70.5882352941,97.619047619,408.0
14:39:41,3055.0,3073.27227442,13.0950006953,41.6666666667,264.0,0,42.8641593954,36.0,73.6694677871,137.428571429,410.0
14:39:41,3056.0,3073.26268138,13.0981283385,43.4782608696,1064.0,0,42.8603675999,-326.0,28.8037166086,407.428571429,30.0
14:39:42,3055.0,3073.25253826,13.1016893849,41.6666666667,1582.0,0,42.886053633,-376.0,45.2517527087,777.428571429,-504.0
14:39:42,3056.0,3073.24295618,13.1048039326,43.4782608696,542.0,0,42.8822118212,22.0,42.1052631579,782.857142857,-542.0
14:39:43,3055.0,3073.23282402,13.1083512985,41.6666666667,370.0,0,42.9078602243,148.0,38.4180790961,716.666666667,-454.0
14:39:43,3055.0,3073.22269749,13.1118916787,41.6666666667,138.0,0,42.9194490303,84.0,38.1313131313,570.666666667,-412.0
14:39:44,3055.0,3073.21257658,13.1154250789,41.6666666667,62.0,0,42.9310149882,4.0,34.2203299628,399.80952381,-444.0
14:39:44,3055.0,3073.20246129,13.1189515046,41.6666666667,156.0,0,42.9425581166,44.0,46.3157894737,265.428571429,-74.0
14:39:45,3055.0,3073.19235162,13.1224709615,41.6666666667,324.0,0,42.9540784338,30.0,20.1005025126,222.285714286,332.0
14:39:45,3055.0,3073.18224756,13.1259834552,41.6666666667,396.0,0,42.9655759582,332.0,11.6182572614,259.619047619,642.0
14:39:46,3055.0,3073.17214912,13.1294889913,41.6666666667,404.0,0,42.977050708,338.0,37.1621621621,306.19047619,832.0
14:39:46,3055.0,3073.16205629,13.1327477984,41.6666666667,1030.0,0,42.9877178345,-570.0,21.6694772344,530.0,178.0
14:39:47,3055.0,3073.15196906,13.1362393118,41.6666666667,210.0,0,42.9991466834,40.0,28.4126984127,477.047619048,214.0
14:39:47,3056.0,3073.14244283,13.1395063016,43.4782608696,68.0,0,42.9957666936,-36.0,28.2072368421,376.476190476,134.0
14:39:48,3055.0,3073.1323665,13.143203379,41.6666666667,48.0,0,43.0219423208,-10.0,31.9109461967,274.380952381,94.0
14:39:48,3055.0,3073.12229576,13.1466746488,41.6666666667,40.0,0,43.033304906,-8.0,39.0,183.142857143,-246.0
14:39:49,3055.0,3073.11223061,13.1503582516,41.6666666667,188.0,0,43.0453625257,8.0,18.6868686869,151.142857143,-576.0
14:39:49,3055.0,3073.10217105,13.1540351857,41.6666666667,74.0,0,43.0573983165,-14.0,49.6815286624,96.8571428571,-20.0
14:39:50,3056.0,3073.09267249,13.1572704869,43.4782608696,12.0,0,43.0538955725,-4.0,21.3953488372,70.380952381,-64.0
14:39:50,3055.0,3073.08262379,13.1611329089,41.6666666667,232.0,0,43.0806314529,164.0,28.2828282828,116.19047619,136.0
14:39:51,3055.0,3073.07258068,13.1649889226,41.6666666667,380.0,0,43.0932534293,-14.0,20.5183585313,196.476190476,132.0
14:39:51,3056.0,3073.06309855,13.1684044534,43.4782608696,130.0,0,43.0903287088,60.0,22.0472440945,189.523809524,200.0
14:39:52,3056.0,3073.05362168,13.1718141719,43.4782608696,114.0,0,43.1014861647,14.0,25.0530785562,173.714285714,206.0
14:39:52,3055.0,3073.04359468,13.1758294858,41.6666666667,172.0,0,43.1287380877,-10.0,22.6923076923,178.0,210.0
14:39:53,3056.0,3073.03412864,13.1795623557,43.4782608696,66.0,0,43.1268401693,-44.0,21.7550274223,147.333333333,170.0
14:39:53,3055.0,3073.02411246,13.1837228369,41.6666666667,36.0,0,43.1545755708,-4.0,17.8173719376,105.523809524,2.0
14:39:54,3055.0,3073.01410185,13.187720272,41.6666666667,506.0,0,43.1676604648,160.0,54.4921875,207.333333333,176.0
14:39:54,3056.0,3073.00465219,13.1912792432,43.4782608696,282.0,0,43.1651807695,24.0,65.1360544218,239.142857143,140.0
14:39:55,3057.0,3072.99576319,13.1945790373,45.4545454545,190.0,0,43.1618548817,-42.0,66.1341853035,237.428571429,84.0
14:39:55,3056.0,3072.98632372,13.1981273193,43.4782608696,56.0,0,43.1875893958,-28.0,72.3591549296,193.80952381,66.0
14:39:56,3056.0,3072.9768895,13.201491393,43.4782608696,336.0,0,43.1985974903,0.0,58.3214793741,235.714285714,110.0
14:39:56,3056.0,3072.96746051,13.2048496954,43.4782608696,100.0,0,43.2095866996,76.0,55.5102040816,197.333333333,190.0
14:39:57,3056.0,3072.95803676,13.2082022309,43.4782608696,266.0,0,43.2205570383,48.0,33.1707317073,203.333333333,78.0
14:39:57,3056.0,3072.94861825,13.2117280484,43.4782608696,192.0,0,43.2320943992,0.0,12.6315789473,199.619047619,54.0
14:39:58,3057.0,3072.93976036,13.2148389487,45.4545454545,106.0,0,43.2281287169,4.0,7.19696969695,175.619047619,100.0
14:39:58,3056.0,3072.930352,13.2181747306,43.4782608696,584.0,0,43.2531895636,384.0,5.93434343434,292.19047619,512.0
14:39:59,3056.0,3072.92094886,13.2215047629,43.4782608696,404.0,0,43.2640862659,302.0,10.8958837772,332.19047619,814.0
14:39:59,3056.0,3072.91155094,13.2248290497,43.4782608696,348.0,0,43.274964168,200.0,-0.736842105264,352.952380952,938.0
14:40:00,3056.0,3072.90215825,13.2281475956,43.4782608696,128.0,0,43.2858232841,4.0,4.9943246311,299.047619048,894.0
14:40:00,3056.0,3072.89277076,13.231640177,43.4782608696,1330.0,0,43.2972518882,500.0,10.9655172414,595.142857143,1394.0
14:40:01,3054.0,3072.8822777,13.2358258568,40.0,906.0,24.2424242424,43.3393119083,88.0,-3.13513513513,715.904761905,1478.0
14:40:01,3054.0,3072.87179045,13.2400046127,34.7826086957,426.0,0,43.3529948026,-6.0,2.9926595144,661.428571429,1088.0
14:40:02,3054.0,3072.86130904,13.2441764514,34.7826086957,402.0,0,43.3666550472,66.0,10.4519774011,607.619047619,852.0
14:40:02,3054.0,3072.85083344,13.2483413794,34.7826086957,240.0,0,43.3802926634,-192.0,16.2587412587,507.619047619,460.0
14:40:03,3055.0,3072.84091907,13.2520509681,37.5,394.0,0,43.3782355748,-22.0,14.1157382369,456.761904762,434.0
14:40:03,3055.0,3072.8310102,13.255552808,37.5,40.0,0,43.389698226,34.0,13.2059800664,292.095238095,-32.0
14:40:04,3054.0,3072.82055143,13.2594959683,34.7826086957,798.0,0,43.416817185,138.0,50.2608695652,405.428571429,18.0
14:40:04,3055.0,3072.81065387,13.2629844805,37.5,206.0,0,43.4140244861,84.0,52.0192307692,354.761904762,108.0
14:40:05,3056.0,3072.80131722,13.2660401833,40.0,332.0,0,43.4098173537,146.0,53.3333333333,350.571428571,188.0
14:40:05,3055.0,3072.79143034,13.2695159792,37.5,188.0,0,43.4354041871,96.0,54.2390194076,308.571428571,476.0
14:40:06,3055.0,3072.78154896,13.2731873864,37.5,38.0,0,43.4474218868,12.0,61.1735330836,226.19047619,510.0
14:40:06,3055.0,3072.77167306,13.276852548,37.5,196.0,0,43.4594191423,126.0,54.3799772469,205.904761905,602.0
14:40:07,3055.0,3072.76180265,13.2805114689,37.5,46.0,0,43.4713959703,46.0,53.2803180914,135.333333333,510.0
14:40:07,3055.0,3072.75193772,13.2841641545,37.5,32.0,0,43.4833523879,8.0,43.9903846154,96.5714285714,434.0
14:40:08,3055.0,3072.74207828,13.2878106098,37.5,36.0,0,43.4952884119,8.0,5.97014925373,67.2380952381,296.0
14:40:08,3056.0,3072.7327797,13.2912083516,40.0,102.0,0,43.4921739252,24.0,24.0,70.8571428571,224.0
14:40:09,3056.0,3072.7234863,13.2946006747,40.0,248.0,0,43.503274459,210.0,46.3636363636,120.285714286,422.0
14:40:09,3055.0,3072.71364265,13.2984113243,37.5,58.0,0,43.5299879682,50.0,57.8544061303,105.428571429,346.0
14:40:10,3055.0,3072.70380447,13.3023772561,37.5,100.0,0,43.5429697417,84.0,53.125,109.142857143,384.0
14:40:10,3056.0,3072.69452716,13.3059142958,40.0,154.0,0,43.5402954705,10.0,64.1833810888,125.714285714,386.0
14:40:11,3055.0,3072.68469959,13.3098690642,37.5,46.0,0,43.5674928452,36.0,63.5593220339,105.619047619,414.0
14:40:11,3055.0,3072.67487749,13.3136565196,37.5,222.0,0,43.579890408,132.0,52.8985507246,135.333333333,522.0
14:40:12,3055.0,3072.66506084,13.3172554423,37.5,94.0,0,43.5916708422,-8.0,35.9050445104,122.761904762,304.0
14:40:12,3056.0,3072.65580504,13.3206088559,40.0,40.0,0,43.5883797642,12.0,38.4146341463,102.095238095,266.0
14:40:13,3055.0,3072.64599899,13.3243786481,37.5,42.0,0,43.6149873915,28.0,43.143812709,82.8571428571,210.0
14:40:13,3055.0,3072.63619838,13.3279595652,37.5,98.0,0,43.6267088879,96.0,37.6383763838,82.380952381,296.0
14:40:14,3055.0,3072.62640321,13.331717376,37.5,36.0,0,43.6390094142,26.0,41.3533834587,66.8571428571,286.0
14:40:14,3056.0,3072.61716888,13.335048359,40.0,326.0,0,43.6356294471,230.0,62.5786163522,134.666666667,384.0
14:40:15,3056.0,3072.60793969,13.3381906777,40.0,412.0,0,43.6459119036,-68.0,72.9559748428,222.095238095,324.0
14:40:15,3056.0,3072.59871562,13.3415108141,40.0,100.0,0,43.6567762241,-44.0,77.3175542406,205.238095238,268.0
14:40:16,3056.0,3072.58949667,13.3448255913,40.0,212.0,0,43.6676230081,-8.0,65.3716216216,217.523809524,232.0
14:40:16,3057.0,3072.58083824,13.3477359683,42.3076923077,90.0,0,43.6628589083,12.0,62.4149659864,186.857142857,148.0
14:40:17,3057.0,3072.57218462,13.3506414975,42.3076923077,42.0,0,43.6723634201,42.0,63.282571912,142.857142857,164.0
14:40:17,3057.0,3072.56353581,13.3535421822,42.3076923077,14.0,0,43.6818520844,2.0,58.1609195402,90.5714285714,-64.0
14:40:18,3056.0,3072.5543364,13.3568363426,40.0,18.0,0,43.7069252049,16.0,42.4369747899,54.2857142857,20.0
14:40:18,3056.0,3072.5451421,13.3601251629,40.0,38.0,0,43.7176870512,24.0,32.8502415459,42.4761904762,88.0
14:40:19,3056.0,3072.53595291,13.3634086469,40.0,62.0,0,43.7284314361,2.0,56.0606060606,40.4761904762,98.0
14:40:19,3056.0,3072.52676882,13.3666867986,40.0,34.0,0,43.7391583724,-12.0,50.9615384615,37.619047619,74.0
14:40:20,3056.0,3072.51758983,13.3697751535,40.0,50.0,0,43.7492642456,32.0,37.037037037,42.0,64.0
14:40:20,3057.0,3072.50897134,13.372645515,42.3076923077,82.0,0,43.7443425418,42.0,34.5070422535,55.1428571429,104.0
14:40:21,3057.0,3072.50035764,13.3755110552,42.3076923077,64.0,0,43.7537162421,56.0,37.5757575758,59.9047619048,144.0
14:40:21,3056.0,3072.49119332,13.3785834908,40.0,32.0,0,43.7780873389,8.0,36.4197530864,53.3333333333,128.0
14:40:22,3057.0,3072.48258949,13.3812540905,42.3076923077,142.0,0,43.7725027494,68.0,52.9702970297,78.4761904762,194.0
14:40:22,3057.0,3072.47399044,13.3839196374,42.3076923077,122.0,0,43.7812222356,70.0,50.0,94.0952380952,276.0
14:40:23,3056.0,3072.46484077,13.386769977,40.0,38.0,0,43.8048755791,18.0,55.4166666667,81.5238095238,262.0
14:40:23,3056.0,3072.45569617,13.3896145233,40.0,30.0,0,43.8141836496,-4.0,58.8785046729,67.2380952381,216.0
14:40:24,3057.0,3072.44711206,13.3922642097,42.3076923077,154.0,0,43.8085188412,-24.0,69.8841698842,90.8571428571,136.0
14:40:24,3057.0,3072.43853271,13.3947025184,42.3076923077,46.0,0,43.8164949898,26.0,71.052631579,79.3333333333,154.0
14:40:25,3056.0,3072.42940273,13.3973031392,40.0,398.0,0,43.8393427331,214.0,50.5076142132,167.714285714,300.0
14:40:25,3057.0,3072.42083322,13.3997305114,42.3076923077,106.0,0,43.8329424645,46.0,59.585492228,160.476190476,276.0
14:40:26,3057.0,3072.41226847,13.402152602,42.3076923077,10.0,0,43.840865561,2.0,58.064516129,126.571428571,260.0
14:40:26,3057.0,3072.40370848,13.4045694139,42.3076923077,96.0,0,43.84877139,-48.0,64.1975308642,118.571428571,216.0
14:40:27,3057.0,3072.39515324,13.4067532273,42.3076923077,54.0,0,43.8559150387,38.0,60.8450704225,95.4285714286,278.0
14:40:27,3057.0,3072.38660275,13.409366498,42.3076923077,254.0,0,43.8644635197,66.0,67.7559912854,134.19047619,318.0
14:40:28,3057.0,3072.37805701,13.4115395195,42.3076923077,400.0,0,43.8715718663,-90.0,96.7391304348,204.761904762,14.0
14:40:28,3057.0,3072.36951602,13.413707012,42.3076923077,226.0,0,43.8786621261,126.0,95.3846153846,225.523809524,94.0
14:40:29,3056.0,3072.36042437,13.4162618728,40.0,350.0,0,43.9013804737,56.0,94.347826087,276.0,148.0
14:40:29,3057.0,3072.35189317,13.4186464608,42.3076923077,360.0,0,43.8948199568,16.0,99.7566909976,313.142857143,212.0
14:40:30,3058.0,3072.34392211,13.4206540659,44.4444444444,76.0,0,43.8870309544,-10.0,97.2388955582,256.571428571,164.0
14:40:30,3057.0,3072.33540008,13.4230283716,42.3076923077,32.0,0,43.9091539796,0.0,98.0609418282,186.380952381,98.0
14:40:31,3057.0,3072.32688278,13.4253974238,42.3076923077,102.0,0,43.9169035781,-80.0,89.0052356021,146.761904762,108.0
14:40:31,3058.0,3072.31892561,13.4275983732,44.4444444444,22.0,0,43.9097396114,-12.0,88.5350318471,98.4761904762,-30.0
14:40:32,3057.0,3072.31041746,13.4299572888,42.3076923077,708.0,0,43.9318197211,42.0,41.3846153846,255.904761905,-44.0
14:40:32,3058.0,3072.30246943,13.4319403629,44.4444444444,16.0,0,43.9239384007,10.0,12.3430962343,198.571428571,-50.0
14:40:33,3058.0,3072.29452582,13.4341272138,44.4444444444,98.0,0,43.9310896462,90.0,9.20245398774,181.047619048,50.0
14:40:33,3058.0,3072.28658662,13.4361008287,44.4444444444,166.0,0,43.9375435863,-90.0,11.3309352518,181.904761905,-40.0
14:40:34,3057.0,3072.27809643,13.4384396025,42.3076923077,222.0,0,43.9595669039,-56.0,16.5584415584,192.380952381,-16.0
14:40:34,3058.0,3072.27016636,13.4404034216,44.4444444444,20.0,0,43.9516135435,6.0,16.2601626016,139.428571429,2.0
14:40:35,3058.0,3072.26224069,13.4423624536,44.4444444444,10.0,0,43.9580197959,2.0,35.3383458646,83.7142857143,-38.0
14:40:35,3058.0,3072.25431943,13.4440868151,44.4444444444,134.0,0,43.9636586499,-4.0,28.3076923077,96.6666666667,-52.0
14:40:36,3058.0,3072.24640256,13.4460361518,44.4444444444,134.0,0,43.9700331974,-70.0,27.9883381924,104.0,-212.0
14:40:36,3058.0,3072.23849009,13.4477505577,44.4444444444,12.0,0,43.9756394954,-6.0,25.5639097744,74.7619047619,-128.0
14:40:37,3058.0,3072.23058201,13.4494599202,44.4444444444,36.0,0,43.9812293008,-2.0,24.2774566474,59.7142857143,-74.0
14:40:37,3058.0,3072.22267833,13.4513946653,44.4444444444,510.0,0,43.9875561324,154.0,19.8564593301,188.952380952,74.0
14:40:38,3058.0,3072.21477904,13.4533246356,44.4444444444,148.0,0,43.9938673498,-100.0,28.5420944558,191.428571429,-28.0
14:40:38,3057.0,3072.20632873,13.4556178432,42.3076923077,130.0,0,44.0157600368,-106.0,29.2783505155,182.19047619,-130.0
14:40:39,3057.0,3072.19788311,13.4579058383,42.3076923077,40.0,0,44.0232444825,-18.0,33.5616438356,147.428571429,-78.0
14:40:39,3057.0,3072.18944219,13.4599576906,42.3076923077,80.0,0,44.0299564627,-34.0,35.8050847458,128.571428571,-106.0
14:40:40,3058.0,3072.18156136,13.4616367463,44.4444444444,62.0,0,44.021048876,16.0,36.9072164948,101.333333333,-88.0
14:40:40,3057.0,3072.1731295,13.4636778862,42.3076923077,28.0,0,44.0421258952,-2.0,54.0983606557,63.1428571429,-244.0
14:40:41,3058.0,3072.16525772,13.4653466734,44.4444444444,48.0,0,44.0331807501,6.0,45.3608247423,53.619047619,-138.0
14:40:41,3057.0,3072.15683492,13.4673771099,42.3076923077,120.0,0,44.0542267251,52.0,64.0211640212,69.4285714286,20.0
14:40:42,3058.0,3072.1489722,13.4692672561,44.4444444444,42.0,0,44.0460014915,24.0,68.947368421,63.4285714286,62.0
14:40:42,3058.0,3072.14111384,13.4709208993,44.4444444444,80.0,0,44.0514090888,-4.0,66.8421052631,68.1904761905,92.0
14:40:43,3057.0,3072.13270444,13.4731674325,42.3076923077,32.0,0,44.0731679178,-4.0,66.8571428571,59.2380952381,72.0
14:40:43,3058.0,3072.12485512,13.4750429779,44.4444444444,94.0,0,44.0648887439,-22.0,69.7115384615,69.4285714286,52.0
14:40:44,3058.0,3072.11701016,13.4766816331,44.4444444444,12.0,0,44.0702473286,-6.0,70.0,53.0476190476,40.0
14:40:44,3058.0,3072.10916955,13.4783152745,44.4444444444,90.0,0,44.0755895177,4.0,77.7142857143,60.6666666667,-8.0
14:40:45,3058.0,3072.1013333,13.4801763203,44.4444444444,136.0,0,44.0816753444,-62.0,54.5045045045,82.8571428571,-94.0
14:40:45,3058.0,3072.09350141,13.4820326222,44.4444444444,40.0,0,44.087745658,-6.0,57.9207920792,73.1428571429,-96.0
14:40:46,3057.0,3072.08511846,13.4840162551,42.3076923077,60.0,0,44.1086563791,36.0,48.1481481481,71.0476190476,-56.0
14:40:46,3057.0,3072.07674016,13.4859944468,42.3076923077,32.0,0,44.115127402,-14.0,43.2432432432,59.619047619,-48.0
14:40:47,3057.0,3072.06836652,13.4879671998,42.3076923077,432.0,0,44.1215806339,278.0,23.2911392405,165.428571429,236.0
14:40:47,3057.0,3072.05999753,13.4896808298,42.3076923077,262.0,0,44.1271862276,38.0,36.1746361746,202.666666667,270.0
14:40:48,3057.0,3072.05163319,13.4916425777,42.3076923077,0.0,0,44.1336034599,0.0,0,156.857142857,332.0
14:40:48,3057.0,3072.04327349,13.4933449274,42.3076923077,168.0,0,44.1391721538,62.0,42.1383647799,165.523809524,400.0
14:40:49,3057.0,3072.03491844,13.4950415677,42.3076923077,66.0,0,44.144722171,62.0,47.9166666667,138.952380952,426.0
14:40:49,3057.0,3072.02656803,13.4969867579,42.3076923077,16.0,0,44.1510852401,6.0,48.7288135593,97.8095238095,446.0
14:40:50,3057.0,3072.01822225,13.4989265234,42.3076923077,40.0,0,44.1574305639,26.0,79.7101449275,64.2857142857,194.0
14:40:50,3057.0,3072.00988111,13.5008608665,42.3076923077,58.0,0,44.1637581501,58.0,68.9655172414,54.5714285714,214.0
14:40:51,3057.0,3072.0015446,13.5027897895,42.3076923077,1450.0,24.2424242424,44.1700680061,154.0,93.7708565072,452.285714286,368.0
14:40:51,3057.0,3071.99321273,13.5044584973,52.380952381,56.0,0,44.1755266513,48.0,97.3902728351,382.666666667,354.0
14:40:52,3057.0,3071.98488548,13.5063764519,52.380952381,72.0,0,44.1818006278,10.0,94.7990543735,322.952380952,302.0
14:40:52,3057.0,3071.97656285,13.5080339149,52.380952381,2.0,0,44.1872224891,2.0,94.7556615018,242.952380952,298.0
14:40:53,3058.0,3071.96880025,13.5093240663,54.5454545455,50.0,0,44.1769917145,-20.0,94.9052132701,177.333333333,252.0
14:40:53,3057.0,3071.96048656,13.5109703683,52.380952381,16.0,0,44.1968281593,6.0,94.1676792223,101.523809524,200.0
14:40:54,3058.0,3071.95273289,13.5122497893,54.5454545455,524.0,0,44.1865591539,178.0,14.7222222222,172.857142857,224.0
14:40:54,3057.0,3071.94442812,13.5141406023,52.380952381,46.0,0,44.2071985683,-18.0,7.04225352114,151.714285714,158.0
14:40:55,3057.0,3071.93612797,13.5160260129,52.380952381,6.0,0,44.2133660874,0.0,4.96894409939,119.619047619,148.0
14:40:55,3057.0,3071.92783242,13.5179060234,52.380952381,54.0,0,44.2195159416,4.0,6.32183908047,104.380952381,150.0
14:40:56,3058.0,3071.92009689,13.519164241,54.5454545455,28.0,0,44.2091701798,-2.0,6.52818991099,79.2380952381,168.0
14:40:56,3057.0,3071.91181025,13.520777324,52.380952381,40.0,0,44.2289084854,-12.0,6.87679083096,58.5714285714,150.0
14:40:57,3057.0,3071.90352821,13.5226410964,52.380952381,32.0,0,44.2350052221,-20.0,22.3300970874,34.4761904762,-48.0
14:40:57,3058.0,3071.89580617,13.5241398,54.5454545455,866.0,0,44.225440811,-38.0,88.1091617934,272.095238095,-68.0
14:40:58,3058.0,3071.88808842,13.5256335399,54.5454545455,118.0,0,44.2303255064,-42.0,89.6309314587,256.952380952,-110.0
14:40:58,3058.0,3071.88037496,13.5271223176,54.5454545455,42.0,0,44.235193975,16.0,88.6323268206,214.761904762,-98.0
14:40:59,3057.0,3071.87211038,13.5289651971,52.380952381,276.0,0,44.2556924997,134.0,87.9184861718,240.0,38.0
14:40:59,3059.0,3071.86496119,13.5301055235,56.5217391304,80.0,0,44.2304855297,2.0,88.5431400283,197.428571429,52.0
14:41:00,3059.0,3071.85781598,13.5312412832,56.5217391304,34.0,0,44.2341983759,-2.0,89.9717514124,139.80952381,70.0
14:41:00,3058.0,3071.85011933,13.5329472184,54.5454545455,6.0,0,44.2542420485,-4.0,74.4604316547,74.0952380952,104.0
14:41:01,3059.0,3071.84298236,13.5340738001,56.5217391304,14.0,0,44.2434579931,-6.0,67.2566371681,51.619047619,140.0
14:41:01,3059.0,3071.83584935,13.5354328786,56.5217391304,36.0,0,44.2479008779,-24.0,73.0941704036,40.380952381,100.0
14:41:02,3059.0,3071.8287203,13.5365504751,56.5217391304,8.0,0,44.2515543482,-2.0,55.0561797753,21.4285714286,-36.0
14:41:02,3058.0,3071.82103981,13.5382380275,54.5454545455,76.0,0,44.2715435824,-38.0,28.7356321839,34.6666666667,-76.0
14:41:03,3059.0,3071.81391899,13.5393464565,56.5217391304,246.0,0,44.2606945293,-184.0,8.29015544041,96.6666666667,-258.0
14:41:03,3058.0,3071.80624672,13.5407871253,54.5454545455,642.0,0,44.2798794156,-128.0,3.13111545988,261.714285714,-382.0
14:41:04,3058.0,3071.79857871,13.5424605893,54.5454545455,452.0,0,44.2853518289,90.0,4.79452054795,342.19047619,-286.0
14:41:04,3057.0,3071.79035957,13.5442484006,52.380952381,690.0,0,44.3056866229,228.0,3.02743614003,469.80952381,-34.0
14:41:05,3057.0,3071.78214498,13.5460308495,52.380952381,190.0,0,44.3115173355,6.0,5.92334494774,423.428571429,-26.0
14:41:05,3056.0,3071.77337956,13.5484230296,50.0,806.0,0,44.3338449922,492.0,4.6926635823,544.380952381,504.0
14:41:06,3056.0,3071.764619,13.5505713856,50.0,1412.0,0,44.3408749529,-426.0,3.57824427481,803.714285714,262.0
14:41:06,3055.0,3071.75530791,13.5531108793,47.8260869565,126.0,0,44.3637017325,78.0,4.78781284005,640.095238095,468.0
14:41:07,3056.0,3071.74655739,13.5554859288,50.0,46.0,0,44.3569565732,-20.0,5.38226299695,478.19047619,358.0
14:41:07,3055.0,3071.73725633,13.5580132107,47.8260869565,80.0,0,44.3797486439,-16.0,8.57142857143,345.333333333,114.0
14:41:08,3056.0,3071.72851584,13.5603768179,50.0,12.0,0,44.3729607917,-2.0,6.36583400483,222.095238095,106.0
14:41:08,3056.0,3071.7197802,13.562734893,50.0,522.0,0,44.3806770059,-206.0,30.6642402184,253.047619048,-592.0
14:41:09,3056.0,3071.71104942,13.5653060305,50.0,196.0,0,44.3890904139,-114.0,67.8207739307,204.380952381,-280.0
14:41:09,3056.0,3071.70232348,13.567871898,50.0,20.0,0,44.3974865771,-20.0,73.0593607306,163.333333333,-378.0
14:41:10,3056.0,3071.69360239,13.5704324984,50.0,96.0,0,44.4058655053,-66.0,64.1468682505,149.047619048,-424.0
14:41:10,3056.0,3071.68488614,13.5729878349,50.0,6.0,0,44.4142272083,-2.0,63.3802816901,106.666666667,-410.0
14:41:11,3057.0,3071.67673014,13.5753622118,52.380952381,18.0,0,44.4074655277,0.0,62.9370629371,71.2380952381,-408.0
14:41:11,3056.0,3071.66802326,13.5781061261,50.0,44.0,0,44.4309755436,-12.0,5.7894736842,42.9523809524,-214.0
14:41:12,3056.0,3071.65932122,13.5808450317,50.0,12.0,0,44.4399379309,-12.0,11.2244897959,28.2857142857,-112.0
14:41:12,3056.0,3071.65062402,13.583379959,50.0,42.0,0,44.4482328502,-26.0,25.6880733945,30.9523809524,-118.0
14:41:13,3056.0,3071.64193164,13.585909637,50.0,296.0,0,44.4565105921,84.0,17.2248803828,105.142857143,32.0
14:41:13,3056.0,3071.63324409,13.5886332963,50.0,244.0,0,44.46542309,182.0,10.3658536585,154.952380952,216.0
14:41:14,3056.0,3071.62456137,13.5911526119,50.0,52.0,0,44.4736669239,4.0,15.652173913,138.571428571,220.0
14:41:14,3056.0,3071.61588347,13.593666687,50.0,6.0,0,44.4818936093,4.0,16.8711656442,107.428571429,236.0
14:41:15,3056.0,3071.60721038,13.5961755243,50.0,90.0,0,44.4901031556,66.0,25.2054794521,102.095238095,314.0
14:41:15,3056.0,3071.59854212,13.5986791269,50.0,4.0,0,44.4982955724,4.0,22.2543352601,68.4761904762,344.0
14:41:16,3055.0,3071.58932327,13.6017697537,47.8260869565,134.0,0,44.5229779171,-70.0,50.9433962264,73.8095238095,190.0
14:41:16,3055.0,3071.58010954,13.6046549314,47.8260869565,90.0,0,44.532422034,-46.0,79.7872340425,74.2857142857,-38.0
14:41:17,3056.0,3071.57145632,13.6071425025,50.0,122.0,0,44.5259898642,34.0,60.9865470852,91.2380952381,-8.0
14:41:17,3056.0,3071.56280792,13.6096248508,50.0,110.0,0,44.5341127318,-34.0,66.1818181818,101.428571429,-46.0
14:41:18,3055.0,3071.55360891,13.6124933992,47.8260869565,124.0,0,44.5580798664,16.0,63.0136986301,110.666666667,-96.0
14:41:18,3056.0,3071.54497042,13.6151655639,50.0,34.0,0,44.5522433375,-16.0,63.5179153094,92.5714285714,-116.0
14:41:19,3056.0,3071.53633672,13.6178327621,50.0,38.0,0,44.5609710801,2.0,55.2123552123,74.1904761905,-44.0
14:41:19,3056.0,3071.52770782,13.6202942689,50.0,26.0,0,44.5690257491,4.0,59.4713656388,56.9523809524,6.0
14:41:20,3056.0,3071.51908371,13.6229514232,50.0,518.0,0,44.5777206256,296.0,90.1176470588,183.333333333,268.0
14:41:20,3056.0,3071.51046439,13.6254026444,50.0,94.0,0,44.5857416375,-82.0,90.6474820144,169.714285714,220.0
14:41:21,3057.0,3071.50240526,13.627680139,52.380952381,50.0,0,44.5786069318,-24.0,94.2105263158,144.285714286,180.0
14:41:21,3056.0,3071.49379521,13.6303225389,50.0,18.0,0,44.6018407688,14.0,93.0107526882,113.238095238,210.0
14:41:22,3056.0,3071.48518993,13.6327586472,50.0,24.0,0,44.6098123273,10.0,91.7808219178,84.6666666667,218.0
14:41:22,3057.0,3071.47714484,13.6350220786,52.380952381,16.0,0,44.6026237441,2.0,93.0555555556,54.4761904762,216.0
14:41:23,3056.0,3071.46854881,13.6374481588,50.0,56.0,0,44.6251575877,10.0,59.6899224806,36.1904761905,-70.0
14:41:23,3057.0,3071.46051296,13.6397022585,52.380952381,6.0,0,44.6179334593,2.0,41.1764705882,25.619047619,14.0
14:41:24,3056.0,3071.45192617,13.642118321,50.0,72.0,0,44.640439532,4.0,14.5833333333,38.0952380952,42.0
14:41:24,3057.0,3071.44389956,13.6441611331,52.380952381,32.0,0,44.6325192445,16.0,23.3009708738,38.0952380952,44.0
14:41:25,3057.0,3071.4358774,13.6464013,52.380952381,14.0,0,44.6398472359,6.0,27.5510204082,32.2857142857,40.0
14:41:25,3056.0,3071.42730429,13.6488024053,50.0,6.0,0,44.6623115356,2.0,23.6559139785,24.6666666667,40.0
14:41:26,3056.0,3071.41873595,13.6511983347,50.0,28.0,0,44.6701516187,24.0,37.9746835443,23.8095238095,54.0
14:41:26,3057.0,3071.41072776,13.653221907,52.380952381,2.0,0,44.6621586751,2.0,37.6623376623,16.8571428571,54.0
14:41:27,3056.0,3071.40216862,13.6556077207,50.0,58.0,0,44.684580238,16.0,42.8571428571,26.0952380952,66.0
14:41:27,3057.0,3071.39416964,13.6576216229,52.380952381,48.0,0,44.6765509419,48.0,30.7692307692,33.1428571429,98.0
14:41:28,3057.0,3071.3861751,13.6596307996,52.380952381,34.0,0,44.6831233221,32.0,26.1363636363,35.4285714286,124.0
14:41:28,3056.0,3071.3776296,13.6617782472,50.0,48.0,0,44.7047717514,2.0,34.8623853211,40.7619047619,124.0
14:41:29,3057.0,3071.36964425,13.6637776418,52.380952381,294.0,0,44.6966883932,46.0,55.7851239669,114.380952381,146.0
14:41:29,3057.0,3071.36166333,13.6657723172,52.380952381,8.0,0,44.7032133372,4.0,55.5102040816,93.619047619,148.0
14:41:30,3056.0,3071.35313144,13.6681279453,50.0,62.0,0,44.7255495591,62.0,54.6558704454,88.0,194.0
14:41:30,3056.0,3071.34460429,13.6704784206,50.0,16.0,0,44.733240905,-6.0,58.8744588745,69.0476190476,140.0
14:41:31,3057.0,3071.33663728,13.6724585288,52.380952381,130.0,0,44.725085145,112.0,49.4623655914,84.1904761905,220.0
14:41:31,3057.0,3071.32867469,13.6742098396,52.380952381,224.0,0,44.7308139994,-46.0,63.4877384196,121.619047619,172.0
14:41:32,3057.0,3071.32071653,13.676180403,52.380952381,336.0,0,44.7372600688,34.0,75.0,182.666666667,160.0
14:41:32,3057.0,3071.31276278,13.6779219123,52.380952381,894.0,0,44.7429568607,26.0,88.4476534296,401.142857143,182.0
14:41:33,3057.0,3071.30481346,13.6796584562,52.380952381,28.0,0,44.7486374099,18.0,91.5233415233,330.0,138.0
14:41:33,3057.0,3071.29686855,13.6813900366,52.380952381,14.0,0,44.7543017226,0.0,90.8979089791,256.476190476,144.0
14:41:34,3057.0,3071.28892805,13.6833414084,52.380952381,22.0,0,44.7606850127,-20.0,96.442687747,185.333333333,12.0
14:41:34,3057.0,3071.28099196,13.6852880816,52.380952381,104.0,0,44.767052933,-48.0,88.8412017167,142.761904762,10.0
14:41:35,3058.0,3071.27361568,13.6868868006,54.5454545455,94.0,0,44.7576415979,-42.0,84.9480968858,103.047619048,-66.0
14:41:35,3057.0,3071.26568809,13.6885991582,52.380952381,52.0,0,44.7778840634,-14.0,39.4904458599,62.8571428571,-106.0
14:41:36,3058.0,3071.25832031,13.6901889686,54.5454545455,54.0,0,44.7684400544,-10.0,41.7647058824,63.3333333333,-134.0
14:41:36,3057.0,3071.25040122,13.6921171535,52.380952381,30.0,0,44.7893920625,-6.0,42.6966292135,55.7142857143,-140.0
14:41:37,3057.0,3071.24248653,13.6940406493,52.380952381,1052.0,0,44.7956841653,-120.0,14.2857142857,339.333333333,-240.0
14:41:37,3058.0,3071.23513164,13.6953915579,54.5454545455,232.0,0,44.7854530996,-122.0,27.4768824306,339.619047619,-314.0
14:41:38,3058.0,3071.22778083,13.6967379165,54.5454545455,58.0,0,44.789855842,-28.0,25.1691474966,284.095238095,-300.0
14:41:38,3058.0,3071.2204341,13.6978335225,54.5454545455,204.0,0,44.7934385955,0.0,33.2515337423,272.0,-286.0
14:41:39,3057.0,3071.21253606,13.6995123342,52.380952381,316.0,0,44.8135830363,220.0,42.8118393235,284.666666667,-56.0
14:41:39,3058.0,3071.2051978,13.7008447265,54.5454545455,314.0,0,44.8032855673,-20.0,51.1948529412,284.285714286,-70.0
14:41:40,3058.0,3071.19786361,13.7021725743,54.5454545455,120.0,0,44.8076277773,-16.0,85.8520900322,214.952380952,34.0
14:41:40,3058.0,3071.1905335,13.703495879,54.5454545455,30.0,0,44.8119551308,0.0,81.3819577735,164.285714286,156.0
14:41:41,3059.0,3071.18376286,13.7042471085,56.5217391304,24.0,26.8656716418,44.7997617147,-6.0,83.7301587302,121.523809524,178.0
14:41:41,3058.0,3071.17644059,13.7055613853,54.1666666667,106.0,0,44.818709566,82.0,71.8681318681,103.80952381,260.0
14:41:42,3058.0,3071.16912237,13.7068711226,54.1666666667,266.0,0,44.8229925527,94.0,43.0232558139,136.476190476,134.0
14:41:42,3058.0,3071.16180823,13.707929027,54.1666666667,466.0,0,44.8264520177,176.0,51.3833992095,228.666666667,330.0
14:41:43,3059.0,3071.15505354,13.7086622048,56.5217391304,136.0,0,44.8141948505,-34.0,62.2568093385,219.333333333,312.0
14:41:43,3058.0,3071.14774721,13.7097106676,54.1666666667,16.0,0,44.8322781805,8.0,63.708086785,174.952380952,320.0
14:41:44,3058.0,3071.14044493,13.7107543173,54.1666666667,40.0,0,44.8356910312,16.0,61.1650485437,138.095238095,342.0
14:41:44,3059.0,3071.13370211,13.7117216656,56.5217391304,128.0,0,44.8241963569,26.0,69.0114068441,125.619047619,286.0
14:41:45,3059.0,3071.12696304,13.7126848435,56.5217391304,124.0,0,44.8273450262,-6.0,88.1318681319,110.952380952,186.0
14:41:45,3058.0,3071.11967231,13.7139628652,54.1666666667,24.0,0,44.8461833396,4.0,73.9316239316,74.4761904762,14.0
14:41:46,3059.0,3071.11294103,13.7146692551,56.5217391304,126.0,0,44.8338321515,-70.0,76.8558951965,88.1904761905,-22.0
14:41:46,3059.0,3071.10621348,13.7156196188,56.5217391304,206.0,0,44.8369389304,-126.0,85.1851851852,125.238095238,-156.0
14:41:47,3058.0,3071.09893428,13.7166357387,54.1666666667,240.0,0,44.8549239329,-216.0,64.6226415094,162.952380952,-388.0
14:41:47,3058.0,3071.09165911,13.7176470527,54.1666666667,104.0,0,44.8582310423,-86.0,64.3203883495,152.285714286,-500.0
14:41:48,3058.0,3071.08438799,13.7186535621,54.1666666667,78.0,0,44.8615224397,-64.0,65.5526992288,135.333333333,-558.0
14:41:48,3058.0,3071.0771209,13.7199042577,54.1666666667,166.0,0,44.8656123534,0.0,72.3913043478,145.714285714,-562.0
14:41:49,3058.0,3071.06985785,13.7209013056,54.1666666667,270.0,0,44.8688728111,-260.0,76.1278195489,179.047619048,-752.0
14:41:49,3058.0,3071.06259884,13.7218935521,54.1666666667,56.0,0,44.8721175673,-38.0,72.2100656455,144.380952381,-664.0
14:41:50,3058.0,3071.05534385,13.722880998,54.1666666667,100.0,0,44.8753466253,-10.0,96.8992248062,129.428571429,-458.0
14:41:50,3058.0,3071.0480929,13.7238636445,54.1666666667,120.0,0,44.8785599886,-26.0,95.4430379747,126.857142857,-398.0
14:41:51,3058.0,3071.04084597,13.7248414926,54.1666666667,44.0,0,44.8817576606,8.0,94.4444444444,101.80952381,-326.0
14:41:51,3058.0,3071.03360307,13.7260643941,54.1666666667,18.0,0,44.8857566843,-4.0,93.0921052632,70.9523809524,-330.0
14:41:52,3058.0,3071.02636419,13.7272827798,54.1666666667,8.0,0,44.889740941,4.0,85.549132948,44.2857142857,-66.0
14:41:52,3058.0,3071.01912933,13.7282465296,54.1666666667,96.0,0,44.8928925102,14.0,62.6943005181,55.2380952381,-14.0
14:41:53,3058.0,3071.01189849,13.7292054852,54.1666666667,1016.0,0,44.8960284017,-888.0,12.1351766513,327.142857143,-892.0
14:41:53,3058.0,3071.00467166,13.7301596477,54.1666666667,312.0,0,44.8991486189,-18.0,4.14993306558,354.285714286,-884.0
14:41:54,3058.0,3070.99744885,13.7311090179,54.1666666667,28.0,0,44.9022531651,-14.0,3.51826792962,291.142857143,-906.0
14:41:54,3059.0,3070.99078545,13.7319886073,56.5217391304,186.0,0,44.8904498441,-160.0,13.6087484812,273.904761905,-1062.0
14:41:55,3058.0,3070.98357035,13.7329287264,54.1666666667,72.0,0,44.9082038142,-16.0,14.8538011696,216.095238095,-1082.0
14:41:55,3058.0,3070.97635926,13.7338640562,54.1666666667,20.0,0,44.9112624466,20.0,16.6462668299,140.380952381,-1076.0
14:41:56,3059.0,3070.96970758,13.7344794447,56.5217391304,26.0,0,44.8985924966,-8.0,44.099378882,70.0,-196.0
14:41:56,3058.0,3070.96250419,13.7354053829,54.1666666667,14.0,0,44.9163027565,0.0,82.6589595376,43.3333333333,-178.0
14:41:57,3058.0,3070.95530479,13.736577958,54.1666666667,8.0,0,44.9201372074,-8.0,79.1411042945,29.1428571429,-172.0
14:41:57,3058.0,3070.9481094,13.7374944703,54.1666666667,20.0,0,44.9231343044,0.0,43.75,19.3333333333,-12.0
14:41:58,3059.0,3070.94147341,13.7383434738,56.5217391304,142.0,0,44.9112241707,-72.0,78.2608695652,52.2857142857,-68.0
14:41:58,3059.0,3070.9348411,13.7391883307,56.5217391304,86.0,0,44.9139860436,0.0,58.1081081081,65.9047619048,-88.0
14:41:59,3058.0,3070.92765707,13.7403431297,54.1666666667,8.0,0,44.9324497373,4.0,55.3956834532,54.0952380952,-76.0
14:41:59,3058.0,3070.92047703,13.7417253188,54.1666666667,10.0,0,44.9369696495,-4.0,56.9343065693,43.7142857143,-80.0
14:42:00,3059.0,3070.91385638,13.7425575369,56.5217391304,126.0,0,44.9250001205,-50.0,71.9387755102,66.6666666667,-122.0
14:42:00,3058.0,3070.90668401,13.7436991624,54.1666666667,404.0,0,44.9434243375,22.0,38.6597938144,163.428571429,-100.0
14:42:01,3058.0,3070.89951562,13.7448362919,54.1666666667,206.0,0,44.9471428774,-88.0,20.4761904762,185.333333333,-116.0
14:42:01,3059.0,3070.89290662,13.7458881731,56.5217391304,188.0,0,44.9358881107,-82.0,30.7855626327,199.047619048,-198.0
14:42:02,3059.0,3070.88630128,13.7469361794,56.5217391304,26.0,0,44.9393140877,-20.0,32.7083333333,161.619047619,-222.0
14:42:02,3059.0,3070.87969961,13.7477476242,56.5217391304,68.0,0,44.9419667348,-6.0,32.2200392927,135.333333333,-224.0
14:42:03,3058.0,3070.87254621,13.7488676049,54.1666666667,546.0,0,44.9603257191,-86.0,28.0945757997,242.857142857,-260.0
14:42:03,3058.0,3070.86539678,13.7499830948,54.1666666667,76.0,0,44.9639734952,-52.0,37.6576576577,196.095238095,-334.0
14:42:04,3058.0,3070.85825133,13.7510940951,54.1666666667,86.0,0,44.9676065895,-4.0,45.8585858586,167.80952381,-250.0
14:42:04,3059.0,3070.85166524,13.752121719,56.5217391304,132.0,0,44.9562658353,-104.0,48.8222698073,158.380952381,-272.0
14:42:05,3058.0,3070.84452741,13.7532240637,54.1666666667,22.0,0,44.9745718236,-4.0,46.8817204301,120.19047619,-256.0
14:42:05,3059.0,3070.83794894,13.7542436521,56.5217391304,62.0,0,44.963202524,32.0,49.7835497836,93.619047619,-218.0
14:42:06,3058.0,3070.83081873,13.7553373451,54.1666666667,70.0,0,44.981482489,-32.0,67.4107142857,69.619047619,-164.0
14:42:06,3059.0,3070.82424788,13.7561151273,56.5217391304,200.0,0,44.9693204553,-72.0,82.1678321678,105.428571429,-184.0
14:42:07,3058.0,3070.81712527,13.7572000341,54.1666666667,226.0,0,44.987573689,120.0,59.2696629213,142.761904762,-60.0
14:42:07,3059.0,3070.81056203,13.7579693824,56.5217391304,4.0,0,44.9753820936,-4.0,50.3424657534,110.0,40.0
14:42:08,3058.0,3070.80344702,13.7590455067,54.1666666667,22.0,0,44.9936085897,2.0,51.0273972603,88.4761904762,46.0
14:42:08,3059.0,3070.79689137,13.7595518983,56.5217391304,2.0,0,44.9805554046,-2.0,49.2366412214,61.2380952381,12.0
14:42:09,3059.0,3070.79033937,13.7603085488,56.5217391304,120.0,0,44.9830289271,-82.0,55.7491289199,70.5714285714,-38.0
14:42:09,3059.0,3070.783791,13.7610610701,56.5217391304,170.0,0,44.9854889509,-6.0,42.2794117647,91.8095238095,28.0
14:42:10,3059.0,3070.77724626,13.7618094628,56.5217391304,20.0,0,44.9879354784,-4.0,71.5976331361,71.619047619,-96.0
14:42:10,3059.0,3070.77070517,13.7625537277,56.5217391304,10.0,0,44.9903685116,0.0,70.9302325581,58.380952381,-92.0
14:42:11,3059.0,3070.7641677,13.7632938654,56.5217391304,48.0,0,44.9927880529,-40.0,76.7567567567,55.7142857143,-134.0
14:42:11,3059.0,3070.75763387,13.7640298765,56.5217391304,16.0,0,44.9951941043,0.0,76.5625,42.6666666667,-132.0
14:42:12,3058.0,3070.75054826,13.7648158114,54.1666666667,18.0,0,45.0124781274,2.0,69.5035460993,29.5238095238,-48.0
14:42:12,3059.0,3070.74402199,13.7655432659,56.5217391304,20.0,0,45.0001414379,4.0,77.2727272727,21.8095238095,-38.0
14:42:13,3058.0,3070.73694395,13.7663200118,54.1666666667,28.0,0,45.01739703,0.0,70.0,23.5238095238,-34.0
14:42:13,3058.0,3070.72986983,13.767347934,54.1666666667,80.0,0,45.02075845,-78.0,80.9523809524,39.7142857143,-112.0
14:42:14,3058.0,3070.72279964,13.7683713858,54.1666666667,8.0,0,45.0241052511,0.0,75.2941176471,32.0,-72.0
14:42:14,3059.0,3070.71628879,13.7690817063,56.5217391304,36.0,0,45.0117087488,0.0,64.2105263158,34.1904761905,-72.0
14:42:15,3058.0,3070.70922614,13.7698400521,54.1666666667,38.0,0,45.0289079534,-18.0,67.619047619,36.0,-92.0
14:42:15,3058.0,3070.70216742,13.7705936439,54.1666666667,6.0,0,45.0313722822,2.0,64.2857142857,27.7142857143,-94.0
14:42:16,3059.0,3070.69566802,13.771034346,56.5217391304,140.0,0,45.0180920106,-102.0,83.7662337662,58.380952381,-196.0
14:42:16,3059.0,3070.68917224,13.7714706414,56.5217391304,116.0,0,45.0195182785,-48.0,86.0465116279,76.8571428571,-166.0
14:42:17,3058.0,3070.68212465,13.7724672757,54.1666666667,1000.0,0,45.0374992666,-368.0,22.6047904191,346.19047619,-534.0
14:42:17,3058.0,3070.67508098,13.7734594459,54.1666666667,22.0,0,45.0407437734,-16.0,22.9954614221,288.857142857,-550.0
14:42:18,3058.0,3070.66804123,13.7741899338,54.1666666667,8.0,0,45.0431325501,-2.0,21.9814241486,228.19047619,-534.0
14:42:18,3058.0,3070.66100538,13.7749156721,54.1666666667,236.0,0,45.0455057951,-98.0,34.1655716163,234.095238095,-634.0
14:42:19,3058.0,3070.65397344,13.7756366616,54.1666666667,126.0,0,45.0478635108,-14.0,33.5543766578,197.619047619,-546.0
14:42:19,3058.0,3070.64694541,13.7763529029,54.1666666667,12.0,0,45.0502056995,-4.0,28.6324786325,129.238095238,-502.0
14:42:20,3058.0,3070.63992128,13.7773222119,54.1666666667,48.0,0,45.0533754476,-8.0,94.6902654867,76.0952380952,-142.0
14:42:20,3058.0,3070.63290105,13.7780291084,54.1666666667,20.0,0,45.0556870777,16.0,97.7777777778,60.2857142857,-110.0
14:42:21,3058.0,3070.62588472,13.7789893621,54.1666666667,14.0,0,45.058827214,-2.0,97.3684210526,42.8571428571,-110.0
14:42:21,3058.0,3070.61887229,13.7796869169,54.1666666667,28.0,0,45.0611082959,2.0,91.1290322581,29.1428571429,-10.0
14:42:22,3058.0,3070.61186375,13.7803797274,54.1666666667,18.0,0,45.0633738634,6.0,84.2857142857,22.4761904762,10.0
14:42:22,3058.0,3070.60485911,13.7810677943,54.1666666667,108.0,0,45.0656239187,8.0,90.6779661017,46.6666666667,22.0
14:42:23,3058.0,3070.59785835,13.7820098087,54.1666666667,130.0,0,45.0687044104,-42.0,96.2264150943,72.5714285714,-12.0
14:42:23,3059.0,3070.59141689,13.7823830537,56.5217391304,166.0,0,45.0551914145,-36.0,101.724137931,104.857142857,-64.0
14:42:24,3059.0,3070.584979,13.7830108789,56.5217391304,554.0,0,45.0572438017,-60.0,99.8007968128,241.047619048,-122.0
14:42:24,3059.0,3070.57854469,13.7833754758,56.5217391304,28.0,0,45.0584356841,-14.0,99.6015936255,201.238095238,-138.0
14:42:25,3058.0,3070.57155855,13.7840406661,54.1666666667,814.0,0,45.0753455397,780.0,99.1111111111,386.0,636.0
14:42:25,3059.0,3070.56513169,13.7843963018,56.5217391304,928.0,0,45.0617728074,-38.0,99.3129770992,565.428571429,590.0
14:42:26,3060.0,3070.5592638,13.7844630286,58.3333333333,208.0,0,45.0472647994,-186.0,99.1104521868,500.095238095,446.0
14:42:26,3059.0,3070.55284377,13.7848100333,56.5217391304,1388.0,0,45.0631253132,-986.0,73.112244898,768.19047619,-504.0
14:42:27,3059.0,3070.54642731,13.7851526409,56.5217391304,94.0,0,45.0642453119,-30.0,68.4393063584,608.380952381,-474.0
14:42:27,3059.0,3070.54001441,13.7857508712,56.5217391304,216.0,0,45.066200952,-4.0,64.8026315789,505.333333333,-464.0
14:42:28,3060.0,3070.53416047,13.7858009681,58.3333333333,142.0,0,45.0516371508,-78.0,54.0322580645,372.19047619,-1322.0
14:42:28,3060.0,3070.52830978,13.7858469846,58.3333333333,18.0,0,45.0517875314,-12.0,33.1074540174,235.619047619,-1296.0
14:42:29,3060.0,3070.52246235,13.7858889207,58.3333333333,72.0,0,45.0519245774,-28.0,28.0829015544,157.80952381,-1138.0
14:42:29,3060.0,3070.51661816,13.7859267764,58.3333333333,50.0,0,45.0520482888,-8.0,32.7702702703,80.1904761905,-160.0
14:42:30,3059.0,3070.51022181,13.7862438119,56.5217391304,12.0,0,45.0678123959,-4.0,30.5882352941,55.4285714286,-134.0
14:42:30,3059.0,3070.50382902,13.7865564523,56.5217391304,104.0,0,45.0688344304,-60.0,46.7336683417,60.8571428571,-190.0
14:42:31,3060.0,3070.49799518,13.7865817637,58.3333333333,138.0,29.2307692308,45.0541887704,108.0,67.5126903553,81.3333333333,-4.0
14:42:31,3060.0,3070.49216458,13.7863216229,63.6363636364,34.0,0,45.0533386368,22.0,72.1951219512,72.2857142857,30.0
14:42:32,3060.0,3070.48633722,13.786057089,63.6363636364,74.0,0,45.0524741471,8.0,72.3300970874,73.9047619048,66.0
14:42:32,3059.0,3070.47995769,13.7860706421,60.8695652174,1090.0,0,45.0672462966,-442.0,92.9752066116,365.714285714,-368.0
14:42:33,3060.0,3070.47413711,13.7860790292,63.6363636364,70.0,0,45.0525458471,-16.0,92.9801324503,316.571428571,-380.0
14:42:33,3060.0,3070.46831976,13.7860833361,63.6363636364,216.0,0,45.0525599219,138.0,96.4241676942,306.380952381,-182.0
14:42:34,3059.0,3070.46195024,13.7860834173,60.8695652174,892.0,0,45.067288059,-252.0,64.7306397306,484.0,-542.0
14:42:34,3059.0,3070.45558426,13.7860787914,60.8695652174,148.0,0,45.0672729368,-126.0,66.3453815261,413.142857143,-690.0
14:42:35,3059.0,3070.44922182,13.7860694584,60.8695652174,204.0,0,45.0672424269,128.0,73.6641221374,352.857142857,-570.0
14:42:35,3059.0,3070.4428629,13.7860554183,60.8695652174,178.0,0,45.0671965293,-80.0,60.18735363,278.952380952,-208.0
14:42:36,3059.0,3070.43650752,13.7860366712,60.8695652174,150.0,0,45.0671352441,50.0,56.9351230425,240.476190476,-142.0
14:42:36,3059.0,3070.43015567,13.7860132169,60.8695652174,154.0,0,45.0670585711,-4.0,47.392815759,199.333333333,-284.0
14:42:37,3059.0,3070.42380735,13.7859850555,60.8695652174,298.0,0,45.0669665103,0.0,68.0212014134,202.285714286,-32.0
14:42:37,3058.0,3070.41690715,13.7862532063,58.3333333333,174.0,0,45.0825807925,52.0,53.8860103627,198.095238095,146.0
14:42:38,3058.0,3070.41001078,13.7865163148,58.3333333333,82.0,0,45.0834411865,36.0,35.3281853282,166.380952381,54.0
14:42:38,3058.0,3070.40311825,13.7867743813,58.3333333333,674.0,0,45.0842850924,-152.0,56.135770235,309.619047619,-18.0
14:42:39,3058.0,3070.39622954,13.7873111926,58.3333333333,12.0,0,45.0860405253,0.0,58.2496413199,240.095238095,-68.0
14:42:39,3058.0,3070.38934466,13.7875593386,58.3333333333,28.0,0,45.0868519902,12.0,65.141955836,181.714285714,-52.0
14:42:40,3058.0,3070.3824636,13.7880865444,58.3333333333,6.0,0,45.0885760117,-4.0,79.5081967213,123.047619048,-56.0
14:42:40,3058.0,3070.37558636,13.7883247713,58.3333333333,50.0,0,45.0893550404,32.0,96.0093896714,90.8571428571,-76.0
14:42:41,3059.0,3070.36926835,13.7882581527,60.8695652174,652.0,0,45.0743973609,-156.0,97.3277074543,236.571428571,-268.0
14:42:41,3059.0,3070.36295384,13.7884714073,60.8695652174,38.0,0,45.0750944992,0.0,90.3307888041,179.714285714,-116.0
14:42:42,3059.0,3070.35664284,13.7883955391,60.8695652174,16.0,0,45.0748464829,-2.0,89.6202531646,146.857142857,-118.0
14:42:42,3059.0,3070.35033535,13.7883149642,60.8695652174,230.0,0,45.0745830801,-8.0,69.7580645161,174.952380952,-138.0
14:42:43,3060.0,3070.34458676,13.7879506547,63.6363636364,26.0,0,45.0586622702,-2.0,68.9723320158,135.142857143,-136.0
14:42:43,3059.0,3070.33828596,13.7878608266,60.8695652174,22.0,0,45.073098485,-4.0,66.8699186992,93.2380952381,-172.0
14:42:44,3059.0,3070.33198866,13.7877662914,60.8695652174,412.0,0,45.0727894455,10.0,27.9569892473,164.095238095,-6.0
14:42:44,3060.0,3070.32625026,13.7873884911,63.6363636364,42.0,0,45.0568251343,38.0,33.1550802139,140.666666667,32.0
14:42:45,3059.0,3070.31995965,13.7872847017,60.8695652174,68.0,0,45.0712151084,-14.0,31.5,124.476190476,20.0
14:42:45,3060.0,3070.31422793,13.7871838384,63.6363636364,18.0,0,45.0561563347,8.0,44.8979591837,91.5238095238,36.0
14:42:46,3060.0,3070.3084994,13.7867928588,63.6363636364,48.0,0,45.0548786234,14.0,45.5737704918,77.2380952381,52.0
14:42:46,3060.0,3070.30277404,13.7863974801,63.6363636364,10.0,0,45.0535865362,4.0,47.1571906355,51.0476190476,60.0
14:42:47,3059.0,3070.29649647,13.78656187,60.8695652174,32.0,0,45.0688521411,10.0,43.119266055,31.7142857143,60.0
14:42:47,3060.0,3070.29077778,13.7861577086,63.6363636364,20.0,0,45.0528029694,12.0,31.6326530612,27.0476190476,34.0
14:42:48,3060.0,3070.28506227,13.7857491473,63.6363636364,62.0,0,45.0514678017,62.0,62.1052631579,35.4285714286,110.0
14:42:48,3060.0,3070.27934993,13.7856230352,63.6363636364,12.0,0,45.0510556706,10.0,64.1304347826,29.8095238095,112.0
14:42:49,3060.0,3070.27364077,13.7852058381,63.6363636364,14.0,0,45.0496922815,10.0,69.3333333333,25.0476190476,108.0
14:42:49,3059.0,3070.26737937,13.7850612889,60.8695652174,154.0,0,45.0639466782,-28.0,33.3333333333,61.9047619048,76.0
14:42:50,3059.0,3070.26112146,13.7851993648,60.8695652174,4.0,0,45.0643980543,0.0,33.8345864662,49.0476190476,66.0
14:42:50,3060.0,3070.25542242,13.7850563212,63.6363636364,64.0,0,45.0492036639,16.0,43.2258064516,54.6666666667,70.0
14:42:51,3059.0,3070.24917114,13.7851857773,60.8695652174,34.0,0,45.064353636,30.0,35.4609929078,49.619047619,38.0
14:42:51,3059.0,3070.24292334,13.7853108439,60.8695652174,70.0,0,45.064762484,44.0,40.0,56.1904761905,72.0
14:42:52,3059.0,3070.236679,13.7854315211,60.8695652174,22.0,0,45.0651569829,12.0,41.3793103448,46.2857142857,74.0
14:42:52,3059.0,3070.23043814,13.785547809,60.8695652174,4.0,0,45.0655371331,2.0,73.7373737374,30.8571428571,104.0
14:42:53,3059.0,3070.22420074,13.7856597078,60.8695652174,16.0,0,45.0659029351,14.0,73.3333333333,26.0,118.0
14:42:53,3059.0,3070.2179668,13.7857672176,60.8695652174,22.0,0,45.066254389,4.0,61.9047619048,22.2857142857,106.0
14:42:54,3059.0,3070.21173633,13.7858703384,60.8695652174,64.0,0,45.0665914953,62.0,60.6060606061,32.5714285714,138.0
14:42:54,3059.0,3070.20550932,13.7859690704,60.8695652174,22.0,0,45.0669142543,4.0,61.3333333333,29.4285714286,98.0
14:42:55,3059.0,3070.19928576,13.7860634136,60.8695652174,294.0,0,45.0672226663,-178.0,18.9573459716,106.285714286,-92.0
14:42:55,3059.0,3070.19306566,13.7861533682,60.8695652174,22.0,0,45.0675167316,-4.0,21.8181818182,92.4761904762,-98.0
14:42:56,3059.0,3070.18684902,13.7862389342,60.8695652174,28.0,0,45.0677964504,0.0,25.2212389381,79.5238095238,-112.0
14:42:56,3059.0,3070.18063583,13.7863201117,60.8695652174,32.0,0,45.0680618231,-2.0,31.1688311688,67.1428571429,-118.0
14:42:57,3059.0,3070.17442609,13.7863969008,60.8695652174,26.0,0,45.0683128499,-12.0,29.7169811321,52.5714285714,-192.0
14:42:57,3058.0,3070.1676644,13.7867639574,58.3333333333,262.0,0,45.0842510052,-244.0,48.4939759036,107.238095238,-440.0
14:42:58,3059.0,3070.16146186,13.7868318117,60.8695652174,66.0,0,45.069734592,-64.0,88.0733944954,94.4761904762,-326.0
14:42:58,3059.0,3070.15526277,13.7868952779,60.8695652174,92.0,0,45.0699420658,-28.0,77.0750988142,100.0,-350.0
14:42:59,3059.0,3070.14906713,13.7869543561,60.8695652174,44.0,0,45.0701351948,-20.0,77.3946360153,88.4761904762,-370.0
14:42:59,3059.0,3070.14287492,13.7870090462,60.8695652174,0.0,0,45.0703139792,0.0,0,63.619047619,-368.0
14:43:00,3059.0,3070.13668615,13.7873296191,60.8695652174,18.0,0,45.0713619453,12.0,73.0290456431,45.4285714286,-344.0
14:43:00,3059.0,3070.13050082,13.7873756892,60.8695652174,70.0,0,45.0715125505,-6.0,67.5862068965,42.4761904762,-106.0
14:43:01,3059.0,3070.12431893,13.7874173716,60.8695652174,30.0,0,45.0716488119,6.0,60.6299212598,37.2380952381,-36.0
14:43:01,3059.0,3070.11814047,13.7874546662,60.8695652174,64.0,0,45.0717707297,-48.0,84.0707964602,43.4285714286,-56.0
14:43:02,3059.0,3070.11196544,13.7874875732,60.8695652174,12.0,0,45.0718783039,0.0,80.412371134,36.0952380952,-36.0
14:43:02,3059.0,3070.10579384,13.787787132,60.8695652174,16.0,0,45.0728575743,-4.0,79.0476190476,31.4285714286,-40.0
14:43:03,3059.0,3070.09962567,13.7878114199,60.8695652174,18.0,0,45.0729369725,10.0,80.0,26.5714285714,-42.0
14:43:03,3059.0,3070.09346092,13.7878313202,60.8695652174,20.0,0,45.0730020276,12.0,78.75,22.2857142857,-24.0
14:43:04,3058.0,3070.0867442,13.7881394281,58.3333333333,126.0,0,45.0887489474,80.0,61.71875,50.6666666667,50.0
14:43:04,3058.0,3070.0800312,13.7884428228,58.3333333333,40.0,0,45.0897410818,-20.0,55.1724137931,49.9047619048,78.0
14:43:05,3059.0,3070.07387734,13.7884492471,60.8695652174,66.0,0,45.0750220564,0.0,43.3566433566,57.7142857143,78.0
14:43:05,3059.0,3070.0677269,13.788451284,60.8695652174,14.0,0,45.0750287153,-6.0,41.5492957746,48.0952380952,76.0
14:43:06,3058.0,3070.06102446,13.788740878,58.3333333333,42.0,0,45.0907157553,0.0,48.0519480519,46.5714285714,66.0
14:43:06,3058.0,3070.05432576,13.7890257598,58.3333333333,1054.0,0,45.0916473505,-534.0,13.5618479881,333.047619048,-480.0
14:43:07,3058.0,3070.04763077,13.7895783666,58.3333333333,270.0,0,45.0934544361,-86.0,8.6137281292,346.285714286,-646.0
14:43:07,3059.0,3070.0414949,13.7898351251,60.8695652174,266.0,0,45.0795525502,-100.0,31.4252336449,351.523809524,-726.0
14:43:08,3059.0,3070.03536244,13.789815071,60.8695652174,10.0,0,45.0794869924,2.0,32.6086956522,272.857142857,-724.0
14:43:08,3059.0,3070.02923339,13.790063516,60.8695652174,12.0,0,45.0802991696,-2.0,32.76904474,197.428571429,-720.0
14:43:09,3058.0,3070.02255233,13.7905988481,58.3333333333,74.0,0,45.0967915242,40.0,32.8588374852,139.80952381,-680.0
14:43:09,3059.0,3070.01643039,13.7908389704,60.8695652174,50.0,0,45.0828341626,12.0,75.6598240469,73.8095238095,-134.0
14:43:10,3058.0,3070.00975645,13.7913656563,58.3333333333,16.0,0,45.0992990724,16.0,120.093457944,45.9047619048,-32.0
14:43:10,3058.0,3070.00308622,13.791614465,58.3333333333,2.0,0,45.1001127045,0.0,46.3414634146,26.0952380952,68.0
14:43:11,3058.0,3069.99641969,13.7921321925,58.3333333333,26.0,0,45.101805731,-4.0,53.3333333333,25.7142857143,62.0
14:43:11,3058.0,3069.98975686,13.7923717398,58.3333333333,2.0,0,45.1025890773,0.0,54.1176470588,17.7142857143,64.0
14:43:12,3058.0,3069.98309774,13.7928805105,58.3333333333,132.0,0,45.104252814,6.0,50.8771929824,47.3333333333,30.0
14:43:12,3058.0,3069.97644231,13.7931107977,58.3333333333,408.0,0,45.1050058788,-398.0,18.0887372014,153.047619048,-380.0
14:43:13,3057.0,3069.96923518,13.7936461458,56.0,8.0,0,45.1215117627,-2.0,18.6851211073,127.428571429,-398.0
14:43:13,3059.0,3069.96314285,13.7935773853,60.8695652174,816.0,0,45.0917861565,252.0,66.2356321839,333.047619048,-146.0
14:43:14,3058.0,3069.9564985,13.7937935475,58.3333333333,330.0,0,45.1072385466,214.0,52.8301886792,361.047619048,72.0
14:43:14,3057.0,3069.94930245,13.7943142698,56.0,22.0,0,45.1236973168,-6.0,52.5641025641,286.571428571,66.0
14:43:15,3057.0,3069.94211039,13.7948299382,56.0,160.0,0,45.1253841617,-96.0,47.5917431193,250.571428571,-36.0
14:43:15,3058.0,3069.93547773,13.7950316444,58.3333333333,10.0,0,45.1112872611,-2.0,61.8127786033,170.380952381,360.0
14:43:16,3058.0,3069.92884875,13.7952286437,58.3333333333,122.0,0,45.1119314707,90.0,63.5616438356,141.142857143,452.0
14:43:16,3058.0,3069.92222345,13.7954209364,58.3333333333,22.0,0,45.112560289,0.0,19.8198198198,77.9047619048,200.0
14:43:17,3058.0,3069.91560183,13.7956085225,58.3333333333,34.0,0,45.1131737165,-10.0,41.6216216216,55.9047619048,-24.0
14:43:17,3058.0,3069.90898389,13.7957914023,58.3333333333,14.0,0,45.1137717539,-2.0,40.8839779006,42.2857142857,-20.0
14:43:18,3058.0,3069.90236963,13.795969576,58.3333333333,42.0,0,45.1143544017,0.0,77.868852459,37.0476190476,76.0
14:43:18,3058.0,3069.89575903,13.7961430438,58.3333333333,264.0,0,45.1149216607,242.0,87.1485943775,100.857142857,320.0
14:43:19,3057.0,3069.88859671,13.796619551,56.0,40.0,0,45.1312383087,-16.0,84.6153846154,88.5714285714,214.0
14:43:19,3058.0,3069.88199377,13.7967834416,58.3333333333,132.0,0,45.1170158324,-78.0,64.63878327,106.476190476,136.0
14:43:20,3058.0,3069.8753945,13.7969426269,58.3333333333,72.0,0,45.1175363861,26.0,58.1560283688,102.0,172.0
14:43:20,3058.0,3069.86879889,13.797097107,58.3333333333,28.0,0,45.1180415533,8.0,58.8235294118,83.1428571429,182.0
14:43:21,3058.0,3069.86220694,13.7972468822,58.3333333333,626.0,28.3582089552,45.1185313348,298.0,27.7108433735,234.476190476,480.0
14:43:21,3057.0,3069.85506325,13.7976988571,54.1666666667,614.0,0,45.1347689142,68.0,4.76190476191,354.571428571,306.0
14:43:22,3057.0,3069.84792354,13.7981457842,54.1666666667,48.0,0,45.1362308938,2.0,3.81578947369,296.285714286,324.0
14:43:22,3057.0,3069.84078778,13.7988649113,54.1666666667,30.0,0,45.1385832884,6.0,4.93653032441,232.476190476,408.0
14:43:23,3057.0,3069.83365599,13.7993019035,54.1666666667,140.0,0,45.1400127691,-138.0,13.3243606999,204.952380952,244.0
14:43:23,3057.0,3069.82652816,13.7997338496,54.1666666667,54.0,0,45.141425743,2.0,15.4761904762,149.619047619,238.0
14:43:24,3057.0,3069.81940429,13.8001607501,54.1666666667,24.0,0,45.1428222116,-4.0,24.8351648352,84.4761904762,-64.0
14:43:24,3056.0,3069.81172898,13.8009085601,52.0,226.0,0,45.1600410997,150.0,85.4406130268,105.714285714,18.0
14:43:25,3057.0,3069.80461333,13.801325193,54.1666666667,46.0,0,45.1466313151,-26.0,85.7692307692,94.0,-10.0
14:43:25,3057.0,3069.79750163,13.8017367818,54.1666666667,8.0,0,45.1479776965,-2.0,85.5421686747,71.5238095238,-18.0
14:43:26,3057.0,3069.79039388,13.8021433269,54.1666666667,42.0,0,45.149307579,-10.0,72.0,59.8095238095,110.0
14:43:26,3057.0,3069.78329008,13.8025448288,54.1666666667,4.0,0,45.1506209642,0.0,68.0,41.9047619048,108.0
14:43:27,3057.0,3069.77619022,13.8029412878,54.1666666667,30.0,0,45.1519178535,-12.0,62.3595505618,33.8095238095,100.0
14:43:27,3057.0,3069.76909431,13.8033327045,54.1666666667,118.0,0,45.1531982482,14.0,1.61290322579,50.5714285714,-36.0
14:43:28,3057.0,3069.76200234,13.8037190792,54.1666666667,22.0,0,45.1544621497,-10.0,0.892857142843,45.0476190476,-20.0
14:43:28,3057.0,3069.75491431,13.8041004124,54.1666666667,42.0,0,45.1557095596,-24.0,9.30232558139,46.380952381,-42.0
14:43:29,3058.0,3069.74838561,13.8041724659,56.5217391304,4.0,0,45.1411787637,-2.0,11.8181818182,35.2380952381,-34.0
14:43:29,3057.0,3069.74130514,13.8045438932,54.1666666667,118.0,0,45.1571602656,22.0,7.78443113772,58.4761904762,-12.0
14:43:30,3058.0,3069.73478401,13.8046063809,56.5217391304,4.0,0,45.1425977137,-4.0,9.74025974025,43.7142857143,-4.0
14:43:30,3058.0,3069.72826649,13.8046641675,56.5217391304,40.0,0,45.1427866825,32.0,15.652173913,40.4761904762,14.0
14:43:31,3057.0,3069.7211972,13.8050208258,54.1666666667,528.0,0,45.1587203983,416.0,6.79347826086,180.380952381,440.0
14:43:31,3057.0,3069.71413183,13.8053724446,54.1666666667,10.0,0,45.159870607,6.0,5.39772727272,148.19047619,470.0
14:43:32,3057.0,3069.70707038,13.8057190243,54.1666666667,352.0,0,45.161004332,344.0,4.18250950569,215.238095238,816.0
14:43:32,3057.0,3069.70001286,13.8060605653,54.1666666667,10.0,0,45.1621215745,-4.0,5.72033898303,168.0,790.0
14:43:33,3056.0,3069.69240386,13.8067200465,52.0,10.0,0,45.1790577437,0.0,5.89473684209,125.904761905,794.0
14:43:33,3057.0,3069.68535448,13.8070513358,54.1666666667,18.0,0,45.165362564,0.0,7.1120689655,85.8095238095,762.0
14:43:34,3056.0,3069.67775362,13.8077002023,52.0,24.0,0,45.1822650599,22.0,12.7358490566,48.4761904762,368.0
14:43:34,3057.0,3069.67071238,13.8080212419,54.1666666667,38.0,0,45.1685353023,-4.0,14.1592920354,39.1428571429,358.0
14:43:35,3056.0,3069.66311964,13.8083581327,52.0,44.0,0,45.1844179735,12.0,66.6666666667,30.1904761905,26.0
14:43:35,3056.0,3069.65553113,13.8089908285,52.0,322.0,0,45.186488313,298.0,49.5614035088,115.333333333,328.0
14:43:36,3056.0,3069.64794683,13.8093164311,52.0,14.0,0,45.1875537666,2.0,49.5652173913,97.619047619,330.0
14:43:36,3056.0,3069.64036674,13.8099381709,52.0,52.0,0,45.1895882555,4.0,43.3198380567,90.5714285714,334.0
14:43:37,3056.0,3069.63279087,13.8105545136,52.0,24.0,0,45.1916050837,4.0,44.1295546559,73.9047619048,316.0
14:43:37,3057.0,3069.6257746,13.8105419566,54.1666666667,134.0,0,45.1767810161,120.0,38.6440677966,88.6666666667,440.0
14:43:38,3056.0,3069.61820683,13.8108451749,52.0,10.0,0,45.1925562005,8.0,34.1726618705,63.4285714286,436.0
14:43:38,3056.0,3069.61064326,13.8111426656,52.0,30.0,0,45.1935296648,30.0,28.0303030303,45.5238095238,168.0
14:43:39,3056.0,3069.60308389,13.811434429,52.0,2.0,0,45.1944843882,2.0,26.1904761905,33.5238095238,168.0
14:43:39,3056.0,3069.59552872,13.8120233424,52.0,40.0,0,45.1964114608,4.0,25.8333333333,32.9523809524,168.0
14:43:40,3056.0,3069.58797774,13.8126068623,52.0,14.0,0,45.1983208846,-4.0,24.3478260869,25.5238095238,160.0
14:43:40,3056.0,3069.58043096,13.8131849894,52.0,86.0,0,45.2002126618,4.0,15.3846153846,39.1428571429,44.0
14:43:41,3056.0,3069.57288838,13.8134543662,52.0,1006.0,0,45.2010941303,720.0,87.0967741936,317.904761905,756.0
14:43:41,3057.0,3069.56590538,13.8133981748,54.1666666667,344.0,0,45.1861242225,66.0,80.8310991957,360.095238095,792.0
14:43:42,3057.0,3069.55892626,13.8133366151,54.1666666667,208.0,0,45.1859228494,102.0,82.4499411072,348.476190476,892.0
14:43:42,3057.0,3069.55195101,13.8135735687,54.1666666667,72.0,0,45.1866979676,8.0,84.2774566474,288.19047619,896.0
14:43:43,3056.0,3069.54442424,13.8138207737,52.0,70.0,0,45.2022931076,52.0,82.1948488242,225.80952381,952.0
14:43:43,3057.0,3069.53745705,13.813743112,54.1666666667,36.0,0,45.1872525746,24.0,85.0230414747,151.047619048,972.0
14:43:44,3057.0,3069.53049373,13.8139644746,54.1666666667,60.0,0,45.1879766916,-12.0,64.5569620253,85.5238095238,240.0
14:43:44,3057.0,3069.52353428,13.8138762512,54.1666666667,14.0,0,45.1876880968,0.0,68.2608695652,51.9047619048,174.0
14:43:45,3056.0,3069.51602329,13.814101287,52.0,50.0,0,45.2032110176,42.0,41.059602649,44.2857142857,114.0
14:43:45,3057.0,3069.50907188,13.8143070602,54.1666666667,380.0,0,45.1890973509,58.0,71.4754098361,138.476190476,164.0
14:43:46,3057.0,3069.50212432,13.8142027357,54.1666666667,74.0,0,45.1887560866,34.0,72.6384364821,130.571428571,146.0
14:43:46,3056.0,3069.49462523,13.8147163855,52.0,50.0,0,45.2052237745,-28.0,69.7452229299,115.619047619,94.0
14:43:47,3056.0,3069.48713029,13.8149192451,52.0,12.0,0,45.2058875823,-8.0,69.6551724138,89.1428571429,98.0
14:43:47,3057.0,3069.48019493,13.8147986496,54.1666666667,30.0,0,45.1907054288,2.0,70.4697986577,70.0952380952,100.0
14:43:48,3056.0,3069.47270801,13.8149902481,52.0,76.0,0,45.2061199218,-24.0,69.7749196141,63.4285714286,34.0
14:43:48,3056.0,3069.46522525,13.8151761248,52.0,78.0,0,45.2067281569,0.0,23.125,56.0952380952,-24.0
14:43:49,3056.0,3069.45774665,13.8156623831,52.0,148.0,0,45.2083193164,-12.0,44.1624365482,83.1428571429,-70.0
14:43:49,3056.0,3069.4502722,13.8161432573,52.0,312.0,0,45.2098928576,-136.0,27.4390243902,153.523809524,-178.0
14:43:50,3057.0,3069.4433573,13.8159954909,54.1666666667,692.0,0,45.1946205132,-162.0,48.9520958084,320.0,-332.0
14:43:50,3057.0,3069.43644624,13.8158423558,54.1666666667,8.0,0,45.1941195806,0.0,47.9452054795,258.666666667,-334.0
14:43:51,3057.0,3069.42953902,13.8156838518,54.1666666667,166.0,0,45.1936010854,-8.0,43.5897435898,243.523809524,-318.0
14:43:51,3057.0,3069.42263564,13.8155199788,54.1666666667,14.0,0,45.1930650271,-4.0,44.9253731343,180.666666667,-322.0
14:43:52,3057.0,3069.41573609,13.8153507365,54.1666666667,48.0,0,45.1925114049,-32.0,38.8709677419,130.571428571,-342.0
14:43:52,3057.0,3069.40884038,13.8151761248,54.1666666667,202.0,0,45.1919402184,-90.0,49.203539823,129.238095238,-296.0
14:43:53,3057.0,3069.40194849,13.8149961434,54.1666666667,38.0,0,45.1913514667,-8.0,17.6470588235,86.2857142857,-142.0
14:43:53,3057.0,3069.39506044,13.8148107921,54.1666666667,16.0,0,45.1907451492,-12.0,17.3553719008,68.1904761905,-154.0
14:43:54,3058.0,3069.3887316,13.8143246909,56.5217391304,10.0,0,45.1743776682,-6.0,26.2195121951,48.0,-152.0
14:43:54,3058.0,3069.38240629,13.8141415705,56.5217391304,12.0,0,45.1737788441,0.0,26.9938650307,35.8095238095,-148.0
14:43:55,3057.0,3069.37552908,13.8139406237,54.1666666667,338.0,0,45.187898671,168.0,14.6103896104,116.857142857,52.0
14:43:56,3057.0,3069.3686557,13.814042674,54.1666666667,82.0,0,45.188232496,-50.0,2.01612903225,110.952380952,92.0
14:43:56,3057.0,3069.36178613,13.8138311632,54.1666666667,0.0,0,45.1875406057,0.0,0,87.3333333333,100.0
14:43:56,3057.0,3069.35492038,13.8136142811,54.1666666667,228.0,0,45.1868311451,-40.0,17.3134328358,130.666666667,72.0
14:43:57,3057.0,3069.34805844,13.8133920275,54.1666666667,112.0,0,45.1861041135,12.0,14.7668393782,130.761904762,90.0
14:43:57,3058.0,3069.34175572,13.8128701811,56.5217391304,14.0,0,45.1696212592,-10.0,16.0206718346,98.0,80.0
14:43:58,3058.0,3069.33545649,13.8123432872,56.5217391304,20.0,0,45.1678982577,-14.0,28.0701754386,66.8571428571,-102.0
14:43:58,3057.0,3069.32860536,13.8124146805,54.1666666667,172.0,0,45.1829070346,-22.0,24.5421245421,94.2857142857,-74.0
14:43:59,3058.0,3069.32231344,13.8118777135,56.5217391304,62.0,0,45.1663757799,-2.0,32.2368421053,86.0,-76.0
14:43:59,3057.0,3069.31546961,13.811629281,54.1666666667,552.0,0,45.1803378507,-18.0,9.6566523605,214.761904762,-54.0
14:44:00,3057.0,3069.30862958,13.8113754751,54.1666666667,148.0,0,45.179507606,82.0,22.7272727273,212.666666667,16.0
14:44:00,3057.0,3069.30179335,13.8114264261,54.1666666667,978.0,0,45.1796742757,-402.0,-29.5031055901,446.0,-376.0
14:44:01,3056.0,3069.29440552,13.8114752315,52.0,4.0,0,45.1946179042,0.0,-30.0626304802,355.142857143,-362.0
14:44:01,3057.0,3069.28757719,13.8115157909,54.1666666667,20.0,0,45.1799666041,-20.0,-32.1995464853,269.619047619,-360.0
14:44:02,3057.0,3069.28075266,13.8112406805,54.1666666667,414.0,0,45.1790666684,-218.0,-18.336483932,303.904761905,-576.0
14:44:02,3056.0,3069.27337651,13.8112728604,52.0,1512.0,0,45.1939556951,-28.0,-12.4187256177,635.142857143,-586.0
14:44:03,3055.0,3069.26544906,13.8113007831,50.0,766.0,0,45.2088405338,-224.0,-13.5354629128,707.523809524,-892.0
14:44:03,3055.0,3069.25752601,13.8116535577,50.0,600.0,0,45.2099952788,-44.0,22.6176115802,703.047619048,-534.0
14:44:04,3056.0,3069.25016276,13.8116680382,52.0,134.0,0,45.195248816,26.0,22.2286709228,583.428571429,-508.0
14:44:04,3055.0,3069.2422482,13.8120088204,50.0,674.0,0,45.2111581682,40.0,34.1951219512,611.904761905,-448.0
14:44:05,3056.0,3069.23489344,13.8120116807,52.0,88.0,0,45.1963733006,12.0,30.7366189719,441.80952381,-218.0
14:44:05,3055.0,3069.22698737,13.8123404717,50.0,154.0,0,45.2122437698,16.0,53.559602649,306.095238095,-174.0
14:44:06,3056.0,3069.21964108,13.8123317123,52.0,170.0,0,45.1974205245,142.0,79.6703296703,239.619047619,192.0
14:44:06,3056.0,3069.21229887,13.8123172325,52.0,444.0,0,45.1973731429,214.0,36.5384615385,279.80952381,450.0
14:44:07,3057.0,3069.20551615,13.8119860275,54.1666666667,118.0,0,45.1815048333,-42.0,39.6844660194,234.285714286,382.0
14:44:07,3056.0,3069.19818179,13.811960285,52.0,82.0,0,45.196205121,-8.0,2.08333333335,179.238095238,334.0
14:44:08,3056.0,3069.1908515,13.8119288218,52.0,70.0,0,45.1961021655,-4.0,2.11946050098,148.952380952,318.0
14:44:08,3056.0,3069.18352528,13.8118916379,52.0,16.0,0,45.1959804905,4.0,-13.3333333333,104.095238095,306.0
14:44:09,3056.0,3069.17620314,13.8121618863,52.0,156.0,0,45.1968648111,28.0,-32.2799097065,105.80952381,192.0
14:44:09,3056.0,3069.16888506,13.8121134408,52.0,50.0,0,45.1967062852,-14.0,17.0731707317,77.9047619048,-36.0
14:44:10,3055.0,3069.16101564,13.8123893214,50.0,188.0,0,45.2124036706,6.0,30.2491103203,108.19047619,12.0
14:44:10,3056.0,3069.153706,13.8123292571,52.0,60.0,0,45.1974124905,-30.0,29.2592592593,98.5714285714,-10.0
14:44:11,3055.0,3069.14584501,13.8129070076,50.0,122.0,27.5362318841,45.2140982245,98.0,27.3648648649,107.714285714,92.0
14:44:11,3056.0,3069.13854379,13.8128355051,40.9090909091,244.0,0,45.1990690612,210.0,22.1951219512,149.238095238,298.0
14:44:12,3055.0,3069.13069122,13.8130875915,38.0952380952,130.0,0,45.214689334,-54.0,25.1889168766,147.333333333,216.0
14:44:12,3055.0,3069.12284302,13.813647972,38.0952380952,326.0,0,45.2165236398,-8.0,48.2242990654,202.666666667,222.0
14:44:13,3056.0,3069.11555458,13.8138736846,40.9090909091,104.0,0,45.2024662453,-50.0,41.784989858,181.428571429,166.0
14:44:13,3055.0,3069.10771478,13.8144227727,38.0952380952,818.0,0,45.2190598125,-490.0,28.7844036697,368.19047619,-294.0
14:44:14,3056.0,3069.10043474,13.8146375643,40.9090909091,390.0,0,45.2049658519,-280.0,25.4473161034,396.571428571,-672.0
14:44:14,3056.0,3069.09315874,13.8148469851,40.9090909091,130.0,0,45.2056511293,22.0,26.6596417281,337.904761905,-860.0
14:44:15,3055.0,3069.08533138,13.8153792346,38.0952380952,1028.0,0,45.2221906205,474.0,18.0972818312,541.238095238,-332.0
14:44:16,3055.0,3069.07750837,13.8159057446,38.0952380952,612.0,0,45.2239140576,-6.0,9.40947436729,582.952380952,-330.0
14:44:16,3055.0,3069.0696897,13.8164265158,38.0952380952,0.0,0,45.2256187097,0.0,0,436.19047619,-280.0
14:44:16,3054.0,3069.06131998,13.8172892652,36.3636363636,150.0,0,45.2432523419,60.0,11.7748917749,337.238095238,270.0
14:44:17,3054.0,3069.0529549,13.8181458798,36.3636363636,156.0,0,45.2460572358,52.0,14.6435452794,271.80952381,602.0
14:44:17,3054.0,3069.04459447,13.8189963607,36.3636363636,88.0,0,45.2488420455,22.0,15.2409046214,198.095238095,602.0
14:44:18,3054.0,3069.03623869,13.8201368085,36.3636363636,74.0,0,45.2525763211,-26.0,27.037037037,122.380952381,102.0
14:44:18,3054.0,3069.02788754,13.8209751916,36.3636363636,206.0,0,45.255321518,-90.0,29.9703264095,129.80952381,18.0
14:44:19,3054.0,3069.01954103,13.8218074445,36.3636363636,68.0,0,45.2580466422,42.0,30.7277628032,117.142857143,60.0
14:44:19,3054.0,3069.01119916,13.8226335684,36.3636363636,378.0,0,45.2607516973,246.0,35.2577319588,189.80952381,246.0
14:44:20,3055.0,3069.00341732,13.8234040419,38.0952380952,424.0,0,45.2484584023,-182.0,57.3505654281,264.761904762,12.0
14:44:20,3056.0,3068.99619521,13.8238431051,40.9090909091,154.0,0,45.2350886947,-112.0,53.527607362,249.80952381,-122.0
14:44:21,3055.0,3068.9884217,13.8246029568,38.0952380952,102.0,0,45.2523828374,-22.0,52.7027027027,216.857142857,-118.0
14:44:21,3055.0,3068.98065252,13.8253574033,38.0952380952,1082.0,0,45.2548523841,-960.0,31.9746376812,462.571428571,-988.0
14:44:22,3055.0,3068.97288764,13.825809062,38.0952380952,102.0,0,45.2563308085,42.0,30.3300624442,386.571428571,-988.0
14:44:22,3055.0,3068.96512708,13.8268299946,38.0952380952,94.0,0,45.2596726502,-26.0,22.6762002043,306.666666667,-1260.0
14:44:23,3055.0,3068.95737083,13.827568232,38.0952380952,84.0,0,45.262089139,-30.0,2.10135970333,237.428571429,-1108.0
14:44:23,3055.0,3068.94961889,13.8285788237,38.0952380952,232.0,0,45.2653971317,102.0,0.471698113204,226.666666667,-894.0
14:44:24,3054.0,3068.94131585,13.8296511721,36.3636363636,36.0,0,45.2837300987,16.0,2.20858895705,156.19047619,-856.0
14:44:24,3054.0,3068.93301743,13.8307177246,36.3636363636,148.0,0,45.2872224119,52.0,24.1379310345,120.857142857,156.0
14:44:25,3055.0,3068.92527901,13.8314341373,38.0952380952,254.0,0,45.2747434935,-78.0,51.4150943396,160.285714286,36.0
14:44:25,3055.0,3068.9175449,13.832145152,38.0952380952,320.0,0,45.277070874,-130.0,48.0446927374,211.333333333,-68.0
14:44:26,3055.0,3068.90981507,13.8331293046,38.0952380952,80.0,0,45.2802923228,-26.0,48.5981308411,183.047619048,-64.0
14:44:26,3056.0,3068.90264495,13.8335059784,40.9090909091,102.0,0,45.2667080445,-80.0,60.8510638298,161.238095238,-246.0
14:44:27,3055.0,3068.8949234,13.8342011525,38.0952380952,122.0,0,45.2838008265,-12.0,53.4113060429,151.333333333,-274.0
14:44:27,3055.0,3068.88720614,13.8348909319,38.0952380952,140.0,0,45.286058697,-116.0,49.3123772102,142.476190476,-442.0
14:44:28,3055.0,3068.87949317,13.8355753175,38.0952380952,6.0,0,45.2882989117,-2.0,30.3896103896,95.7142857143,-366.0
14:44:28,3055.0,3068.87178448,13.8365336297,38.0952380952,64.0,0,45.2914357764,-24.0,33.0739299611,77.3333333333,-260.0
14:44:29,3055.0,3068.86408007,13.8372073893,38.0952380952,286.0,0,45.2936412087,90.0,22.7777777778,134.571428571,-144.0
14:44:29,3055.0,3068.85637995,13.8381553845,38.0952380952,116.0,0,45.2967443027,-28.0,17.7111716621,133.428571429,-92.0
14:44:30,3055.0,3068.84868409,13.8390982967,38.0952380952,64.0,0,45.2998307585,14.0,18.3431952663,116.761904762,-66.0
14:44:30,3056.0,3068.84154792,13.8397139206,40.9090909091,70.0,0,45.2870219915,16.0,4.9504950495,104.571428571,66.0
14:44:31,3055.0,3068.83386031,13.8406468591,38.0952380952,52.0,0,45.3048997025,32.0,5.21472392638,90.5714285714,100.0
14:44:31,3055.0,3068.82617696,13.8412944963,38.0952380952,42.0,0,45.3070196278,2.0,3.1746031746,71.5238095238,126.0
14:44:32,3055.0,3068.81849789,13.8419367462,38.0952380952,58.0,0,45.3091219188,16.0,4.9751243781,58.0952380952,52.0
14:44:32,3055.0,3068.81082307,13.8425736095,38.0952380952,62.0,0,45.3112065779,20.0,8.62068965516,56.6666666667,100.0
14:44:33,3055.0,3068.80315253,13.8434857881,38.0952380952,438.0,0,45.3141924324,280.0,3.87811634348,165.238095238,366.0
14:44:33,3055.0,3068.79548624,13.8441120407,38.0952380952,212.0,0,45.316242359,-66.0,2.54629629629,191.428571429,284.0
14:44:34,3055.0,3068.78782421,13.845013919,38.0952380952,94.0,0,45.3191944975,-42.0,12.3620309051,177.142857143,210.0
14:44:34,3055.0,3068.78016643,13.845629564,38.0952380952,120.0,0,45.3212097023,-108.0,23.1707317073,168.285714286,100.0
14:44:35,3055.0,3068.77251291,13.8462398264,38.0952380952,16.0,0,45.3232072877,4.0,25.6900212314,126.0,88.0
14:44:35,3055.0,3068.76486364,13.8468447068,38.0952380952,6.0,0,45.3251872562,4.0,26.8623024831,82.8571428571,72.0
14:44:36,3055.0,3068.75721861,13.8474442058,38.0952380952,118.0,0,45.32714961,22.0,62.1908127209,74.380952381,-186.0
14:44:36,3055.0,3068.74957784,13.8480383243,38.0952380952,120.0,0,45.3290943513,100.0,98.3122362869,81.7142857143,-20.0
14:44:37,3055.0,3068.7419413,13.8489090246,38.0952380952,36.0,0,45.3319444342,-14.0,96.6346153846,69.4285714286,8.0
14:44:37,3055.0,3068.73430901,13.8497746561,38.0952380952,52.0,0,45.334777925,-10.0,95.9770114943,64.4761904762,106.0
14:44:38,3054.0,3068.72612556,13.8509746699,36.3636363636,70.0,0,45.3535516368,6.0,95.5223880597,67.9047619048,108.0
14:44:38,3055.0,3068.71850205,13.8518299784,38.0952380952,278.0,0,45.3415056576,-174.0,77.1513353116,128.19047619,-70.0
14:44:39,3055.0,3068.71088278,13.852680221,38.0952380952,1396.0,0,45.3442887758,-1006.0,22.6434426229,494.952380952,-1098.0
14:44:39,3055.0,3068.70326774,13.8535253987,38.0952380952,2472.0,0,45.3470553149,-824.0,8.82899628253,1108.28571429,-2022.0
14:44:40,3055.0,3068.69565692,13.8543655124,38.0952380952,440.0,0,45.3498052778,-190.0,9.77060322855,1029.04761905,-2198.0
14:44:40,3054.0,3068.68749494,13.8558020087,36.3636363636,246.0,0,45.3693582474,80.0,9.13912688699,875.142857143,-2108.0
14:44:41,3053.0,3068.67878208,13.8573285838,34.7826086957,44.0,0,45.3892190755,6.0,8.36751435603,654.285714286,-2108.0
14:44:41,3054.0,3068.67062947,13.8584911797,36.3636363636,602.0,0,45.3781636532,336.0,6.8076923077,594.095238095,-1598.0
14:44:42,3053.0,3068.66192598,13.8600062352,34.7826086957,482.0,0,45.3979896338,46.0,7.69948670089,484.19047619,-546.0
14:44:42,3053.0,3068.65322733,13.861515425,34.7826086957,226.0,0,45.4029329347,-60.0,13.7254901961,344.666666667,218.0
14:44:43,3053.0,3068.6445335,13.8630187509,34.7826086957,1588.0,0,45.407857029,70.0,5.89711417816,701.238095238,478.0
14:44:43,3053.0,3068.63584451,13.8647800505,34.7826086957,1416.0,0,45.4136261071,-2.0,3.39605323543,954.0,396.0
14:44:44,3053.0,3068.62716034,13.8662718043,34.7826086957,910.0,0,45.418512297,88.0,32.0826952527,1006.47619048,478.0
14:44:44,3053.0,3068.618481,13.8680218244,34.7826086957,344.0,0,45.4242444296,-146.0,34.0314136126,856.0,-4.0
14:44:45,3053.0,3068.60980647,13.8697662774,34.7826086957,60.0,0,45.4299583275,-12.0,37.1038732394,636.666666667,-62.0
14:44:45,3054.0,3068.60169217,13.8711487787,36.3636363636,790.0,0,45.4196096225,18.0,43.226311668,646.0,16.0
14:44:46,3055.0,3068.59413777,13.8721899612,38.0952380952,580.0,0,45.408150446,-352.0,54.6341463415,568.476190476,-406.0
14:44:46,3054.0,3068.58603217,13.8735623769,36.3636363636,364.0,0,45.4275126944,-32.0,72.1128608924,477.238095238,-436.0
14:44:47,3054.0,3068.57793107,13.8749296517,36.3636363636,94.0,0,45.4319896912,-16.0,29.3010752688,358.952380952,-540.0
14:44:47,3054.0,3068.56983447,13.8762917873,36.3636363636,372.0,0,45.4364498601,110.0,34.0707964602,358.952380952,-284.0
14:44:48,3053.0,3068.56118696,13.8780041765,34.7826086957,470.0,0,45.4569412922,254.0,28.8389513109,385.619047619,-18.0
14:44:48,3053.0,3068.55254426,13.879711012,34.7826086957,80.0,0,45.4625319752,54.0,15.5102040816,281.333333333,18.0
14:44:49,3053.0,3068.54390635,13.881412296,34.7826086957,178.0,0,45.4681044741,-28.0,17.971758665,238.857142857,342.0
14:44:49,3053.0,3068.53527325,13.8831080303,34.7826086957,168.0,0,45.4736587955,2.0,24.0822320118,212.666666667,376.0
14:44:50,3054.0,3068.52720034,13.8846893401,36.3636363636,66.0,0,45.4639467587,0.0,26.2368815592,166.666666667,392.0
14:44:50,3053.0,3068.51857651,13.886374339,34.7826086957,170.0,0,45.4843574813,8.0,16.2544169611,151.714285714,290.0
14:44:51,3054.0,3068.51051288,13.8879456096,36.3636363636,204.0,0,45.4746090689,14.0,21.247113164,156.095238095,50.0
14:44:51,3054.0,3068.50245372,13.8895120305,36.3636363636,1054.0,0,45.4797381482,-610.0,62.1739130435,416.0,-614.0
14:44:52,3054.0,3068.49439904,13.8908274092,36.3636363636,70.0,0,45.4840452166,8.0,68.5912240185,348.380952381,-578.0
14:44:52,3054.0,3068.48634883,13.8923840019,36.3636363636,610.0,0,45.4891421149,-108.0,71.2051517939,440.19047619,-688.0
14:44:53,3054.0,3068.47830309,13.8939357497,36.3636363636,142.0,0,45.494223149,-76.0,69.6,377.238095238,-764.0
14:44:53,3054.0,3068.47026182,13.8952360497,36.3636363636,546.0,0,45.4984808438,68.0,57.6542269612,426.095238095,-704.0
14:44:54,3054.0,3068.46222502,13.8967779789,36.3636363636,32.0,0,45.5035297279,32.0,61.2876935615,310.19047619,-686.0
14:44:54,3054.0,3068.45419268,13.898315068,36.3636363636,620.0,0,45.5085627635,-54.0,24.1584158416,370.476190476,-130.0
14:44:55,3054.0,3068.44616481,13.8998473185,36.3636363636,280.0,0,45.5135799559,152.0,17.5784753363,354.285714286,14.0
14:44:55,3053.0,3068.43758599,13.9014798928,34.7826086957,712.0,0,45.5338352204,276.0,1.45797598628,451.523809524,398.0
14:44:56,3054.0,3068.42956733,13.9030021377,36.3636363636,1248.0,0,45.5239100777,544.0,1.74520069808,697.047619048,1018.0
14:44:56,3052.0,3068.42044233,13.9052433045,33.3333333333,552.0,0,45.5610855325,-14.0,1.74216027875,691.047619048,936.0
14:44:57,3053.0,3068.4118778,13.9071071514,34.7826086957,490.0,0,45.552267119,-294.0,4.30548436699,667.047619048,610.0
14:44:57,3052.0,3068.40276262,13.9090894764,33.3333333333,1714.0,0,45.5736876683,-514.0,15.3322658126,970.952380952,150.0
14:44:58,3052.0,3068.39365251,13.911065839,33.3333333333,284.0,0,45.5801632996,128.0,16.88,814.19047619,126.0
14:44:58,3052.0,3068.38454745,13.9130362419,33.3333333333,618.0,0,45.5866194034,-68.0,19.4455768447,752.666666667,-218.0
14:44:59,3052.0,3068.37544745,13.915248805,33.3333333333,544.0,0,45.5938689548,-88.0,28.8910042837,674.476190476,-850.0
14:44:59,3052.0,3068.36635251,13.9174556884,33.3333333333,312.0,0,45.6010998966,-78.0,34.628975265,563.523809524,-914.0
14:45:00,3052.0,3068.35726261,13.9196568949,33.3333333333,502.0,0,45.6083122375,-250.0,35.732259688,518.285714286,-870.0
14:45:00,3052.0,3068.34817777,13.921852427,33.3333333333,3474.0,0,45.6155059863,-548.0,30.4150680153,1321.61904762,-904.0
14:45:01,3053.0,3068.33965337,13.9236724881,34.7826086957,1108.0,29.2307692308,45.6065263285,220.0,33.4553217444,1365.14285714,-812.0
14:45:01,3052.0,3068.33057831,13.9258569095,34.7826086957,648.0,0,45.6286268332,-220.0,34.8512446873,1238.0,-964.0
14:45:02,3052.0,3068.32150828,13.9280356644,34.7826086957,700.0,0,45.6357656108,-350.0,29.8042704626,1124.28571429,-1226.0
14:45:02,3053.0,3068.3129987,13.9298396293,36.3636363636,368.0,0,45.6267265946,-222.0,27.9411764706,908.285714286,-1370.0
14:45:03,3052.0,3068.30393844,13.9320072884,34.7826086957,1096.0,0,45.6487787955,112.0,23.9112794157,897.619047619,-1008.0
14:45:03,3052.0,3068.29488321,13.9341692887,34.7826086957,734.0,0,45.6558626759,-526.0,19.9828104856,755.238095238,-986.0
14:45:04,3052.0,3068.28583301,13.9363256329,34.7826086957,404.0,0,45.6629280238,-318.0,18.0253164557,649.047619048,-1524.0
14:45:04,3053.0,3068.27734324,13.9381080972,36.3636363636,398.0,0,45.6538096863,-212.0,14.5405405405,574.666666667,-1516.0
14:45:05,3053.0,3068.26885818,13.9396356361,36.3636363636,728.0,0,45.658813089,356.0,30.0965665236,606.476190476,-810.0
14:45:05,3053.0,3068.26037784,13.9411576887,36.3636363636,874.0,0,45.6637985217,482.0,24.6102975909,678.666666667,-106.0
14:45:06,3053.0,3068.25190221,13.9429242614,36.3636363636,180.0,0,45.669584872,64.0,30.6811332128,528.476190476,-154.0
14:45:06,3053.0,3068.24343128,13.9446856304,36.3636363636,244.0,0,45.6753541775,-12.0,32.9561527581,440.19047619,360.0
14:45:07,3054.0,3068.23552046,13.946094535,39.1304347826,154.0,0,45.6650115748,46.0,28.7820015516,349.523809524,724.0
14:45:07,3054.0,3068.22761403,13.9472482352,39.1304347826,230.0,0,45.6687892442,-6.0,34.7717842324,292.476190476,930.0
14:45:08,3053.0,3068.2191566,13.9487437346,36.3636363636,80.0,0,45.6886463631,-8.0,12.3723041998,200.571428571,566.0
14:45:08,3053.0,3068.21070386,13.9499631371,36.3636363636,230.0,0,45.6926404754,0.0,38.8193202147,182.380952381,84.0
14:45:09,3054.0,3068.20281122,13.9508303107,39.1304347826,74.0,0,45.6805183717,-4.0,47.4308300395,150.285714286,16.0
14:45:09,3054.0,3068.19492296,13.9516921155,39.1304347826,178.0,0,45.6833402603,48.0,66.3847780127,152.952380952,76.0
14:45:10,3054.0,3068.18703908,13.9525485525,39.1304347826,150.0,0,45.6861445728,-96.0,62.4203821656,150.761904762,-66.0
14:45:10,3053.0,3068.17860418,13.9540167427,36.3636363636,100.0,0,45.7059179257,32.0,55.9113300493,134.476190476,-28.0
14:45:11,3054.0,3068.17072936,13.9551337931,39.1304347826,314.0,0,45.6946096695,-126.0,67.1128107074,185.523809524,-146.0
14:45:11,3054.0,3068.16285892,13.9559742506,39.1304347826,108.0,0,45.6973616589,-2.0,66.4502164502,166.571428571,-148.0
14:45:12,3054.0,3068.15499285,13.9568093447,39.1304347826,194.0,0,45.700096086,-68.0,71.6475095785,178.0,-212.0
14:45:12,3054.0,3068.14713115,13.9576390762,39.1304347826,516.0,0,45.702812954,-218.0,77.5687409551,275.714285714,-478.0
14:45:13,3054.0,3068.13927382,13.958463446,39.1304347826,122.0,0,45.705512266,66.0,84.3426883309,244.761904762,-316.0
14:45:13,3054.0,3068.13142084,13.9592824553,39.1304347826,28.0,0,45.7081940252,-16.0,88.4555382215,188.285714286,-364.0
14:45:14,3055.0,3068.12412764,13.9594792537,41.6666666667,112.0,0,45.6938764441,0.0,90.9259259259,159.238095238,-238.0
14:45:14,3055.0,3068.11683848,13.9599631193,41.6666666667,182.0,0,45.6954602924,-140.0,83.7088388215,159.80952381,-376.0
14:45:15,3055.0,3068.10955337,13.9604419938,41.6666666667,50.0,0,45.6970278031,-38.0,81.5841584158,119.142857143,-346.0
14:45:15,3054.0,3068.10171691,13.9612399848,39.1304347826,90.0,0,45.7146037486,-66.0,66.0958904109,96.7619047619,-194.0
14:45:16,3054.0,3068.09388479,13.9620326193,39.1304347826,64.0,0,45.7171991462,-56.0,60.8365019011,87.2380952381,-316.0
14:45:16,3054.0,3068.08605703,13.9628198981,39.1304347826,46.0,0,45.7197770075,-22.0,65.4411764706,75.3333333333,-322.0
14:45:17,3055.0,3068.07878902,13.9629851259,41.6666666667,1104.0,0,45.7053522943,-838.0,22.7864583333,364.857142857,-1160.0
14:45:17,3054.0,3068.07096964,13.9637617305,39.1304347826,530.0,0,45.7228609382,68.0,14.3312101911,443.142857143,-952.0
14:45:18,3054.0,3068.06315461,13.964532982,39.1304347826,316.0,0,45.7253863195,86.0,20.8372093023,443.714285714,-828.0
14:45:18,3054.0,3068.05534391,13.9652988811,39.1304347826,30.0,0,45.7278941753,-12.0,21.2440191388,349.904761905,-774.0
14:45:19,3054.0,3068.04753756,13.9660594289,39.1304347826,102.0,0,45.7303845086,18.0,21.1466165414,279.523809524,-700.0
14:45:19,3054.0,3068.03973554,13.9665206806,39.1304347826,110.0,0,45.7318948286,-94.0,23.7226277372,209.619047619,-772.0
14:45:20,3053.0,3068.03138245,13.9676126674,36.3636363636,32.0,0,45.750450925,6.0,38.5714285714,114.380952381,72.0
14:45:20,3054.0,3068.0235894,13.9683568212,39.1304347826,298.0,0,45.7379070766,96.0,75.9009009009,146.19047619,100.0
14:45:21,3054.0,3068.01580068,13.9688012048,39.1304347826,206.0,0,45.7393621637,-88.0,85.3470437018,162.761904762,-74.0
14:45:21,3055.0,3068.00857169,13.9692126646,41.6666666667,334.0,0,45.7257370364,-200.0,59.1497227357,221.142857143,-262.0
14:45:22,3055.0,3068.00134671,13.969324393,41.6666666667,20.0,0,45.7261027594,-8.0,58.4,175.333333333,-288.0
14:45:22,3054.0,3067.99357035,13.9697523082,39.1304347826,166.0,0,45.7424764512,0.0,54.7348484848,175.142857143,-194.0
14:45:23,3055.0,3067.9863537,13.9698532452,41.6666666667,2.0,0,45.727833863,0.0,54.9707602339,125.428571429,-200.0
14:45:23,3055.0,3067.97914106,13.9702441277,41.6666666667,208.0,0,45.7291133476,148.0,56.4102564103,136.0,-148.0
14:45:24,3055.0,3067.97193243,13.9703346168,41.6666666667,628.0,0,45.7294095476,144.0,69.8085419735,270.857142857,84.0
14:45:24,3054.0,3067.9641724,13.9710361657,39.1304347826,54.0,0,45.7466803068,28.0,91.280148423,221.619047619,312.0
14:45:25,3054.0,3067.95641668,13.9714366357,39.1304347826,2.0,0,45.7479916036,2.0,92.0754716981,170.857142857,322.0
14:45:25,3054.0,3067.94866527,13.9718314392,39.1304347826,530.0,0,45.7492843458,32.0,93.8202247191,271.80952381,354.0
14:45:26,3055.0,3067.94147357,13.971900347,41.6666666667,40.0,0,45.7345346873,8.0,92.4760601915,215.428571429,362.0
14:45:26,3054.0,3067.93373046,13.9722840042,39.1304347826,278.0,0,45.7507662219,48.0,91.5143603133,225.238095238,262.0
14:45:27,3055.0,3067.92654704,13.9723421245,41.6666666667,122.0,0,45.7359807676,32.0,81.4814814815,187.142857143,150.0
14:45:27,3054.0,3067.91881222,13.9727146368,39.1304347826,14.0,0,45.7521762829,-2.0,81.5415821501,142.285714286,120.0
14:45:28,3055.0,3067.9116371,13.9727619705,41.6666666667,40.0,0,45.7373550588,16.0,80.46875,106.761904762,134.0
14:45:28,3055.0,3067.90446596,13.9728039972,41.6666666667,44.0,0,45.7374926257,28.0,72.1189591078,70.5714285714,130.0
14:45:29,3054.0,3067.8967434,13.9734569782,39.1304347826,62.0,0,45.7546070015,8.0,71.7857142857,62.6666666667,130.0
14:45:29,3055.0,3067.88958053,13.9734883897,41.6666666667,104.0,0,45.7397328633,-6.0,61.6580310881,65.7142857143,76.0
14:45:30,3055.0,3067.88242164,13.9738119153,41.6666666667,42.0,0,45.7407918668,0.0,68.6274509804,59.3333333333,44.0
14:45:30,3055.0,3067.87526673,13.9738328843,41.6666666667,104.0,0,45.7408605051,4.0,61.1111111111,74.4761904762,50.0
14:45:31,3055.0,3067.86811579,13.9741462973,41.6666666667,76.0,0,45.7418864068,-72.0,68.5185185185,77.3333333333,-38.0
14:45:31,3054.0,3067.86041342,13.9747730276,39.1304347826,1044.0,0,45.7589162659,-350.0,19.8324022346,355.047619048,-416.0
14:45:32,3053.0,3067.85215993,13.9757323954,36.3636363636,710.0,0,45.7770468241,238.0,6.6346153846,489.714285714,-186.0
14:45:32,3054.0,3067.84446642,13.97605005,39.1304347826,170.0,0,45.7630977407,-30.0,10.0652376514,439.238095238,-210.0
14:45:33,3054.0,3067.83677719,13.9763620441,39.1304347826,52.0,0,45.7641193323,24.0,10.9461966605,351.904761905,-186.0
14:45:33,3054.0,3067.82909222,13.9766683781,39.1304347826,18.0,0,45.7651223905,2.0,10.2415458937,254.380952381,-188.0
14:45:34,3054.0,3067.82141153,13.9772677851,39.1304347826,88.0,0,45.7670850856,50.0,8.6455331412,180.952380952,-66.0
14:45:34,3053.0,3067.8131797,13.9779000061,36.3636363636,94.0,0,45.7841467609,4.0,16.6077738516,108.666666667,288.0
14:45:35,3054.0,3067.80550784,13.9781893487,39.1304347826,18.0,0,45.7701026481,12.0,71.3636363636,59.9047619048,62.0
14:45:35,3054.0,3067.79784024,13.978473033,39.1304347826,40.0,0,45.7710315421,14.0,58.7096774194,50.380952381,106.0
14:45:36,3054.0,3067.7901769,13.9787510591,39.1304347826,412.0,0,45.7719419094,-156.0,80.5970149254,153.333333333,-74.0
14:45:36,3054.0,3067.78251782,13.9790234275,39.1304347826,18.0,0,45.7728337509,4.0,79.7014925373,126.571428571,-72.0
14:45:37,3054.0,3067.77486299,13.9795898815,39.1304347826,134.0,0,45.7746885447,-14.0,82.4022346369,132.952380952,-136.0
14:45:37,3054.0,3067.76721242,13.9798511065,39.1304347826,256.0,0,45.7755438982,86.0,93.8496583143,172.0,-54.0
14:45:38,3054.0,3067.75956609,13.9801066748,39.1304347826,108.0,0,45.7763807295,-36.0,87.8099173554,161.047619048,-102.0
14:45:38,3054.0,3067.75192401,13.9806568312,39.1304347826,282.0,0,45.7781821585,-206.0,90.0826446281,195.523809524,-322.0
14:45:39,3054.0,3067.74428617,13.9809012585,39.1304347826,20.0,0,45.7789825098,-14.0,85.5745721271,143.619047619,-180.0
14:45:39,3054.0,3067.73665258,13.9811400302,39.1304347826,58.0,0,45.7797643424,26.0,85.3146853147,121.238095238,-158.0
14:45:40,3054.0,3067.72902322,13.9813731465,39.1304347826,116.0,0,45.7805276572,94.0,89.2857142857,113.523809524,-50.0
14:45:40,3054.0,3067.72139811,13.9819015264,39.1304347826,296.0,0,45.7822577812,-154.0,81.8181818182,158.095238095,-290.0
14:45:41,3054.0,3067.71377723,13.9821235047,39.1304347826,34.0,0,45.7829846257,-2.0,88.3374689826,125.904761905,-256.0
14:45:41,3054.0,3067.70616058,13.9823398286,39.1304347826,86.0,0,45.7836929556,54.0,77.3770491803,112.095238095,4.0
14:45:42,3054.0,3067.69854816,13.9825504984,39.1304347826,22.0,0,45.7843827716,6.0,75.816993464,89.3333333333,24.0
14:45:42,3054.0,3067.69093997,13.9827555144,39.1304347826,18.0,0,45.7850540746,8.0,74.8251748252,65.3333333333,6.0
14:45:43,3054.0,3067.683336,13.9829548767,39.1304347826,46.0,0,45.7857068654,14.0,67.3306772908,51.2380952381,-74.0
14:45:43,3054.0,3067.67573626,13.9834505248,39.1304347826,20.0,0,45.7873298128,-16.0,56.6371681416,33.0476190476,64.0
14:45:44,3054.0,3067.66814074,13.9836387531,39.1304347826,28.0,0,45.7879461464,2.0,47.2727272727,30.2857142857,68.0
14:45:44,3054.0,3067.66054943,13.9838213286,39.1304347826,34.0,0,45.7885439706,14.0,42.8571428571,29.5238095238,28.0
14:45:45,3054.0,3067.65296235,13.9843006966,39.1304347826,18.0,0,45.7901136103,-12.0,46.3414634146,26.6666666667,10.0
14:45:45,3054.0,3067.64537947,13.98447214,39.1304347826,148.0,0,45.7906749836,-12.0,46.2585034013,61.1428571429,-10.0
14:45:46,3054.0,3067.63780081,13.9846379314,39.1304347826,338.0,0,45.7912178499,218.0,72.3549488055,143.714285714,194.0
14:45:46,3054.0,3067.63022636,13.9847980709,39.1304347826,46.0,0,45.7917422098,20.0,73.8562091503,128.952380952,230.0
14:45:47,3054.0,3067.62265612,13.9849525588,39.1304347826,80.0,0,45.7922480641,0.0,69.2771084337,122.666666667,228.0
14:45:47,3053.0,3067.61453467,13.985433681,36.3636363636,44.0,0,45.8088230627,2.0,68.5459940653,103.619047619,216.0
14:45:48,3054.0,3067.60697314,13.9858801564,39.1304347826,58.0,0,45.7952853845,8.0,70.0280112045,88.0952380952,236.0
14:45:48,3054.0,3067.59941581,13.9860176842,39.1304347826,40.0,0,45.7957357047,14.0,73.597359736,65.5238095238,262.0
14:45:49,3054.0,3067.59186268,13.9861495614,39.1304347826,60.0,0,45.7961675224,30.0,50.0,53.8095238095,74.0
14:45:49,3053.0,3067.58375834,13.9866073398,36.3636363636,104.0,0,45.8126673428,6.0,51.2953367876,67.9047619048,60.0
14:45:50,3054.0,3067.57621391,13.9867277366,39.1304347826,24.0,0,45.7980606961,16.0,60.0,56.380952381,76.0
14:45:50,3054.0,3067.56867366,13.9868424834,39.1304347826,58.0,0,45.7984364223,12.0,69.1860465116,57.2380952381,86.0
14:45:51,3054.0,3067.5611376,13.9869515802,39.1304347826,18.0,38.4615384615,45.7987936483,10.0,63.8157894737,46.0,88.0
14:45:51,3053.0,3067.55305033,13.9873858489,31.8181818182,60.0,0,45.8152173236,12.0,59.8765432099,48.6666666667,86.0
14:45:52,3054.0,3067.54552294,13.9874834674,33.3333333333,614.0,0,45.8005352566,270.0,20.5011389522,208.666666667,326.0
14:45:52,3053.0,3067.53744434,13.9879058873,31.8181818182,1136.0,0,45.816920692,422.0,5.65445026178,491.428571429,742.0
14:45:53,3053.0,3067.52937023,13.9883222874,31.8181818182,1330.0,0,45.8182845968,-52.0,-17.039800995,780.476190476,674.0
14:45:53,3053.0,3067.5213006,13.9887326684,31.8181818182,416.0,0,45.819628786,330.0,-15.9485170677,746.19047619,992.0
14:45:54,3053.0,3067.51323545,13.9891370306,31.8181818182,588.0,0,45.8209532611,128.0,-13.5135135135,744.0,1110.0
14:45:54,3052.0,3067.50461938,13.9898849013,30.4347826087,410.0,0,45.8384171079,-398.0,-11.5709835336,663.80952381,700.0
14:45:55,3052.0,3067.49600809,13.9906263566,30.4347826087,130.0,0,45.8408465156,-72.0,-13.0673316708,486.952380952,358.0
14:45:55,3053.0,3067.48795699,13.9910122826,31.8181818182,874.0,0,45.8270955866,136.0,4.48239060833,545.714285714,72.0
14:45:56,3053.0,3067.47991036,13.9913921923,31.8181818182,76.0,0,45.8283399682,-24.0,34.1619887731,388.952380952,100.0
14:45:56,3053.0,3067.4718682,13.9917660862,31.8181818182,174.0,0,45.8295646451,-4.0,38.0994671403,319.904761905,-234.0
14:45:57,3053.0,3067.46383051,13.9918075236,31.8181818182,66.0,0,45.8297003721,-58.0,50.4046242774,231.523809524,-420.0
14:45:57,3053.0,3067.45579728,13.9921692137,31.8181818182,242.0,0,45.8308850761,-68.0,67.6056338028,218.285714286,-90.0
14:45:58,3052.0,3067.44721311,13.9928730509,30.4347826087,598.0,0,45.8482078995,202.0,75.763546798,314.761904762,184.0
14:45:58,3052.0,3067.4386337,13.9935704785,30.4347826087,154.0,0,45.8504930489,88.0,66.2595419847,262.095238095,136.0
14:45:59,3053.0,3067.43061447,13.9939137454,31.8181818182,26.0,0,45.8365992316,-4.0,66.5079365079,207.142857143,156.0
14:45:59,3052.0,3067.42204429,13.9942712458,30.4347826087,504.0,0,45.8527891408,-418.0,51.4465408805,291.142857143,-258.0
14:46:00,3053.0,3067.41403426,13.9942746202,31.8181818182,40.0,0,45.8377812649,34.0,52.0460358056,226.857142857,-166.0
14:46:00,3052.0,3067.40547329,13.9949464838,30.4347826087,310.0,0,45.8550015851,0.0,36.3970588235,240.952380952,-98.0
14:46:01,3053.0,3067.39747247,13.9952649731,31.8181818182,164.0,0,45.8410251329,-24.0,15.1919866444,210.095238095,-324.0
14:46:01,3053.0,3067.3894761,13.9955774513,31.8181818182,32.0,0,45.8420486448,2.0,15.0557620818,162.19047619,-410.0
14:46:02,3052.0,3067.38092876,13.9962305083,30.4347826087,144.0,0,45.8592087428,-50.0,13.9028475712,152.095238095,-456.0
14:46:02,3053.0,3067.37294158,13.9965307761,31.8181818182,134.0,0,45.8451712285,0.0,21.8446601942,133.523809524,-38.0
14:46:03,3052.0,3067.36440342,13.9968426747,30.4347826087,26.0,0,45.8612145306,-4.0,20.0,101.714285714,-76.0
14:46:03,3053.0,3067.35642542,13.9971305591,31.8181818182,154.0,0,45.847135798,52.0,24.1590214067,107.142857143,-24.0
14:46:04,3053.0,3067.34845184,13.9974124345,31.8181818182,166.0,0,45.8480590714,-20.0,14.6341463415,123.428571429,-20.0
14:46:04,3051.0,3067.33937189,13.9983993684,29.1666666667,1040.0,0,45.8813483067,-210.0,-20.0721153846,389.333333333,-232.0
14:46:05,3052.0,3067.33085238,13.999014251,30.4347826087,6304.0,0,45.8683297871,-1724.0,-0.562372188141,2111.23809524,-1906.0
14:46:05,3050.0,3067.3212268,14.0003726141,28.0,3610.0,0,45.9028610298,-1448.0,-21.5575221239,2770.0952381,-3354.0
14:46:06,3050.0,3067.31160657,14.0017237034,28.0,3704.0,0,45.9072908309,808.0,-11.4968620644,3290.28571429,-2542.0
14:46:06,3050.0,3067.30199168,14.0033774338,28.0,5496.0,0,45.9127128976,-2216.0,-5.25590551181,4147.33333333,-4810.0
14:46:07,3050.0,3067.29238214,14.0050242197,28.0,1998.0,0,45.9181121958,-358.0,-3.76489707476,3750.57142857,-5148.0
14:46:07,3050.0,3067.28277792,14.0063538382,28.0,826.0,0,45.9224716005,-44.0,-1.79597046221,2931.71428571,-4982.0
14:46:08,3050.0,3067.27317905,14.007986586,28.0,462.0,0,45.9278248722,92.0,-4.03827037773,2019.04761905,-3166.0
14:46:08,3050.0,3067.2635855,14.0093018454,28.0,1736.0,0,45.9321371979,-346.0,12.0658135283,1748.57142857,-2064.0
14:46:09,3050.0,3067.25399728,14.0109205644,28.0,830.0,0,45.9374444734,-442.0,13.0419457173,1308.47619048,-3314.0
14:46:09,3050.0,3067.24441439,14.0122214733,28.0,218.0,0,45.9417097486,30.0,13.805601318,830.380952381,-1068.0
14:46:10,3049.0,3067.23428142,14.0139176605,26.9230769231,514.0,0,45.9623406378,24.0,16.5285651984,688.19047619,-686.0
14:46:10,3048.0,3067.22359868,14.0163393959,25.9259259259,2590.0,0,45.9853654722,-668.0,4.94488188975,1209.80952381,-1310.0
14:46:11,3049.0,3067.21347727,14.0180200138,26.9230769231,2120.0,0,45.9757953881,-606.0,10.5644355644,1513.14285714,-2008.0
14:46:11,3049.0,3067.20336148,14.0200044221,26.9230769231,1184.0,0,45.9823037788,-124.0,11.2660944206,1470.0952381,-1786.0
14:46:12,3048.0,3067.19269591,14.0220910338,25.9259259259,554.0,0,46.0042356752,72.0,4.15041782728,1273.33333333,-1272.0
14:46:12,3048.0,3067.18203626,14.0244812298,25.9259259259,184.0,0,46.0120775256,14.0,4.7299188357,984.0,-1288.0
14:46:13,3048.0,3067.17138253,14.0268634878,25.9259259259,532.0,0,46.0198933327,-198.0,3.15466219987,795.714285714,-1510.0
14:46:13,3048.0,3067.16073472,14.0295301408,25.9259259259,928.0,0,46.0286421943,-420.0,17.084696474,719.714285714,-1262.0
14:46:14,3048.0,3067.15009282,14.0321891606,25.9259259259,802.0,0,46.0373660125,-22.0,13.0497131931,686.857142857,-678.0
14:46:14,3047.0,3067.13890144,14.035280238,25.0,564.0,0,46.0626197504,-194.0,20.202020202,648.761904762,-748.0
14:46:15,3048.0,3067.12827167,14.0376309702,25.9259259259,1076.0,0,46.0552197186,-556.0,35.389133627,786.476190476,-1376.0
14:46:15,3047.0,3067.1170924,14.0401001984,25.0,620.0,0,46.0784384587,-142.0,36.0017691287,769.047619048,-1532.0
14:46:16,3048.0,3067.10647474,14.0424346724,25.9259259259,958.0,0,46.0709798962,-146.0,39.329021827,827.428571429,-1480.0
14:46:16,3048.0,3067.09586298,14.0447612372,25.9259259259,362.0,0,46.0786129829,56.0,46.2802373346,695.238095238,-1004.0
14:46:17,3048.0,3067.08525711,14.0473732772,25.9259259259,1892.0,0,46.0871826678,-918.0,58.4795321638,1027.14285714,-1900.0
14:46:17,3048.0,3067.07465714,14.0499777141,25.9259259259,466.0,0,46.0957274083,120.0,56.8663937477,899.714285714,-1586.0
14:46:18,3048.0,3067.06406305,14.052280885,25.9259259259,402.0,0,46.1032837434,-114.0,55.4468085106,758.666666667,-1144.0
14:46:18,3049.0,3067.05403025,14.0541584698,26.9230769231,446.0,0,46.0943209897,-8.0,57.1807335396,662.285714286,-1010.0
14:46:19,3048.0,3067.04344761,14.0567401098,25.9259259259,436.0,0,46.1179137462,156.0,57.1928071928,571.333333333,-708.0
14:46:19,3049.0,3067.03342626,14.0588970007,26.9230769231,394.0,0,46.1098622522,-72.0,52.7254707631,493.238095238,-836.0
14:46:20,3048.0,3067.02285507,14.0611694734,25.9259259259,374.0,0,46.1324457789,-60.0,33.2009531374,407.904761905,22.0
14:46:20,3049.0,3067.01284515,14.0633118586,26.9230769231,694.0,0,46.1243419436,200.0,37.8732702112,486.285714286,102.0
14:46:21,3049.0,3067.0028408,14.0651526195,26.9230769231,958.0,0,46.1303792047,444.0,44.5790430042,629.238095238,660.0
14:46:21,3049.0,3066.992842,14.0669860307,26.9230769231,150.0,0,46.1363923604,14.0,43.9121756487,514.857142857,682.0
14:46:22,3049.0,3066.98284875,14.0691069911,26.9230769231,442.0,0,46.1433486098,-348.0,55.9760956175,498.0,178.0
14:46:22,3049.0,3066.97286105,14.0709258708,26.9230769231,98.0,0,46.1493141056,-60.0,54.7864506627,382.571428571,190.0
14:46:23,3049.0,3066.9628789,14.0730326125,26.9230769231,396.0,0,46.156223721,70.0,51.6435354273,366.380952381,320.0
14:46:23,3049.0,3066.95290229,14.0751323235,26.9230769231,334.0,0,46.163110277,296.0,62.4894869638,331.428571429,416.0
14:46:24,3049.0,3066.94293123,14.0769295078,26.9230769231,524.0,0,46.1690046172,48.0,65.2263374486,367.904761905,20.0
14:46:24,3049.0,3066.9329657,14.0787193598,26.9230769231,122.0,0,46.1748749091,10.0,67.8496868476,310.19047619,16.0
14:46:25,3049.0,3066.92300571,14.0807977007,26.9230769231,812.0,0,46.1816913766,-122.0,61.6797900263,450.952380952,242.0
14:46:25,3049.0,3066.91305125,14.0828690231,26.9230769231,302.0,0,46.188484825,-18.0,68.5943775101,428.380952381,284.0
14:46:26,3049.0,3066.90310232,14.084637215,26.9230769231,188.0,0,46.1942840768,-128.0,75.1971954426,363.523809524,86.0
14:46:26,3049.0,3066.89315891,14.0863980859,26.9230769231,2890.0,0,46.2000593174,-2776.0,87.5568416701,1080.57142857,-2986.0
14:46:27,3050.0,3066.88377643,14.0877579725,28.0,3202.0,0,46.1893704016,-510.0,93.1346460883,1765.04761905,-3544.0
14:46:27,3051.0,3066.87495456,14.0887372823,29.1666666667,602.0,0,46.1774411088,154.0,93.7468734367,1579.14285714,-3400.0
14:46:28,3051.0,3066.86613759,14.0897101934,29.1666666667,698.0,0,46.1806299357,204.0,93.5041867546,1397.80952381,-3074.0
14:46:28,3052.0,3066.85788092,14.0903230929,30.4347826087,264.0,0,46.1675068573,136.0,91.9683834778,1097.9047619,-2920.0
14:46:29,3051.0,3066.84907343,14.0912834207,29.1666666667,214.0,0,46.1857863673,-18.0,92.6556543837,785.523809524,-2810.0
14:46:29,3052.0,3066.84082624,14.0915671498,30.4347826087,270.0,0,46.1715830597,-14.0,87.1238095238,487.904761905,-48.0
14:46:30,3052.0,3066.83258362,14.092161719,30.4347826087,60.0,0,46.1735311893,-16.0,67.4573055028,255.047619048,446.0
14:46:30,3052.0,3066.82434559,14.0927503006,30.4347826087,96.0,0,46.1754597004,-6.0,54.3071161049,182.095238095,286.0
14:46:31,3052.0,3066.81611213,14.0933328953,30.4347826087,778.0,0,46.1773685955,240.0,69.0844233056,328.095238095,322.0
14:46:31,3052.0,3066.80788324,14.0935918259,30.4347826087,128.0,0,46.1782169919,26.0,66.106080207,284.571428571,212.0
14:46:32,3052.0,3066.79965892,14.0941622815,30.4347826087,326.0,0,46.1800861123,40.0,63.4499396864,304.095238095,270.0
14:46:32,3052.0,3066.79143917,14.0947267523,30.4347826087,38.0,0,46.1819356236,0.0,67.461430575,236.0,284.0
14:46:33,3053.0,3066.78377939,14.094953085,31.8181818182,372.0,0,46.1675502294,146.0,58.5730724971,274.380952381,446.0
14:46:33,3053.0,3066.77612386,14.0948554417,31.8181818182,420.0,0,46.1672304019,-4.0,48.1086323957,311.619047619,448.0
14:46:34,3052.0,3066.76791718,14.0954021814,30.4347826087,168.0,0,46.1841486938,-34.0,16.9421487603,261.428571429,174.0
14:46:34,3052.0,3066.75971506,14.0956242225,30.4347826087,96.0,0,46.1848762205,78.0,22.1126760563,219.714285714,226.0
14:46:35,3052.0,3066.7515175,14.0961588296,30.4347826087,334.0,0,46.1866278821,102.0,36.8347338935,247.523809524,288.0
14:46:35,3052.0,3066.74332449,14.0966874556,30.4347826087,116.0,0,46.1883599464,-66.0,40.5046480744,212.666666667,222.0
14:46:36,3052.0,3066.73513603,14.0972101013,30.4347826087,68.0,0,46.1900724156,34.0,46.7554076539,160.380952381,110.0
14:46:36,3052.0,3066.72695211,14.0977267671,30.4347826087,38.0,0,46.191765292,8.0,69.0243902439,114.0,122.0
14:46:37,3052.0,3066.71877274,14.097917881,30.4347826087,72.0,0,46.1923914844,46.0,84.8066298342,95.5238095238,202.0
14:46:37,3052.0,3066.71059792,14.0981026654,30.4347826087,44.0,0,46.1929969379,-20.0,85.4166666667,73.619047619,104.0
14:46:38,3052.0,3066.70242763,14.0982811206,30.4347826087,142.0,0,46.1935816534,-2.0,80.0,82.1904761905,0.0
14:46:38,3051.0,3066.69370649,14.0991231231,29.1666666667,112.0,0,46.2114818849,52.0,73.9495798319,91.3333333333,118.0
14:46:39,3052.0,3066.68554558,14.0996091986,30.4347826087,14.0,0,46.1979331539,4.0,72.0379146919,72.6666666667,88.0
14:46:39,3052.0,3066.67738921,14.1000892979,30.4347826087,28.0,0,46.1995062187,14.0,69.9029126214,60.5714285714,94.0
14:46:40,3052.0,3066.66923737,14.1005634218,30.4347826087,578.0,0,46.2010597044,342.0,91.2854030501,206.095238095,390.0
14:46:40,3052.0,3066.66109006,14.1010315707,30.4347826087,362.0,0,46.2025936131,314.0,64.8867313916,265.80952381,724.0
14:46:41,3052.0,3066.65294727,14.1014937453,30.4347826087,220.0,40.8163265306,46.2041079466,-86.0,51.598173516,269.80952381,640.0
14:46:41,3052.0,3066.644809,14.1019499462,33.3333333333,302.0,0,46.2056027069,-84.0,40.0265957447,293.523809524,504.0
14:46:42,3052.0,3066.63667526,14.1024001739,33.3333333333,50.0,0,46.207077896,-10.0,41.4285714286,236.19047619,490.0
14:46:42,3052.0,3066.62854603,14.102844429,33.3333333333,218.0,0,46.2085335156,40.0,48.323699422,225.142857143,516.0
14:46:43,3051.0,3066.61986592,14.1036307273,31.8181818182,84.0,0,46.226256071,6.0,25.7281553398,166.761904762,180.0
14:46:43,3052.0,3066.61174602,14.1040628477,33.3333333333,550.0,0,46.2125257133,240.0,53.5112359551,265.047619048,106.0
14:46:44,3052.0,3066.60363064,14.1044889974,33.3333333333,178.0,0,46.2139220097,132.0,66.8596237337,248.095238095,324.0
14:46:44,3051.0,3066.59496437,14.1052566049,31.8181818182,414.0,0,46.23158507,-44.0,63.1860776439,300.571428571,364.0
14:46:45,3051.0,3066.5863029,14.1060178472,31.8181818182,128.0,0,46.2340801286,2.0,58.7786259542,266.0,376.0
14:46:45,3051.0,3066.57764625,14.1067727255,31.8181818182,138.0,0,46.236554328,-30.0,50.0,230.571428571,306.0
14:46:46,3052.0,3066.56954981,14.1071744263,33.3333333333,196.0,0,46.2227209249,78.0,49.7506234414,215.523809524,378.0
14:46:46,3052.0,3066.56145786,14.1075701594,33.3333333333,272.0,0,46.2240175603,-36.0,42.9864253394,216.857142857,102.0
14:46:47,3052.0,3066.55337041,14.1079599254,33.3333333333,78.0,0,46.2252946441,-18.0,34.0946166395,176.0,-48.0
14:46:47,3051.0,3066.54473205,14.1086899689,31.8181818182,60.0,0,46.2428383117,24.0,50.6880733945,134.761904762,20.0
14:46:48,3051.0,3066.53609848,14.1097172977,31.8181818182,34.0,0,46.246205499,18.0,56.8123393316,102.952380952,36.0
14:46:48,3052.0,3066.52802511,14.1100889585,33.3333333333,1016.0,0,46.2322705062,332.0,85.6280193237,356.19047619,398.0
14:46:49,3052.0,3066.51995623,14.1104546545,33.3333333333,172.0,0,46.2334687237,-148.0,90.5637254902,326.476190476,172.0
14:46:49,3052.0,3066.51189183,14.1108143861,33.3333333333,288.0,0,46.2346473987,-234.0,75.4854368932,331.047619048,-26.0
14:46:50,3052.0,3066.5038319,14.1111681539,33.3333333333,204.0,0,46.235806533,14.0,63.0214205186,310.857142857,6.0
14:46:50,3052.0,3066.49577646,14.1115159582,33.3333333333,252.0,0,46.2369461278,-30.0,61.6480162767,298.380952381,-48.0
14:46:51,3051.0,3066.48717008,14.1122026891,31.8181818182,82.0,0,46.2543516522,2.0,61.7676266137,228.19047619,-64.0
14:46:51,3052.0,3066.47912389,14.1125383793,33.3333333333,52.0,0,46.2402961313,-4.0,26.0952380952,147.142857143,-400.0
14:46:52,3052.0,3066.47108217,14.1128681075,33.3333333333,62.0,0,46.241376499,14.0,17.0212765957,114.857142857,-238.0
14:46:52,3052.0,3066.46304491,14.1131918741,33.3333333333,40.0,0,46.2424373334,2.0,30.6358381503,81.5238095238,-2.0
14:46:53,3052.0,3066.45501212,14.1138150406,33.3333333333,22.0,0,46.2444791631,-2.0,63.9215686274,54.8571428571,-18.0
14:46:53,3052.0,3066.44698378,14.114127059,33.3333333333,8.0,0,46.2455015041,0.0,77.4436090226,32.8571428571,12.0
14:46:54,3052.0,3066.43895991,14.1144331173,33.3333333333,78.0,0,46.2465043161,26.0,61.8320610687,42.4761904762,36.0
14:46:54,3052.0,3066.43094049,14.1150390858,33.3333333333,218.0,0,46.2484897964,30.0,74.2990654206,92.2857142857,70.0
14:46:55,3052.0,3066.42292553,14.1153333988,33.3333333333,258.0,0,46.2494541246,-158.0,82.3717948718,145.619047619,-102.0
14:46:55,3052.0,3066.41491502,14.115927959,33.3333333333,52.0,0,46.2514022249,-4.0,77.0440251572,130.761904762,-108.0
14:46:56,3052.0,3066.40690896,14.1162105287,33.3333333333,132.0,0,46.2523280758,22.0,78.2841823056,138.19047619,-84.0
14:46:56,3053.0,3066.39946274,14.1161640013,36.3636363636,28.0,0,46.2370258804,0.0,77.8067885117,110.666666667,-84.0
14:46:57,3053.0,3066.39202066,14.1157854654,36.3636363636,112.0,0,46.2357859987,34.0,77.25,106.19047619,-76.0
14:46:57,3052.0,3066.38402732,14.1157237622,33.3333333333,1218.0,0,46.2507331657,-340.0,86.7777777778,416.095238095,-446.0
14:46:58,3054.0,3066.37714921,14.1153569728,39.1304347826,664.0,0,46.2192435258,308.0,89.8458748867,520.095238095,20.0
14:46:58,3053.0,3066.36971953,14.1149607364,36.3636363636,514.0,0,46.2330846262,188.0,74.8875562219,561.904761905,212.0
14:46:59,3054.0,3066.36284937,14.1145830812,39.1304347826,54.0,0,46.2167094996,-28.0,74.054054054,450.285714286,162.0
14:46:59,3053.0,3066.35542763,14.1145026108,36.3636363636,470.0,0,46.2315840511,-442.0,63.654353562,461.238095238,-280.0
14:47:00,3054.0,3066.34856541,14.1141142665,39.1304347826,302.0,0,46.2151744155,-240.0,59.9627560521,403.142857143,-554.0
14:47:00,3053.0,3066.3411516,14.1140227721,36.3636363636,492.0,0,46.2300123554,-330.0,37.2596153846,390.285714286,-544.0
14:47:01,3053.0,3066.3337419,14.113925679,36.3636363636,630.0,0,46.22969433,108.0,10.3168155971,451.428571429,-744.0
14:47:01,3052.0,3066.32578092,14.1141444246,33.3333333333,80.0,0,46.2455584031,0.0,13.4122287968,357.047619048,-932.0
14:47:02,3054.0,3066.31893517,14.1137343772,39.1304347826,330.0,0,46.2139305083,-256.0,26.9965277778,354.761904762,-1160.0
14:47:02,3054.0,3066.31209322,14.1133190639,39.1304347826,54.0,0,46.2125706088,-6.0,35.9110169491,260.476190476,-724.0
14:47:03,3054.0,3066.30525506,14.1128984842,39.1304347826,246.0,0,46.2111934651,-10.0,47.2707423581,240.857142857,-494.0
14:47:03,3053.0,3066.29786531,14.1127737401,36.3636363636,258.0,0,46.2259211926,2.0,53.3166458073,227.333333333,-162.0
14:47:04,3054.0,3066.29103506,14.112342466,39.1304347826,158.0,0,46.209372842,-4.0,85.4351687389,196.380952381,-274.0
14:47:04,3054.0,3066.2842086,14.1115768077,39.1304347826,86.0,0,46.2068657751,14.0,83.7455830389,167.333333333,-260.0
14:47:05,3054.0,3066.27738594,14.1108055085,39.1304347826,78.0,0,46.2043402374,-70.0,73.6363636364,135.714285714,-74.0
14:47:05,3054.0,3066.27056706,14.1103580699,39.1304347826,72.0,0,46.2028751471,-52.0,69.9331848552,114.380952381,-120.0
14:47:06,3054.0,3066.26375197,14.1095756793,39.1304347826,1006.0,0,46.2003132916,534.0,33.1724969843,359.047619048,424.0
14:47:06,3053.0,3066.25638527,14.1090877815,36.3636363636,124.0,0,46.2138479576,8.0,29.1338582677,315.523809524,430.0
14:47:07,3053.0,3066.24902265,14.108593911,36.3636363636,86.0,0,46.2122303013,60.0,25.0688705234,267.523809524,494.0
14:47:07,3054.0,3066.24221953,14.1081245308,39.1304347826,32.0,0,46.1955616596,6.0,25.1788268955,207.523809524,486.0
14:47:08,3053.0,3066.23486479,14.1076190752,36.3636363636,160.0,0,46.2090372592,-14.0,29.5945945946,186.666666667,542.0
14:47:08,3054.0,3066.22806953,14.1068081776,39.1304347826,128.0,0,46.1912514002,-84.0,30.3385416666,152.761904762,510.0
14:47:09,3054.0,3066.22127804,14.1063224596,39.1304347826,22.0,0,46.1896609678,-4.0,60.5072463768,85.9047619048,-28.0
14:47:09,3054.0,3066.21449033,14.1055004594,39.1304347826,96.0,0,46.1869694152,-34.0,74.0458015267,87.0476190476,-70.0
14:47:10,3054.0,3066.20770638,14.1046728095,39.1304347826,52.0,0,46.184259363,24.0,82.4489795918,76.9523809524,-106.0
14:47:10,3054.0,3066.20092621,14.1038395088,39.1304347826,40.0,0,46.181530808,-2.0,83.1325301205,65.0476190476,-114.0
14:47:11,3054.0,3066.1941498,14.1030005563,39.1304347826,148.0,0,46.1787837469,-104.0,83.1275720164,83.619047619,-204.0
14:47:11,3054.0,3066.18737715,14.1021559511,39.1304347826,178.0,0,46.1760181765,74.0,86.1940298507,111.333333333,-46.0
14:47:12,3054.0,3066.18060827,14.1016376747,39.1304347826,30.0,0,46.1743211352,0.0,84.9264705882,94.380952381,-42.0
14:47:12,3053.0,3066.17328774,14.1014123247,36.3636363636,106.0,0,46.1887072543,34.0,76.8953068592,98.7619047619,26.0
14:47:13,3054.0,3066.16652668,14.100550989,39.1304347826,272.0,0,46.170762898,-200.0,84.2377260982,150.095238095,-198.0
14:47:13,3054.0,3066.15976938,14.0996839969,39.1304347826,62.0,0,46.1679240238,12.0,85.4271356784,130.952380952,-184.0
14:47:14,3054.0,3066.15301583,14.0988113472,39.1304347826,320.0,0,46.1650666248,178.0,67.3553719008,184.476190476,98.0
14:47:14,3054.0,3066.14626602,14.097933039,39.1304347826,82.0,0,46.1621906975,28.0,63.7614678899,161.80952381,52.0
14:47:15,3054.0,3066.13951997,14.0973821994,39.1304347826,160.0,0,46.1603870315,6.0,67.0658682635,166.0,58.0
14:47:15,3054.0,3066.13277767,14.0964927671,39.1304347826,32.0,0,46.1574746795,-14.0,70.6896551724,127.428571429,10.0
14:47:16,3054.0,3066.12603911,14.0955976732,39.1304347826,382.0,0,46.1545437892,68.0,40.655105973,192.380952381,278.0
14:47:16,3054.0,3066.11930429,14.0946969167,39.1304347826,1224.0,0,46.1515943571,-802.0,63.6363636364,492.666666667,-536.0
14:47:17,3054.0,3066.11257321,14.0937904964,39.1304347826,170.0,0,46.1486263797,-86.0,68.0975609756,436.476190476,-800.0
14:47:17,3053.0,3066.10529047,14.0935091333,36.3636363636,284.0,0,46.1628206136,58.0,70.6039076377,420.0,-770.0
14:47:18,3054.0,3066.09856718,14.0925914233,39.1304347826,464.0,0,46.1447001419,24.0,74.4131455399,445.333333333,-752.0
14:47:18,3053.0,3066.09129222,14.0919643479,36.3636363636,206.0,0,46.1577607202,34.0,76.1904761905,382.476190476,-704.0
14:47:19,3054.0,3066.0845767,14.0910351475,39.1304347826,82.0,0,46.1396042812,66.0,85.0205761317,275.904761905,-706.0
14:47:19,3054.0,3066.07786491,14.0904351478,39.1304347826,472.0,0,46.1376396457,-296.0,89.3921334923,295.047619048,-200.0
14:47:20,3054.0,3066.07115685,14.089494806,39.1304347826,566.0,0,46.134560596,-20.0,69.0453230473,376.857142857,-134.0
14:47:20,3054.0,3066.06445251,14.0885487932,39.1304347826,26.0,0,46.1314629771,24.0,66.5198237886,285.523809524,-168.0
14:47:21,3054.0,3066.0577519,14.0879325577,39.1304347826,70.0,0,46.1294451791,6.0,54.0084388186,219.047619048,-186.0
14:47:21,3053.0,3066.05049961,14.0876063839,36.3636363636,22.0,0,46.1434863539,12.0,46.8497576737,157.619047619,-208.0
14:47:22,3054.0,3066.04380675,14.0869794097,39.1304347826,4.0,0,46.1263241967,2.0,48.4482758621,99.8095238095,-272.0
14:47:22,3054.0,3066.0371176,14.0863471436,39.1304347826,120.0,0,46.1242539082,112.0,26.2376237624,78.8571428571,136.0
14:47:23,3054.0,3066.03043217,14.0857095848,39.1304347826,56.0,0,46.1221662893,48.0,72.4832214765,56.380952381,204.0
14:47:23,3054.0,3066.02375045,14.0847303603,39.1304347826,176.0,0,46.1189599222,-52.0,82.5892857143,92.4761904762,128.0
14:47:24,3055.0,3066.01762785,14.083470608,41.6666666667,14.0,0,46.0997401245,-6.0,95.9183673469,75.1428571429,116.0
14:47:24,3054.0,3066.01095324,14.0824801818,39.1304347826,360.0,0,46.1115919509,46.0,61.6438356164,159.333333333,150.0
14:47:25,3054.0,3066.00428234,14.0814840748,39.1304347826,48.0,0,46.108330304,-16.0,59.9483204134,138.285714286,132.0
14:47:25,3055.0,3065.99817055,14.0802078934,41.6666666667,134.0,0,46.0890602075,-92.0,46.192893401,139.714285714,-72.0
14:47:26,3055.0,3065.99206215,14.0789263294,41.6666666667,168.0,0,46.0848652354,28.0,44.8888888889,150.19047619,-92.0
14:47:26,3054.0,3065.98540174,14.0782510554,39.1304347826,40.0,0,46.0977441236,8.0,32.1989528796,118.761904762,-32.0
14:47:27,3055.0,3065.97930044,14.0769587781,41.6666666667,38.0,0,46.0784248057,16.0,31.7258883249,93.2380952381,-10.0
14:47:27,3054.0,3065.97264712,14.0759349157,39.1304347826,30.0,0,46.0901601692,20.0,39.3013100437,64.2857142857,-36.0
14:47:28,3055.0,3065.9665529,14.074631719,41.6666666667,1180.0,0,46.0708075907,454.0,75.8490566038,379.619047619,434.0
14:47:28,3055.0,3065.96046206,14.0733231327,41.6666666667,168.0,0,46.0665241659,-4.0,83.2512315271,351.904761905,522.0
14:47:29,3055.0,3065.95437461,14.0720091553,41.6666666667,1262.0,0,46.0622230942,186.0,83.8116261957,635.142857143,680.0
14:47:29,3055.0,3065.94829053,14.0703312652,41.6666666667,272.0,0,46.0567308191,2.0,85.6949152542,583.428571429,674.0
14:47:30,3055.0,3065.94220984,14.0690062973,41.6666666667,442.0,0,46.052393772,-158.0,69.5885509839,569.238095238,500.0
14:47:30,3055.0,3065.93613252,14.0676759336,41.6666666667,414.0,0,46.0480390625,62.0,73.7827715356,527.80952381,542.0
14:47:31,3055.0,3065.93005858,14.0659810259,41.6666666667,196.0,40.8163265306,46.0424910833,70.0,68.1190994917,405.80952381,158.0
14:47:31,3055.0,3065.92398801,14.0642802961,52.6315789474,130.0,0,46.0369240461,-26.0,67.2312223859,311.80952381,136.0
14:47:32,3054.0,3065.91736541,14.0632058232,50.0,86.0,0,46.048480102,16.0,55.4545454545,207.047619048,-34.0
14:47:32,3054.0,3065.91074649,14.0617658629,50.0,128.0,0,46.0437651043,-28.0,47.994269341,170.285714286,-64.0
14:47:33,3054.0,3065.90413125,14.0603197789,50.0,176.0,0,46.0390300552,8.0,87.4336283186,154.095238095,102.0
14:47:33,3055.0,3065.89807508,14.058595532,52.6315789474,74.0,0,46.0183159805,-2.0,77.4683544304,121.428571429,38.0
14:47:34,3055.0,3065.89202227,14.0568654528,52.6315789474,34.0,0,46.0126528733,-6.0,75.796178344,93.5238095238,-38.0
14:47:34,3054.0,3065.88541743,14.0550208506,50.0,36.0,0,46.0216792751,-8.0,71.9101123596,73.9047619048,-20.0
14:47:35,3055.0,3065.87937166,14.0528980552,52.6315789474,18.0,0,45.9996663018,-10.0,74.678111588,53.619047619,-46.0
14:47:35,3054.0,3065.87277384,14.0510404227,50.0,38.0,0,46.0086457848,-36.0,70.7446808511,42.2857142857,-54.0
14:47:36,3054.0,3065.86617968,14.0495573499,50.0,306.0,0,46.0037896199,-76.0,83.7944664032,111.80952381,-138.0
14:47:36,3054.0,3065.85958919,14.0476867631,50.0,8.0,0,45.9976645813,0.0,82.2727272727,90.0,-136.0
14:47:37,3055.0,3065.85355776,14.0459201822,52.6315789474,12.0,0,45.9768254737,-12.0,83.2535885168,72.4761904762,-142.0
14:47:37,3055.0,3065.84752968,14.0437659135,52.6315789474,96.0,0,45.9697738577,10.0,83.2635983264,80.0,-124.0
14:47:38,3055.0,3065.84150495,14.0416053301,52.6315789474,28.0,0,45.9627015716,-18.0,84.0163934426,65.2380952381,-132.0
14:47:38,3054.0,3065.83492816,14.0397090184,50.0,1060.0,0,45.9715422999,-750.0,95.4966887417,344.857142857,-846.0
14:47:39,3054.0,3065.82835503,14.0378060964,50.0,44.0,0,45.9653113831,0.0,93.75,285.523809524,-770.0
14:47:39,3055.0,3065.82234095,14.0352236674,52.6315789474,62.0,0,45.941812332,12.0,92.7803379416,243.80952381,-758.0
14:47:40,3055.0,3065.81633021,14.0326344068,52.6315789474,38.0,0,45.9333368472,-28.0,92.4698795181,192.666666667,-774.0
14:47:40,3054.0,3065.8097674,14.0307114534,50.0,34.0,0,45.942080725,-14.0,92.8909952607,139.142857143,-798.0
14:47:41,3055.0,3065.80376364,14.0285120132,52.6315789474,32.0,0,45.9198429239,-30.0,93.3858267717,88.0,-810.0
14:47:41,3054.0,3065.79720782,14.0265759634,50.0,36.0,0,45.9285395002,-4.0,61.7886178862,37.8095238095,-64.0
14:47:42,3055.0,3065.79121103,14.02436371,52.6315789474,84.0,0,45.9062641897,-34.0,72.027972028,50.0952380952,-98.0
14:47:42,3055.0,3065.78521758,14.0225293922,52.6315789474,14.0,0,45.9002598763,-2.0,75.6302521008,40.4761904762,-112.0
14:47:43,3055.0,3065.77922746,14.0206891991,52.6315789474,18.0,0,45.8942363309,-10.0,75.2293577982,34.2857142857,-94.0
14:47:43,3055.0,3065.77324066,14.0188431282,52.6315789474,8.0,0,45.8881935458,-2.0,78.125,26.1904761905,-82.0
14:47:44,3054.0,3065.76670179,14.0172601908,50.0,22.0,0,45.8980359882,-16.0,76.9230769231,23.3333333333,-68.0
14:47:44,3055.0,3065.76072195,14.015402217,52.6315789474,910.0,0,45.876930334,-52.0,99.053030303,274.666666667,-116.0
14:47:45,3055.0,3065.75474543,14.0131529484,52.6315789474,392.0,0,45.8695677526,-58.0,98.8269794721,336.380952381,-140.0
14:47:45,3056.0,3065.74932763,14.0106485517,55.0,28.0,0,45.8463630619,-4.0,96.9521044993,279.428571429,-142.0
14:47:46,3056.0,3065.74391284,14.0081380668,55.0,110.0,0,45.8381481244,-12.0,94.9659863946,245.238095238,-144.0
14:47:46,3055.0,3065.73794566,14.0058699968,52.6315789474,136.0,0,45.8457283038,-42.0,94.4931163955,214.095238095,-184.0
14:47:47,3056.0,3065.73253719,14.0033471941,55.0,24.0,0,45.8224711849,-4.0,94.0,144.857142857,-172.0
14:47:47,3055.0,3065.72657633,14.0014531626,52.6315789474,18.0,0,45.8312705812,-4.0,85.0282485876,73.8095238095,-124.0
14:47:48,3055.0,3065.72061877,13.9991663663,52.6315789474,302.0,0,45.8237851597,-162.0,83.8187702265,126.380952381,-228.0
14:47:48,3056.0,3065.71521993,13.9970123548,55.0,60.0,0,45.8017419988,-32.0,86.7692307692,114.095238095,-256.0
14:47:49,3056.0,3065.70982408,13.9944653715,55.0,32.0,0,45.7934076292,-32.0,90.5594405594,92.2857142857,-276.0
14:47:49,3055.0,3065.70387583,13.9921599631,52.6315789474,96.0,0,45.8008509429,-34.0,86.8421052632,92.4761904762,-268.0
14:47:50,3056.0,3065.69848629,13.989988459,55.0,80.0,0,45.7787580465,-72.0,86.7346938775,90.0,-336.0
14:47:50,3056.0,3065.69309974,13.9878113167,55.0,82.0,0,45.7716338898,-28.0,85.8895705521,85.4285714286,-360.0
14:47:51,3056.0,3065.68771618,13.9852402355,55.0,40.0,0,45.7632206659,-34.0,77.4358974359,65.8095238095,-232.0
14:47:51,3055.0,3065.68178021,13.9829101793,52.6315789474,14.0,0,45.7705734184,-8.0,76.1627906977,51.2380952381,-208.0
14:47:52,3055.0,3065.67584753,13.9809625164,52.6315789474,444.0,0,45.7641980898,-34.0,44.4444444444,161.714285714,-210.0
14:47:52,3056.0,3065.67047355,13.9787620657,55.0,72.0,0,45.7420224662,-32.0,44.5355191257,146.285714286,-208.0
14:47:53,3055.0,3065.66454716,13.9768026952,52.6315789474,66.0,0,45.7505816536,-8.0,38.4401114206,130.285714286,-144.0
14:47:53,3055.0,3065.65862405,13.9748373961,52.6315789474,22.0,0,45.744148596,-6.0,35.5623100304,102.380952381,-122.0
14:47:54,3056.0,3065.65325964,13.9726197177,55.0,12.0,0,45.7219231599,-10.0,32.3809523809,74.4761904762,-98.0
14:47:54,3056.0,3065.64789821,13.9703963795,55.0,382.0,0,45.7146478386,-270.0,57.7154308617,153.619047619,-360.0
14:47:55,3056.0,3065.64253975,13.9681673788,55.0,54.0,0,45.7073539883,-16.0,85.8552631579,121.523809524,-342.0
14:47:55,3055.0,3065.63662887,13.9661787653,52.6315789474,138.0,0,45.7158061059,-58.0,89.0207715134,132.0,-368.0
14:47:56,3056.0,3065.63127668,13.9639382998,55.0,140.0,0,45.6935153788,-8.0,96.7914438503,139.904761905,-368.0
14:47:56,3056.0,3065.62592746,13.9616921636,55.0,10.0,0,45.6861654568,4.0,97.2826086957,107.142857143,-358.0
14:47:57,3056.0,3065.6205812,13.9594403541,55.0,1092.0,0,45.6787969703,448.0,98.2378854625,384.095238095,100.0
14:47:57,3056.0,3065.61523792,13.9575543066,55.0,484.0,0,45.6726253489,362.0,100.521376434,435.904761905,732.0
14:47:58,3056.0,3065.6098976,13.9556630282,55.0,70.0,0,45.6664366105,14.0,100.0,364.571428571,762.0
14:47:58,3056.0,3065.60456026,13.9533946459,55.0,448.0,0,45.6590138937,-216.0,97.2370766488,400.476190476,604.0
14:47:59,3056.0,3065.59922587,13.9514926825,55.0,62.0,0,45.6527901916,6.0,97.3222530009,311.333333333,618.0
14:47:59,3056.0,3065.59389445,13.949213162,55.0,100.0,0,45.6453310276,48.0,96.5425531915,236.761904762,662.0
14:48:00,3056.0,3065.58856599,13.9469279523,55.0,40.0,0,45.6378532469,-4.0,93.1893687708,140.761904762,210.0
14:48:00,3056.0,3065.58324048,13.9446370505,55.0,218.0,0,45.6303568405,-12.0,79.9573560767,145.714285714,-164.0
14:48:01,3056.0,3065.57791794,13.9423404538,55.0,382.0,0,45.6228417992,152.0,85.12,210.19047619,-26.0
14:48:01,3056.0,3065.57259835,13.9404114105,55.0,114.0,0,45.6165294845,-12.0,82.5327510917,183.238095238,178.0
14:48:02,3056.0,3065.56728172,13.9384771179,55.0,288.0,0,45.6101999933,-98.0,66.0245183888,221.904761905,74.0
14:48:02,3056.0,3065.56196804,13.9361638871,55.0,228.0,0,45.6026305207,154.0,55.1181102362,232.666666667,180.0
14:48:03,3055.0,3065.55610191,13.9344629366,52.6315789474,120.0,0,45.6119899724,14.0,53.4814814815,206.476190476,198.0
14:48:03,3056.0,3065.55079444,13.9325125329,55.0,384.0,0,45.5906823719,-12.0,40.8970976253,251.904761905,198.0
14:48:04,3055.0,3065.54493451,13.9308006625,52.6315789474,576.0,0,45.6000021686,442.0,18.4795321637,344.285714286,488.0
14:48:04,3055.0,3065.53907784,13.9290832583,52.6315789474,34.0,0,45.5943805509,0.0,16.9325153374,272.571428571,500.0
14:48:05,3055.0,3065.53322443,13.9269855263,52.6315789474,46.0,0,45.5875139976,-34.0,18.0115273775,208.095238095,564.0
14:48:05,3054.0,3065.52681886,13.9255201351,50.0,130.0,0,45.5976428786,-28.0,26.6666666666,179.142857143,382.0
14:48:06,3054.0,3065.52041685,13.9240489153,50.0,88.0,0,45.5928255247,56.0,31.160572337,142.857142857,424.0
14:48:06,3055.0,3065.51457379,13.9223088585,52.6315789474,118.0,0,45.572205756,68.0,41.129032258,116.666666667,504.0
14:48:07,3055.0,3065.50873399,13.9205632574,52.6315789474,122.0,0,45.566491841,92.0,85.873605948,104.285714286,154.0
14:48:07,3054.0,3065.50234202,13.9190748388,50.0,962.0,0,45.5765384374,280.0,33.1514324693,353.523809524,434.0
14:48:08,3054.0,3065.49595361,13.9175805838,50.0,296.0,0,45.5716456574,126.0,26.3403263403,368.285714286,594.0
14:48:08,3054.0,3065.48956874,13.9164368466,50.0,148.0,0,45.5679006111,126.0,26.6435986159,328.857142857,748.0
14:48:09,3054.0,3065.48318742,13.9149311293,50.0,72.0,0,45.562970299,22.0,25.378346915,266.857142857,714.0
14:48:09,3055.0,3065.47736504,13.913157439,52.6315789474,32.0,0,45.5422502095,-18.0,25.1225490196,194.19047619,628.0
14:48:10,3055.0,3065.4715459,13.9117351847,52.6315789474,150.0,0,45.5375947125,40.0,21.4457831325,159.333333333,576.0
14:48:10,3054.0,3065.46517459,13.9102124505,50.0,54.0,0,45.5475194841,-10.0,44.1489361702,95.7142857143,286.0
14:48:11,3054.0,3065.45880682,13.9090412797,50.0,6.0,0,45.5436846094,0.0,72.2943722944,61.619047619,160.0
14:48:11,3054.0,3065.45244258,13.9078646788,50.0,46.0,0,45.539831954,-6.0,61.6666666667,52.7619047619,28.0
14:48:12,3054.0,3065.44608188,13.9063248306,50.0,32.0,0,45.534789884,0.0,51.25,44.7619047619,6.0
14:48:12,3055.0,3065.44028011,13.9045178731,52.6315789474,14.0,0,45.5139701248,6.0,44.3708609272,33.5238095238,30.0
14:48:13,3054.0,3065.43392617,13.9033247173,50.0,18.0,0,45.5249663304,-2.0,42.3529411765,24.2857142857,-12.0
14:48:13,3055.0,3065.42813115,13.9018651576,52.6315789474,36.0,0,45.5052869317,6.0,32.8947368421,26.4761904762,4.0
14:48:14,3055.0,3065.42233935,13.9004004489,52.6315789474,86.0,0,45.5004924677,-44.0,36.2068965517,43.8095238095,-40.0
14:48:14,3055.0,3065.41655077,13.8985717247,52.6315789474,20.0,0,45.494506464,20.0,42.718446602,38.4761904762,-14.0
14:48:15,3055.0,3065.41076541,13.8967374241,52.6315789474,150.0,0,45.4885022065,-18.0,41.975308642,71.5238095238,-32.0
14:48:15,3054.0,3065.40442785,13.8951579602,50.0,14.0,0,45.4982251479,-8.0,39.5061728395,60.0952380952,-46.0
14:48:16,3055.0,3065.39864922,13.8936718848,52.6315789474,1008.0,0,45.4784677079,-266.0,85.5403348554,332.666666667,-310.0
14:48:16,3054.0,3065.3923184,13.8924407792,50.0,298.0,0,45.4893280261,204.0,87.3096446701,355.238095238,-112.0
14:48:17,3055.0,3065.38654649,13.8909442479,52.6315789474,28.0,0,45.4695392731,4.0,89.0645586298,288.19047619,-64.0
14:48:17,3055.0,3065.38077779,13.8894425556,52.6315789474,30.0,0,45.46462375,-12.0,89.0052356021,224.476190476,-96.0
14:48:18,3054.0,3065.37445689,13.8881954021,50.0,88.0,0,45.475426988,-78.0,89.0859481583,176.857142857,-156.0
14:48:18,3054.0,3065.3681395,13.8865822501,50.0,62.0,0,45.4701448924,-12.0,87.4504623514,124.761904762,-160.0
14:48:19,3055.0,3065.36238102,13.8847038139,52.6315789474,34.0,0,45.4491123205,-4.0,62.5925925926,62.380952381,102.0
14:48:19,3054.0,3065.35607034,13.8830790515,50.0,24.0,0,45.458674039,-16.0,29.3233082707,43.5238095238,-118.0
14:48:20,3055.0,3065.35031857,13.8811892852,52.6315789474,80.0,0,45.4376081349,70.0,26.4150943396,53.7142857143,-52.0
14:48:20,3055.0,3065.34456999,13.8796553501,52.6315789474,50.0,0,45.4325870709,12.0,29.5857988166,52.8571428571,-28.0
14:48:21,3055.0,3065.3388246,13.8777546037,52.6315789474,34.0,45.4545454545,45.4263653148,28.0,38.7323943662,46.4761904762,78.0
14:48:21,3055.0,3065.3330824,13.8758482529,43.75,58.0,0,45.4201252141,-2.0,44.2857142857,49.5238095238,88.0
14:48:22,3054.0,3065.326788,13.8741948688,41.1764705882,522.0,0,45.4295837222,72.0,20.3125,185.333333333,164.0
14:48:22,3054.0,3065.32049708,13.872535592,41.1764705882,136.0,0,45.4241505958,-62.0,17.2727272727,187.619047619,118.0
14:48:23,3054.0,3065.31420966,13.8712329443,41.1764705882,58.0,0,45.4198852138,-10.0,21.9114219114,162.285714286,38.0
14:48:23,3054.0,3065.30792574,13.8695620975,41.1764705882,58.0,0,45.4144142028,-26.0,21.0161662817,138.0,0.0
14:48:24,3054.0,3065.3016453,13.8682483045,41.1764705882,138.0,0,45.4101123263,-86.0,31.5463917526,136.19047619,-114.0
14:48:24,3054.0,3065.29536835,13.86656588,41.1764705882,22.0,0,45.4046034055,2.0,31.0492505353,96.2857142857,-110.0
14:48:25,3054.0,3065.28909489,13.8648775527,41.1764705882,66.0,0,45.3990751563,0.0,64.4351464435,70.6666666667,-182.0
14:48:25,3054.0,3065.28282491,13.8631833204,41.1764705882,14.0,0,45.3935275717,2.0,90.4494382022,51.9047619048,-118.0
14:48:26,3053.0,3065.27600302,13.861760606,38.8888888889,380.0,0,45.4037360171,172.0,41.0029498525,143.523809524,64.0
14:48:26,3054.0,3065.26974031,13.8600544131,41.1764705882,48.0,0,45.3832822956,4.0,43.1137724551,124.952380952,94.0
14:48:27,3054.0,3065.26348108,13.85870658,41.1764705882,154.0,0,45.3788689588,52.0,25.7309941521,137.142857143,232.0
14:48:27,3054.0,3065.25722533,13.8569887852,41.1764705882,28.0,0,45.3732442215,16.0,25.7971014493,112.571428571,246.0
14:48:28,3053.0,3065.25041765,13.8555419117,38.8888888889,28.0,0,45.3833668906,22.0,20.8588957055,87.7142857143,268.0
14:48:28,3054.0,3065.24416916,13.8538121397,41.1764705882,150.0,0,45.3628426317,100.0,34.5177664975,99.5238095238,366.0
14:48:29,3053.0,3065.23736873,13.8523529863,38.8888888889,36.0,0,45.3729216714,8.0,66.2162162162,72.2857142857,202.0
14:48:29,3053.0,3065.23057208,13.8508876125,38.8888888889,54.0,0,45.3681218883,38.0,64.8888888889,66.5714285714,236.0
14:48:30,3053.0,3065.2237792,13.8494160165,38.8888888889,12.0,0,45.3633017244,-10.0,87.6623376623,48.5714285714,174.0
14:48:30,3053.0,3065.2169901,13.8483040116,38.8888888889,62.0,0,45.3596593894,44.0,77.1929824561,51.619047619,202.0
14:48:31,3053.0,3065.21020477,13.8471862114,38.8888888889,52.0,0,45.3559980719,24.0,66.1202185792,50.1904761905,204.0
14:48:31,3053.0,3065.2034232,13.8460626144,38.8888888889,24.0,0,45.3523177676,2.0,39.1666666667,39.619047619,106.0
14:48:32,3053.0,3065.19664541,13.8449332194,38.8888888889,84.0,0,45.3486184716,-14.0,26.3888888889,52.1904761905,84.0
14:48:32,3053.0,3065.18987138,13.8434313768,38.8888888889,10.0,0,45.3436992361,0.0,12.2950819672,41.3333333333,46.0
14:48:33,3053.0,3065.18310111,13.8422901726,38.8888888889,86.0,0,45.3399612597,18.0,15.0943396226,54.2857142857,74.0
14:48:33,3053.0,3065.1763346,13.8407760851,38.8888888889,66.0,0,45.3350019166,-6.0,10.5590062112,58.0,24.0
14:48:34,3053.0,3065.16957184,13.8396230653,38.8888888889,52.0,0,45.3312252384,12.0,10.5590062112,57.5238095238,12.0
14:48:34,3053.0,3065.16281285,13.8384642398,38.8888888889,376.0,0,45.327429544,-48.0,43.0267062314,149.619047619,-38.0
14:48:35,3054.0,3065.15661301,13.8366572061,41.1764705882,66.0,0,45.3066706159,-22.0,42.3780487805,136.380952381,-46.0
14:48:35,3053.0,3065.14986121,13.8351187603,38.8888888889,70.0,0,45.3164715371,-8.0,39.3854748603,125.142857143,-54.0
14:48:36,3054.0,3065.14366856,13.8332996876,41.1764705882,24.0,0,45.2956767767,0.0,43.7308868501,97.9047619048,-72.0
14:48:36,3054.0,3065.13747935,13.8314746632,41.1764705882,126.0,0,45.2897009272,-60.0,43.4173669468,102.761904762,-126.0
14:48:37,3053.0,3065.13073818,13.8299177817,38.8888888889,6.0,0,45.2994359047,-2.0,46.4071856287,70.4761904762,-140.0
14:48:37,3053.0,3065.12400075,13.828723504,38.8888888889,12.0,0,45.2955240878,0.0,17.1052631579,42.0952380952,-92.0
14:48:38,3053.0,3065.11726707,13.8271543429,38.8888888889,460.0,0,45.2903843527,58.0,8.5959885387,159.047619048,-12.0
14:48:38,3053.0,3065.11053712,13.825578926,38.8888888889,984.0,0,45.2852241271,-278.0,89.4540942928,406.952380952,-282.0
14:48:39,3053.0,3065.10381092,13.8239972512,38.8888888889,46.0,0,45.2800434037,-28.0,89.3512851897,343.333333333,-310.0
14:48:39,3053.0,3065.09708844,13.8224093162,38.8888888889,164.0,0,45.2748421757,-100.0,86.7224880383,312.380952381,-350.0
14:48:40,3054.0,3065.09092511,13.8205419413,41.1764705882,566.0,0,45.2539028859,-422.0,90.1433691756,394.476190476,-770.0
14:48:40,3054.0,3065.08476519,13.8186685963,41.1764705882,442.0,0,45.2477688157,320.0,92.1863260706,414.476190476,-450.0
14:48:41,3054.0,3065.0786087,13.8167892787,41.1764705882,136.0,0,45.241615189,126.0,104.533789564,326.571428571,-382.0
14:48:41,3054.0,3065.07245563,13.8149039861,41.1764705882,52.0,0,45.2354419977,24.0,75.533428165,230.095238095,-80.0
14:48:42,3054.0,3065.06630597,13.813012716,41.1764705882,26.0,0,45.2292492339,2.0,74.8917748918,170.571428571,-50.0
14:48:42,3054.0,3065.06015973,13.8111154661,41.1764705882,126.0,0,45.2230368895,24.0,83.3827893175,140.571428571,74.0
14:48:43,3054.0,3065.0540169,13.8088207518,41.1764705882,6.0,0,45.2155230904,4.0,71.5736040609,78.0952380952,500.0
14:48:43,3054.0,3065.04787749,13.8065195701,41.1764705882,124.0,0,45.2079881142,54.0,32.3404255319,76.0,234.0
14:48:44,3054.0,3065.04174148,13.8046038991,41.1764705882,50.0,0,45.2017154523,-2.0,39.5833333333,67.9047619048,106.0
14:48:44,3054.0,3065.03560889,13.8026822379,41.1764705882,90.0,0,45.1954231758,22.0,46.9194312796,75.3333333333,104.0
14:48:45,3054.0,3065.02947969,13.8003621352,41.1764705882,26.0,0,45.1878262448,-2.0,43.1279620853,62.6666666667,100.0
14:48:45,3054.0,3065.02335391,13.7980355525,41.1764705882,0.0,0,45.1802080959,0.0,0,42.5714285714,76.0
14:48:46,3055.0,3065.01778692,13.7954511172,43.75,20.0,0,45.1569594672,-16.0,27.0967741935,34.1904761905,56.0
14:48:46,3054.0,3065.01166763,13.7931117068,41.1764705882,108.0,0,45.1640854839,-64.0,28.5714285714,50.2857142857,-62.0
14:48:47,3054.0,3065.00555174,13.7907658064,41.1764705882,38.0,0,45.1564040813,-14.0,35.4609929078,47.1428571429,-74.0
14:48:47,3055.0,3064.99999464,13.788162459,43.75,14.0,0,45.1331013389,0.0,30.0970873786,37.7142857143,-96.0
14:48:48,3055.0,3064.99444063,13.7855528885,43.75,30.0,0,45.1245593731,-6.0,34.2857142857,36.4761904762,-100.0
14:48:48,3054.0,3064.9883343,13.7835819959,41.1764705882,472.0,0,45.1328814536,-386.0,10.5571847507,161.333333333,-486.0
14:48:49,3053.0,3064.98167597,13.7818757794,38.8888888889,1076.0,0,45.1420759235,-122.0,-13.3486766398,436.285714286,-592.0
14:48:49,3054.0,3064.97557673,13.779892714,41.1764705882,186.0,0,45.1208012902,-140.0,-5.28634361235,406.666666667,-668.0
14:48:50,3054.0,3064.96948088,13.7779036285,41.1764705882,10.0,0,45.1142882399,0.0,-5.81655480986,323.047619048,-654.0
14:48:50,3053.0,3064.96283302,13.7757836258,38.8888888889,276.0,0,45.1221212769,8.0,-5.07317073172,316.761904762,-646.0
14:48:51,3053.0,3064.95618884,13.773656821,38.8888888889,186.0,0,45.1151549983,-120.0,-5.16772438805,272.285714286,-760.0
14:48:51,3053.0,3064.94954836,13.771918868,38.8888888889,6.0,0,45.1094623909,-2.0,-6.20689655174,168.952380952,-376.0
14:48:52,3053.0,3064.94291157,13.7697787011,38.8888888889,24.0,0,45.1024523457,-4.0,29.9418604651,92.9523809524,-258.0
14:48:52,3053.0,3064.93627846,13.7680278674,38.8888888889,76.0,0,45.096717548,34.0,7.6124567474,81.9047619048,-84.0
14:48:53,3053.0,3064.92964903,13.7662707071,38.8888888889,222.0,0,45.090962028,-24.0,12.1518987342,117.80952381,-108.0
14:48:53,3053.0,3064.92302329,13.764110602,38.8888888889,76.0,0,45.0838866753,2.0,27.1186440678,101.904761905,-114.0
14:48:54,3052.0,3064.91584583,13.7622330656,36.8421052632,122.0,0,45.0925067679,0.0,31.9391634981,108.666666667,6.0
14:48:54,3052.0,3064.90867235,13.7603484038,36.8421052632,76.0,0,45.0863315984,-48.0,30.5369127517,105.333333333,-40.0
14:48:55,3052.0,3064.90150286,13.7584566138,36.8421052632,22.0,0,45.0801330729,10.0,30.9764309764,83.2380952381,-26.0
14:48:55,3053.0,3064.89489275,13.756268773,38.8888888889,36.0,0,45.0582010253,-2.0,38.6281588448,65.2380952381,-62.0
14:48:56,3053.0,3064.88828631,13.754074099,38.8888888889,224.0,0,45.0510124435,-40.0,29.4964028777,102.857142857,-78.0
14:48:56,3053.0,3064.88168354,13.7518725885,38.8888888889,40.0,0,45.0438014692,6.0,18.8461538462,87.8095238095,-74.0
14:48:57,3052.0,3064.87452904,13.7499527244,36.8421052632,30.0,0,45.0522697391,-16.0,22.8971962617,71.619047619,-90.0
14:48:57,3052.0,3064.86737851,13.7484243514,36.8421052632,340.0,0,45.0472619638,22.0,11.2716763006,148.380952381,-20.0
14:48:58,3052.0,3064.86023195,13.7468893199,36.8421052632,1042.0,0,45.0422323717,-710.0,5.95794392522,413.142857143,-740.0
14:48:58,3052.0,3064.85308936,13.7453476276,36.8421052632,98.0,0,45.0371809555,12.0,4.1713641488,359.619047619,-726.0
14:48:59,3053.0,3064.84650614,13.7431120767,38.8888888889,92.0,0,45.0151067039,-50.0,4.75030450668,301.428571429,-736.0
14:48:59,3052.0,3064.83937117,13.7415569785,36.8421052632,76.0,0,45.0247607423,-56.0,4.17163289629,244.952380952,-798.0
14:49:00,3052.0,3064.83224017,13.7399952126,36.8421052632,152.0,0,45.0196435536,-98.0,3.99999999998,208.476190476,-880.0
14:49:00,3052.0,3064.82511313,13.7384267765,36.8421052632,70.0,0,45.0145045102,-14.0,4.96732026142,142.761904762,-916.0
14:49:01,3052.0,3064.81799004,13.736851668,36.8421052632,138.0,0,45.0093436044,-84.0,7.02875399361,109.333333333,-290.0
14:49:01,3053.0,3064.81142632,13.7345822624,38.8888888889,96.0,0,44.9871675808,22.0,7.3717948718,106.952380952,-280.0
14:49:02,3052.0,3064.80431083,13.7329937228,36.8421052632,244.0,0,44.9967028924,-24.0,6.95876288659,146.952380952,-254.0
14:49:02,3052.0,3064.7971993,13.7309974641,36.8421052632,416.0,0,44.990162071,30.0,8.06451612903,228.857142857,-168.0
14:49:03,3051.0,3064.78953632,13.7293008733,35.0,8.0,0,44.9993473395,6.0,8.64197530864,178.0,-64.0
14:49:03,3052.0,3064.782433,13.7272901095,36.8421052632,92.0,0,44.9780147755,2.0,13.8832997988,158.0,-48.0
14:49:04,3051.0,3064.77477821,13.7255786915,35.0,64.0,0,44.9871474648,36.0,16.9565217391,128.952380952,72.0
14:49:04,3051.0,3064.76712769,13.7238597735,35.0,190.0,0,44.9815135153,184.0,14.9901380671,139.428571429,234.0
14:49:05,3051.0,3064.7594814,13.7225356577,35.0,42.0,0,44.9771735749,42.0,16.0098522168,103.142857143,300.0
14:49:05,3051.0,3064.75183937,13.7212045254,35.0,66.0,0,44.972810637,38.0,26.8398268398,83.3333333333,308.0
14:49:06,3051.0,3064.74420158,13.7194635975,35.0,372.0,0,44.9671045478,350.0,17.4334140436,167.619047619,652.0
14:49:06,3051.0,3064.73656803,13.7181181897,35.0,612.0,0,44.9626948204,556.0,8.61812778603,303.142857143,1206.0
14:49:07,3051.0,3064.72893873,13.7163624916,35.0,126.0,0,44.9569403198,-58.0,9.94318181818,275.047619048,1112.0
14:49:07,3051.0,3064.72131366,13.7150027989,35.0,258.0,0,44.9524837723,-44.0,10.8401084011,281.714285714,884.0
14:49:08,3051.0,3064.71369282,13.71323232,35.0,106.0,0,44.9466808261,80.0,10.7792207792,241.714285714,922.0
14:49:08,3051.0,3064.70607622,13.7114543194,35.0,504.0,0,44.9408532264,336.0,8.08897876643,312.380952381,1220.0
14:49:09,3051.0,3064.69846385,13.7100730631,35.0,50.0,0,44.9363260016,12.0,8.93719806764,232.476190476,882.0
14:49:09,3051.0,3064.6908557,13.7086847726,35.0,76.0,0,44.9317757214,4.0,11.0714285714,175.333333333,330.0
14:49:10,3051.0,3064.68325178,13.7072894458,35.0,794.0,0,44.9272023789,-700.0,3.69127516778,348.857142857,-312.0
14:49:10,3052.0,3064.67620749,13.7055827028,36.8421052632,378.0,0,44.9068895896,-340.0,25.2620545073,371.714285714,-608.0
14:49:11,3051.0,3064.66861171,13.7041734626,35.0,104.0,39.1304347826,44.9169893891,-30.0,25.1836306401,310.571428571,-718.0
14:49:11,3051.0,3064.66102014,13.7027571795,27.7777777778,284.0,0,44.91234736,230.0,26.9276393832,300.952380952,-824.0
14:49:12,3051.0,3064.65343279,13.7013338513,27.7777777778,386.0,0,44.9076822397,-130.0,47.7744807122,330.952380952,-966.0
14:49:12,3051.0,3064.64584966,13.6999034758,27.7777777778,82.0,0,44.9029940211,26.0,48.6193293886,258.095238095,-944.0
14:49:13,3051.0,3064.63827074,13.6984660508,27.7777777778,174.0,0,44.8982826968,74.0,75.2840909091,211.238095238,-170.0
14:49:13,3051.0,3064.63069603,13.6970215741,27.7777777778,28.0,0,44.8935482598,24.0,61.4366729679,152.19047619,194.0
14:49:14,3052.0,3064.62368092,13.695653178,31.5789473684,382.0,0,44.8743551049,-96.0,48.502994012,210.952380952,128.0
14:49:14,3051.0,3064.61611431,13.6945815832,27.7777777778,28.0,0,44.8855509117,-20.0,60.1851851852,155.333333333,-122.0
14:49:15,3051.0,3064.6085519,13.6938699001,27.7777777778,28.0,0,44.8832182893,12.0,18.0055401662,111.904761905,20.0
14:49:15,3051.0,3064.6009937,13.6927853288,27.7777777778,150.0,0,44.8796634836,2.0,13.417721519,120.380952381,-4.0
14:49:16,3051.0,3064.59343969,13.6920610925,27.7777777778,18.0,0,44.8772897164,2.0,6.30914826498,87.9047619048,-76.0
14:49:16,3051.0,3064.58588987,13.6909635395,27.7777777778,936.0,0,44.8736923614,-370.0,-21.1413748379,325.142857143,-470.0
14:49:17,3051.0,3064.57834425,13.6902267451,27.7777777778,14.0,0,44.8712774341,-12.0,-26.9165247019,255.714285714,-386.0
14:49:17,3050.0,3064.57024742,13.6894385459,26.3157894737,138.0,0,44.8834050684,0.0,-16.9781931464,239.238095238,-366.0
14:49:18,3050.0,3064.56215509,13.6886433961,26.3157894737,146.0,0,44.8807980199,-126.0,-11.1269614836,219.80952381,-504.0
14:49:18,3050.0,3064.55406725,13.6878412946,26.3157894737,88.0,0,44.8781681789,-50.0,-8.95522388058,178.19047619,-556.0
14:49:19,3051.0,3064.5465393,13.6870786592,27.7777777778,228.0,0,44.8609592238,-168.0,3.61290322582,179.523809524,-726.0
14:49:19,3050.0,3064.53846014,13.686263048,26.3157894737,128.0,0,44.8729936,10.0,53.9083557951,142.285714286,-346.0
14:49:20,3051.0,3064.53094086,13.6851190217,27.7777777778,208.0,0,44.8545362889,-120.0,47.2222222222,166.380952381,-454.0
14:49:20,3050.0,3064.52287035,13.6842896765,26.3157894737,186.0,0,44.8665235295,-108.0,47.1544715447,174.952380952,-562.0
14:49:21,3050.0,3064.51480433,13.6838224639,26.3157894737,178.0,0,44.8649916848,24.0,41.5354330709,178.952380952,-412.0
14:49:21,3050.0,3064.50674279,13.6829794215,26.3157894737,66.0,0,44.8622276114,-14.0,40.4426559356,149.428571429,-376.0
14:49:22,3051.0,3064.49924113,13.6818086595,27.7777777778,44.0,0,44.8436861995,2.0,32.0987654321,114.666666667,-206.0
14:49:22,3051.0,3064.49174363,13.6810010193,27.7777777778,156.0,0,44.8410390667,68.0,31.7422434367,120.666666667,-148.0
14:49:23,3051.0,3064.4842503,13.6801871891,27.7777777778,260.0,0,44.8383716456,94.0,32.1348314607,155.047619048,66.0
14:49:23,3051.0,3064.47676113,13.6789970094,27.7777777778,200.0,0,44.834470696,62.0,26.3274336283,169.80952381,236.0
14:49:24,3050.0,3064.46872072,13.6784906817,26.3157894737,1074.0,0,44.8475104319,-522.0,12.8888888889,433.619047619,-310.0
14:49:24,3050.0,3064.46068478,13.6776072288,26.3157894737,1586.0,0,44.844613865,-156.0,6.32530120483,801.047619048,-452.0
14:49:25,3050.0,3064.45265329,13.6770876146,26.3157894737,536.0,0,44.8429102118,396.0,7.24029380903,796.095238095,-58.0
14:49:25,3050.0,3064.44462627,13.6765614587,26.3157894737,432.0,0,44.8411851105,246.0,13.6497064579,738.0,120.0
14:49:26,3049.0,3064.43604831,13.6763684371,25.0,204.0,0,44.855258895,-118.0,12.6488095238,601.619047619,-92.0
14:49:26,3049.0,3064.4274751,13.6761685013,25.0,170.0,0,44.8546031529,-24.0,12.3938030985,458.19047619,-178.0
14:49:27,3050.0,3064.41946207,13.6759736574,26.3157894737,320.0,0,44.8392578932,-84.0,18.2881773399,359.047619048,260.0
14:49:27,3050.0,3064.41145348,13.6757726665,26.3157894737,316.0,0,44.8385989064,110.0,41.2537917088,294.666666667,526.0
14:49:28,3049.0,3064.40289394,13.6759044547,25.0,238.0,0,44.8537371424,34.0,52.8571428572,268.476190476,164.0
14:49:28,3049.0,3064.39433915,13.6756778529,25.0,500.0,0,44.8529939421,-16.0,35.3546910755,331.333333333,-98.0
14:49:29,3049.0,3064.38578912,13.6754443357,25.0,78.0,0,44.8522280605,18.0,38.964241677,270.380952381,38.0
14:49:29,3048.0,3064.37668843,13.675914822,23.8095238095,1222.0,0,44.8684869489,-432.0,66.866118175,542.285714286,-370.0
14:49:30,3049.0,3064.36814819,13.6756674855,25.0,1876.0,0,44.8529599392,-650.0,63.4988179669,950.952380952,-936.0
14:49:30,3049.0,3064.35961271,13.6757658959,25.0,396.0,0,44.8532827022,-258.0,57.5870069606,862.666666667,-1304.0
14:49:31,3048.0,3064.35052656,13.6762158345,23.8095238095,394.0,0,44.8694745227,114.0,51.9032691447,770.0,-1224.0
14:49:31,3049.0,3064.34200085,13.6763010051,25.0,342.0,0,44.855037734,158.0,60.1207056639,655.047619048,-1050.0
14:49:32,3048.0,3064.33292449,13.6767373013,23.8095238095,78.0,0,44.8711853719,38.0,59.3779015785,472.19047619,-1030.0
14:49:32,3048.0,3064.32385316,13.6771666728,23.8095238095,108.0,0,44.8725940707,94.0,42.3919849718,297.904761905,-504.0
14:49:33,3048.0,3064.31478687,13.67758912,23.8095238095,178.0,0,44.8739800525,90.0,24.8663101604,196.666666667,236.0
14:49:33,3048.0,3064.30572562,13.6780046437,23.8095238095,496.0,0,44.8753433193,20.0,48.4962406015,267.142857143,514.0
14:49:34,3050.0,3064.2977802,13.6777199092,26.3157894737,576.0,0,44.8449833087,-282.0,75.9280089989,355.714285714,118.0
14:49:34,3049.0,3064.28928379,13.6774111982,25.0,136.0,0,44.8586789051,-98.0,68.7022900763,309.904761905,-138.0
14:49:35,3049.0,3064.2807921,13.6770955692,25.0,340.0,0,44.8576437167,-322.0,60.1962922574,332.19047619,-498.0
14:49:35,3050.0,3064.27286053,13.6767916396,26.3157894737,38.0,0,44.8419398019,-6.0,62.0181405896,255.714285714,-598.0
14:49:36,3049.0,3064.26437797,13.6768173432,25.0,150.0,0,44.856731201,110.0,61.2903225807,214.571428571,-578.0
14:49:36,3049.0,3064.25590011,13.676836525,25.0,180.0,0,44.8567941127,-72.0,46.4788732394,183.333333333,-670.0
14:49:37,3049.0,3064.24742697,13.6764940277,25.0,126.0,0,44.8556708025,-66.0,9.48453608247,151.714285714,-454.0
14:49:37,3050.0,3064.23951393,13.6758093967,26.3157894737,56.0,0,44.8387193334,-28.0,9.66292134831,121.523809524,-384.0
14:49:38,3049.0,3064.23104988,13.6754532476,25.0,66.0,0,44.8522572897,-22.0,12.6623376623,98.0,-84.0
14:49:38,3049.0,3064.22259054,13.6750901773,25.0,1002.0,0,44.8510665048,-272.0,62.1518987342,354.952380952,-350.0
14:49:39,3050.0,3064.21469129,13.6747415141,26.3157894737,230.0,0,44.8352180791,52.0,72.7710843374,345.428571429,-408.0
14:49:39,3051.0,3064.20735183,13.6737163277,27.7777777778,724.0,0,44.8171626604,-18.0,86.388384755,473.238095238,-354.0
14:49:40,3051.0,3064.20001645,13.6726849187,27.7777777778,636.0,0,44.8137820999,78.0,92.9992630803,550.0,-210.0
14:49:40,3051.0,3064.19268515,13.6716472858,27.7777777778,94.0,0,44.8103811398,70.0,91.7877906977,447.619047619,-112.0
14:49:41,3052.0,3064.18591332,13.6699328725,31.5789473684,84.0,0,44.7900814956,46.0,90.4693140794,340.571428571,-44.0
14:49:41,3051.0,3064.17858984,13.6688827359,27.7777777778,146.0,0,44.8013200127,-106.0,89.7596656217,250.380952381,122.0
14:49:42,3052.0,3064.17182584,13.6671556795,31.5789473684,258.0,0,44.7809819118,48.0,82.8012358393,232.952380952,118.0
14:49:42,3051.0,3064.16451019,13.6660930322,27.7777777778,36.0,0,44.7921764412,28.0,72.0893141946,150.761904762,164.0
14:49:43,3051.0,3064.1571986,13.6650241532,27.7777777778,358.0,0,44.7886730686,102.0,38.1147540984,193.333333333,188.0
14:49:43,3051.0,3064.14989108,13.6635707621,27.7777777778,230.0,0,44.7839094138,-50.0,38.6690647482,212.571428571,68.0
14:49:44,3052.0,3064.14314301,13.6621967594,31.5789473684,38.0,0,44.764733812,-24.0,42.2138836773,170.476190476,-2.0
14:49:44,3051.0,3064.1358433,13.6611091229,27.7777777778,16.0,0,44.7758411109,-6.0,35.6837606838,124.285714286,98.0
14:49:45,3051.0,3064.12854763,13.6600152485,27.7777777778,94.0,0,44.7722558129,-6.0,29.0155440415,106.571428571,44.0
14:49:45,3051.0,3064.12125602,13.6589151346,27.7777777778,200.0,0,44.7686500643,-72.0,23.7179487179,126.952380952,-56.0
14:49:46,3051.0,3064.11396846,13.6578087797,27.7777777778,248.0,0,44.7650238601,-54.0,21.7917675545,153.238095238,-212.0
14:49:46,3051.0,3064.10668494,13.6566961824,27.7777777778,36.0,0,44.7613771955,-4.0,19.9367088608,124.19047619,-166.0
14:49:47,3051.0,3064.09940547,13.655577341,27.7777777778,72.0,0,44.7577100655,-50.0,19.8198198198,114.666666667,-192.0
14:49:47,3051.0,3064.09213005,13.654452254,27.7777777778,114.0,0,44.7540224649,-42.0,20.1570680628,115.523809524,-228.0
14:49:48,3052.0,3064.08541406,13.6533896636,31.5789473684,56.0,0,44.7358770104,24.0,21.7630853994,95.1428571429,-198.0
14:49:48,3051.0,3064.07814641,13.6526125541,27.7777777778,60.0,0,44.7479926388,30.0,28.3276450512,77.7142857143,-96.0
14:49:49,3051.0,3064.07088279,13.6518296127,27.7777777778,116.0,0,44.7454264593,34.0,25.5506607929,82.9523809524,-8.0
14:49:49,3051.0,3064.0636232,13.6510408384,27.7777777778,402.0,0,44.7428411617,-254.0,10.4878048781,176.19047619,-258.0
14:49:50,3051.0,3064.05636765,13.6502462302,27.7777777778,6.0,0,44.7402367427,4.0,8.2228116711,138.857142857,-204.0
14:49:50,3051.0,3064.04911613,13.6490848854,27.7777777778,106.0,0,44.736430303,16.0,17.4262734585,133.238095238,-146.0
14:49:51,3050.0,3064.04131323,13.6485889217,26.3157894737,20.0,0,44.7494718743,0.0,19.1549295775,103.428571429,-170.0
14:49:51,3050.0,3064.03351466,13.6477254668,26.3157894737,50.0,0,44.7466408747,0.0,18.8571428572,83.9047619048,-200.0
14:49:52,3050.0,3064.02572043,13.6468554212,26.3157894737,336.0,0,44.7437882661,210.0,15.2173913044,146.571428571,-24.0
14:49:52,3050.0,3064.01793053,13.6459787835,26.3157894737,58.0,0,44.7409140443,0.0,28.125,119.333333333,230.0
14:49:53,3050.0,3064.01014495,13.6454575153,26.3157894737,86.0,0,44.7392049683,-18.0,29.2682926829,116.476190476,208.0
14:49:53,3050.0,3064.0023637,13.6449300691,26.3157894737,960.0,0,44.7374756363,-126.0,8.21192052981,359.523809524,66.0
14:49:54,3050.0,3063.99458677,13.6440340799,26.3157894737,168.0,0,44.7345379667,-12.0,6.03136308807,335.619047619,54.0
14:49:54,3049.0,3063.98625876,13.6438237254,25.0,716.0,0,44.7485199258,-152.0,5.07745266781,461.238095238,-98.0
14:49:55,3048.0,3063.97737997,13.6439566394,23.8095238095,730.0,0,44.7636372684,342.0,0.294334069168,559.142857143,34.0
14:49:55,3048.0,3063.96850611,13.6440826245,23.8095238095,202.0,0,44.7640506052,80.0,4.89168413697,487.428571429,114.0
14:49:56,3048.0,3063.95963718,13.6442016808,23.8095238095,496.0,0,44.76444121,190.0,5.86797066014,492.857142857,322.0
14:49:56,3048.0,3063.95077318,13.6443138085,23.8095238095,82.0,0,44.7648090831,8.0,8.60484544694,360.476190476,456.0
14:49:57,3049.0,3063.9424695,13.6437064472,25.0,88.0,0,44.7481352811,16.0,11.7545375972,271.619047619,484.0
14:49:57,3048.0,3063.93361503,13.6438047234,23.8095238095,88.0,0,44.7631388563,36.0,15.5397390273,186.571428571,672.0
14:49:58,3048.0,3063.92476548,13.6438960711,23.8095238095,550.0,0,44.7634385536,288.0,27.6228419655,263.428571429,618.0
14:49:58,3049.0,3063.91647625,13.6439758532,25.0,130.0,0,44.7490188692,58.0,26.0808926081,228.857142857,596.0
14:49:59,3048.0,3063.90763622,13.6443977079,23.8095238095,184.0,0,44.7650843436,-8.0,29.055258467,213.142857143,398.0
14:49:59,3049.0,3063.8993565,13.6444649837,25.0,310.0,0,44.7506231017,-180.0,35.1111111111,248.285714286,210.0
14:50:00,3048.0,3063.89052598,13.6448739414,23.8095238095,804.0,0,44.7666467894,24.0,-0.871248789927,413.714285714,218.0
14:50:00,3048.0,3063.88170036,13.64527635,23.8095238095,440.0,0,44.7679670274,198.0,0.744416873456,441.047619048,380.0
14:50:01,3048.0,3063.87287964,13.6453275111,23.8095238095,200.0,40.9090909091,44.768134879,-22.0,-4.15860735008,383.047619048,70.0
14:50:01,3047.0,3063.86350842,13.6460842188,19.0476190476,322.0,0,44.7853108592,-84.0,-5.4867256637,376.571428571,-72.0
14:50:02,3047.0,3063.85414241,13.6468339582,19.0476190476,968.0,0,44.7877714415,20.0,1.77398160316,545.523809524,-44.0
14:50:02,3047.0,3063.8447816,13.6472314805,19.0476190476,438.0,0,44.7890760766,-44.0,0.252206809593,525.714285714,92.0
14:50:03,3046.0,3063.83487058,13.6480089332,18.1818181818,694.0,0,44.8063326762,206.0,10.7119529719,572.952380952,274.0
14:50:03,3046.0,3063.82496507,13.6487786021,18.1818181818,1242.0,0,44.8088594949,-492.0,13.5093167702,782.0,-416.0
14:50:04,3047.0,3063.81562046,13.6487874919,19.0476190476,1224.0,0,44.7941827763,-784.0,24.1407528641,947.714285714,-1178.0
14:50:04,3046.0,3063.80572565,13.6491752453,18.1818181818,786.0,0,44.810161672,10.0,21.8236173393,939.523809524,-1084.0
14:50:05,3047.0,3063.79639172,13.6495350506,19.0476190476,862.0,0,44.7966362017,52.0,19.4815097217,930.952380952,-1052.0
14:50:05,3046.0,3063.78650759,13.6502736796,18.1818181818,604.0,0,44.8137678253,210.0,14.2276422764,853.714285714,-798.0
14:50:06,3047.0,3063.77718434,13.6502516144,19.0476190476,284.0,0,44.7989879041,92.0,18.9524190324,677.142857143,-912.0
14:50:06,3047.0,3063.76786627,13.6502218106,19.0476190476,222.0,0,44.7988900906,22.0,19.3370165746,502.380952381,-398.0
14:50:07,3047.0,3063.75855337,13.6505516751,19.0476190476,426.0,0,44.7999726783,66.0,8.22864321608,434.476190476,452.0
14:50:07,3047.0,3063.74924565,13.6508742061,19.0476190476,302.0,0,44.8010311981,-34.0,15.037037037,369.142857143,408.0
14:50:08,3046.0,3063.7393877,13.6512067,18.1818181818,1512.0,0,44.8168309259,904.0,18.2686567164,672.571428571,1260.0
14:50:08,3046.0,3063.72953522,13.6515310242,18.1818181818,206.0,0,44.8178956803,-48.0,29.539295393,571.904761905,1002.0
14:50:09,3047.0,3063.72024361,13.6518307431,19.0476190476,86.0,0,44.804170473,-48.0,31.5177923021,455.904761905,862.0
14:50:09,3046.0,3063.71040177,13.6521391594,18.1818181818,112.0,0,44.8198921844,58.0,31.6187594554,356.761904762,898.0
14:50:10,3046.0,3063.70056539,13.652808014,18.1818181818,210.0,0,44.8220880301,-126.0,36.8204283361,290.857142857,706.0
14:50:10,3047.0,3063.69128987,13.6530851214,19.0476190476,244.0,0,44.8082872381,-2.0,30.970464135,244.952380952,738.0
14:50:11,3047.0,3063.68201951,13.6533548991,19.0476190476,664.0,0,44.8091726258,-324.0,68.0683311432,321.80952381,-490.0
14:50:11,3048.0,3063.6733097,13.652884921,20.0,212.0,0,44.7929295309,-30.0,63.4816753927,309.904761905,-472.0
14:50:12,3048.0,3063.66460472,13.6527770176,20.0,184.0,0,44.7925755172,-80.0,57.6875768758,289.714285714,-504.0
14:50:12,3047.0,3063.65534918,13.6530250317,19.0476190476,220.0,0,44.8080900285,-46.0,53.8638985006,275.142857143,-608.0
14:50:13,3048.0,3063.64665418,13.6525332718,20.0,946.0,0,44.7917758261,-266.0,63.8866396761,462.857142857,-748.0
14:50:13,3048.0,3063.637964,13.6524041997,20.0,390.0,0,44.7913523612,-16.0,75.0764525994,456.666666667,-762.0
14:50:14,3048.0,3063.62927866,13.651897971,20.0,1074.0,0,44.7896915058,594.0,49.2399206874,638.952380952,156.0
14:50:14,3049.0,3063.62115354,13.6510426698,23.8095238095,166.0,0,44.7721963587,-122.0,47.5167785235,542.285714286,64.0
14:50:15,3048.0,3063.61247753,13.6508926132,20.0,180.0,0,44.7863930878,22.0,51.2768817204,451.80952381,166.0
14:50:15,3048.0,3063.60380634,13.6507356306,20.0,140.0,0,44.7858780531,48.0,52.2099447514,350.095238095,260.0
14:50:16,3049.0,3063.59569537,13.6498594824,23.8095238095,820.0,0,44.7683157835,-350.0,53.285198556,446.476190476,176.0
14:50:16,3049.0,3063.5875889,13.6493476532,23.8095238095,826.0,0,44.7666371046,560.0,58.2657517155,550.571428571,752.0
14:50:17,3049.0,3063.57948693,13.6488292697,23.8095238095,216.0,0,44.764936929,22.0,77.7683134583,459.619047619,180.0
14:50:17,3050.0,3063.57194487,13.6476123268,27.2727272727,104.0,0,44.7462699239,82.0,83.552055993,377.523809524,384.0
14:50:18,3050.0,3063.56440699,13.6463887391,27.2727272727,566.0,0,44.7422581608,344.0,86.002994012,430.380952381,706.0
14:50:18,3050.0,3063.55687331,13.6451585047,27.2727272727,172.0,0,44.7382246054,-114.0,90.7544378698,352.285714286,544.0
14:50:19,3050.0,3063.5493438,13.6439216218,27.2727272727,602.0,0,44.7341692519,-186.0,68.2220434433,395.523809524,708.0
14:50:19,3049.0,3063.54126308,13.6429977263,23.8095238095,160.0,0,44.7458108439,-104.0,53.0769230769,322.857142857,44.0
14:50:20,3049.0,3063.53318684,13.6420668395,23.8095238095,62.0,0,44.7427577551,26.0,55.1020408163,253.904761905,48.0
14:50:20,3048.0,3063.52455969,13.6410751557,20.0,1070.0,0,44.7541835818,-298.0,25.0,480.285714286,-332.0
14:50:21,3049.0,3063.51649273,13.6401298824,23.8095238095,14.0,0,44.7364049932,0.0,6.58653846154,358.952380952,-676.0
14:50:21,3049.0,3063.50843025,13.6391776135,23.8095238095,30.0,0,44.7332817759,-14.0,-0.67079463364,268.476190476,-576.0
14:50:22,3049.0,3063.50037225,13.6378242145,23.8095238095,46.0,0,44.7288429469,-22.0,-1.23010130247,189.333333333,-412.0
14:50:22,3049.0,3063.49231872,13.6364633479,23.8095238095,134.0,0,44.7243796258,-82.0,-1.69616519174,161.80952381,-390.0
14:50:23,3048.0,3063.48371427,13.6354337782,20.0,98.0,0,44.7356751255,-58.0,3.08908045977,125.238095238,-474.0
14:50:23,3049.0,3063.47567,13.63364255,23.8095238095,124.0,0,44.7151280749,8.0,61.2107623318,94.380952381,-168.0
14:50:24,3049.0,3063.46763019,13.6322588519,23.8095238095,394.0,0,44.7105898717,214.0,80.1452784504,185.714285714,46.0
14:50:24,3049.0,3063.45959485,13.630867677,23.8095238095,1246.0,0,44.7060271464,842.0,29.8726738492,502.380952381,902.0
14:50:25,3049.0,3063.45156397,13.6290530159,23.8095238095,128.0,0,44.7000754868,10.0,32.5800376648,441.714285714,934.0
14:50:25,3048.0,3063.44298216,13.6275682821,20.0,38.0,0,44.709869692,-14.0,31.0650887574,351.428571429,1002.0
14:50:26,3049.0,3063.43496051,13.6261540003,23.8095238095,70.0,0,44.6905674001,24.0,28.6,274.857142857,1084.0
14:50:26,3048.0,3063.42638791,13.6246530254,20.0,650.0,0,44.7003052013,-14.0,21.9319081552,365.333333333,1062.0
14:50:27,3048.0,3063.41782007,13.6235607434,20.0,502.0,0,44.6967215992,-128.0,6.37813211846,388.476190476,720.0
14:50:27,3049.0,3063.4098124,13.6221234108,23.8095238095,304.0,0,44.6773480184,274.0,12.4113475177,349.904761905,152.0
14:50:28,3049.0,3063.40180917,13.6206785847,23.8095238095,266.0,0,44.67260933,-98.0,8.8524590164,345.333333333,44.0
14:50:28,3047.0,3063.39269958,13.6199203891,19.0476190476,188.0,0,44.699443351,-74.0,13.2323232323,311.904761905,-16.0
14:50:29,3048.0,3063.38415046,13.619194513,20.0,130.0,0,44.6823966961,-50.0,15.5882352941,254.761904762,-90.0
14:50:29,3048.0,3063.37560608,13.6180634285,20.0,80.0,0,44.6786857891,-74.0,18.9115646258,180.476190476,-150.0
14:50:30,3049.0,3063.36762185,13.6165881837,23.8095238095,170.0,0,44.6591937807,10.0,33.5676625659,159.047619048,-12.0
14:50:30,3048.0,3063.35908665,13.6154415759,20.0,106.0,0,44.6700839103,10.0,42.5531914894,135.142857143,-276.0
14:50:31,3048.0,3063.3505562,13.6142871125,20.0,76.0,0,44.6662963007,54.0,55.2,112.095238095,-124.0
14:50:31,3049.0,3063.34258588,13.6127890122,23.8095238095,56.0,0,44.6467333953,20.0,55.0161812298,92.380952381,-30.0
14:50:32,3048.0,3063.33406459,13.612018065,20.0,734.0,0,44.6588519194,148.0,21.2765957447,272.666666667,168.0
14:50:32,3048.0,3063.32554803,13.610840448,20.0,52.0,0,44.6549883464,26.0,23.7855946399,229.333333333,268.0
14:50:33,3049.0,3063.3175916,13.6093197206,23.8095238095,30.0,0,44.6353549379,26.0,18.7855787476,181.047619048,284.0
14:50:33,3048.0,3063.30908419,13.6081265549,20.0,184.0,0,44.6460844976,42.0,15.0176678445,183.428571429,316.0
14:50:34,3049.0,3063.30113691,13.6065906212,23.8095238095,84.0,0,44.6264041365,62.0,18.947368421,153.523809524,324.0
14:50:34,3049.0,3063.29319404,13.605047164,23.8095238095,76.0,0,44.6213419611,44.0,25.1724137931,120.952380952,348.0
14:50:35,3048.0,3063.28470018,13.6042312658,20.0,64.0,0,44.6333046778,16.0,65.9183673469,84.0,216.0
14:50:35,3048.0,3063.27621104,13.6034079676,20.0,372.0,0,44.6306035683,-154.0,58.1481481481,166.952380952,36.0
14:50:36,3047.0,3063.26717121,13.6029318707,19.0476190476,16.0,0,44.6436884499,12.0,55.6532663317,132.952380952,22.0
14:50:36,3048.0,3063.2586918,13.602093586,20.0,606.0,0,44.6262912927,-418.0,52.1346469622,268.19047619,-438.0
14:50:37,3048.0,3063.25021711,13.6012478974,20.0,1686.0,0,44.6235167238,278.0,60.3191489362,691.904761905,-222.0
14:50:37,3048.0,3063.24174712,13.5999931463,20.0,188.0,0,44.6194000864,-88.0,55.0818553888,611.333333333,-354.0
14:50:38,3048.0,3063.23328183,13.5987305116,20.0,232.0,0,44.6152575841,-118.0,51.6774193548,538.0,-488.0
14:50:38,3047.0,3063.22426584,13.5978136831,19.0476190476,92.0,0,44.6268909849,36.0,51.7021276596,416.666666667,-298.0
14:50:39,3047.0,3063.21525487,13.5968885982,19.0476190476,218.0,0,44.6238549335,58.0,52.7465254798,344.666666667,-252.0
14:50:39,3047.0,3063.20624889,13.5959552554,19.0476190476,90.0,0,44.62079178,8.0,58.8188347965,226.476190476,174.0
14:50:40,3048.0,3063.19780332,13.594660535,20.0,296.0,0,44.6019046424,-48.0,43.3691756272,191.714285714,-152.0
14:50:40,3047.0,3063.18880704,13.593710862,19.0476190476,126.0,0,44.6134258681,18.0,52.5616698292,174.571428571,-46.0
14:50:41,3048.0,3063.18037116,13.5928035494,20.0,240.0,0,44.59581217,48.0,53.483992467,192.952380952,120.0
14:50:41,3047.0,3063.17138456,13.5922413843,19.0476190476,640.0,0,44.6086031647,186.0,49.6894409938,325.238095238,270.0
14:50:42,3047.0,3063.16240295,13.591671424,19.0476190476,352.0,0,44.6067326027,-70.0,38.5321100917,349.142857143,142.0
14:50:42,3047.0,3063.15342633,13.5910936677,19.0476190476,220.0,0,44.6048364544,-134.0,43.6499466382,328.952380952,0.0
14:50:43,3047.0,3063.1444547,13.5901038313,19.0476190476,24.0,0,44.6015878939,-10.0,40.9488139825,246.571428571,38.0
14:50:43,3047.0,3063.13548805,13.5891057236,19.0476190476,104.0,0,44.5983121877,-70.0,40.8860759494,200.0,-50.0
14:50:44,3047.0,3063.12652638,13.5880993428,19.0476190476,92.0,0,44.5950093299,-66.0,48.8826815642,151.047619048,-164.0
14:50:44,3047.0,3063.11756969,13.5870846871,19.0476190476,364.0,0,44.5916793143,-276.0,59.6885813149,186.857142857,-626.0
14:50:45,3047.0,3063.10861797,13.5864670209,19.0476190476,104.0,0,44.5896521856,-28.0,83.2599118943,161.523809524,-584.0
14:50:45,3047.0,3063.09967122,13.5854360563,19.0476190476,212.0,0,44.5862686455,-32.0,82.8888888889,178.857142857,-482.0
14:50:46,3047.0,3063.09072944,13.5843968114,19.0476190476,740.0,0,44.5828579303,-368.0,43.9356435643,347.428571429,-840.0
14:50:46,3047.0,3063.08179263,13.5833492842,19.0476190476,144.0,0,44.5794200336,66.0,44.5652173913,311.619047619,-704.0
14:50:47,3046.0,3063.07230538,13.5826643751,18.1818181818,90.0,0,44.5918068783,80.0,43.6517533253,258.476190476,-558.0
14:50:47,3046.0,3063.0628234,13.5819707906,18.1818181818,98.0,0,44.5895298442,42.0,39.9135446686,207.714285714,-240.0
14:50:48,3047.0,3063.05390209,13.5808980321,19.0476190476,86.0,0,44.5713752284,38.0,36.496350365,166.19047619,-174.0
14:50:48,3047.0,3063.04498573,13.5798169841,19.0476190476,354.0,0,44.5678273189,-104.0,38.2275132275,202.095238095,-246.0
14:50:49,3047.0,3063.03607432,13.5787276445,19.0476190476,190.0,0,44.5642521974,-84.0,77.3388773389,184.380952381,38.0
14:50:49,3046.0,3063.02661247,13.5779999499,18.1818181818,176.0,0,44.5764935978,130.0,69.8189134809,188.857142857,102.0
14:50:50,3046.0,3063.01715586,13.5772635723,18.1818181818,294.0,0,44.5740760745,50.0,63.6060100167,225.523809524,72.0
14:50:50,3046.0,3063.00770451,13.5765185103,18.1818181818,74.0,0,44.5716300405,-18.0,57.8364565588,189.619047619,12.0
14:50:51,3046.0,3062.99825841,13.5753360888,18.1818181818,236.0,39.1304347826,44.5677481575,-36.0,56.7220543807,201.142857143,-62.0
14:50:51,3047.0,3062.98937296,13.5742042687,23.8095238095,258.0,0,44.5494068549,176.0,42.2638436482,211.80952381,218.0
14:50:52,3046.0,3062.97993704,13.5734330997,20.0,158.0,0,44.5615006555,98.0,39.5484949833,198.476190476,400.0
14:50:52,3047.0,3062.97106176,13.5722844861,23.8095238095,186.0,0,44.5431062886,120.0,35.7379767827,194.666666667,390.0
14:50:53,3046.0,3062.96163601,13.5710664446,20.0,228.0,0,44.553730941,142.0,26.2280701754,202.380952381,482.0
14:50:53,3046.0,3062.9522155,13.5702691521,20.0,322.0,0,44.5511134344,42.0,22.7665706052,240.095238095,542.0
14:50:54,3046.0,3062.94280022,13.5694631639,20.0,970.0,0,44.5484673797,162.0,24.2224316682,451.142857143,740.0
14:50:54,3046.0,3062.93339017,13.5686484783,20.0,244.0,0,44.5457927718,146.0,21.6318785579,419.80952381,710.0
14:50:55,3045.0,3062.92342994,13.568213327,19.0476190476,98.0,0,44.5589928636,92.0,20.1171875,347.428571429,704.0
14:50:55,3046.0,3062.91403064,13.5673810441,20.0,882.0,0,44.5416317928,-28.0,16.6909620991,501.904761905,556.0
14:50:56,3045.0,3062.90408117,13.5664966973,19.0476190476,150.0,0,44.5533553279,26.0,18.7546886722,414.095238095,440.0
14:50:56,3046.0,3062.89469262,13.5656465628,20.0,566.0,0,44.535937501,166.0,24.8797250859,448.857142857,564.0
14:50:57,3045.0,3062.88475388,13.5647434453,19.0476190476,192.0,0,44.5475975216,48.0,20.9193245779,365.142857143,450.0
14:50:57,3046.0,3062.87537607,13.5638754522,20.0,108.0,0,44.5301229555,46.0,25.9519038076,294.476190476,350.0
14:50:58,3046.0,3062.86600346,13.5625665385,20.0,382.0,0,44.5258257994,4.0,26.0526315789,308.571428571,262.0
14:50:58,3045.0,3062.85608066,13.5620676981,19.0476190476,334.0,0,44.5388101743,174.0,33.6027713626,295.428571429,464.0
14:50:59,3046.0,3062.84671877,13.5607404019,20.0,162.0,0,44.5198306036,44.0,33.6009174312,259.238095238,482.0
14:50:59,3045.0,3062.83680668,13.5602232856,19.0476190476,94.0,0,44.5327529905,6.0,28.3018867925,203.047619048,322.0
14:51:00,3045.0,3062.8269001,13.5592638114,19.0476190476,146.0,0,44.529602008,44.0,31.32137031,184.19047619,318.0
14:51:00,3046.0,3062.81755442,13.5583421999,20.0,1402.0,0,44.5119573208,438.0,14.126984127,526.380952381,710.0
14:51:01,3046.0,3062.80821393,13.556978113,20.0,636.0,0,44.5074790314,120.0,13.0497476568,588.095238095,826.0
14:51:01,3045.0,3062.79832322,13.5559904046,19.0476190476,784.0,0,44.5188519033,-74.0,20.6575682382,680.0,578.0
14:51:02,3045.0,3062.78843801,13.5554273417,19.0476190476,194.0,0,44.5170027643,-32.0,21.5601965602,581.904761905,502.0
14:51:02,3046.0,3062.77911369,13.5544699474,20.0,1242.0,0,44.4992447387,22.0,29.5186194369,781.714285714,518.0
14:51:03,3046.0,3062.76979455,13.5535038264,20.0,1840.0,0,44.4960729691,1740.0,18.0059035749,1097.71428571,2214.0
14:51:03,3046.0,3062.76048058,13.5520939313,20.0,726.0,0,44.4914442919,-4.0,21.2836591664,1014.76190476,1772.0
14:51:04,3046.0,3062.75117179,13.5511100976,20.0,1034.0,0,44.4882143715,616.0,17.1821305842,1052.0,2268.0
14:51:04,3046.0,3062.74186817,13.5496819584,20.0,180.0,0,44.483525799,-32.0,13.0368098159,826.285714286,2310.0
14:51:05,3047.0,3062.73312512,13.5478807936,23.8095238095,116.0,0,44.4630154039,26.0,13.6239782016,611.047619048,2368.0
14:51:05,3047.0,3062.72438692,13.5465068586,23.8095238095,130.0,0,44.458506264,-118.0,5.31544957773,403.523809524,2228.0
14:51:06,3048.0,3062.71620897,13.5443452479,27.2727272727,78.0,0,44.4368282412,-16.0,18.4628975265,234.095238095,472.0
14:51:06,3048.0,3062.70803557,13.5426117505,27.2727272727,264.0,0,44.4311409137,-104.0,31.8534961154,201.714285714,372.0
14:51:07,3048.0,3062.69986671,13.5408702301,27.2727272727,64.0,0,44.4254272642,-6.0,75.0,134.19047619,-250.0
14:51:07,3046.0,3062.69059158,13.5393888084,20.0,2168.0,0,44.4497334485,278.0,-13.3333333333,714.0,60.0
14:51:08,3048.0,3062.68243241,13.5371931386,27.2727272727,72.0,0,44.4133633155,26.0,-13.2564841498,600.285714286,60.0
14:51:08,3047.0,3062.67372237,13.5353309509,23.8095238095,210.0,0,44.4218278665,-128.0,-15.1960784314,528.095238095,50.0
14:51:09,3048.0,3062.66557256,13.5331179398,27.2727272727,36.0,0,44.3999932408,-14.0,-16.3468372423,402.380952381,52.0
14:51:09,3048.0,3062.65742729,13.5308963323,27.2727272727,130.0,0,44.3927045023,12.0,-24.7014925373,305.523809524,168.0
14:51:10,3047.0,3062.64873113,13.5290076985,23.8095238095,122.0,0,44.4010754791,28.0,-24.9086924762,212.761904762,202.0
14:51:10,3047.0,3062.64003981,13.527110125,23.8095238095,538.0,0,44.394847801,-256.0,62.6353790614,236.095238095,-332.0
14:51:11,3047.0,3062.63135331,13.525203608,23.8095238095,98.0,0,44.3885907714,26.0,55.2028218695,211.333333333,-332.0
14:51:11,3048.0,3062.62322703,13.5233865905,27.2727272727,54.0,0,44.3680662418,30.0,61.7586912066,172.761904762,-174.0
14:51:12,3048.0,3062.61510528,13.5211217483,27.2727272727,142.0,0,44.3606356573,-8.0,64.0221402214,166.761904762,-168.0
14:51:12,3048.0,3062.60698803,13.5188482849,27.2727272727,176.0,0,44.3531767878,72.0,68.4955752213,165.428571429,-108.0
14:51:13,3047.0,3062.59831989,13.5169067631,23.8095238095,72.0,0,44.3613612178,26.0,72.962962963,132.19047619,-110.0
14:51:13,3048.0,3062.59021196,13.5146158849,27.2727272727,132.0,0,44.3392909608,-58.0,72.1068249258,118.476190476,88.0
14:51:14,3048.0,3062.58210854,13.5123163725,27.2727272727,50.0,0,44.3317466289,-20.0,75.7188498403,100.666666667,42.0
14:51:14,3048.0,3062.57400962,13.5100082215,27.2727272727,102.0,0,44.3241739551,-40.0,70.3264094956,100.0,-28.0
14:51:15,3047.0,3062.56535979,13.5080313444,23.8095238095,148.0,0,44.3322328338,-112.0,61.1764705882,110.19047619,-132.0
14:51:15,3048.0,3062.55727017,13.5061475458,27.2727272727,60.0,0,44.3115076961,-26.0,59.219858156,94.9523809524,-230.0
14:51:16,3048.0,3062.54918505,13.5042556621,27.2727272727,424.0,0,44.3053007287,34.0,74.2358078603,189.238095238,-222.0
14:51:16,3048.0,3062.54110441,13.5019133418,27.2727272727,124.0,0,44.2976159507,54.0,63.6563876652,181.047619048,-110.0
14:51:17,3049.0,3062.53358366,13.4992436659,30.4347826087,120.0,0,44.2743314724,12.0,66.8711656442,172.095238095,-78.0
14:51:17,3048.0,3062.52551169,13.4973271245,27.2727272727,96.0,0,44.2825693062,2.0,67.2839506173,152.952380952,-36.0
14:51:18,3049.0,3062.51799961,13.4950841072,30.4347826087,138.0,0,44.2606891022,-18.0,77.3388773389,146.095238095,58.0
14:51:18,3048.0,3062.50993629,13.4931515294,27.2727272727,224.0,0,44.268869847,-142.0,79.2184724689,164.285714286,-58.0
14:51:19,3049.0,3062.50243285,13.4904490105,30.4347826087,76.0,0,44.2454870795,-8.0,73.0077120823,132.380952381,-100.0
14:51:19,3048.0,3062.49437819,13.4880560332,27.2727272727,1206.0,0,44.25215234,-1012.0,24.5161290322,439.904761905,-1166.0
14:51:20,3049.0,3062.48688339,13.4853366152,30.4347826087,440.0,0,44.2287196302,-178.0,21.1926605504,477.047619048,-1356.0
14:51:20,3049.0,3062.47939276,13.482608814,30.4347826087,94.0,0,44.2197730863,4.0,19.7428833792,400.095238095,-1354.0
14:51:21,3047.0,3062.47079548,13.4805281355,23.8095238095,276.0,0,44.2419695946,-160.0,13.9464594128,375.238095238,-1496.0
14:51:21,3048.0,3062.46275839,13.4785458126,27.2727272727,66.0,0,44.2209508287,-48.0,8.66543095458,283.80952381,-1402.0
14:51:22,3048.0,3062.45472575,13.4765553599,27.2727272727,46.0,0,44.214420472,20.0,8.22368421052,194.19047619,-1374.0
14:51:22,3047.0,3062.44614218,13.4748943255,23.8095238095,646.0,0,44.2234798999,-134.0,18.0484693877,277.428571429,-496.0
14:51:23,3047.0,3062.43756337,13.4727787285,23.8095238095,172.0,0,44.2165366868,-52.0,25.3076923077,251.904761905,-370.0
14:51:23,3046.0,3062.42843393,13.4710119044,20.0,998.0,0,44.2252524767,-324.0,15.4718693285,475.142857143,-698.0
14:51:24,3046.0,3062.41930955,13.4692356827,20.0,158.0,0,44.2194211514,-124.0,22.435282838,415.333333333,-662.0
14:51:24,3046.0,3062.41019025,13.4674500597,20.0,80.0,0,44.2135589617,-40.0,23.0476190476,338.857142857,-654.0
14:51:25,3046.0,3062.40107601,13.4656550317,20.0,18.0,0,44.2076658952,-6.0,22.0077220077,244.0,-680.0
14:51:25,3046.0,3062.39196683,13.4642981249,20.0,188.0,0,44.2032111784,-22.0,33.3333333333,199.047619048,-568.0
14:51:26,3046.0,3062.38286271,13.4629323641,20.0,62.0,0,44.1987273935,34.0,28.4574468085,139.904761905,-482.0
14:51:26,3045.0,3062.37320824,13.4614870144,19.0476190476,108.0,0,44.2084959422,88.0,71.335504886,99.1428571429,-70.0
14:51:27,3045.0,3062.36355914,13.4600318731,19.0476190476,100.0,0,44.203717153,58.0,64.7482014389,98.4761904762,112.0
14:51:27,3045.0,3062.3539154,13.458566937,19.0476190476,614.0,0,44.1989061969,-142.0,68.9908256881,247.428571429,10.0
14:51:28,3046.0,3062.34483241,13.4567154486,20.0,144.0,0,44.1783172967,-70.0,58.7171052632,236.666666667,-54.0
14:51:28,3046.0,3062.33575447,13.4553037411,20.0,82.0,0,44.1736826694,-22.0,59.2792792793,202.19047619,-54.0
14:51:29,3046.0,3062.32668157,13.4534336798,20.0,162.0,0,44.1675432693,-12.0,62.479338843,195.619047619,-100.0
14:51:29,3045.0,3062.31705831,13.4519303969,19.0476190476,670.0,0,44.17711132,-394.0,41.9864559819,329.428571429,-582.0
14:51:30,3045.0,3062.3074404,13.4504173027,19.0476190476,2098.0,0,44.1721422093,-164.0,19.3103448276,844.476190476,-804.0
14:51:30,3044.0,3062.29727242,13.449290862,18.1818181818,194.0,0,44.1829528976,68.0,7.46268656714,720.380952381,-594.0
14:51:31,3044.0,3062.28711009,13.4481542058,18.1818181818,1720.0,0,44.1792188101,98.0,8.48558668288,1052.28571429,-426.0
14:51:31,3044.0,3062.27695341,13.4474582222,18.1818181818,1660.0,0,44.1769323989,336.0,10.0553505535,1292.0,-68.0
14:51:32,3045.0,3062.26735777,13.445905568,19.0476190476,994.0,0,44.1573253464,-32.0,6.18865866956,1266.28571429,-88.0
14:51:32,3045.0,3062.25776745,13.4443430867,19.0476190476,3448.0,0,44.1521940451,2142.0,-24.7775360886,1902.0952381,2448.0
14:51:33,3044.0,3062.24762707,13.4431662357,18.1818181818,1088.0,0,44.1628325747,292.0,-28.9103690685,1731.33333333,2904.0
14:51:33,3042.0,3062.23638151,13.4428316038,16.6666666667,366.0,0,44.1907679283,24.0,-27.4687365244,1402.38095238,2860.0
14:51:34,3042.0,3062.2251422,13.4424858508,16.6666666667,3330.0,0,44.1896313307,1342.0,-10.0863494397,1912.0952381,4104.0
14:51:34,3042.0,3062.21390913,13.442581494,16.6666666667,604.0,0,44.1899457396,-16.0,-12.2482197355,1566.28571429,3752.0
14:51:35,3042.0,3062.2026823,13.4422137612,16.6666666667,1100.0,0,44.1887368877,448.0,-9.78260869566,1412.47619048,4232.0
14:51:35,3041.0,3062.1909063,13.442291124,16.0,602.0,0,44.2035222757,120.0,39.2101551481,1111.33333333,2210.0
14:51:36,3044.0,3062.18080305,13.441504224,18.1818181818,914.0,0,44.1573726148,-334.0,59.5430884904,1034.85714286,1584.0
14:51:36,3042.0,3062.1695946,13.4411036253,16.6666666667,738.0,0,44.1850875257,-88.0,61.82766191,916.380952381,1472.0
14:51:37,3042.0,3062.15839238,13.4406919005,16.6666666667,376.0,0,44.1837340583,248.0,70.9275496077,676.761904762,378.0
14:51:37,3043.0,3062.14775179,13.4398344225,17.3913043478,94.0,0,44.1663963935,-34.0,76.0460251046,497.238095238,360.0
14:51:38,3043.0,3062.1371171,13.4389662737,17.3913043478,288.0,0,44.1635434562,20.0,91.9654714475,397.428571429,-68.0
14:51:38,3044.0,3062.12704372,13.437673915,18.1818181818,268.0,0,44.1447894712,56.0,73.6370425691,330.571428571,-132.0
14:51:39,3044.0,3062.11697594,13.436371302,18.1818181818,268.0,0,44.1405101906,-82.0,34.7440944882,279.619047619,120.0
14:51:39,3043.0,3062.10635835,13.4354715667,17.3913043478,84.0,0,44.1520590427,-8.0,16.9811320755,206.857142857,200.0
14:51:40,3043.0,3062.09574665,13.4345611515,17.3913043478,76.0,0,44.1490672083,22.0,11.8738404453,162.952380952,-26.0
14:51:40,3042.0,3062.08458545,13.4345291692,16.6666666667,148.0,0,44.1634752438,74.0,21.9081272085,153.904761905,82.0
14:51:41,3043.0,3062.07398585,13.4340534656,17.3913043478,166.0,38.2978723404,44.1473988352,-44.0,26.1386138614,147.428571429,18.0
14:51:41,3042.0,3062.06283673,13.4340004889,19.0476190476,564.0,0,44.1617373074,218.0,23.2771822358,260.476190476,180.0
14:51:42,3043.0,3062.0522492,13.4335042609,20.0,542.0,0,44.1455940221,28.0,24.8101265823,353.142857143,290.0
14:51:42,3042.0,3062.04111216,13.4334302881,19.0476190476,84.0,0,44.1598628801,10.0,28.2278481013,301.904761905,308.0
14:51:43,3043.0,3062.0305367,13.4329135325,20.0,960.0,0,44.1436527523,366.0,19.9675324675,500.952380952,652.0
14:51:43,3043.0,3062.01996712,13.432386624,20.0,910.0,0,44.1419212093,156.0,20.2107873527,643.619047619,734.0
14:51:44,3042.0,3062.008848,13.4318237336,19.0476190476,304.0,0,44.1545816359,-38.0,25.9809750297,576.857142857,740.0
14:51:44,3043.0,3061.99829046,13.431276032,20.0,828.0,0,44.1382715479,-366.0,45.8654906284,653.238095238,156.0
14:51:45,3043.0,3061.98773879,13.4307181738,20.0,1266.0,0,44.136438297,92.0,48.8511029412,842.19047619,220.0
14:51:45,3044.0,3061.97774838,13.4297397891,23.8095238095,622.0,0,44.1187246685,-124.0,43.0265848671,812.666666667,86.0
14:51:46,3043.0,3061.96720811,13.4287032246,20.0,282.0,0,44.129816709,74.0,48.7179487179,660.380952381,-206.0
14:51:46,3043.0,3061.9566737,13.4276559549,20.0,218.0,0,44.1263751395,-20.0,52.6704545455,522.095238095,-382.0
14:51:47,3044.0,3061.94670054,13.4261882363,23.8095238095,46.0,0,44.1070572808,24.0,49.2949110975,367.619047619,-320.0
14:51:47,3043.0,3061.93617752,13.4251197635,20.0,294.0,0,44.1180406292,128.0,27.9325513196,296.285714286,174.0
14:51:48,3043.0,3061.92566034,13.4240405777,20.0,134.0,0,44.1144941759,48.0,20.9273182957,204.666666667,130.0
14:51:48,3042.0,3061.9145936,13.4233804688,19.0476190476,210.0,0,44.1268259986,146.0,40.2027027027,188.666666667,400.0
14:51:49,3042.0,3061.90353301,13.4231695047,19.0476190476,240.0,0,44.1261324942,58.0,53.064798599,200.857142857,384.0
14:51:49,3042.0,3061.89247856,13.4229479085,19.0476190476,512.0,0,44.1254040386,422.0,39.5543175488,292.761904762,826.0
14:51:50,3043.0,3061.88198566,13.4218257823,20.0,184.0,0,44.1072158472,86.0,41.041931385,276.952380952,888.0
14:51:50,3043.0,3061.87149858,13.4206929316,20.0,78.0,0,44.1034930386,2.0,52.2827687776,224.285714286,762.0
14:51:51,3043.0,3061.86101732,13.4200107519,20.0,1364.0,0,44.1012512385,776.0,25.656877898,549.333333333,1490.0
14:51:51,3042.0,3061.84998649,13.4192851712,19.0476190476,508.0,0,44.1133634819,156.0,19.1268191268,571.238095238,1500.0
14:51:52,3042.0,3061.83896178,13.4190103514,19.0476190476,166.0,0,44.1124600639,44.0,15.8605974395,481.238095238,1486.0
14:51:52,3042.0,3061.8279432,13.4182627041,19.0476190476,122.0,0,44.1100023147,-20.0,19.3228736581,382.19047619,1044.0
14:51:53,3042.0,3061.81693073,13.4175038817,19.0476190476,142.0,0,44.1075078295,46.0,17.731092437,307.428571429,1004.0
14:51:53,3042.0,3061.80592438,13.4167338824,19.0476190476,200.0,0,44.1049766022,94.0,20.7833733014,251.238095238,1096.0
14:51:54,3042.0,3061.79492415,13.4159527041,19.0476190476,688.0,0,44.1024086264,48.0,44.0306681271,328.666666667,368.0
14:51:54,3042.0,3061.78393002,13.415160345,19.0476190476,334.0,0,44.0998038956,-56.0,47.8208232446,337.142857143,156.0
14:51:55,3043.0,3061.7734974,13.4139299716,20.0,32.0,0,44.0812683918,-10.0,48.2213438735,267.619047619,102.0
14:51:55,3043.0,3061.76307058,13.4126888484,20.0,874.0,0,44.0771897747,544.0,29.6035242291,445.047619048,666.0
14:51:56,3043.0,3061.75264955,13.4114369725,20.0,88.0,0,44.0730758215,-30.0,29.8736462094,362.095238095,590.0
14:51:56,3042.0,3061.7416789,13.4106005495,19.0476190476,142.0,0,44.0848144297,-120.0,29.1936978684,297.142857143,376.0
14:51:57,3043.0,3061.73126975,13.409326952,20.0,274.0,0,44.0661418074,52.0,26.8348623853,272.666666667,380.0
14:51:57,3043.0,3061.72086637,13.4080425929,20.0,234.0,0,44.0619211071,108.0,35.1581508516,256.476190476,544.0
14:51:58,3042.0,3061.70991338,13.4071730387,19.0476190476,684.0,0,44.0735471357,492.0,34.5818815331,373.619047619,1046.0
14:51:58,3042.0,3061.69896647,13.4062922853,19.0476190476,144.0,0,44.0706518255,88.0,55.8109833972,305.428571429,590.0
14:51:59,3043.0,3061.68858104,13.4054411171,20.0,130.0,0,44.0533720574,66.0,55.9701492537,268.0,686.0
14:51:59,3042.0,3061.67764598,13.4045384681,19.0476190476,166.0,0,44.064886483,14.0,52.2058823529,238.857142857,820.0
14:52:00,3043.0,3061.66727239,13.4031999329,20.0,546.0,0,44.0460070092,252.0,35.1890756303,317.142857143,1020.0
14:52:00,3042.0,3061.65634916,13.4022750942,19.0476190476,238.0,0,44.057446069,120.0,30.1886792453,294.476190476,1032.0
14:52:01,3043.0,3061.6459874,13.4009147928,20.0,216.0,0,44.0384975117,16.0,32.6388888889,265.333333333,556.0
14:52:01,3042.0,3061.63507599,13.3994796719,19.0476190476,596.0,0,44.0482566467,-64.0,39.2177589852,367.047619048,404.0
14:52:02,3043.0,3061.62472605,13.3980972944,20.0,444.0,0,44.0292385621,-90.0,31.0063463282,403.80952381,248.0
14:52:02,3042.0,3061.61382645,13.3971277556,19.0476190476,262.0,0,44.0405251662,134.0,27.1937445699,373.619047619,368.0
14:52:03,3042.0,3061.60293291,13.3961469953,19.0476190476,776.0,0,44.0373011024,410.0,44.3917851501,485.714285714,526.0
14:52:03,3042.0,3061.59204541,13.3951550113,19.0476190476,176.0,0,44.0340401425,86.0,46.2348178138,415.428571429,492.0
14:52:04,3043.0,3061.58171937,13.3937288365,20.0,202.0,0,44.0148828014,116.0,46.9055374593,355.523809524,592.0
14:52:04,3043.0,3061.57139906,13.3922918566,20.0,254.0,0,44.0101605541,-82.0,48.9120151372,311.142857143,574.0
14:52:05,3043.0,3061.56108448,13.3908440683,20.0,38.0,0,44.0054027877,6.0,59.4847775176,221.333333333,670.0
14:52:05,3044.0,3061.55133103,13.3889838373,23.8095238095,84.0,0,43.9848352078,28.0,65.8823529412,164.0,564.0
14:52:06,3044.0,3061.541583,13.3871131804,23.8095238095,276.0,0,43.9786898174,42.0,59.4174757282,170.0,196.0
14:52:06,3043.0,3061.53128498,13.3856333525,20.0,220.0,0,43.9882791734,10.0,59.5903165736,183.80952381,120.0
14:52:07,3044.0,3061.52154808,13.3837416454,23.8095238095,1528.0,0,43.9676138155,-108.0,79.6666666667,569.238095238,-104.0
14:52:07,3045.0,3061.51237199,13.3814593696,27.2727272727,88.0,0,43.9456793748,42.0,76.1862130707,480.095238095,20.0
14:52:08,3045.0,3061.503201,13.3791670098,27.2727272727,62.0,0,43.9381510996,10.0,76.2621789194,391.428571429,24.0
14:52:08,3045.0,3061.4940351,13.3768645608,27.2727272727,388.0,0,43.9305896907,106.0,72.2092115535,394.761904762,102.0
14:52:09,3044.0,3061.48431889,13.3749316342,23.8095238095,886.0,0,43.9386715972,194.0,67.6544766709,525.904761905,254.0
14:52:09,3044.0,3061.47460808,13.3729882501,23.8095238095,410.0,0,43.9322872868,50.0,62.7007733492,492.0,294.0
14:52:10,3044.0,3061.46490266,13.371034404,23.8095238095,36.0,0,43.9258686072,-10.0,38.5026737968,342.19047619,392.0
14:52:10,3044.0,3061.45520263,13.3690700914,23.8095238095,396.0,0,43.9194155433,338.0,34.6189164371,366.285714286,688.0
14:52:11,3044.0,3061.44550799,13.3670953075,23.8095238095,220.0,0,43.9129280798,136.0,35.0171232877,325.428571429,814.0
14:52:11,3044.0,3061.43581873,13.3651100478,23.8095238095,588.0,0,43.9064062017,430.0,33.4384858044,382.19047619,1138.0
14:52:12,3043.0,3061.42557945,13.3635135747,20.0,434.0,0,43.9155884808,-114.0,20.537428023,385.428571429,830.0
14:52:12,3043.0,3061.41534586,13.3623802932,20.0,250.0,0,43.9118642562,-176.0,31.8087318087,357.619047619,604.0
14:52:13,3043.0,3061.40511795,13.3612367284,20.0,250.0,0,43.9081062387,-224.0,39.1955098223,337.428571429,390.0
14:52:13,3043.0,3061.39489573,13.3596082517,20.0,320.0,0,43.9027546885,-112.0,52.2793404462,327.047619048,-60.0
14:52:14,3042.0,3061.38412378,13.3583881234,19.0476190476,1444.0,0,43.9131759482,-668.0,30.3104077906,641.428571429,-864.0
14:52:14,3042.0,3061.37335781,13.3571567,19.0476190476,280.0,0,43.9091278764,92.0,37.0047011417,564.952380952,-1202.0
14:52:15,3042.0,3061.36259782,13.3559139783,19.0476190476,42.0,0,43.9050426635,-6.0,44.0835266821,435.142857143,-1094.0
14:52:15,3042.0,3061.35184381,13.3546599551,19.0476190476,132.0,0,43.9009202994,38.0,41.1669367909,349.714285714,-880.0
14:52:16,3042.0,3061.34109577,13.3533946272,19.0476190476,302.0,0,43.8967607733,-114.0,41.3492063492,318.476190476,-770.0
14:52:16,3042.0,3061.3303537,13.3521179916,19.0476190476,220.0,0,43.8925640749,-166.0,39.0909090909,261.333333333,-824.0
14:52:17,3042.0,3061.3196176,13.3508300448,19.0476190476,720.0,0,43.8883301934,-278.0,78.6556603774,351.80952381,-434.0
14:52:17,3042.0,3061.30888746,13.3495307837,19.0476190476,306.0,0,43.884059118,206.0,77.5842044135,358.476190476,-320.0
14:52:18,3042.0,3061.29816328,13.3482202049,19.0476190476,272.0,0,43.879750838,-96.0,64.0368852459,354.19047619,-410.0
14:52:18,3042.0,3061.28744506,13.3468983051,19.0476190476,234.0,0,43.8754053423,80.0,55.5014605648,328.095238095,-368.0
14:52:19,3043.0,3061.27728818,13.344649223,20.0,260.0,0,43.8535958693,-246.0,55.268389662,304.571428571,-500.0
14:52:19,3042.0,3061.26658155,13.342805478,19.0476190476,144.0,0,43.8619509469,-38.0,47.8305785124,249.904761905,-372.0
14:52:20,3042.0,3061.25588087,13.3414491966,19.0476190476,64.0,0,43.8574924282,6.0,41.71875,176.0,-88.0
14:52:20,3042.0,3061.24518613,13.3395818431,19.0476190476,114.0,0,43.8513538565,-10.0,26.8382352941,147.619047619,-304.0
14:52:21,3042.0,3061.23449733,13.3377025133,19.0476190476,90.0,0,43.8451759149,-52.0,45.9161147903,121.523809524,-260.0
14:52:21,3043.0,3061.22436987,13.3358955148,20.0,108.0,0,43.8248291647,-8.0,52.0512820513,109.238095238,-348.0
14:52:22,3043.0,3061.21424803,13.3340775718,20.0,272.0,0,43.8188549846,-12.0,38.3838383838,149.80952381,-114.0
14:52:22,3043.0,3061.20413181,13.3317476372,20.0,308.0,0,43.8111982819,-52.0,55.4393305439,200.095238095,-128.0
14:52:23,3043.0,3061.19402121,13.3294060883,20.0,30.0,0,43.8035034121,2.0,59.2190889371,163.142857143,-132.0
14:52:23,3043.0,3061.18391623,13.327052919,20.0,122.0,0,43.795770355,-10.0,66.8817204301,154.095238095,-132.0
14:52:24,3043.0,3061.17381686,13.3246881232,20.0,86.0,0,43.7879990903,2.0,65.2267818575,134.380952381,-78.0
14:52:24,3043.0,3061.1637231,13.3223116946,20.0,248.0,0,43.7801895979,-126.0,66.9793621013,161.142857143,-196.0
14:52:25,3043.0,3061.15363494,13.3199236271,20.0,24.0,0,43.7723418571,-12.0,71.8826405868,117.238095238,-196.0
14:52:25,3043.0,3061.14355239,13.3175239144,20.0,82.0,0,43.7644558474,-28.0,68.5810810811,101.714285714,-172.0
14:52:26,3043.0,3061.13347544,13.3151125501,20.0,114.0,0,43.7565315482,64.0,70.4142011834,106.095238095,-110.0
14:52:26,3044.0,3061.12395948,13.3122961093,23.8095238095,20.0,0,43.7329044325,0.0,66.2020905923,79.619047619,-100.0
14:52:27,3044.0,3061.11444882,13.309468353,23.8095238095,40.0,0,43.7236148259,8.0,68.1818181818,63.7142857143,-94.0
14:52:27,3044.0,3061.10494343,13.3066292741,23.8095238095,46.0,0,43.7142880227,22.0,85.8895705521,51.7142857143,54.0
14:52:28,3043.0,3061.09488792,13.3041717878,20.0,64.0,0,43.7205776793,-26.0,74.8633879781,54.4761904762,40.0
14:52:28,3043.0,3061.084838,13.3017026172,20.0,40.0,0,43.7124634149,-18.0,63.5802469136,48.4761904762,50.0
14:52:29,3044.0,3061.07534906,13.2988291975,23.8095238095,190.0,0,43.6886635924,112.0,69.0,87.3333333333,98.0
14:52:29,3044.0,3061.06586539,13.2959444266,23.8095238095,84.0,0,43.6791866839,2.0,68.5344827586,92.2857142857,100.0
14:52:30,3044.0,3061.05638698,13.2930482969,23.8095238095,308.0,0,43.6696724604,12.0,75.6830601093,158.19047619,104.0
14:52:30,3044.0,3061.04691384,13.2901408012,23.8095238095,322.0,0,43.6601208975,-4.0,81.3492063492,215.333333333,78.0
14:52:31,3044.0,3061.03744596,13.2872219319,23.8095238095,54.0,38.2978723404,43.6505319707,-6.0,85.5711422846,182.761904762,98.0
14:52:31,3044.0,3061.02798335,13.2842916815,26.3157894737,94.0,0,43.6409056553,28.0,86.8821292776,162.095238095,144.0
14:52:32,3044.0,3061.01852598,13.2813500425,26.3157894737,162.0,0,43.6312419266,54.0,88.671875,158.285714286,86.0
14:52:32,3044.0,3061.00907387,13.2783970073,26.3157894737,430.0,0,43.6215407598,80.0,89.4890510949,232.380952381,164.0
14:52:33,3044.0,3060.99962701,13.2754325683,26.3157894737,114.0,0,43.6118021299,24.0,89.4557823129,199.714285714,176.0
14:52:33,3044.0,3060.99018539,13.272456718,26.3157894737,104.0,0,43.6020260117,98.0,75.3653444677,173.428571429,278.0
14:52:34,3044.0,3060.98074902,13.2694694485,26.3157894737,158.0,0,43.5922123801,92.0,64.5951035782,172.952380952,376.0
14:52:34,3044.0,3060.97131789,13.2664707522,26.3157894737,122.0,0,43.5823612096,-20.0,65.504587156,157.238095238,328.0
14:52:35,3044.0,3060.961892,13.2634606214,26.3157894737,76.0,0,43.5724724749,-54.0,62.3505976096,127.047619048,220.0
14:52:35,3045.0,3060.95302675,13.2600695374,30.0,32.0,0,43.5470263953,-14.0,44.5544554455,88.380952381,126.0
14:52:36,3045.0,3060.94416642,13.2566673186,30.0,48.0,0,43.5358532629,-42.0,40.0,73.2380952381,60.0
14:52:36,3045.0,3060.93531101,13.2532539564,30.0,278.0,0,43.5246435349,-148.0,70.0280112045,126.952380952,-186.0
14:52:37,3045.0,3060.92646051,13.2498294422,30.0,374.0,0,43.5133971829,-58.0,88.8172043011,199.80952381,-336.0
14:52:37,3045.0,3060.91761494,13.2463937673,30.0,582.0,0,43.5021141785,-252.0,93.8129496403,321.80952381,-568.0
14:52:38,3045.0,3060.90877427,13.2429469232,30.0,434.0,0,43.4907944932,328.0,95.4233409611,379.619047619,-186.0
14:52:38,3046.0,3060.90049392,13.2391412499,33.3333333333,92.0,0,43.4640224881,-18.0,92.6991150442,322.666666667,-190.0
14:52:39,3045.0,3060.89166277,13.2356721945,30.0,522.0,0,43.4669037588,-500.0,89.6581945662,385.714285714,-648.0
14:52:39,3046.0,3060.88339192,13.2318445846,33.3333333333,6.0,0,43.4400675791,-2.0,89.3532338308,278.761904762,-502.0
14:52:40,3045.0,3060.87457026,13.2278185373,30.0,302.0,0,43.441111781,114.0,76.7801857585,269.333333333,-330.0
14:52:40,3045.0,3060.86575351,13.2237804754,30.0,160.0,0,43.4278504939,-28.0,60.0263852243,222.761904762,-106.0
14:52:41,3045.0,3060.85694165,13.2202659617,30.0,250.0,0,43.4163085771,162.0,50.4504504505,222.0,-272.0
14:52:41,3045.0,3060.84813468,13.2167402151,30.0,80.0,0,43.4047297705,12.0,54.5454545455,181.428571429,-242.0
14:52:42,3045.0,3060.83933261,13.2132032266,30.0,194.0,0,43.3931140445,-76.0,50.0,174.0,182.0
14:52:42,3045.0,3060.83053542,13.209654987,30.0,332.0,0,43.3814613696,-128.0,62.3672230652,221.619047619,56.0
14:52:43,3045.0,3060.82174312,13.2055583573,30.0,302.0,0,43.3680077415,-82.0,67.6783004552,245.142857143,-140.0
14:52:43,3045.0,3060.8129557,13.2019871979,30.0,258.0,0,43.3562797959,-222.0,81.0734463277,256.095238095,-334.0
14:52:44,3045.0,3060.80417317,13.1978668193,30.0,296.0,0,43.3427481751,70.0,84.8153214774,273.238095238,-426.0
14:52:44,3045.0,3060.79539551,13.1937343405,30.0,132.0,0,43.3291768162,-52.0,83.4874504623,241.333333333,-490.0
14:52:45,3045.0,3060.78662273,13.1895897502,30.0,134.0,0,43.315565682,-44.0,81.9807427785,207.523809524,-458.0
14:52:45,3045.0,3060.77785482,13.1854330368,30.0,82.0,0,43.3019147349,6.0,77.7408637874,161.714285714,-324.0
14:52:46,3044.0,3060.76853638,13.1816307107,26.3157894737,236.0,0,43.3036488526,-62.0,75.9226713532,171.80952381,-304.0
14:52:46,3045.0,3060.75977851,13.1774495814,30.0,742.0,0,43.2756964905,-88.0,83.2305795314,329.619047619,-170.0
14:52:47,3045.0,3060.75102551,13.1732562946,30.0,150.0,0,43.261925434,88.0,82.1138211382,295.238095238,-152.0
14:52:47,3045.0,3060.74227737,13.169050839,30.0,112.0,0,43.2481144138,10.0,77.0604395604,256.952380952,-90.0
14:52:48,3046.0,3060.73408949,13.1650296421,33.3333333333,442.0,0,43.2207145179,-120.0,79.9319727891,313.904761905,-166.0
14:52:48,3045.0,3060.72535076,13.1608003809,30.0,360.0,0,43.2210193134,-200.0,81.2928501469,332.761904762,-372.0
14:52:49,3046.0,3060.71717228,13.1562143111,33.3333333333,240.0,0,43.1917738382,82.0,86.3147605083,304.095238095,-228.0
14:52:49,3046.0,3060.70899834,13.152158882,33.3333333333,300.0,0,43.1784598882,10.0,79.1770573566,292.380952381,-130.0
14:52:50,3046.0,3060.70082894,13.1475493392,33.3333333333,302.0,0,43.1633267866,136.0,79.7266514807,302.285714286,-82.0
14:52:50,3046.0,3060.69266409,13.1429278235,33.3333333333,972.0,0,43.148154378,132.0,24.7706422018,496.380952381,40.0
14:52:51,3047.0,3060.68505916,13.1385152372,36.3636363636,464.0,0,43.119511773,-108.0,13.9499620925,504.380952381,52.0
14:52:51,3047.0,3060.67745846,13.1335474696,36.3636363636,450.0,0,43.1032079737,-94.0,7.62463343108,507.333333333,158.0
14:52:52,3046.0,3060.66930658,13.1288906638,33.3333333333,56.0,0,43.1020704655,-18.0,2.90880503144,393.428571429,58.0
14:52:52,3047.0,3060.66171463,13.1238992454,36.3636363636,580.0,0,43.0715433063,-236.0,23.9376770538,438.0,-188.0
14:52:53,3047.0,3060.6541269,13.1194416773,36.3636363636,316.0,0,43.0569139391,-98.0,19.2389006342,393.80952381,-422.0
14:52:53,3047.0,3060.64654338,13.114427123,36.3636363636,50.0,0,43.0404565902,8.0,69.4154488518,272.952380952,-546.0
14:52:54,3046.0,3060.63840867,13.1097229844,33.3333333333,132.0,0,43.0391430874,38.0,82.9545454545,219.428571429,-400.0
14:52:54,3047.0,3060.63083388,13.1046846744,36.3636363636,386.0,0,43.0084826861,-156.0,98.1578947368,254.285714286,-462.0
14:52:55,3047.0,3060.6232633,13.0996345251,36.3636363636,126.0,0,42.9919085169,-46.0,99.3710691824,217.904761905,-490.0
14:52:55,3047.0,3060.61569692,13.0945725227,36.3636363636,234.0,0,42.975295447,-186.0,73.6334405145,209.047619048,-440.0
14:52:56,3047.0,3060.60813475,13.0894986535,36.3636363636,348.0,0,42.9586434312,-262.0,87.460815047,249.238095238,-604.0
14:52:56,3047.0,3060.60057677,13.0849616703,36.3636363636,1798.0,0,42.9437534306,-998.0,46.5608465608,702.19047619,-1610.0
14:52:57,3048.0,3060.59357839,13.0801134012,39.1304347826,384.0,0,42.9137578781,-168.0,45.8485958486,667.904761905,-1816.0
14:52:57,3048.0,3060.5865839,13.0747047243,39.1304347826,224.0,0,42.8960128749,-202.0,43.1599229287,575.904761905,-1862.0
14:52:58,3048.0,3060.5795933,13.0692843626,39.1304347826,176.0,0,42.878229536,-46.0,40.7079646018,477.904761905,-1862.0
14:52:58,3047.0,3060.57205118,13.0641522406,36.3636363636,134.0,0,42.875458617,-26.0,39.1644908616,365.523809524,-1702.0
14:52:59,3048.0,3060.56506864,13.0587083545,39.1304347826,72.0,0,42.8435313469,6.0,32.4246771879,240.19047619,-1434.0
14:52:59,3047.0,3060.55753459,13.0541039264,36.3636363636,72.0,0,42.8424808874,14.0,57.4387947269,128.0,-422.0
14:53:00,3048.0,3060.55056012,13.0486369256,39.1304347826,720.0,0,42.8104886012,82.0,35.9084406295,283.142857143,-172.0
14:53:00,3047.0,3060.54303412,13.0434576305,36.3636363636,282.0,0,42.8075406319,72.0,60.3021978022,297.142857143,102.0
14:53:01,3047.0,3060.5355123,13.0382663299,36.3636363636,298.0,0,42.7905032159,-168.0,62.2306717364,312.952380952,-20.0
14:53:01,3047.0,3060.52799466,13.0330630093,36.3636363636,42.0,0,42.7734263515,6.0,61.1036339165,249.80952381,12.0
14:53:02,3047.0,3060.52048119,13.0284014273,36.3636363636,84.0,0,42.7581274279,6.0,61.2817089452,203.047619048,12.0
14:53:02,3047.0,3060.5129719,13.0231744888,36.3636363636,54.0,0,42.7409730515,-4.0,62.4324324324,147.142857143,-6.0
14:53:03,3047.0,3060.50546678,13.0179354879,36.3636363636,60.0,0,42.7237790873,40.0,107.317073171,93.8095238095,-48.0
14:53:03,3047.0,3060.49796582,13.01268441,36.3636363636,50.0,0,42.7065454875,-34.0,61.5646258503,69.0476190476,-154.0
14:53:04,3047.0,3060.49046904,13.0074212406,36.3636363636,306.0,0,42.6892722041,-110.0,77.8523489933,128.476190476,-96.0
14:53:04,3047.0,3060.48297641,13.0027020429,36.3636363636,140.0,0,42.6737841907,-2.0,71.757925072,140.095238095,-104.0
14:53:05,3047.0,3060.47548795,12.9974151158,36.3636363636,88.0,0,42.6564329365,22.0,72.7793696275,132.19047619,-88.0
14:53:05,3047.0,3060.46800365,12.9921160537,36.3636363636,302.0,0,42.6390418565,10.0,70.8245243129,185.238095238,-74.0
14:53:06,3046.0,3060.4599681,12.9871243188,33.3333333333,256.0,0,42.6366523925,14.0,55.3415061296,213.333333333,-100.0
14:53:06,3046.0,3060.45193702,12.9826780964,33.3333333333,1340.0,0,42.6220554709,-184.0,39.3092105263,541.80952381,-250.0
14:53:07,3046.0,3060.44391039,12.9782203567,33.3333333333,92.0,0,42.6074207376,-4.0,36.519386835,452.285714286,-144.0
14:53:07,3045.0,3060.43533282,12.9740915587,30.0,126.0,0,42.6078540517,-6.0,37.5680580762,382.666666667,-148.0
14:53:08,3046.0,3060.42731542,12.9690514058,33.3333333333,28.0,0,42.5773191262,18.0,36.2873134329,285.714285714,-152.0
14:53:08,3045.0,3060.41874707,12.9648986911,30.0,76.0,0,42.5776640102,14.0,31.1783107404,205.333333333,-148.0
14:53:09,3045.0,3060.41018348,12.960734144,30.0,166.0,0,42.5639873367,30.0,34.3544857768,161.428571429,-132.0
14:53:09,3046.0,3060.40218004,12.955657277,33.3333333333,126.0,0,42.5333462803,46.0,50.8143322476,110.380952381,98.0
14:53:10,3045.0,3060.39362565,12.9514687397,30.0,188.0,0,42.5335590795,44.0,40.2816901409,134.857142857,146.0
14:53:10,3045.0,3060.38507601,12.9467068957,30.0,64.0,0,42.5179208399,16.0,40.7407407408,119.333333333,168.0
14:53:11,3045.0,3060.37653112,12.9424941783,30.0,56.0,0,42.5040859715,22.0,36.9822485207,104.476190476,172.0
14:53:11,3045.0,3060.36799098,12.9382695692,30.0,76.0,0,42.4902120498,-4.0,34.6153846154,94.0,154.0
14:53:12,3045.0,3060.35945558,12.9340330567,30.0,26.0,0,42.4762990367,0.0,35.8208955224,69.2380952381,124.0
14:53:12,3045.0,3060.35092492,12.9292214224,30.0,84.0,0,42.4604972821,-32.0,37.6518218624,67.7142857143,46.0
14:53:13,3046.0,3060.34295439,12.9240579539,33.3333333333,46.0,0,42.4296058895,0.0,38.0681818182,57.3333333333,2.0
14:53:13,3045.0,3060.3344329,12.9197849253,30.0,190.0,0,42.4295071438,-28.0,55.230125523,94.8571428571,-42.0
14:53:14,3045.0,3060.32591613,12.9154999443,30.0,132.0,0,42.4154349567,-88.0,50.1805054152,109.80952381,-152.0
14:53:14,3045.0,3060.3174041,12.9106379718,30.0,122.0,0,42.3994678878,-8.0,46.0,118.285714286,-156.0
14:53:15,3046.0,3060.3094522,12.9054246298,33.3333333333,38.0,0,42.3684327966,-16.0,47.385620915,100.571428571,-172.0
14:53:15,3045.0,3060.30094931,12.9005369989,30.0,224.0,0,42.366295563,74.0,55.8510638298,135.428571429,-66.0
14:53:16,3046.0,3060.29300654,12.8952982118,33.3333333333,44.0,0,42.3351878261,4.0,57.6,112.19047619,-62.0
14:53:16,3046.0,3060.28506819,12.8906136777,33.3333333333,102.0,0,42.3198085282,26.0,43.2024169184,105.619047619,-8.0
14:53:17,3045.0,3060.27657884,12.8862553703,30.0,36.0,0,42.3193936628,14.0,51.5901060071,84.380952381,94.0
14:53:17,3045.0,3060.26809421,12.8813171935,30.0,34.0,0,42.3031763332,6.0,61.9246861925,67.1428571429,108.0
14:53:18,3046.0,3060.26016969,12.8760283031,33.3333333333,96.0,0,42.2719248295,-32.0,69.0298507463,71.8095238095,92.0
14:53:18,3045.0,3060.25169417,12.8710642912,30.0,124.0,0,42.2695050613,-100.0,61.9266055046,81.7142857143,-82.0
14:53:19,3045.0,3060.24322336,12.8666565438,30.0,438.0,0,42.2550297006,98.0,31.8072289157,186.095238095,12.0
14:53:19,3045.0,3060.23475726,12.8616669876,30.0,84.0,0,42.2386436375,-58.0,28.3251231527,170.571428571,-72.0
14:53:20,3045.0,3060.22629585,12.8566643981,30.0,146.0,0,42.222214772,-62.0,29.7180043384,173.619047619,-148.0
14:53:20,3045.0,3060.21783915,12.8516487599,30.0,30.0,0,42.205743054,-20.0,30.7189542484,138.285714286,-174.0
14:53:21,3045.0,3060.20938714,12.846620058,30.0,40.0,32.5581395349,42.1892284334,-16.0,26.6821345708,106.0,-158.0
14:53:21,3045.0,3060.20093983,12.8415782768,26.3157894737,28.0,0,42.1726708597,-14.0,23.498694517,72.9523809524,-72.0
14:53:22,3045.0,3060.19249721,12.836523401,26.3157894737,62.0,0,42.1560702825,-16.0,49.7435897436,54.1904761905,-186.0
14:53:22,3044.0,3060.18350387,12.8318136546,25.0,40.0,0,42.15444696,-20.0,63.5838150289,47.0476190476,-148.0
14:53:23,3044.0,3060.17451554,12.8270905331,25.0,206.0,0,42.1389307919,-178.0,84.7290640394,89.4285714286,-264.0
14:53:23,3045.0,3060.16608759,12.8219960474,26.3157894737,882.0,0,42.1083614035,728.0,95.5484896661,322.095238095,484.0
14:53:24,3046.0,3060.15821973,12.8165522047,30.0,232.0,0,42.0766651501,-76.0,95.0344827586,328.476190476,424.0
14:53:24,3046.0,3060.15035623,12.8110954244,30.0,484.0,0,42.0587505724,98.0,96.0125918153,397.714285714,536.0
14:53:25,3046.0,3060.14249711,12.806200743,30.0,384.0,0,42.0426813623,258.0,97.9353680431,416.666666667,810.0
14:53:25,3047.0,3060.13519775,12.8004043598,33.3333333333,28.0,0,42.0098600585,4.0,97.5631768953,318.571428571,834.0
14:53:26,3046.0,3060.12734704,12.7949092856,30.0,46.0,0,42.0056115745,20.0,96.0116731518,226.19047619,1032.0
14:53:26,3046.0,3060.11950069,12.7894012079,30.0,70.0,0,41.9875285879,-26.0,91.961414791,148.285714286,278.0
14:53:27,3046.0,3060.11165871,12.7844571431,30.0,24.0,0,41.9712972525,16.0,89.7683397683,95.9047619048,370.0
14:53:27,3047.0,3060.10437647,12.7786098008,33.3333333333,120.0,0,41.9383321326,-8.0,83.630952381,80.8571428571,264.0
14:53:28,3046.0,3060.09654289,12.7730632335,30.0,124.0,0,41.9338911146,8.0,70.8737864078,84.2857142857,14.0
14:53:28,3047.0,3060.08926905,12.7671901063,33.3333333333,400.0,0,41.9008536471,306.0,41.8367346939,178.952380952,316.0
14:53:29,3047.0,3060.08199925,12.761304112,33.3333333333,68.0,0,41.8815363046,16.0,45.4094292804,161.047619048,312.0
14:53:29,3047.0,3060.07473349,12.7554052329,33.3333333333,80.0,0,41.8621766749,8.0,46.8137254902,145.523809524,346.0
14:53:30,3047.0,3060.06747177,12.749493451,33.3333333333,10.0,0,41.8427746996,-2.0,48.3790523691,109.523809524,328.0
14:53:30,3046.0,3060.05965868,12.7438818261,30.0,294.0,0,41.8380887264,26.0,53.4836065574,155.333333333,362.0
14:53:31,3047.0,3060.05240533,12.7379440823,33.3333333333,118.0,0,41.8048706345,20.0,47.2164948454,142.571428571,374.0
14:53:31,3047.0,3060.045156,12.731993382,33.3333333333,48.0,0,41.7853409319,-24.0,73.1391585761,110.095238095,44.0
14:53:32,3047.0,3060.03791071,12.7266118549,33.3333333333,498.0,0,41.7676792088,154.0,45.0381679389,222.952380952,182.0
14:53:32,3047.0,3060.03066943,12.7206357089,33.3333333333,44.0,0,41.7480659959,-38.0,43.4782608696,185.619047619,136.0
14:53:33,3047.0,3060.02343218,12.7146465527,33.3333333333,52.0,0,41.7284100843,-12.0,44.9715370019,152.285714286,126.0
14:53:33,3046.0,3060.01564355,12.7089568123,30.0,40.0,0,41.7234301125,8.0,30.25,113.523809524,108.0
14:53:34,3046.0,3060.00785925,12.7032538088,30.0,108.0,0,41.7047071857,-12.0,29.3670886076,106.285714286,76.0
14:53:34,3047.0,3060.00063466,12.6972253093,33.3333333333,430.0,0,41.6712350158,-170.0,17.4061433447,191.523809524,-70.0
14:53:35,3046.0,3059.99285869,12.6914958404,30.0,336.0,0,41.666105845,-224.0,20.198019802,231.714285714,-448.0
14:53:35,3046.0,3059.98508704,12.6857530543,30.0,80.0,0,41.6472523123,-62.0,16.6347992352,206.476190476,-472.0
14:53:36,3047.0,3059.97787511,12.6802713367,33.3333333333,56.0,0,41.615593491,-52.0,14.2857142857,172.666666667,-512.0
14:53:36,3047.0,3059.97066718,12.6741907204,33.3333333333,494.0,0,41.5956374151,-334.0,41.4893617021,263.80952381,-854.0
14:53:37,3046.0,3059.96290785,12.6684086247,30.0,226.0,0,41.5903106525,-44.0,37.2379778052,256.761904762,-886.0
14:53:37,3046.0,3059.95515284,12.6626131398,30.0,56.0,0,41.5712841096,2.0,48.5576923077,195.523809524,-714.0
14:53:38,3047.0,3059.94795753,12.6564927953,33.3333333333,120.0,0,41.5375543002,-66.0,56.976744186,170.380952381,-556.0
14:53:38,3046.0,3059.94021081,12.6506705893,30.0,152.0,0,41.5320767868,-20.0,52.8985507246,164.666666667,-514.0
14:53:39,3046.0,3059.9324684,12.6448349383,30.0,10.0,0,41.5129183792,0.0,54.0642722117,114.952380952,-462.0
14:53:39,3047.0,3059.92528569,12.638674696,33.3333333333,354.0,0,41.4790767837,-2.0,28.7581699346,165.714285714,-130.0
14:53:40,3047.0,3059.91810697,12.6325011819,33.3333333333,24.0,0,41.4588158251,-4.0,36.312849162,128.857142857,-90.0
14:53:40,3047.0,3059.91093224,12.6269054179,33.3333333333,84.0,0,41.440450994,-8.0,37.0967741935,118.761904762,-100.0
14:53:41,3046.0,3059.90320609,12.6210166678,30.0,28.0,0,41.4347231378,-26.0,38.3435582822,91.3333333333,-60.0
14:53:41,3046.0,3059.89548423,12.6151143793,30.0,218.0,0,41.4153459596,-52.0,39.8328690808,122.571428571,-92.0
14:53:42,3047.0,3059.88832206,12.6088879312,33.3333333333,316.0,0,41.3813191046,40.0,37.3046875,178.666666667,-52.0
14:53:42,3047.0,3059.88116387,12.6026481148,33.3333333333,40.0,0,41.3608405475,-22.0,30.7042253521,141.333333333,-72.0
14:53:43,3047.0,3059.87400966,12.5969886172,33.3333333333,72.0,0,41.3422665481,58.0,35.8839050132,128.095238095,-10.0
14:53:43,3047.0,3059.86685942,12.5907225514,33.3333333333,34.0,0,41.3217018426,12.0,37.0056497175,101.714285714,10.0
14:53:44,3047.0,3059.85971315,12.5844430587,33.3333333333,76.0,0,41.301093071,44.0,39.6825396825,89.7142857143,80.0
14:53:44,3047.0,3059.85257085,12.578150119,33.3333333333,366.0,0,41.2804401675,-34.0,69.4690265487,158.285714286,98.0
14:53:45,3047.0,3059.84543251,12.5718437121,33.3333333333,246.0,0,41.2597430656,92.0,89.928057554,185.523809524,150.0
14:53:45,3047.0,3059.83829814,12.5655238176,33.3333333333,108.0,0,41.2390016989,-72.0,92.2394678492,176.666666667,100.0
14:53:46,3047.0,3059.83116774,12.5591904153,33.3333333333,56.0,0,41.2182160005,-2.0,90.0677200903,149.714285714,40.0
14:53:46,3047.0,3059.82404129,12.5528434847,33.3333333333,50.0,0,41.1973859033,-12.0,90.243902439,121.80952381,16.0
14:53:47,3047.0,3059.8169188,12.5464830053,33.3333333333,40.0,0,41.17651134,10.0,90.7621247113,90.2857142857,-18.0
14:53:47,3047.0,3059.80980027,12.5401089564,33.3333333333,22.0,0,41.1555922429,-2.0,82.7586206897,55.3333333333,14.0
14:53:48,3046.0,3059.80213029,12.5340307596,30.0,36.0,0,41.1491489154,-20.0,68.5897435898,40.7619047619,-98.0
14:53:48,3047.0,3059.79501997,12.5276294152,33.3333333333,8.0,0,41.1146354291,-4.0,58.4905660378,28.1904761905,-30.0
14:53:49,3047.0,3059.7879136,12.5212144393,33.3333333333,34.0,0,41.0935820127,-30.0,61.052631579,27.8095238095,-58.0
14:53:49,3046.0,3059.78025577,12.5144718695,30.0,456.0,0,41.0849371947,-160.0,47.9865771812,149.047619048,-206.0
14:53:50,3047.0,3059.7731576,12.5080288999,33.3333333333,20.0,0,41.0503081715,-12.0,45.1388888889,126.380952381,-228.0
14:53:50,3046.0,3059.76550797,12.5012569245,30.0,212.0,0,41.0415526082,8.0,39.6866840731,159.523809524,-218.0
14:53:51,3046.0,3059.75786259,12.49446986,30.0,74.0,0,41.0192707158,-14.0,43.0348258706,144.19047619,-212.0
14:53:51,3047.0,3059.75077686,12.4873589137,33.3333333333,46.0,0,40.9824709999,2.0,45.8432304038,119.047619048,-206.0
14:53:52,3047.0,3059.74369506,12.4808591105,33.3333333333,34.0,0,40.9611391877,10.0,45.3681710214,88.6666666667,-166.0
14:53:52,3046.0,3059.73606179,12.4740274337,30.0,290.0,0,40.9521583509,-178.0,31.3609467456,131.428571429,-184.0
14:53:53,3046.0,3059.72843277,12.4678078522,30.0,76.0,0,40.9317395016,-24.0,37.9781420765,120.952380952,-196.0
14:53:53,3046.0,3059.72080798,12.4609463877,30.0,40.0,0,40.9092133542,-36.0,46.7857142857,97.5238095238,-240.0
14:53:54,3046.0,3059.71318742,12.4540696872,30.0,30.0,0,40.8866371873,-24.0,44.1860465116,79.4285714286,-250.0
14:53:54,3046.0,3059.7055711,12.4478068095,30.0,68.0,0,40.8660761967,-28.0,44.9814126394,74.2857142857,-280.0
14:53:55,3046.0,3059.69795901,12.4409001773,30.0,208.0,0,40.843401764,-116.0,59.2696629213,108.095238095,-406.0
14:53:55,3046.0,3059.69035115,12.4339782346,30.0,26.0,0,40.8206770669,-16.0,91.5178571429,81.619047619,-244.0
14:53:56,3046.0,3059.68274751,12.4270409557,30.0,44.0,0,40.7979020212,-28.0,91.3461538461,72.8571428571,-248.0
14:53:56,3046.0,3059.67514809,12.4200883149,30.0,66.0,0,40.7750765427,-62.0,89.592760181,71.9047619048,-274.0
14:53:57,3046.0,3059.6675529,12.4131202865,30.0,42.0,0,40.7522005466,-16.0,93.3920704846,62.8571428571,-266.0
14:53:57,3046.0,3059.65996192,12.4061368445,30.0,124.0,0,40.7292739478,-114.0,75.2941176471,76.6666666667,-352.0
14:53:58,3046.0,3059.65237516,12.3991379629,30.0,150.0,0,40.7062966608,-110.0,70.3539823009,95.2380952381,-346.0
14:53:58,3045.0,3059.64423721,12.3924534483,26.3157894737,272.0,0,40.697712474,-40.0,59.0257879656,151.428571429,-370.0
14:53:59,3046.0,3059.63665919,12.3854235282,30.0,126.0,0,40.6612722527,32.0,63.3333333333,154.19047619,-310.0
14:53:59,3046.0,3059.62908537,12.3783780899,30.0,612.0,0,40.6381421204,-158.0,35.1432880845,291.904761905,-406.0
14:54:00,3046.0,3059.62151576,12.3713171069,30.0,106.0,0,40.6149609551,48.0,37.5539568345,259.047619048,-342.0
14:54:00,3046.0,3059.61395035,12.3642405527,30.0,186.0,0,40.5917286693,84.0,44.3526170799,246.0,-144.0
14:54:01,3046.0,3059.60638915,12.3571484004,30.0,164.0,0,40.5684451753,-2.0,38.6084583902,223.714285714,-36.0
14:54:01,3045.0,3059.59827674,12.3497096482,26.3157894737,350.0,0,40.5573387462,-140.0,29.6632124352,253.904761905,-136.0
14:54:02,3045.0,3059.59016884,12.3422537529,26.3157894737,40.0,0,40.5328530472,-18.0,25.3772290809,191.80952381,-186.0
14:54:02,3045.0,3059.58206544,12.3347806833,26.3157894737,26.0,0,40.5083109469,-8.0,42.2018348624,129.80952381,-36.0
14:54:03,3045.0,3059.57396654,12.3279527678,26.3157894737,30.0,0,40.4858875789,-22.0,37.4371859297,96.8571428571,-106.0
14:54:03,3045.0,3059.56587214,12.3204459414,26.3157894737,30.0,0,40.4612346187,-22.0,28.75,67.5238095238,-212.0
14:54:04,3045.0,3059.55778224,12.3135855384,26.3157894737,8.0,0,40.4387045596,-4.0,27.2727272727,39.3333333333,-214.0
14:54:04,3044.0,3059.54914142,12.306396231,25.0,10.0,0,40.4283713239,-2.0,88.8888888889,19.1428571429,-76.0
14:54:05,3044.0,3059.54050541,12.2991894462,25.0,16.0,0,40.4046959468,2.0,80.0,16.8571428571,-56.0
14:54:05,3044.0,3059.53187419,12.2926308348,25.0,12.0,0,40.3831499171,-2.0,73.5849056604,14.5714285714,-50.0
14:54:06,3045.0,3059.52380317,12.2850385488,26.3157894737,28.0,0,40.3449541832,-14.0,73.0769230769,17.5238095238,-42.0
14:54:06,3045.0,3059.51573663,12.2780958701,26.3157894737,98.0,0,40.3221539247,-14.0,77.9069767442,40.5714285714,-34.0
14:54:07,3045.0,3059.50767458,12.270469406,26.3157894737,106.0,0,40.2971080658,-12.0,83.7037037037,62.6666666667,-42.0
14:54:07,3045.0,3059.49961699,12.2628254572,26.3157894737,62.0,0,40.2720047856,-6.0,71.4285714286,67.5238095238,-46.0
14:54:08,3045.0,3059.49156389,12.2551639909,26.3157894737,394.0,0,40.2468439768,-356.0,81.1428571428,164.761904762,-404.0
14:54:08,3045.0,3059.48351526,12.2481547615,26.3157894737,272.0,0,40.2238251609,-144.0,83.9583333333,209.142857143,-546.0
14:54:09,3045.0,3059.47547109,12.2404588662,26.3157894737,262.0,0,40.1985512849,-140.0,85.0921273032,238.285714286,-672.0
14:54:09,3045.0,3059.4674314,12.2327453562,26.3157894737,172.0,0,40.1732195607,-18.0,73.5015772871,230.571428571,-676.0
14:54:10,3045.0,3059.45939617,12.2250141982,26.3157894737,720.0,0,40.147829879,176.0,46.2274176408,375.904761905,-488.0
14:54:10,3044.0,3059.45081,12.2169205547,25.0,304.0,0,40.1344302059,46.0,40.6779661017,373.142857143,-436.0
14:54:11,3044.0,3059.4422286,12.2088075846,25.0,30.0,32.5581395349,40.1077778733,-10.0,30.6818181818,280.571428571,-90.0
14:54:11,3044.0,3059.43365197,12.2013721115,27.7777777778,148.0,0,40.0833512206,24.0,27.0171149144,239.047619048,78.0
14:54:12,3044.0,3059.4250801,12.1945934691,27.7777777778,48.0,0,40.0610823558,24.0,17.158931083,174.857142857,242.0
14:54:12,3044.0,3059.41651299,12.187122821,27.7777777778,18.0,0,40.0365401479,6.0,20.3470031546,112.285714286,266.0
14:54:13,3044.0,3059.40795064,12.1803103073,27.7777777778,56.0,0,40.0141600108,40.0,44.701986755,67.9047619048,130.0
14:54:13,3043.0,3059.39883764,12.1731772408,26.3157894737,226.0,0,40.0038686848,204.0,92.3954372624,103.714285714,288.0
14:54:14,3044.0,3059.39028511,12.1663306619,27.7777777778,38.0,0,39.9682347631,14.0,88.0149812734,89.5238095238,312.0
14:54:14,3044.0,3059.38173732,12.1587892275,27.7777777778,114.0,0,39.9434600114,64.0,85.6,96.6666666667,352.0
14:54:15,3043.0,3059.37263888,12.1509005884,26.3157894737,158.0,0,39.9306624658,26.0,72.7868852459,118.0,354.0
14:54:15,3043.0,3059.3635455,12.1436947009,26.3157894737,180.0,0,39.9069822572,92.0,71.5025906736,140.380952381,440.0
14:54:16,3044.0,3059.35501257,12.1360979629,27.7777777778,146.0,0,39.8689157783,120.0,72.3897911833,145.333333333,520.0
14:54:16,3044.0,3059.34648437,12.1284830049,27.7777777778,422.0,0,39.8438994905,260.0,40.2646502836,224.857142857,576.0
14:54:17,3043.0,3059.33740551,12.1212222033,26.3157894737,154.0,0,39.8331324458,20.0,39.863713799,218.476190476,582.0
14:54:17,3043.0,3059.3283317,12.1139429793,26.3157894737,218.0,0,39.8092112367,-176.0,29.5774647887,224.857142857,342.0
14:54:18,3044.0,3059.31981832,12.1062730398,27.7777777778,228.0,0,39.7709363987,-134.0,24.6290801187,229.142857143,182.0
14:54:18,3043.0,3059.31075428,12.098956946,26.3157894737,74.0,0,39.7599636741,-18.0,17.5523349436,186.095238095,72.0
14:54:19,3044.0,3059.30225066,12.0912502002,27.7777777778,124.0,0,39.7215841006,22.0,17.2131147541,162.380952381,-26.0
14:54:19,3043.0,3059.29319637,12.0831887316,26.3157894737,248.0,0,39.7081456838,18.0,21.223709369,175.142857143,-268.0
14:54:20,3043.0,3059.28414711,12.0751071584,26.3157894737,36.0,0,39.6815877698,8.0,21.5517241379,135.619047619,-280.0
14:54:20,3044.0,3059.27565828,12.0673434145,27.7777777778,1912.0,0,39.6430466968,10.0,10.4500381388,637.714285714,-94.0
14:54:21,3043.0,3059.26661875,12.0599330378,26.3157894737,982.0,0,39.6317221091,-166.0,7.87914691943,793.428571429,-126.0
14:54:21,3043.0,3059.25758425,12.0517925387,26.3157894737,1438.0,0,39.604970551,540.0,6.0759493671,1043.52380952,432.0
14:54:22,3043.0,3059.24855477,12.0443439898,26.3157894737,422.0,0,39.5804929011,-78.0,3.81103612545,938.380952381,332.0
14:54:22,3043.0,3059.2395303,12.0368766713,26.3157894737,348.0,0,39.5559535698,-38.0,8.48579213702,797.904761905,276.0
14:54:23,3043.0,3059.23051085,12.0293905481,26.3157894737,290.0,0,39.5313524422,274.0,12.7967359051,636.095238095,542.0
14:54:23,3043.0,3059.2214964,12.0211711359,26.3157894737,138.0,0,39.5043415573,30.0,16.9154228856,418.761904762,562.0
14:54:24,3043.0,3059.21248696,12.012931301,26.3157894737,890.0,0,39.4772635588,356.0,18.88825865,500.761904762,1084.0
14:54:24,3042.0,3059.20292712,12.0050655975,25.0,68.0,0,39.4643839497,50.0,31.8181818182,352.285714286,594.0
14:54:25,3042.0,3059.19337259,11.9971792949,25.0,714.0,0,39.4384592206,512.0,29.4934640523,453.619047619,1184.0
14:54:25,3042.0,3059.18382337,11.9899899575,25.0,294.0,0,39.414825633,86.0,25.9816207185,421.047619048,1308.0
14:54:26,3042.0,3059.17427946,11.9820631249,25.0,160.0,0,39.3887676689,38.0,18.0212014134,352.761904762,1072.0
14:54:26,3041.0,3059.16418544,11.9745331103,23.8095238095,354.0,0,39.3769586002,248.0,17.4193548387,346.095238095,1290.0
14:54:27,3042.0,3059.15465243,11.9665647596,25.0,368.0,0,39.3378197225,190.0,22.8804902962,333.142857143,1124.0
14:54:27,3041.0,3059.14456931,11.9589930486,23.8095238095,890.0,0,39.3258567861,174.0,18.8489208633,494.19047619,1248.0
14:54:28,3042.0,3059.13504719,11.9509830165,25.0,372.0,0,39.2865976875,108.0,21.1648892535,468.095238095,844.0
14:54:28,3042.0,3059.12553037,11.9429520999,25.0,1752.0,0,39.2601975671,-272.0,39.7330595483,852.571428571,486.0
14:54:29,3042.0,3059.11601883,11.9356233545,25.0,316.0,0,39.2361057019,-24.0,42.4975320829,757.333333333,424.0
14:54:29,3042.0,3059.10651257,11.9275513486,25.0,520.0,0,39.2095705081,308.0,30.915125652,712.952380952,484.0
14:54:30,3043.0,3059.09756699,11.9190643923,26.3157894737,366.0,0,39.1687952425,14.0,29.3168880455,616.666666667,308.0
14:54:30,3042.0,3059.08807098,11.911675865,25.0,1056.0,0,39.1573828568,70.0,20.2190780466,717.619047619,204.0
14:54:31,3042.0,3059.07858024,11.9035415644,25.0,886.0,0,39.1306428809,-50.0,18.8316993464,762.095238095,46.0
14:54:31,3041.0,3059.06853938,11.8958032561,23.8095238095,496.0,0,39.1180639793,190.0,-7.08791208791,670.666666667,508.0
14:54:32,3042.0,3059.05905949,11.8876266074,25.0,482.0,0,39.0783254683,54.0,-11.8234366789,635.047619048,586.0
14:54:32,3041.0,3059.04902946,11.8805744518,23.8095238095,270.0,0,39.0679857015,172.0,-3.03712035996,530.952380952,450.0
14:54:33,3040.0,3059.03844961,11.8732134329,22.7272727273,312.0,0,39.0566231344,-40.0,1.99885779554,450.761904762,396.0
14:54:33,3040.0,3059.02787563,11.866561121,22.7272727273,3058.0,0,39.0347405298,-272.0,46.4026162791,1157.71428571,54.0
14:54:34,3042.0,3059.01841832,11.859031824,25.0,870.0,0,38.9843255227,4.0,47.7587463557,1144.19047619,108.0
14:54:34,3041.0,3059.00841087,11.8518994903,23.8095238095,1400.0,0,38.973691188,1062.0,42.6157697121,1282.85714286,980.0
14:54:35,3040.0,3058.99785358,11.8444548676,22.7272727273,408.0,0,38.9620225909,130.0,43.7163659386,1095.04761905,1056.0
14:54:35,3041.0,3058.98785755,11.8365485329,23.8095238095,924.0,0,38.9232112231,-150.0,43.9472174412,1058.19047619,734.0
14:54:36,3041.0,3058.97786707,11.8286206056,23.8095238095,1314.0,0,38.8971410906,-280.0,33.2330072736,1101.61904762,494.0
14:54:36,3041.0,3058.96788214,11.8214059575,23.8095238095,634.0,0,38.8734164995,-118.0,18.7747747748,903.047619048,648.0
14:54:37,3041.0,3058.95790275,11.8134355368,23.8095238095,142.0,0,38.847206632,-54.0,20.3027789299,679.333333333,590.0
14:54:37,3042.0,3058.94848431,11.8050269686,25.0,954.0,0,38.8067947684,-272.0,36.8829981718,722.285714286,-744.0
14:54:38,3042.0,3058.9390711,11.796596702,25.0,252.0,0,38.7790818607,-206.0,36.4928909953,585.904761905,-1080.0
14:54:38,3042.0,3058.92966312,11.7881446906,25.0,700.0,0,38.7512974708,-16.0,27.9279279279,584.952380952,-946.0
14:54:39,3041.0,3058.91970496,11.7808263055,23.8095238095,134.0,0,38.7399746976,-22.0,48.2244318182,432.952380952,-688.0
14:54:39,3042.0,3058.91030774,11.7723314976,25.0,236.0,0,38.6993145877,20.0,32.2580645161,366.285714286,-550.0
14:54:40,3042.0,3058.90091573,11.7638148069,25.0,316.0,0,38.671317577,66.0,30.4783950617,341.428571429,-430.0
14:54:40,3041.0,3058.89097354,11.755692445,23.8095238095,82.0,0,38.6573247122,-60.0,2.44186046514,241.428571429,-218.0
14:54:41,3041.0,3058.88103687,11.7475480466,23.8095238095,288.0,0,38.630542738,46.0,3.64464692484,241.80952381,34.0
14:54:41,3043.0,3058.87221652,11.7385728483,26.3157894737,1082.0,0,38.5756583908,60.0,62.4883068288,467.333333333,110.0
14:54:42,3042.0,3058.86284567,11.7299681491,25.0,262.0,0,38.560053087,112.0,60.105913504,440.380952381,244.0
14:54:42,3042.0,3058.85348002,11.7213413275,25.0,96.0,0,38.5316940417,-82.0,60.8654750706,359.904761905,142.0
14:54:43,3042.0,3058.84411958,11.7126923347,25.0,850.0,0,38.5032621129,-378.0,47.2932330827,501.523809524,-302.0
14:54:43,3041.0,3058.83420893,11.7044372587,23.8095238095,236.0,0,38.4887775689,-24.0,52.4520255864,442.285714286,-266.0
14:54:44,3042.0,3058.82485919,11.6964913886,25.0,416.0,0,38.4500045646,320.0,57.6478585996,427.142857143,8.0
14:54:44,3042.0,3058.81551464,11.6885249072,25.0,120.0,0,38.423816263,54.0,32.7777777778,321.333333333,2.0
14:54:45,3043.0,3058.80673069,11.6801455173,26.3157894737,118.0,0,38.3836527023,-18.0,35.1307189542,260.761904762,-128.0
14:54:45,3043.0,3058.79795161,11.6709953577,26.3157894737,116.0,0,38.3535831669,-66.0,35.5064655172,206.476190476,-112.0
14:54:46,3042.0,3058.788622,11.6622150105,25.0,356.0,0,38.3373274506,194.0,50.2936857562,219.80952381,460.0
14:54:46,3042.0,3058.77929758,11.65341215,25.0,240.0,0,38.3083897107,-30.0,48.8286969253,223.523809524,454.0
14:54:47,3042.0,3058.76997834,11.6445867252,25.0,40.0,0,38.2793777948,30.0,42.5252525253,169.904761905,164.0
14:54:47,3042.0,3058.76066427,11.6364924077,25.0,346.0,0,38.2527692562,146.0,35.0328947368,221.619047619,256.0
14:54:48,3043.0,3058.75191078,11.6272304909,26.3157894737,152.0,0,38.2097617184,-42.0,44.32,207.142857143,232.0
14:54:48,3044.0,3058.74371755,11.6183332005,27.7777777778,112.0,0,38.1679802908,-48.0,44.1412520064,179.619047619,250.0
14:54:49,3043.0,3058.73497347,11.6090268065,26.3157894737,396.0,0,38.1499402121,16.0,40.7465007776,233.428571429,72.0
14:54:49,3043.0,3058.72623424,11.600454942,26.3157894737,140.0,0,38.1217710877,24.0,35.5817875211,212.19047619,126.0
14:54:50,3043.0,3058.71749987,11.5918620347,26.3157894737,38.0,0,38.0935328121,4.0,35.3040540541,166.571428571,100.0
14:54:50,3043.0,3058.70877035,11.5839830753,26.3157894737,24.0,0,38.0676407338,2.0,42.2273781903,117.047619048,-44.0
14:54:51,3043.0,3058.70004568,11.5753488035,26.3157894737,32.0,0,38.0392665248,12.0,27.7628032345,85.1428571429,10.0
14:54:51,3043.0,3058.69132586,11.5666933504,26.3157894737,36.0,0,38.0108227091,4.0,32.7327327327,60.0952380952,62.0
14:54:52,3043.0,3058.68261087,11.5580166683,26.3157894737,226.0,0,37.9823091303,-32.0,37.0967741935,92.9523809524,14.0
14:54:52,3043.0,3058.67390073,11.5500571554,26.3157894737,120.0,0,37.9561523346,-6.0,15.5462184874,103.619047619,-16.0
14:54:53,3044.0,3058.66575083,11.5417101751,27.7777777778,84.0,0,37.9162620732,16.0,24.5210727969,104.952380952,-4.0
14:54:53,3043.0,3058.65705005,11.5337114046,26.3157894737,336.0,0,37.9024364267,-272.0,14.8681055156,176.095238095,-278.0
14:54:54,3043.0,3058.6483541,11.524951993,26.3157894737,224.0,0,37.8736509794,-192.0,32.1637426901,200.380952381,-482.0
14:54:54,3043.0,3058.63966299,11.5161711181,26.3157894737,26.0,0,37.8447949988,-4.0,32.2834645669,158.952380952,-490.0
14:54:55,3043.0,3058.6309767,11.5081114174,26.3157894737,84.0,0,37.8183089628,-36.0,41.647597254,134.571428571,-494.0
14:54:55,3043.0,3058.62229524,11.4992883536,26.3157894737,46.0,0,37.7893143397,-32.0,50.0,106.095238095,-520.0
14:54:56,3043.0,3058.61361859,11.4911880859,26.3157894737,112.0,0,37.7626949916,-58.0,50.9661835749,100.0,-594.0
14:54:56,3043.0,3058.60494677,11.4830678858,26.3157894737,180.0,0,37.7360101408,-10.0,76.1904761905,112.0,-332.0
14:54:57,3043.0,3058.59627976,11.474927711,26.3157894737,246.0,0,37.7092596483,-92.0,53.3141210375,150.285714286,-232.0
14:54:57,3043.0,3058.58761757,11.4667675188,26.3157894737,156.0,0,37.6824433743,6.0,58.9805825243,161.80952381,-222.0
14:54:58,3043.0,3058.57896018,11.4578395045,26.3157894737,48.0,0,37.6531038597,14.0,57.8680203046,136.285714286,-172.0
14:54:58,3042.0,3058.56975221,11.4500299173,25.0,210.0,0,37.6398090642,-60.0,59.6638655462,158.761904762,-200.0
14:54:59,3042.0,3058.56054935,11.4422001036,25.0,270.0,0,37.6140700314,-36.0,48.8288288288,190.571428571,-178.0
14:54:59,3042.0,3058.5513516,11.4335997161,25.0,790.0,0,37.5857978835,-302.0,68.1395348837,363.428571429,-470.0
14:55:00,3044.0,3058.54326976,11.4249698078,27.7777777778,288.0,0,37.5327523251,-44.0,81.0442678774,363.80952381,-422.0
14:55:00,3043.0,3058.53463701,11.4166868579,26.3157894737,880.0,0,37.5178667694,-544.0,61.4641995173,531.333333333,-972.0
14:55:01,3043.0,3058.52600905,11.407630636,26.3157894737,250.0,28.5714285714,37.4881059351,-172.0,57.4404761905,484.380952381,-1158.0
14:55:01,3043.0,3058.51738588,11.3985522655,12.5,1534.0,0,37.4582723152,-1004.0,59.8205383848,794.666666667,-2102.0
14:55:02,3043.0,3058.50876751,11.3902064787,12.5,164.0,0,37.4308461343,-108.0,60.5734767025,650.476190476,-2174.0
14:55:02,3043.0,3058.50015392,11.3818402273,12.5,538.0,0,37.4033527023,-220.0,56.7049808429,618.19047619,-2092.0
14:55:03,3043.0,3058.49154511,11.372696945,12.5,886.0,0,37.3733057673,-164.0,41.2041392286,697.333333333,-2212.0
14:55:03,3042.0,3058.48238569,11.3646801478,11.7647058824,236.0,0,37.3592378296,-200.0,47.3946784922,562.285714286,-1868.0
14:55:04,3042.0,3058.47323135,11.3566426828,11.7647058824,170.0,0,37.3328161828,-24.0,49.5464852608,439.047619048,-1720.0
14:55:04,3044.0,3058.4651929,11.3478263507,17.6470588235,190.0,0,37.279324411,-128.0,42.673992674,325.333333333,-844.0
14:55:05,3043.0,3058.45660351,11.3393562121,12.5,236.0,0,37.2637404276,-54.0,37.4113475177,288.761904762,-790.0
14:55:05,3043.0,3058.44801889,11.3301043875,12.5,100.0,0,37.2333367976,0.0,25.5225522552,209.904761905,-570.0
14:55:06,3043.0,3058.43943904,11.3215918345,12.5,86.0,0,37.2053625846,22.0,53.8310412574,147.904761905,-384.0
14:55:06,3042.0,3058.43030856,11.3134497112,11.7647058824,304.0,0,37.1908274529,132.0,35.7274401473,186.285714286,-52.0
14:55:07,3042.0,3058.42118314,11.304523018,11.7647058824,1298.0,0,37.1614826363,156.0,21.7705510388,505.428571429,128.0
14:55:07,3042.0,3058.4120628,11.2955735314,11.7647058824,232.0,0,37.132062891,106.0,24.4680851064,466.285714286,362.0
14:55:08,3042.0,3058.40294752,11.2873666953,11.7647058824,314.0,0,37.1050844684,84.0,29.1345329906,448.571428571,500.0
14:55:08,3042.0,3058.3938373,11.279138776,11.7647058824,1572.0,0,37.0780367389,300.0,16.9732002102,786.571428571,800.0
14:55:09,3041.0,3058.38417674,11.2713054738,11.1111111111,254.0,0,37.0644704827,120.0,15.1484650226,677.904761905,898.0
14:55:09,3040.0,3058.37396614,11.2638912865,10.5263157895,102.0,0,37.0522739687,34.0,16.1187698834,517.80952381,800.0
14:55:10,3041.0,3058.36431662,11.2560154562,11.1111111111,852.0,0,37.0141909116,180.0,15.5141310884,581.619047619,824.0
14:55:10,3040.0,3058.35411706,11.2485585874,10.5263157895,1606.0,0,37.0018374584,-592.0,7.87234042554,882.095238095,126.0
14:55:11,3040.0,3058.34392316,11.241826163,10.5263157895,398.0,0,36.9796913256,214.0,7.56688963212,772.0,256.0
14:55:11,3041.0,3058.33429032,11.2346337306,11.1111111111,1282.0,0,36.9438794168,692.0,12.4165554072,910.476190476,648.0
14:55:12,3040.0,3058.32410743,11.2278616193,10.5263157895,386.0,0,36.9337553268,148.0,12.1054907047,806.761904762,676.0
14:55:12,3040.0,3058.3139302,11.2203213427,10.5263157895,146.0,0,36.9089517853,-38.0,13.3190578159,628.19047619,604.0
14:55:13,3040.0,3058.30375862,11.2135085498,10.5263157895,768.0,0,36.8865412823,110.0,18.2293938072,625.238095238,534.0
14:55:13,3040.0,3058.29359269,11.2066757517,10.5263157895,424.0,0,36.8640649728,-174.0,29.8472385429,528.0,952.0
14:55:14,3041.0,3058.2839878,11.1993830297,11.1111111111,618.0,0,36.8279612948,-4.0,43.0463576159,542.476190476,734.0
14:55:14,3040.0,3058.27383285,11.1917587039,10.5263157895,252.0,0,36.8149957364,-44.0,50.6553585197,441.904761905,-2.0
14:55:15,3042.0,3058.26479435,11.1840101323,11.7647058824,116.0,0,36.765319304,46.0,54.9053356282,351.523809524,-104.0
14:55:15,3042.0,3058.25576086,11.1762415797,11.7647058824,170.0,0,36.739781656,6.0,54.9403747871,289.428571429,-60.0
14:55:16,3042.0,3058.24673239,11.1684530046,11.7647058824,388.0,0,36.7141781873,44.0,58.5365853658,288.476190476,-126.0
14:55:16,3042.0,3058.23770893,11.1606443649,11.7647058824,1352.0,0,36.6885087602,-494.0,41.0220994475,581.047619048,-446.0
14:55:17,3041.0,3058.22813509,11.1532305014,11.1111111111,198.0,0,36.6761936909,22.0,28.7560581583,499.714285714,-420.0
14:55:17,3041.0,3058.21856656,11.1457964139,11.1111111111,56.0,0,36.6517474973,-16.0,33.3333333333,397.80952381,-392.0
14:55:18,3041.0,3058.20900335,11.1383420619,11.1111111111,548.0,0,36.627234666,-92.0,24.1887905605,445.80952381,-530.0
14:55:18,3041.0,3058.19944544,11.1308674047,11.1111111111,290.0,0,36.6026550633,-142.0,25.0,399.523809524,-678.0
14:55:19,3041.0,3058.18989285,11.1233724014,11.1111111111,88.0,0,36.5780085544,-46.0,24.0916271722,289.80952381,-768.0
14:55:19,3041.0,3058.18034556,11.1150971184,11.1111111111,198.0,0,36.5507961801,-96.0,34.3976777939,225.80952381,-370.0
14:55:20,3041.0,3058.17080357,11.1067996635,11.1111111111,374.0,0,36.5235108961,-94.0,35.0064350064,267.047619048,-486.0
14:55:20,3041.0,3058.16126689,11.0984799871,11.1111111111,110.0,0,36.4961525391,-62.0,38.3084577114,224.476190476,-532.0
14:55:21,3040.0,3058.1511801,11.0913402434,10.5263157895,34.0,0,36.4846718533,10.0,66.9104204753,157.619047619,-430.0
14:55:21,3041.0,3058.14165431,11.0837403121,11.1111111111,102.0,0,36.4476827099,20.0,69.5364238411,134.666666667,-268.0
14:55:22,3040.0,3058.13157841,11.0765593021,10.5263157895,374.0,0,36.4360503357,-38.0,71.8120805369,198.380952381,-260.0
14:55:22,3041.0,3058.12206351,11.0689180971,11.1111111111,336.0,0,36.398941457,-100.0,73.5338345865,237.619047619,-264.0
14:55:23,3042.0,3058.1131093,11.0608418406,11.7647058824,356.0,0,36.3604268263,-88.0,83.993902439,276.0,-258.0
14:55:23,3040.0,3058.10304925,11.0535987101,10.5263157895,1060.0,0,36.3605220728,-602.0,25.641025641,516.380952381,-798.0
14:55:24,3041.0,3058.0935502,11.0458953293,11.1111111111,172.0,0,36.3232335723,-90.0,27.4166666667,457.80952381,-898.0
14:55:24,3041.0,3058.08405642,11.0381711308,11.1111111111,290.0,0,36.2978333799,-112.0,17.542503864,426.380952381,-1030.0
14:55:25,3041.0,3058.07456791,11.0304260709,11.1111111111,446.0,0,36.272364587,170.0,6.39097744361,430.571428571,-822.0
14:55:25,3042.0,3058.06564008,11.0222459362,11.7647058824,384.0,0,36.2335500862,-168.0,-4.87444608567,413.619047619,-890.0
14:55:26,3041.0,3058.0561618,11.0144590577,11.1111111111,176.0,0,36.2198587888,46.0,-17.4050632911,334.952380952,-756.0
14:55:26,3041.0,3058.04668878,11.0066511843,11.1111111111,90.0,0,36.1941834407,52.0,-0.385109114249,240.285714286,-102.0
14:55:27,3041.0,3058.03722103,10.9988222714,11.1111111111,248.0,0,36.1684389063,-116.0,1.71358629131,236.952380952,-128.0
14:55:27,3042.0,3058.02831394,10.9905582234,11.7647058824,436.0,0,36.1293827199,226.0,22.9213483146,283.714285714,210.0
14:55:28,3042.0,3058.01941179,10.9822730899,11.7647058824,116.0,0,36.1021469098,0.0,28.1379310345,232.095238095,40.0
14:55:28,3041.0,3058.00995919,10.9736052012,11.1111111111,388.0,0,36.0855152949,-194.0,41.1279229711,273.904761905,14.0
14:55:29,3041.0,3058.00051184,10.9656908514,11.1111111111,1350.0,0,36.0594898106,-828.0,45.8904109589,590.380952381,-860.0
14:55:29,3042.0,3057.99162513,10.9565637214,11.7647058824,208.0,0,36.0176322201,-10.0,58.0480699199,524.666666667,-922.0
14:55:30,3041.0,3057.98218796,10.9478274382,11.1111111111,150.0,0,36.0007479061,-64.0,53.7764350453,436.761904762,-870.0
14:55:30,3040.0,3057.97220063,10.9402867314,10.5263157895,436.0,0,35.9877853007,190.0,44.6374622357,435.238095238,-906.0
14:55:31,3041.0,3057.96277425,10.932285233,11.1111111111,176.0,0,35.9496390432,-54.0,52.8064992615,359.428571429,-960.0
14:55:31,3041.0,3057.9533531,10.9242622713,11.1111111111,84.0,0,35.9232564003,-44.0,54.8252911814,254.476190476,-810.0
14:55:32,3041.0,3057.94393719,10.9162177989,11.1111111111,110.0,0,35.8968030218,30.0,64.7766323024,171.428571429,48.0
14:55:32,3041.0,3057.9345265,10.9081517683,11.1111111111,70.0,0,35.8702787514,-18.0,41.5204678363,136.0,40.0
14:55:33,3040.0,3057.92456564,10.9005034287,10.5263157895,180.0,0,35.8569191735,-62.0,54.3560606061,138.571428571,42.0
14:55:33,3041.0,3057.91516572,10.8923941318,11.1111111111,192.0,0,35.818461466,-44.0,90.1477832512,143.142857143,-192.0
14:55:34,3041.0,3057.90577101,10.8842631331,11.1111111111,244.0,0,35.7917235551,-58.0,62.2727272727,174.19047619,-196.0
14:55:34,3041.0,3057.89638153,10.8761103839,11.1111111111,544.0,0,35.7649141201,210.0,74.328358209,287.714285714,58.0
14:55:35,3041.0,3057.88699726,10.8686978298,11.1111111111,62.0,0,35.7405387366,28.0,76.1609907121,241.619047619,56.0
14:55:35,3041.0,3057.8776182,10.8612651843,11.1111111111,438.0,0,35.7160972849,-258.0,60.9638554217,305.238095238,-184.0
14:55:36,3041.0,3057.86824435,10.8538124062,11.1111111111,132.0,0,35.6915896292,8.0,64.1439205955,263.904761905,-114.0
14:55:36,3040.0,3057.8583203,10.8467786081,10.5263157895,614.0,0,35.6801927898,140.0,46.3126843658,362.571428571,70.0
14:55:37,3041.0,3057.84895717,10.8392854162,11.1111111111,82.0,0,35.6438191916,38.0,49.1452991453,289.142857143,166.0
14:55:37,3040.0,3057.83904383,10.8322110494,10.5263157895,2570.0,0,35.6322731889,196.0,12.5192406362,934.285714286,152.0
14:55:38,3040.0,3057.82913601,10.8251163139,10.5263157895,226.0,0,35.6089352432,174.0,6.9423929099,813.238095238,298.0
14:55:38,3039.0,3057.81867828,10.8176979442,10.0,542.0,0,35.5962420013,160.0,6.96111377821,774.666666667,716.0
14:55:39,3040.0,3057.80878176,10.8105614797,10.5263157895,858.0,0,35.561057499,-14.0,10.5887162715,821.428571429,694.0
14:55:39,3039.0,3057.79833534,10.8038691058,10.0,680.0,0,35.5507374326,-74.0,13.1504638967,782.761904762,480.0
14:55:40,3040.0,3057.78845012,10.7966915907,10.5263157895,922.0,0,35.5154328643,-466.0,11.6591928251,810.095238095,-24.0
14:55:40,3040.0,3057.77857039,10.7887222174,10.5263157895,320.0,0,35.4892178203,10.0,17.7001127396,625.428571429,-210.0
14:55:41,3040.0,3057.76869615,10.7815026639,10.5263157895,260.0,0,35.4654692891,80.0,27.1356783919,530.761904762,-304.0
14:55:41,3040.0,3057.7588274,10.7742624529,10.5263157895,658.0,0,35.4416528056,-22.0,42.1849648458,548.19047619,-486.0
14:55:42,3041.0,3057.74951952,10.7665628614,11.1111111111,1032.0,0,35.4046789261,96.0,47.8305785124,666.952380952,-376.0
14:55:42,3040.0,3057.73966142,10.7592812504,10.5263157895,636.0,0,35.3923725341,494.0,58.3594566353,664.285714286,192.0
14:55:43,3041.0,3057.73036419,10.7515402284,11.1111111111,238.0,0,35.3552786204,114.0,76.3358778626,550.0,772.0
14:55:43,3042.0,3057.72162752,10.7433656495,11.7647058824,202.0,0,35.3167838576,100.0,80.4362194316,458.0,862.0
14:55:44,3042.0,3057.71289571,10.7351702908,11.7647058824,784.0,0,35.2898431651,-646.0,57.8591549296,537.904761905,136.0
14:55:44,3041.0,3057.70361335,10.7273668717,11.1111111111,230.0,0,35.275787148,-126.0,45.932094811,434.571428571,32.0
14:55:45,3040.0,3057.69378074,10.7192018774,10.5263157895,146.0,0,35.2605324915,4.0,32.6475849732,327.619047619,-60.0
14:55:45,3040.0,3057.68395359,10.7110140613,10.5263157895,186.0,0,35.233598886,-110.0,17.1332586786,274.285714286,-664.0
14:55:46,3041.0,3057.6746873,10.7031459405,11.1111111111,206.0,0,35.1961392323,-76.0,5.70125427596,248.095238095,-854.0
14:55:46,3040.0,3057.66487076,10.6949132798,10.5263157895,158.0,0,35.1806357887,-40.0,5.49707602341,209.714285714,-994.0
14:55:47,3040.0,3057.65505967,10.6874406756,10.5263157895,24.0,0,35.1560548539,-16.0,31.7894736842,135.142857143,-364.0
14:55:47,3041.0,3057.64580942,10.6795083253,11.1111111111,232.0,0,35.1184094881,8.0,48.5294117647,156.19047619,-230.0
14:55:48,3041.0,3057.63656432,10.6715547791,11.1111111111,306.0,0,35.0922551106,70.0,54.4964028777,198.285714286,-164.0
14:55:48,3041.0,3057.62732435,10.6627942045,11.1111111111,230.0,0,35.0634469072,112.0,42.0415224913,211.047619048,58.0
14:55:49,3041.0,3057.61808951,10.654797201,11.1111111111,234.0,0,35.0371496252,-58.0,57.6013513513,222.857142857,76.0
14:55:49,3041.0,3057.60885981,10.6459911563,11.1111111111,202.0,0,35.0081918985,-50.0,50.651465798,224.19047619,66.0
14:55:50,3041.0,3057.59963522,10.6379504917,11.1111111111,156.0,0,34.9817510414,110.0,52.2058823529,210.285714286,192.0
14:55:50,3041.0,3057.59041577,10.6290987592,11.1111111111,362.0,0,34.9526430752,188.0,55.5704697987,248.952380952,372.0
14:55:51,3042.0,3057.58175683,10.620601744,11.7647058824,20.0,29.2682926829,34.9132207232,18.0,61.9601328904,183.714285714,320.0
14:55:51,3042.0,3057.5731027,10.6120832015,11.7647058824,1034.0,0,34.8852176251,1008.0,37.1513944223,421.80952381,1216.0
14:55:52,3042.0,3057.56445338,10.60354308,11.7647058824,72.0,0,34.8571435896,0.0,29.1440953413,346.761904762,1274.0
14:55:52,3042.0,3057.55580886,10.5949813271,11.7647058824,34.0,0,34.8289984453,18.0,30.63170441,268.571428571,1342.0
14:55:53,3042.0,3057.54716915,10.5856033728,11.7647058824,60.0,0,34.7981701932,4.0,28.8242730721,205.80952381,1236.0
14:55:53,3041.0,3057.53797883,10.5774097596,11.1111111111,246.0,0,34.7826693837,176.0,9.82264665757,200.761904762,1224.0
14:55:54,3041.0,3057.52879361,10.5691943466,11.1111111111,662.0,0,34.7556538855,-128.0,8.25426944971,320.095238095,1078.0
14:55:54,3042.0,3057.5201689,10.5613156798,11.7647058824,124.0,0,34.7183289935,-28.0,20.367278798,255.142857143,42.0
14:55:55,3041.0,3057.51099358,10.5538294459,11.1111111111,42.0,0,34.7051280692,-8.0,20.205479452,210.095238095,34.0
14:55:55,3042.0,3057.50237875,10.5451377684,11.7647058824,976.0,0,34.6651471678,-568.0,40.663507109,433.333333333,-552.0
14:55:56,3042.0,3057.49376871,10.5364240916,11.7647058824,248.0,0,34.6365026024,-150.0,35.9442993908,403.714285714,-706.0
14:55:56,3042.0,3057.48516345,10.5284631813,11.7647058824,458.0,0,34.6103326144,154.0,31.155378486,425.142857143,-728.0
14:55:57,3041.0,3057.47600757,10.5208944956,11.1111111111,116.0,0,34.5968250431,6.0,42.566191446,338.761904762,-594.0
14:55:57,3042.0,3057.46741218,10.5128930836,11.7647058824,106.0,0,34.5591488613,38.0,42.2404933196,275.523809524,-528.0
14:55:58,3042.0,3057.45882156,10.5048713568,11.7647058824,192.0,0,34.5327789506,-70.0,47.4236641221,237.714285714,-590.0
14:55:58,3043.0,3057.45079111,10.4964433093,16.6666666667,712.0,0,34.4937341745,-320.0,22.2707423581,341.333333333,-342.0
14:55:59,3042.0,3057.44220972,10.4883808397,11.7647058824,384.0,0,34.4785694928,-120.0,19.1056910569,363.80952381,-312.0
14:55:59,3042.0,3057.4336331,10.4795175886,11.7647058824,764.0,0,34.44943323,-280.0,32.4538258575,488.380952381,-746.0
14:56:00,3042.0,3057.42506124,10.4714132314,11.7647058824,130.0,0,34.4227916875,12.0,32.8671328671,417.238095238,-740.0
14:56:00,3041.0,3057.41593874,10.4637007438,11.1111111111,438.0,0,34.4087495686,100.0,24.8854961832,433.428571429,-678.0
14:56:01,3042.0,3057.40737671,10.4555552272,11.7647058824,504.0,0,34.3706614962,-10.0,32.0600272851,452.666666667,-618.0
14:56:01,3042.0,3057.39881943,10.4473890611,11.7647058824,112.0,0,34.343816769,6.0,43.3104631218,345.047619048,-292.0
14:56:02,3042.0,3057.3902669,10.4392021973,11.7647058824,20.0,0,34.3169040015,2.0,53.7601626016,239.714285714,-170.0
14:56:02,3042.0,3057.38171913,10.4309945869,11.7647058824,588.0,0,34.2899230337,16.0,47.7678571429,314.0,126.0
14:56:03,3042.0,3057.3731761,10.4227661809,11.7647058824,644.0,0,34.2628737044,116.0,37.2940156114,412.666666667,230.0
14:56:03,3041.0,3057.36408242,10.4149293218,11.1111111111,808.0,0,34.2483700157,270.0,40.4334828102,533.714285714,400.0
14:56:04,3041.0,3057.35499379,10.4070715475,11.1111111111,186.0,0,34.2225305738,-180.0,33.6726039016,459.428571429,230.0
14:56:04,3041.0,3057.3459102,10.3991928106,11.1111111111,90.0,0,34.1966221985,-56.0,32.8767123288,372.857142857,168.0
14:56:05,3041.0,3057.33683167,10.3912930633,11.1111111111,56.0,0,34.170644733,-32.0,33.9797639123,277.619047619,134.0
14:56:05,3041.0,3057.32775817,10.3833722578,11.1111111111,130.0,0,34.1445980198,-122.0,40.5433646813,201.80952381,-4.0
14:56:06,3041.0,3057.31868971,10.3754303458,11.1111111111,336.0,0,34.1184819001,-150.0,55.0435865504,206.666666667,-270.0
14:56:06,3042.0,3057.31018169,10.3670550087,11.7647058824,430.0,0,34.0797337563,-160.0,88.9250814332,253.047619048,-700.0
14:56:07,3042.0,3057.3016784,10.3578640131,11.7647058824,184.0,0,34.0495200956,64.0,84.5024469821,247.142857143,-456.0
14:56:07,3041.0,3057.29262442,10.3498575727,11.1111111111,86.0,0,34.0343885981,18.0,77.9050736498,213.333333333,-382.0
14:56:08,3042.0,3057.28413088,10.3406210711,11.7647058824,8.0,0,33.9928371831,0.0,77.0017035775,157.428571429,-350.0
14:56:08,3041.0,3057.27508665,10.3325710255,11.1111111111,40.0,0,33.977543655,12.0,73.2472324723,112.952380952,-216.0
14:56:09,3042.0,3057.26660285,10.3240872575,11.7647058824,792.0,0,33.9384853961,284.0,88.7012987013,287.619047619,218.0
14:56:09,3042.0,3057.25812376,10.3147825719,11.7647058824,40.0,0,33.9078980011,-2.0,81.7391304348,225.714285714,376.0
14:56:10,3042.0,3057.24964938,10.3054543234,11.7647058824,46.0,0,33.8772331473,40.0,83.9920948617,184.095238095,352.0
14:56:10,3043.0,3057.2417351,10.295716983,16.6666666667,62.0,0,33.8341011601,-24.0,90.2834008097,153.619047619,310.0
14:56:11,3043.0,3057.23382523,10.2859559017,16.6666666667,414.0,0,33.8020239951,-210.0,92.3959827834,224.857142857,100.0
14:56:11,3043.0,3057.22591974,10.2769748035,16.6666666667,746.0,0,33.7725100344,22.0,89.0476190476,371.619047619,110.0
14:56:12,3044.0,3057.21857405,10.2676134574,21.0526315789,52.0,0,33.7306618181,18.0,80.0,286.476190476,-156.0
14:56:12,3043.0,3057.21067704,10.2585888097,16.6666666667,102.0,0,33.7120894175,22.0,77.3558368495,250.857142857,-132.0
14:56:13,3044.0,3057.20333981,10.2483768664,21.0526315789,168.0,0,33.6674667095,-74.0,75.2590673575,231.142857143,-246.0
14:56:13,3044.0,3057.19600666,10.2381408021,21.0526315789,164.0,0,33.6338396915,-14.0,74.3620899149,204.476190476,-236.0
14:56:14,3043.0,3057.18812218,10.2290483096,16.6666666667,158.0,0,33.6150125194,26.0,65.7553956835,171.238095238,0.0
14:56:14,3044.0,3057.18079748,10.2195752008,21.0526315789,124.0,0,33.5728488855,24.0,51.3020833333,140.476190476,2.0
14:56:15,3043.0,3057.17292144,10.2104385547,16.6666666667,158.0,0,33.5538565713,2.0,54.233409611,149.047619048,-14.0
14:56:15,3044.0,3057.16560519,10.2009211601,21.0526315789,128.0,0,33.5115675432,-52.0,64.2222222222,144.0,-88.0
14:56:16,3044.0,3057.15829299,10.1913815222,21.0526315789,154.0,0,33.4802283908,-112.0,70.6546275395,145.142857143,-126.0
14:56:16,3044.0,3057.15098486,10.181005053,21.0526315789,150.0,0,33.4461401215,-106.0,64.4495412844,145.80952381,-218.0
14:56:17,3044.0,3057.14368079,10.171419654,21.0526315789,146.0,0,33.4146506373,-102.0,70.4651162791,146.0,-346.0
14:56:17,3043.0,3057.13582537,10.1621704956,16.6666666667,654.0,0,33.3952365942,-164.0,75.2517985611,291.904761905,-534.0
14:56:18,3044.0,3057.12852971,10.1525401819,21.0526315789,226.0,0,33.3526287185,-90.0,81.0699588477,290.285714286,-626.0
14:56:18,3044.0,3057.12123811,10.1428873052,21.0526315789,42.0,0,33.3209175598,-8.0,78.2798833819,232.857142857,-582.0
14:56:19,3044.0,3057.11395056,10.133211801,21.0526315789,1060.0,0,33.2891320664,-704.0,31.95785777,470.380952381,-1174.0
14:56:19,3044.0,3057.10666705,10.1235136045,21.0526315789,60.0,0,33.2572720253,-34.0,34.7349177331,379.047619048,-1102.0
14:56:20,3044.0,3057.09938759,10.1129703877,21.0526315789,96.0,0,33.2226359647,22.0,33.4892422825,302.285714286,-978.0
14:56:20,3044.0,3057.09211218,10.1024020452,21.0526315789,494.0,0,33.1879173628,-404.0,11.324570273,341.619047619,-1218.0
14:56:21,3043.0,3057.0842854,10.0921673844,16.6666666667,54.0,0,33.1651902216,-28.0,2.54706533777,262.857142857,-1156.0
14:56:21,3044.0,3057.07701837,10.0823744226,21.0526315789,290.0,0,33.1221235958,-136.0,15.3846153846,259.714285714,-1284.0
14:56:22,3044.0,3057.06975538,10.0725584265,21.0526315789,88.0,0,33.0898765655,-60.0,54.528650647,187.047619048,-640.0
14:56:22,3044.0,3057.06249642,10.0618912514,21.0526315789,146.0,0,33.0548332833,26.0,55.1369863014,177.238095238,-580.0
14:56:23,3044.0,3057.05524149,10.0520278496,21.0526315789,78.0,0,33.0224305177,-66.0,53.9130434783,143.904761905,-668.0
14:56:23,3044.0,3057.04799059,10.0421412059,21.0526315789,596.0,0,32.9899513993,-62.0,95.3674121406,259.428571429,-326.0
14:56:24,3044.0,3057.04074372,10.0313996806,21.0526315789,230.0,0,32.9546638654,82.0,96.0784313725,265.523809524,-216.0
14:56:24,3044.0,3057.03350088,10.0206324035,21.0526315789,312.0,0,32.9192917328,20.0,96.5517241379,286.666666667,-60.0
14:56:25,3044.0,3057.02626206,10.0098392914,21.0526315789,104.0,0,32.8838347285,28.0,96.5893587995,247.333333333,28.0
14:56:25,3044.0,3057.01902725,9.99985551979,21.0526315789,190.0,0,32.8510365302,134.0,97.7483443709,231.80952381,136.0
14:56:26,3044.0,3057.01179647,9.9898481456,21.0526315789,232.0,0,32.8181607937,-94.0,99.0384615385,226.19047619,108.0
14:56:26,3044.0,3057.0045697,9.9798170978,21.0526315789,1274.0,0,32.7852072858,-716.0,5.80700256191,510.952380952,-546.0
14:56:27,3044.0,3056.99734695,9.96976230492,21.0526315789,36.0,0,32.7521757718,-16.0,-2.32774674116,409.714285714,-644.0
14:56:27,3044.0,3056.9901282,9.95968369506,21.0526315789,128.0,0,32.7190660153,-78.0,-14.1547861507,344.0,-742.0
14:56:28,3043.0,3056.98235807,9.94994061338,16.6666666667,36.0,0,32.6978002412,-20.0,-17.8270042194,260.761904762,-790.0
14:56:28,3043.0,3056.97459225,9.940173629,16.6666666667,168.0,0,32.6657036773,6.0,-20.9178228389,218.476190476,-918.0
14:56:29,3044.0,3056.96738614,9.93002321417,21.0526315789,98.0,0,32.6216268534,36.0,-31.6091954023,157.238095238,-788.0
14:56:29,3044.0,3056.96018404,9.91984869194,21.0526315789,60.0,0,32.5882020103,0.0,79.8479087453,91.5238095238,-72.0
14:56:30,3043.0,3056.95243054,9.91000953021,16.6666666667,596.0,0,32.56657749,-368.0,35.1749539595,236.761904762,-424.0
14:56:30,3043.0,3056.94468134,9.90014617909,16.6666666667,84.0,0,32.5341642428,-78.0,36.4683301344,209.047619048,-424.0
14:56:31,3043.0,3056.93693644,9.88941040682,16.6666666667,102.0,0,32.4988840185,-8.0,35.3790613718,188.571428571,-412.0
14:56:31,3043.0,3056.92919585,9.87864784554,16.6666666667,62.0,0,32.4635157592,-20.0,28.3433133732,153.523809524,-438.0
14:56:32,3043.0,3056.92145956,9.8678584076,16.6666666667,46.0,0,32.4280591771,-44.0,26.1052631579,118.952380952,-518.0
14:56:32,3043.0,3056.91372756,9.85789398226,16.6666666667,108.0,0,32.3953137767,-6.0,30.2605210421,104.571428571,-524.0
14:56:33,3043.0,3056.90599986,9.8479049873,16.6666666667,58.0,0,32.3624876349,-26.0,78.2608695652,73.619047619,-182.0
14:56:33,3043.0,3056.89827645,9.83703696339,16.6666666667,48.0,0,32.3267728012,-26.0,77.358490566,65.4285714286,-130.0
14:56:34,3043.0,3056.89055733,9.8269973938,16.6666666667,42.0,0,32.2937804594,28.0,81.8681318681,57.2380952381,-94.0
14:56:34,3043.0,3056.8828425,9.81607613139,16.6666666667,52.0,0,32.2578906717,44.0,90.395480226,54.7619047619,-30.0
14:56:35,3042.0,3056.87457655,9.8055157341,11.7647058824,144.0,0,32.2337795335,138.0,91.1504424779,79.0476190476,152.0
14:56:35,3042.0,3056.86631519,9.79578745047,11.7647058824,1030.0,0,32.2017996399,-764.0,23.1441048035,351.80952381,-606.0
14:56:36,3042.0,3056.85805842,9.78517357606,11.7647058824,598.0,0,32.166908534,-434.0,15.4649947753,457.238095238,-1014.0
14:56:36,3043.0,3056.85036163,9.77500572685,16.6666666667,476.0,0,32.1229238477,-154.0,17.2502134927,502.095238095,-1142.0
14:56:37,3042.0,3056.84211372,9.76433796976,11.7647058824,46.0,0,32.0984154167,32.0,16.5387894288,403.714285714,-1138.0
14:56:37,3042.0,3056.8338704,9.75364252551,11.7647058824,180.0,0,32.0632561654,-46.0,20.9377526273,343.428571429,-1228.0
14:56:38,3042.0,3056.82563164,9.74291930292,11.7647058824,82.0,0,32.028005598,46.0,16.9983416252,249.047619048,-1320.0
14:56:38,3042.0,3056.81739747,9.73216821017,11.7647058824,70.0,0,31.9926634128,20.0,32.2314049587,154.19047619,-536.0
14:56:39,3041.0,3056.80861247,9.72267489422,11.1111111111,96.0,0,31.9719661106,-40.0,54.1052631579,112.476190476,-142.0
14:56:39,3042.0,3056.80038774,9.71186921383,11.7647058824,156.0,0,31.9259342992,-76.0,72.6984126984,111.80952381,-64.0
14:56:40,3042.0,3056.79216759,9.70103539084,11.7647058824,400.0,0,31.890320154,294.0,50.8130081301,196.095238095,198.0
14:56:40,3042.0,3056.783952,9.69104563151,11.7647058824,440.0,0,31.8574807085,8.0,40.8360128617,274.952380952,252.0
14:56:41,3042.0,3056.77574098,9.68015657954,11.7647058824,284.0,33.3333333333,31.8216850083,-6.0,34.163208852,296.857142857,200.0
14:56:41,3042.0,3056.76753451,9.67011400456,15.3846153846,148.0,0,31.7886719413,-20.0,30.3149606299,270.285714286,160.0
14:56:42,3041.0,3056.7587772,9.66046338318,14.2857142857,562.0,0,31.7673902768,110.0,23.91959799,358.285714286,310.0
14:56:42,3041.0,3056.75002476,9.65078692099,14.2857142857,112.0,0,31.7355702762,6.0,20.1438848921,295.523809524,392.0
14:56:43,3041.0,3056.74127717,9.64108454019,14.2857142857,468.0,0,31.703665045,72.0,18.2720953327,336.571428571,170.0
14:56:43,3041.0,3056.73253445,9.63135616244,14.2857142857,76.0,0,31.6716743257,22.0,14.0606060606,262.380952381,184.0
14:56:44,3041.0,3056.72379658,9.62160170889,14.2857142857,1024.0,0,31.6395978589,-324.0,50.8786610879,476.380952381,-134.0
14:56:44,3041.0,3056.71506356,9.61093872678,14.2857142857,58.0,0,31.6045337941,-2.0,53.2173913044,379.142857143,-116.0
14:56:45,3041.0,3056.70633539,9.60113061999,14.2857142857,248.0,0,31.5722808944,52.0,57.2004028197,340.476190476,-174.0
14:56:45,3041.0,3056.69761208,9.59129619261,14.2857142857,1300.0,0,31.5399414423,-232.0,99.6219281664,617.333333333,-412.0
14:56:46,3041.0,3056.6888936,9.58054909635,14.2857142857,192.0,0,31.5046007772,52.0,115.458937198,521.047619048,-432.0
14:56:46,3041.0,3056.68017997,9.56977286971,14.2857142857,64.0,0,31.46916432,50.0,114.691614692,401.333333333,-404.0
14:56:47,3041.0,3056.67147118,9.55985642471,14.2857142857,144.0,0,31.4365551618,28.0,120.538384845,305.047619048,-52.0
14:56:47,3042.0,3056.66332262,9.54860431919,15.3846153846,76.0,0,31.3892318185,34.0,118.675889328,231.238095238,-16.0
14:56:48,3041.0,3056.6546232,9.53863310584,14.2857142857,38.0,0,31.3667645703,-12.0,132.30429989,145.714285714,-80.0
14:56:48,3041.0,3056.6459286,9.52863506023,14.2857142857,100.0,0,31.3338870774,-16.0,66.7752442997,87.9047619048,136.0
14:56:49,3041.0,3056.63723883,9.51861009783,14.2857142857,78.0,0,31.3009210714,-16.0,51.6,80.9523809524,68.0
14:56:49,3042.0,3056.62910929,9.50813910195,15.3846153846,134.0,0,31.2562100656,-46.0,45.9649122807,95.4285714286,-28.0
14:56:50,3042.0,3056.62098426,9.49764083361,15.3846153846,16.0,0,31.2216989928,4.0,36.6515837104,72.8571428571,-52.0
14:56:50,3041.0,3056.61230835,9.48663611285,14.2857142857,38.0,0,31.1957780758,2.0,34.6534653465,62.6666666667,-84.0
14:56:51,3041.0,3056.60363725,9.4765011352,14.2857142857,102.0,0,31.1624502966,-8.0,32.4786324786,72.5714285714,-80.0
14:56:51,3041.0,3056.59497097,9.46633880089,14.2857142857,778.0,0,31.129032558,-578.0,10.6457242583,272.571428571,-642.0
14:56:52,3041.0,3056.5863095,9.45524659617,14.2857142857,84.0,0,31.092557041,-30.0,13.5416666667,242.0,-656.0
14:56:52,3041.0,3056.57765285,9.44502793949,14.2857142857,70.0,0,31.0589540924,-42.0,17.6470588235,207.142857143,-652.0
14:56:53,3040.0,3056.5684456,9.43432562099,13.3333333333,204.0,0,31.0339658585,-154.0,21.9435736677,213.619047619,-810.0
14:56:53,3041.0,3056.55979886,9.42405038279,14.2857142857,84.0,0,30.9899716632,4.0,26.3237518911,176.857142857,-808.0
14:56:54,3041.0,3056.55115693,9.41374733099,14.2857142857,140.0,0,30.9560911904,32.0,34.7058823529,153.904761905,-768.0
14:56:54,3041.0,3056.5425198,9.40341637418,14.2857142857,414.0,0,30.9221189549,88.0,86.7469879518,207.428571429,-102.0
14:56:55,3041.0,3056.53388746,9.39305742028,14.2857142857,112.0,0,30.888054654,20.0,86.71875,192.0,-52.0
14:56:55,3041.0,3056.52525992,9.38267037655,14.2857142857,292.0,0,30.8538979827,2.0,86.6773675762,226.666666667,-8.0
14:56:56,3041.0,3056.51663717,9.37225514962,14.2857142857,112.0,0,30.8196486341,-62.0,93.7608318891,199.333333333,84.0
14:56:56,3041.0,3056.50801921,9.3618116454,14.2857142857,206.0,0,30.7853062986,-98.0,86.0501567398,203.238095238,-18.0
14:56:57,3041.0,3056.49940604,9.35133976917,14.2857142857,88.0,0,30.7508706648,-10.0,83.8235294118,167.619047619,-60.0
14:56:57,3041.0,3056.49079765,9.34083942549,14.2857142857,340.0,0,30.7163414189,0.0,78.9565217391,206.476190476,-148.0
14:56:58,3041.0,3056.48219404,9.33031051827,14.2857142857,160.0,0,30.6817182449,116.0,79.632721202,197.428571429,-52.0
14:56:58,3040.0,3056.47303981,9.32020352514,13.3333333333,254.0,0,30.6585642274,-102.0,70.6896551724,212.952380952,-156.0
14:56:59,3041.0,3056.46444606,9.31050929091,14.2857142857,52.0,0,30.6166040477,-2.0,70.5454545455,172.571428571,-96.0
14:56:59,3041.0,3056.45585709,9.29989564192,14.2857142857,630.0,0,30.5817022095,-468.0,46.8503937008,300.19047619,-466.0
14:57:00,3042.0,3056.44782829,9.28972666593,15.3846153846,144.0,0,30.5382204666,-74.0,43.670886076,268.761904762,-530.0
14:57:00,3042.0,3056.43980395,9.27953117164,15.3846153846,1254.0,0,30.5047047062,476.0,5.77385725742,551.80952381,-54.0
14:57:01,3041.0,3056.43122866,9.26973030891,14.2857142857,302.0,0,30.4825067705,-62.0,-0.531107738994,519.333333333,-232.0
14:57:01,3041.0,3056.42265814,9.25990294059,14.2857142857,110.0,0,30.4501905314,-50.0,-4.65489566613,425.238095238,-180.0
14:57:02,3041.0,3056.41409237,9.24914900573,14.2857142857,942.0,0,30.4148273783,512.0,-3.90301596689,575.714285714,334.0
14:57:02,3041.0,3056.40553137,9.23926704227,14.2857142857,142.0,0,30.3823316089,82.0,-3.66275051832,455.238095238,884.0
14:57:03,3041.0,3056.39697511,9.22935831253,14.2857142857,396.0,0,30.3497478215,76.0,-8.90019071838,430.571428571,1034.0
14:57:03,3041.0,3056.38842361,9.21942273021,14.2857142857,232.0,0,30.3170757324,24.0,2.91902071563,347.047619048,582.0
14:57:04,3042.0,3056.38043226,9.20813297503,15.3846153846,514.0,0,30.2699966306,392.0,16.2671232877,392.761904762,1036.0
14:57:04,3042.0,3056.37244535,9.19772006103,15.3846153846,362.0,0,30.2357661441,86.0,23.2225656878,384.952380952,1172.0
14:57:05,3041.0,3056.36390748,9.18770185803,14.2857142857,182.0,0,30.2127650708,178.0,31.0175054705,313.714285714,838.0
14:57:05,3041.0,3056.35537434,9.17765644257,14.2857142857,1160.0,0,30.1797318072,72.0,18.5172171469,558.095238095,828.0
14:57:06,3042.0,3056.34740135,9.16716149759,15.3846153846,16.0,0,30.135310643,14.0,26.8045417681,427.142857143,766.0
14:57:06,3041.0,3056.33887739,9.15706129322,14.2857142857,762.0,0,30.1120068833,596.0,42.82376502,527.428571429,1338.0
14:57:07,3041.0,3056.33035815,9.14693360462,14.2857142857,882.0,0,30.0787030734,296.0,41.7657550535,636.761904762,1242.0
14:57:07,3042.0,3056.32239905,9.13635579551,15.3846153846,462.0,0,30.0340427203,-206.0,47.2286374134,608.571428571,950.0
14:57:08,3042.0,3056.31444438,9.12575009178,15.3846153846,122.0,0,29.999178474,-102.0,48.2373678026,478.476190476,670.0
14:57:08,3042.0,3056.30649411,9.11511639605,15.3846153846,228.0,0,29.9642222092,-116.0,68.6893203883,381.523809524,482.0
14:57:09,3042.0,3056.29854827,9.10445461024,15.3846153846,88.0,0,29.9291736037,-8.0,66.5880503145,288.952380952,460.0
14:57:09,3042.0,3056.29060684,9.09376463556,15.3846153846,172.0,0,29.8940323325,-22.0,52.6100307062,216.952380952,-158.0
14:57:10,3043.0,3056.28322522,9.08265372925,21.4285714286,42.0,0,29.8476954625,-24.0,56.0143626571,135.904761905,-478.0
14:57:10,3043.0,3056.2758477,9.07151420997,21.4285714286,62.0,0,29.8110884324,-38.0,27.4509803922,100.571428571,-310.0
14:57:11,3042.0,3056.26791887,9.06073886677,15.3846153846,130.0,0,29.7854663602,-108.0,27.4238227147,103.714285714,-316.0
14:57:11,3043.0,3056.26054985,9.04954193217,21.4285714286,30.0,0,29.7388824587,2.0,26.3358778626,77.9047619048,-198.0
14:57:12,3042.0,3056.25262953,9.03870919373,15.3846153846,78.0,0,29.7130479741,10.0,38.1322957198,75.2380952381,-180.0
14:57:12,3042.0,3056.2447136,9.02784765358,15.3846153846,250.0,0,29.6773427139,-174.0,43.9189189189,122.19047619,-332.0
14:57:13,3043.0,3056.23735747,9.01656386862,21.4285714286,36.0,0,29.630508934,4.0,44.0273037543,104.285714286,-304.0
14:57:13,3043.0,3056.23000542,9.00431787711,21.4285714286,84.0,0,29.5902657809,-2.0,42.7631578947,100.380952381,-268.0
14:57:14,3043.0,3056.22265746,8.99203934198,21.4285714286,6.0,0,29.5499156818,0.0,52.479338843,73.1428571429,-160.0
14:57:14,3042.0,3056.21475818,8.98012197376,15.3846153846,104.0,0,29.5204535627,0.0,55.9139784946,79.8095238095,-162.0
14:57:15,3043.0,3056.20741868,8.96777812195,21.4285714286,36.0,0,29.4701877159,-2.0,53.8759689922,63.5238095238,-174.0
14:57:15,3043.0,3056.20008327,8.95540132466,21.4285714286,24.0,0,29.4295147048,8.0,62.7586206897,45.8095238095,8.0
14:57:16,3043.0,3056.19275192,8.94299144513,21.4285714286,82.0,0,29.3887329777,22.0,66.0714285714,55.4285714286,26.0
14:57:16,3043.0,3056.18542465,8.92957423328,21.4285714286,140.0,0,29.3446409244,90.0,82.6530612245,79.4285714286,118.0
14:57:17,3043.0,3056.17810145,8.91709603933,21.4285714286,616.0,0,29.3036347004,150.0,93.0139720559,236.761904762,268.0
14:57:17,3043.0,3056.17078232,8.90360663068,21.4285714286,94.0,0,29.2593053917,20.0,93.5483870968,215.904761905,288.0
14:57:18,3043.0,3056.16346725,8.89007995058,21.4285714286,60.0,0,29.2148536003,24.0,94.094488189,185.80952381,314.0
14:57:18,3043.0,3056.15615624,8.87651582864,21.4285714286,116.0,0,29.1702787665,-2.0,91.6967509025,170.571428571,304.0
14:57:19,3043.0,3056.14884929,8.86291409296,21.4285714286,114.0,0,29.1255803252,84.0,92.6315789474,150.380952381,366.0
14:57:19,3043.0,3056.14154641,8.84927457008,21.4285714286,70.0,0,29.0807577065,0.0,88.4112149533,116.095238095,276.0
14:57:20,3043.0,3056.13424758,8.83658423757,21.4285714286,482.0,0,29.0390543463,-336.0,50.2136752137,202.857142857,-210.0
14:57:20,3043.0,3056.1269528,8.82385948546,21.4285714286,482.0,0,28.9972378753,-202.0,66.6163141994,296.0,-432.0
14:57:21,3043.0,3056.11966207,8.81110016463,21.4285714286,358.0,0,28.9553078036,214.0,70.7768187423,335.238095238,-242.0
14:57:21,3043.0,3056.11237539,8.79731354547,21.4285714286,168.0,0,28.9100017925,28.0,72.5209080048,306.0,-212.0
14:57:22,3043.0,3056.10509276,8.78348827961,21.4285714286,64.0,0,28.8645687795,-12.0,71.921182266,244.571428571,-308.0
14:57:22,3043.0,3056.09781418,8.76962418427,21.4285714286,40.0,0,28.8190081639,-28.0,73.9021329987,178.666666667,-336.0
14:57:23,3043.0,3056.09053964,8.755721075,21.4285714286,66.0,0,28.7733193395,-4.0,93.5483870968,121.619047619,-4.0
14:57:23,3043.0,3056.08326913,8.74277920312,21.4285714286,314.0,0,28.7307893629,238.0,92.6732673267,155.238095238,436.0
14:57:24,3043.0,3056.07600267,8.72879949727,21.4285714286,146.0,0,28.6848488244,112.0,95.4887218045,148.857142857,334.0
14:57:24,3043.0,3056.06874024,8.71478022484,21.4285714286,136.0,0,28.6387782611,10.0,97.1279373368,149.714285714,316.0
14:57:25,3043.0,3056.06148185,8.70172751403,21.4285714286,142.0,0,28.5958840422,-30.0,94.0758293839,153.80952381,298.0
14:57:25,3043.0,3056.05422748,8.68863877428,21.4285714286,132.0,0,28.5528714239,-10.0,93.8034188034,151.333333333,316.0
14:57:26,3043.0,3056.04697715,8.67450371708,21.4285714286,1046.0,0,28.506420365,-896.0,44.6764091858,405.619047619,-576.0
14:57:26,3043.0,3056.03973084,8.66134051082,21.4285714286,458.0,0,28.4631630326,92.0,30.8737864078,445.238095238,-722.0
14:57:27,3041.0,3056.03137775,8.64795729824,14.2857142857,1106.0,0,28.4378733911,-406.0,16.2251655629,663.142857143,-1240.0
14:57:27,3042.0,3056.02358471,8.63410281409,15.3846153846,112.0,0,28.3829809799,10.0,14.5527369826,551.333333333,-1240.0
14:57:28,3042.0,3056.01579599,8.62122602618,15.3846153846,44.0,0,28.3406509736,22.0,12.6293995859,421.238095238,-1188.0
14:57:28,3042.0,3056.0080116,8.60831262322,15.3846153846,60.0,0,28.2982006023,-14.0,10.1910828025,300.380952381,-1192.0
14:57:29,3042.0,3056.00023153,8.59434049711,15.3846153846,1030.0,0,28.2522698787,370.0,9.25266903914,460.095238095,74.0
14:57:29,3041.0,3055.99190039,8.58178410596,14.2857142857,1308.0,0,28.2202699966,26.0,4.59016393442,700.0,8.0
14:57:30,3041.0,3055.98357386,8.56816519805,14.2857142857,304.0,0,28.1754856891,-152.0,7.2078376487,612.571428571,262.0
14:57:30,3041.0,3055.97525197,8.55553345957,14.2857142857,1446.0,0,28.1339475816,-572.0,5.34351145038,889.619047619,-320.0
14:57:31,3040.0,3055.96637929,8.54333065996,13.3333333333,4952.0,25.7142857143,28.1030613815,502.0,3.010989011,2104.85714286,160.0
14:57:31,3040.0,3055.95751155,8.53005955268,16.6666666667,482.0,0,28.0594064233,200.0,-1.17622348246,1809.23809524,374.0
14:57:32,3039.0,3055.94809332,8.51828054217,15.3846153846,1066.0,0,28.0298800335,-516.0,1.02531910442,1660.38095238,-512.0
14:57:32,3038.0,3055.93812493,8.50699710188,14.2857142857,658.0,0,28.001965444,-192.0,3.70453524922,1393.23809524,-730.0
14:57:33,3039.0,3055.92871747,8.49514555914,15.3846153846,1036.0,0,27.9537530738,-102.0,5.39419087138,1265.04761905,-680.0
14:57:33,3038.0,3055.91875984,8.4837898762,14.2857142857,674.0,0,27.9255756294,190.0,8.00631483988,998.571428571,82.0
14:57:34,3039.0,3055.90936314,8.47186520195,15.3846153846,1204.0,0,27.8771477524,-36.0,40.625,920.285714286,-456.0
14:57:34,3039.0,3055.89997166,8.46091360023,15.3846153846,348.0,0,27.8411108925,-32.0,56.8391496189,775.904761905,-688.0
14:57:35,3039.0,3055.89058539,8.44992848242,15.3846153846,70.0,0,27.804963746,-34.0,65.6140350877,558.476190476,-206.0
14:57:35,3039.0,3055.88120434,8.43890971762,15.3846153846,672.0,0,27.7687058823,-56.0,71.978021978,560.476190476,-70.0
14:57:36,3040.0,3055.8723839,8.42735620695,16.6666666667,2240.0,0,27.7215664702,196.0,72.1582181259,1009.80952381,228.0
14:57:36,3040.0,3055.86356835,8.41576826888,16.6666666667,384.0,0,27.6834482529,-148.0,71.2484749898,871.523809524,-110.0
14:57:37,3040.0,3055.85475771,8.40513151607,16.6666666667,118.0,0,27.6484589344,-22.0,53.2359081419,671.047619048,-96.0
14:57:37,3040.0,3055.84595196,8.39446348994,16.6666666667,48.0,0,27.6133667432,0.0,46.6024915062,502.285714286,-64.0
14:57:38,3040.0,3055.83715109,8.38277499337,16.6666666667,100.0,0,27.5749177414,-62.0,46.0976979225,362.666666667,-92.0
14:57:38,3041.0,3055.82891052,8.37157329934,23.0769230769,234.0,0,27.5290144667,-124.0,36.8117797695,259.904761905,-160.0
14:57:39,3041.0,3055.82067453,8.35934687921,23.0769230769,256.0,0,27.4888092049,-172.0,5.08771929825,184.285714286,-528.0
14:57:39,3040.0,3055.8118877,8.34854877608,16.6666666667,196.0,0,27.4623315003,12.0,6.93277310925,186.0,-368.0
14:57:40,3040.0,3055.80310576,8.33672260244,16.6666666667,126.0,0,27.4234296133,-34.0,7.08333333334,176.666666667,-380.0
14:57:40,3040.0,3055.79432869,8.3248608597,16.6666666667,564.0,0,27.3844107227,60.0,4.33604336045,292.095238095,-320.0
14:57:41,3040.0,3055.7855565,8.3129633956,16.6666666667,416.0,0,27.3452743276,-276.0,7.14285714287,340.666666667,-534.0
14:57:41,3040.0,3055.77678919,8.30103005657,16.6666666667,452.0,0,27.3060199229,186.0,9.15422885572,384.476190476,-224.0
14:57:42,3040.0,3055.76802674,8.28906068764,16.6666666667,30.0,0,27.2666469988,4.0,10.8744394619,297.333333333,-48.0
14:57:42,3040.0,3055.75926916,8.27806057962,16.6666666667,98.0,0,27.230462433,40.0,13.4045077106,240.380952381,-20.0
14:57:43,3039.0,3055.74996104,8.26753264207,15.3846153846,320.0,0,27.2047800002,40.0,14.2553191489,251.523809524,54.0
14:57:43,3040.0,3055.74121349,8.25646725563,16.6666666667,422.0,0,27.1594317619,202.0,18.1818181818,282.571428571,196.0
14:57:44,3039.0,3055.7319154,8.24587427235,15.3846153846,254.0,0,27.1335119196,190.0,24.4923857868,272.380952381,662.0
14:57:44,3039.0,3055.72262247,8.23524869009,15.3846153846,174.0,0,27.098547845,84.0,29.7380585516,247.047619048,560.0
14:57:45,3039.0,3055.7133347,8.2245903825,15.3846153846,424.0,0,27.0634760859,178.0,32.5059101655,306.380952381,734.0
14:57:45,3039.0,3055.7040521,8.21389922218,15.3846153846,348.0,0,27.028296223,42.0,46.2409886715,325.238095238,736.0
14:57:46,3039.0,3055.69477464,8.20317508068,15.3846153846,248.0,0,26.9930078338,50.0,48.449197861,303.619047619,746.0
14:57:46,3040.0,3055.68605775,8.19089188529,16.6666666667,336.0,0,26.9437233069,168.0,56.0538116592,310.571428571,712.0
14:57:47,3039.0,3055.67679029,8.18009937891,15.3846153846,472.0,0,26.9170759424,-66.0,44.6553446553,360.476190476,456.0
14:57:47,3038.0,3055.66697258,8.16981458132,14.2857142857,1262.0,0,26.8920822295,144.0,20.7766990291,625.714285714,516.0
14:57:48,3039.0,3055.65771572,8.15895546752,15.3846153846,234.0,0,26.8475007158,96.0,26.2068965517,545.428571429,434.0
14:57:48,3039.0,3055.648464,8.14703610046,15.3846153846,182.0,0,26.8082793697,-26.0,19.3123628383,459.333333333,366.0
14:57:49,3039.0,3055.63921742,8.13610774914,15.3846153846,86.0,0,26.7723190166,-20.0,20.0622083981,353.714285714,296.0
14:57:49,3038.0,3055.62942058,8.12568777241,14.2857142857,132.0,0,26.7468326939,-62.0,18.5810810811,268.952380952,66.0
14:57:50,3038.0,3055.61962918,8.11523429733,14.2857142857,146.0,0,26.7124236252,86.0,25.0734573947,197.904761905,218.0
14:57:50,3039.0,3055.61039861,8.10420436533,15.3846153846,150.0,0,26.6673391423,56.0,82.5806451613,143.523809524,130.0
14:57:51,3039.0,3055.60117318,8.09314009452,15.3846153846,228.0,0,26.6309315384,62.0,63.8528138528,164.380952381,96.0
14:57:51,3039.0,3055.59195286,8.08204134387,15.3846153846,306.0,0,26.5944104767,186.0,61.4503816794,207.80952381,308.0
14:57:52,3039.0,3055.58273767,8.07090797113,15.3846153846,310.0,0,26.5577754891,40.0,64.3081761006,246.476190476,368.0
14:57:52,3039.0,3055.5735276,8.06074656022,15.3846153846,316.0,0,26.5243387964,14.0,52.4725274725,276.19047619,444.0
14:57:53,3037.0,3055.56321184,8.0516768392,13.3333333333,2032.0,0,26.5119421771,1124.0,21.5439856373,787.428571429,1482.0
14:57:53,3038.0,3055.55345721,8.04199761361,14.2857142857,1568.0,0,26.4713548835,-2.0,59.7899159664,1076.28571429,1424.0
14:57:54,3038.0,3055.54370799,8.03127567008,14.2857142857,300.0,0,26.4360621135,-104.0,57.4089403974,935.333333333,1258.0
14:57:54,3038.0,3055.5339642,8.02051903665,14.2857142857,1618.0,0,26.4006551569,336.0,25.7486979167,1167.52380952,1408.0
14:57:55,3038.0,3055.52422581,8.00972757355,14.2857142857,940.0,0,26.3651335535,-2.0,31.3847062297,1143.52380952,1366.0
14:57:55,3038.0,3055.51449283,7.99890113981,14.2857142857,438.0,0,26.3294968394,150.0,36.6299303944,946.095238095,1502.0
14:57:56,3038.0,3055.50476526,7.98803959324,14.2857142857,410.0,0,26.2937445466,334.0,53.4319302237,734.857142857,712.0
14:57:56,3037.0,3055.49448769,7.9777238034,13.3333333333,1118.0,0,26.2684353092,634.0,11.35986733,803.142857143,1348.0
14:57:57,3038.0,3055.48477123,7.9667919514,14.2857142857,870.0,0,26.223804975,724.0,21.7649239896,822.0,2176.0
14:57:57,3037.0,3055.47450477,7.95640622392,13.3333333333,290.0,0,26.1982424232,100.0,54.1072306935,648.0,1940.0
14:57:58,3037.0,3055.464244,7.94598547117,13.3333333333,1218.0,0,26.1639297701,548.0,36.9244935543,802.380952381,2490.0
14:57:58,3036.0,3055.45343354,7.93614678851,12.5,936.0,0,26.1401409371,100.0,30.3180503924,862.952380952,2440.0
14:57:59,3037.0,3055.44318447,7.92565592955,13.3333333333,2500.0,0,26.0969902191,112.0,14.7720715522,1346.66666667,2218.0
14:57:59,3037.0,3055.43294111,7.91616107547,13.3333333333,2452.0,0,26.065726294,-272.0,6.79893539801,1717.14285714,1312.0
14:58:00,3036.0,3055.42214803,7.90725229215,12.5,1922.0,0,26.0449680242,684.0,-1.69564284182,1872.66666667,1272.0
14:58:00,3035.0,3055.41080554,7.89896535165,11.7647058824,1886.0,0,26.0262449807,1202.0,13.6155396738,1967.80952381,2374.0
14:58:01,3037.0,3055.40058015,7.88937494101,13.3333333333,2038.0,0,25.9775269707,-92.0,32.8958581899,2030.38095238,1734.0
14:58:01,3037.0,3055.39036045,7.8797521376,13.3333333333,610.0,0,25.9458417438,-296.0,30.5224403927,1645.9047619,1338.0
14:58:02,3036.0,3055.37959102,7.87071598152,12.5,3798.0,0,25.9246244451,16.0,-10.8452699512,2187.80952381,1242.0
14:58:02,3036.0,3055.36882757,7.86164775848,12.5,580.0,0,25.8947554627,286.0,-5.57504153591,1748.47619048,1800.0
14:58:03,3036.0,3055.3580701,7.85254735739,12.5,576.0,0,25.8647804921,48.0,3.28836424957,1397.14285714,1164.0
14:58:03,3037.0,3055.347874,7.84174996512,13.3333333333,86.0,0,25.8207111133,-14.0,-17.6378772113,969.904761905,-52.0
14:58:04,3036.0,3055.33712817,7.83258292308,12.5,252.0,0,25.7990214858,-34.0,-64.1477465266,675.80952381,6.0
14:58:04,3036.0,3055.3263883,7.8233833527,12.5,348.0,0,25.7687198706,128.0,-61.914893617,494.19047619,430.0
14:58:05,3037.0,3055.3162098,7.81353028268,13.3333333333,144.0,0,25.7277915136,90.0,75.6294058409,266.761904762,504.0
14:58:05,3037.0,3055.30603696,7.80364384953,13.3333333333,716.0,0,25.695238227,-112.0,63.5249764373,376.761904762,106.0
14:58:06,3036.0,3055.29531436,7.7943454496,12.5,224.0,0,25.6730746034,32.0,35.2542372881,339.714285714,90.0
14:58:06,3037.0,3055.28515312,7.78439224695,13.3333333333,144.0,0,25.6318480308,74.0,33.6980306346,296.571428571,178.0
14:58:07,3036.0,3055.27444212,7.77502744527,12.5,710.0,0,25.6094448131,608.0,14.1732283465,412.380952381,820.0
14:58:07,3036.0,3055.26373707,7.76562940141,12.5,270.0,0,25.5784894645,126.0,15.6702898551,380.666666667,818.0
14:58:08,3036.0,3055.25303796,7.75619799452,12.5,692.0,0,25.5474242244,310.0,33.1640058055,473.238095238,1038.0
14:58:08,3037.0,3055.2429002,7.74611009009,13.3333333333,194.0,0,25.5057954893,88.0,43.4198746643,397.428571429,1238.0
14:58:09,3036.0,3055.23221267,7.73661129442,12.5,852.0,0,25.4829094019,190.0,29.3501048218,534.476190476,1396.0
14:58:09,3036.0,3055.22153108,7.72707876362,12.5,1022.0,0,25.4515110791,516.0,47.1657754011,690.19047619,1838.0
14:58:10,3035.0,3055.21030001,7.71710453921,11.7647058824,514.0,0,25.4270330781,-210.0,63.1489841987,658.952380952,1020.0
14:58:10,3036.0,3055.19963059,7.70750271301,12.5,526.0,0,25.387031334,-66.0,70.5789473684,640.476190476,828.0
14:58:11,3036.0,3055.18896709,7.69679526363,12.5,622.0,0,25.3517630554,-82.0,71.8498659517,637.238095238,436.0
14:58:11,3035.0,3055.17775411,7.68778431673,11.7647058824,1560.0,0,25.3304260848,646.0,58.6734693878,905.333333333,994.0
14:58:12,3035.0,3055.16654736,7.67766449506,11.7647058824,1710.0,0,25.2970823561,252.0,53.2079274437,1151.23809524,1056.0
14:58:12,3036.0,3055.15590223,7.66792247666,12.5,1438.0,0,25.2566616491,12.0,41.5070643642,1278.57142857,552.0
14:58:13,3035.0,3055.14470762,7.65880792367,11.7647058824,1152.0,0,25.2349519726,304.0,40.4394977169,1304.38095238,1066.0
14:58:13,3035.0,3055.13351922,7.64965927084,11.7647058824,1280.0,0,25.2048081411,992.0,39.0105642876,1336.38095238,2124.0
14:58:14,3034.0,3055.12178164,7.64117541537,11.1111111111,1518.0,0,25.1851529841,486.0,35.7126357126,1400.47619048,2692.0
14:58:14,3034.0,3055.11005058,7.63157377019,11.1111111111,3622.0,0,25.1535061641,446.0,30.5223880597,2023.04761905,2492.0
14:58:15,3034.0,3055.09832603,7.62193472085,11.1111111111,1132.0,0,25.1217360608,-238.0,19.2664168803,1836.0,2002.0
14:58:15,3034.0,3055.08660799,7.61334597663,11.1111111111,2006.0,0,25.093427741,1014.0,19.4584500467,1926.19047619,3004.0
14:58:16,3034.0,3055.07489646,7.60472317091,11.1111111111,898.0,0,25.0650071553,-252.0,20.8875286917,1672.76190476,2448.0
14:58:16,3034.0,3055.06319144,7.59606618769,11.1111111111,1526.0,0,25.0364739212,150.0,24.1450196225,1610.85714286,1606.0
14:58:17,3034.0,3055.05149291,7.58843120773,11.1111111111,1246.0,0,25.0113091883,556.0,22.2627037392,1457.23809524,1676.0
14:58:17,3033.0,3055.03924549,7.58150275016,10.5263157895,1060.0,0,24.9967120018,276.0,32.6893746823,1263.42857143,1506.0
14:58:18,3030.0,3055.02533866,7.57591757369,9.09090909091,13376.0,0,25.003028296,4704.0,-50.815433572,4710.47619048,6448.0
14:58:18,3031.0,3055.01199495,7.57051223865,9.52380952381,6880.0,0,24.97694569,-3868.0,-40.6894527602,5718.47619048,1566.0
14:58:19,3033.0,3054.99976946,7.56349088499,10.5263157895,4344.0,0,24.9373257006,-778.0,-27.5206340274,5769.80952381,1040.0
14:58:19,3032.0,3054.98699536,7.55721321175,10.0,2444.0,0,24.9248456852,-830.0,-29.378762067,5114.19047619,60.0
14:58:20,3031.0,3054.97367295,7.55274391619,9.52380952381,2200.0,0,24.918323709,-276.0,-25.7611756424,4345.14285714,-772.0
14:58:20,3032.0,3054.96091335,7.54842686068,10.0,1462.0,0,24.8958669547,-60.0,-25.3457521874,3319.80952381,-1108.0
14:58:21,3031.0,3054.94760542,7.54489507327,9.52380952381,1176.0,16.6666666667,24.8924284832,-550.0,36.7412370763,2193.61904762,-6362.0
14:58:21,3033.0,3054.9354157,7.54070845151,19.0476190476,486.0,0,24.8622105226,-24.0,54.1941875826,1451.23809524,-2518.0
14:58:22,3033.0,3054.92323274,7.53741887228,19.0476190476,554.0,0,24.8513645641,-236.0,44.4844989185,1032.76190476,-1976.0
14:58:22,3033.0,3054.91105655,7.53499202794,19.0476190476,326.0,0,24.843363099,-84.0,50.5480335268,729.619047619,-1230.0
14:58:23,3033.0,3054.89888712,7.5325445701,19.0476190476,590.0,0,24.83529367,-76.0,48.7592511972,602.761904762,-1030.0
14:58:23,3032.0,3054.88616905,7.53085011105,15.0,776.0,0,24.8378961446,-266.0,48.7205731832,605.714285714,-1236.0
14:58:24,3032.0,3054.87345804,7.52824754582,15.0,716.0,0,24.8293124862,244.0,50.0870069606,624.19047619,-442.0
14:58:24,3033.0,3054.86130949,7.52484915869,19.0476190476,566.0,0,24.8099213937,-88.0,40.731292517,621.714285714,-506.0
14:58:25,3032.0,3054.84861229,7.5212759129,15.0,822.0,0,24.806318974,330.0,37.1707060063,688.571428571,60.0
14:58:25,3032.0,3054.83592214,7.51860488684,15.0,888.0,0,24.7975095212,44.0,51.5603487838,761.523809524,188.0
14:58:26,3031.0,3054.82268364,7.51672086188,10.5263157895,792.0,0,24.799474965,98.0,53.2236842105,780.285714286,362.0
14:58:26,3032.0,3054.8100079,7.51489531153,15.0,652.0,0,24.7852747742,178.0,53.2236248873,749.428571429,806.0
14:58:27,3032.0,3054.79733919,7.51304852047,15.0,272.0,0,24.7791837746,-48.0,54.9098196393,615.904761905,514.0
14:58:27,3032.0,3054.78467752,7.51118047305,15.0,2140.0,0,24.7730226684,138.0,73.1584620913,1037.23809524,740.0
14:58:28,3031.0,3054.77146748,7.50920668966,10.5263157895,1324.0,0,24.7746838986,762.0,74.5550428477,1150.47619048,1172.0
14:58:28,3031.0,3054.75826477,7.50810339497,10.5263157895,754.0,0,24.7710438633,240.0,70.205594877,1076.95238095,1368.0
14:58:29,3031.0,3054.7450694,7.5078353927,10.5263157895,432.0,0,24.7701596592,30.0,68.1736634374,917.80952381,1300.0
14:58:29,3031.0,3054.73188136,7.50754656851,10.5263157895,574.0,0,24.7692067585,90.0,66.9941775837,816.380952381,1212.0
14:58:30,3031.0,3054.71870064,7.50723691999,10.5263157895,2076.0,0,24.7681851534,48.0,59.6712328767,1147.80952381,1308.0
14:58:30,3032.0,3054.70608265,7.50609990624,15.0,256.0,0,24.7562661815,10.0,43.2053175776,873.333333333,1180.0
14:58:31,3033.0,3054.69402706,7.50499584639,19.0476190476,434.0,0,24.7444637204,-52.0,42.1122403889,739.428571429,366.0
14:58:31,3032.0,3054.68142277,7.50464238523,15.0,820.0,0,24.7514590542,-300.0,41.0714285714,758.19047619,-174.0
14:58:32,3033.0,3054.66938088,7.50503678094,19.0476190476,1610.0,0,24.7445986843,-438.0,26.0658578856,999.523809524,-642.0
14:58:32,3032.0,3054.65679028,7.50689497363,15.0,584.0,0,24.7588884354,140.0,13.1141868512,891.619047619,-592.0
14:58:33,3033.0,3054.64476207,7.50796901735,19.0476190476,340.0,0,24.7542664601,54.0,1.97823936697,713.523809524,-586.0
14:58:33,3033.0,3054.63274054,7.50970316768,19.0476190476,290.0,0,24.7599840675,86.0,6.03236880824,603.80952381,-510.0
14:58:34,3033.0,3054.62072569,7.51206116095,19.0476190476,792.0,0,24.767758526,156.0,19.3868349865,635.904761905,-302.0
14:58:34,3031.0,3054.60760671,7.51597210801,10.5263157895,432.0,0,24.7970046454,-104.0,18.7005928854,548.095238095,-106.0
14:58:35,3032.0,3054.59505041,7.51906391928,15.0,222.0,0,24.7990234805,22.0,45.1503759398,418.761904762,354.0
14:58:35,3032.0,3054.58250109,7.52330748777,15.0,568.0,0,24.8130194188,248.0,68.8729198185,454.380952381,462.0
14:58:36,3031.0,3054.56940334,7.52776980319,10.5263157895,878.0,0,24.8359280871,474.0,55.279698303,579.333333333,882.0
14:58:36,3032.0,3054.55686827,7.53141563903,15.0,1182.0,0,24.8397613424,430.0,50.9327442317,765.523809524,1226.0
14:58:37,3032.0,3054.54434015,7.53504569198,15.0,226.0,0,24.8517338126,-70.0,42.5028506271,636.095238095,1000.0
14:58:37,3032.0,3054.531819,7.53805733152,15.0,522.0,0,24.8616666607,268.0,36.0200111173,618.19047619,1372.0
14:58:38,3031.0,3054.5187494,7.54403958474,10.5263157895,602.0,0,24.8896060203,198.0,41.9808949221,618.857142857,1548.0
14:58:38,3032.0,3054.50624245,7.54871675792,15.0,438.0,0,24.8968230802,92.0,51.0395010395,554.571428571,1392.0
14:58:39,3032.0,3054.49374246,7.55337852112,15.0,680.0,0,24.9121982887,-116.0,48.6575342466,565.619047619,802.0
14:58:39,3032.0,3054.4812494,7.55851714322,15.0,294.0,0,24.9291462507,148.0,49.3120926865,475.80952381,520.0
14:58:40,3032.0,3054.46876329,7.56364048129,15.0,408.0,0,24.9460438037,88.0,44.1576086957,460.857142857,678.0
14:58:40,3032.0,3054.45628411,7.56825629819,15.0,188.0,0,24.9612674742,22.0,49.5785440613,374.380952381,432.0
14:58:41,3033.0,3054.44436726,7.57259434461,19.0476190476,1338.0,0,24.9673404043,-870.0,3.5863717872,632.380952381,-636.0
14:58:41,3032.0,3054.43190163,7.57767285179,15.0,1044.0,0,24.9923247091,44.0,5.97165991902,771.333333333,-684.0
14:58:42,3032.0,3054.41944292,7.58224379637,15.0,310.0,0,25.0074003838,268.0,12.4511446119,671.714285714,-300.0
14:58:42,3032.0,3054.40699114,7.5862704121,15.0,424.0,0,25.0206807787,182.0,22.1982758621,622.285714286,-266.0
14:58:43,3032.0,3054.39454627,7.58971586819,15.0,244.0,0,25.0320444202,194.0,28.5231116122,515.238095238,-160.0
14:58:43,3032.0,3054.38210831,7.59371181848,15.0,344.0,0,25.0452236757,242.0,34.1792656587,444.571428571,60.0
14:58:44,3031.0,3054.36912185,7.59791320746,10.5263157895,610.0,0,25.0673480945,358.0,79.6370967742,442.476190476,1288.0
14:58:44,3033.0,3054.35725342,7.60056223046,19.0476190476,456.0,0,25.0595523589,244.0,91.541038526,431.047619048,1488.0
14:58:45,3032.0,3054.34483617,7.60394601912,15.0,658.0,0,25.0789776356,-298.0,69.3713450292,505.333333333,922.0
14:58:45,3032.0,3054.33242582,7.60671144126,15.0,402.0,0,25.088098421,-100.0,62.0486366986,489.904761905,640.0
14:58:46,3031.0,3054.31946696,7.61024516059,10.5263157895,764.0,0,25.1080341821,138.0,59.4928880643,578.952380952,584.0
14:58:46,3031.0,3054.3065153,7.61312207315,10.5263157895,340.0,0,25.1175258104,-10.0,57.0278637771,522.095238095,332.0
14:58:47,3032.0,3054.29412623,7.61519914544,15.0,214.0,0,25.1160921683,40.0,52.3641496119,429.428571429,14.0
14:58:47,3032.0,3054.28174404,7.61726024411,15.0,284.0,0,25.1228899872,146.0,46.9571750564,375.619047619,-84.0
14:58:48,3032.0,3054.26936874,7.61930538213,15.0,388.0,0,25.1296351653,78.0,59.7826086957,359.714285714,292.0
14:58:48,3031.0,3054.2564449,7.62143820373,10.5263157895,636.0,0,25.1449627309,-62.0,68.9261233816,427.523809524,330.0
14:58:49,3032.0,3054.24408364,7.62277325814,15.0,410.0,0,25.1410727511,-112.0,63.0281690141,419.619047619,80.0
14:58:49,3032.0,3054.23172925,7.62409188581,15.0,308.0,0,25.145421787,-84.0,60.2678571429,399.428571429,6.0
14:58:50,3031.0,3054.21882632,7.62617317427,10.5263157895,1712.0,0,25.1605845406,-768.0,65.3825575174,781.904761905,-802.0
14:58:50,3032.0,3054.20648595,7.62674375426,15.0,176.0,0,25.154168055,-54.0,64.7107438017,654.19047619,-1002.0
14:58:51,3032.0,3054.19415244,7.62801233252,15.0,312.0,0,25.1583520202,76.0,62.6617895329,570.476190476,-1004.0
14:58:51,3031.0,3054.18127038,7.62932669695,10.5263157895,120.0,0,25.1709887725,-4.0,55.6616194865,435.523809524,-946.0
14:58:52,3032.0,3054.16895087,7.63056167839,15.0,354.0,0,25.166760153,218.0,66.9014084507,392.0,-616.0
14:58:52,3032.0,3054.15663821,7.63178028334,15.0,514.0,0,25.1707792986,36.0,56.3048933501,396.857142857,-496.0
14:58:53,3033.0,3054.14488779,7.63292279646,19.0476190476,358.0,0,25.1662472682,-88.0,36.1504907306,347.333333333,184.0
14:58:53,3033.0,3054.13314389,7.63405054349,19.0476190476,1822.0,0,25.1699655242,354.0,20.3448275862,780.571428571,592.0
14:58:54,3033.0,3054.12140651,7.6358074593,19.0476190476,214.0,0,25.1757581909,-14.0,23.8320520402,676.0,502.0
14:58:54,3033.0,3054.10967566,7.63690598506,19.0476190476,806.0,0,25.1793801024,-342.0,38.790560472,745.238095238,164.0
14:58:55,3033.0,3054.09795132,7.63863421293,19.0476190476,534.0,0,25.1850781831,-240.0,27.3540489642,704.095238095,-294.0
14:58:55,3033.0,3054.08623349,7.63970354747,19.0476190476,330.0,0,25.1886038492,60.0,38.4842519685,596.095238095,-270.0
14:58:56,3033.0,3054.07452217,7.64140312159,19.0476190476,808.0,0,25.1942074566,-186.0,48.8701816571,633.428571429,-368.0
14:58:56,3033.0,3054.06281735,7.64369729472,19.0476190476,88.0,0,25.2017714959,36.0,74.5323741007,443.619047619,-686.0
14:58:57,3033.0,3054.05111903,7.64597770073,19.0476190476,148.0,0,25.2092901442,-78.0,75.4605747973,353.523809524,-750.0
14:58:57,3033.0,3054.03942721,7.64881713904,19.0476190476,224.0,0,25.2186519586,-194.0,59.3808630394,288.285714286,-602.0
14:58:58,3033.0,3054.02774189,7.65164317058,19.0476190476,284.0,0,25.22796957,-102.0,75.2391073326,267.904761905,-464.0
14:58:58,3033.0,3054.01606306,7.65388273935,19.0476190476,260.0,0,25.2353535752,-104.0,62.3620309051,252.571428571,-628.0
14:58:59,3034.0,3054.00494611,7.65598529273,22.7272727273,1308.0,0,25.2339660274,-1036.0,68.8581314879,540.0,-1478.0
14:58:59,3033.0,3053.99327993,7.65819820136,19.0476190476,1996.0,0,25.2495819366,-1098.0,80.0473933649,1000.19047619,-2612.0
14:59:00,3034.0,3053.98217564,7.66027559701,22.7272727273,718.0,0,25.2481067799,-558.0,79.2066805845,1004.38095238,-3092.0
14:59:00,3033.0,3053.97052211,7.66357326884,19.0476190476,1542.0,0,25.2673038867,-1310.0,61.8205631958,1216.85714286,-4208.0
14:59:01,3033.0,3053.95887506,7.6673592632,19.0476190476,512.0,0,25.2797865585,-276.0,61.9002525253,1072.28571429,-4382.0
14:59:01,3033.0,3053.94723447,7.67063097486,19.0476190476,396.0,0,25.2905736065,-8.0,64.7095179234,883.714285714,-4286.0
14:59:02,3034.0,3053.93615575,7.67369834038,22.7272727273,940.0,0,25.2923478589,-340.0,52.3263433814,844.095238095,-3590.0
14:59:02,3034.0,3053.92508319,7.67675418788,22.7272727273,732.0,0,25.3024198678,-244.0,36.8595041322,762.571428571,-2736.0
14:59:03,3034.0,3053.91401677,7.68026418977,22.7272727273,1732.0,0,25.31398876,-306.0,48.5480013666,1026.95238095,-2484.0
14:59:03,3034.0,3053.9029565,7.6837629379,22.7272727273,586.0,0,25.32552056,174.0,64.3936300531,915.619047619,-1000.0
14:59:04,3034.0,3053.89190237,7.6880736562,22.7272727273,312.0,0,25.3397285966,-60.0,65.3895274585,771.523809524,-784.0
14:59:04,3034.0,3053.88085438,7.69197993022,22.7272727273,272.0,0,25.3526035933,42.0,62.3087013555,625.523809524,-734.0
14:59:05,3034.0,3053.86981253,7.6958751979,22.7272727273,424.0,0,25.3654423135,248.0,72.0551996057,528.857142857,-146.0
14:59:05,3034.0,3053.85877681,7.69932957138,22.7272727273,796.0,0,25.3768278556,260.0,77.3896166909,563.047619048,358.0
14:59:06,3033.0,3053.84719182,7.70299452754,19.0476190476,416.0,0,25.3972783631,244.0,61.4397719173,485.619047619,908.0
14:59:06,3032.0,3053.83505786,7.70783619518,15.0,196.0,0,25.421623335,82.0,62.417218543,408.0,816.0
14:59:07,3032.0,3053.82293064,7.71219772503,15.0,340.0,0,25.4360083279,22.0,63.4206219312,390.095238095,898.0
14:59:07,3033.0,3053.81136556,7.71628988261,19.0476190476,1926.0,0,25.4411140211,762.0,50.317227916,824.0,1618.0
14:59:08,3031.0,3053.7986961,7.72184738799,10.5263157895,778.0,0,25.4762368459,48.0,49.2812219227,851.142857143,1418.0
14:59:08,3032.0,3053.78658908,7.72663341235,15.0,410.0,0,25.4836194339,74.0,40.4820462371,756.285714286,1232.0
14:59:09,3031.0,3053.77393338,7.73216075082,10.5263157895,330.0,0,25.5102631172,206.0,43.3165829146,656.952380952,1194.0
14:59:09,3032.0,3053.76184011,7.73645193744,15.0,892.0,0,25.5160024322,-50.0,62.2754491018,722.285714286,1062.0
14:59:10,3032.0,3053.74975355,7.74119571087,15.0,324.0,0,25.5316481229,22.0,58.7124463519,592.19047619,1062.0
14:59:10,3032.0,3053.73767371,7.74592573112,15.0,338.0,0,25.5472484536,72.0,75.9114583333,466.857142857,372.0
14:59:11,3033.0,3053.72615598,7.74945923542,19.0476190476,1714.0,18.6046511628,25.5504755536,1028.0,78.5429141717,810.285714286,1352.0
14:59:11,3034.0,3053.71520005,7.75276724789,26.3157894737,584.0,0,25.5529573101,0.0,73.1229076997,786.285714286,1278.0
14:59:12,3033.0,3053.7036948,7.75674346203,22.2222222222,1064.0,0,25.5744921267,440.0,43.409275834,891.142857143,1512.0
14:59:12,3033.0,3053.69219594,7.76113854584,22.2222222222,550.0,0,25.5889830064,120.0,16.7905553126,814.19047619,1682.0
14:59:13,3032.0,3053.68014807,7.76698993426,21.0526315789,250.0,0,25.6167214191,42.0,21.5555555555,667.80952381,1702.0
14:59:13,3033.0,3053.66866229,7.77136044782,22.2222222222,838.0,0,25.6226852879,-292.0,36.24,692.952380952,1338.0
14:59:14,3033.0,3053.65718289,7.77571896858,22.2222222222,426.0,0,25.6370556168,148.0,27.1551724138,576.571428571,458.0
14:59:14,3033.0,3053.64570986,7.78046104013,22.2222222222,478.0,0,25.6526905378,-380.0,31.9467554076,536.380952381,78.0
14:59:15,3034.0,3053.63479861,7.78451642606,26.3157894737,422.0,0,25.6576019317,-202.0,69.4331983806,485.238095238,-564.0
14:59:15,3034.0,3053.62389342,7.78816568207,26.3157894737,262.0,0,25.6696298025,-120.0,81.3901345291,418.952380952,-804.0
14:59:16,3033.0,3053.61243888,7.79204651481,22.2222222222,1062.0,0,25.690888608,128.0,62.3279816514,594.952380952,-718.0
14:59:16,3033.0,3053.6009907,7.79591528056,22.2222222222,638.0,0,25.7036441825,-44.0,36.2530413625,611.142857143,-470.0
14:59:17,3033.0,3053.58954889,7.7997719973,22.2222222222,354.0,0,25.7163600307,150.0,33.8308457711,555.714285714,-468.0
14:59:17,3033.0,3053.57811343,7.80404844584,22.2222222222,1922.0,0,25.7304597621,-988.0,89.1416309013,951.714285714,-1076.0
14:59:18,3034.0,3053.56723972,7.80721016468,26.3157894737,1492.0,0,25.7324000154,-354.0,98.4293193717,1156.0952381,-1228.0
14:59:18,3033.0,3053.55581665,7.8110315904,22.2222222222,674.0,0,25.7534836479,-532.0,100.651253663,1075.80952381,-1640.0
14:59:19,3034.0,3053.54495532,7.81417119903,26.3157894737,1514.0,0,25.7553434378,-888.0,107.612981498,1215.9047619,-2656.0
14:59:19,3034.0,3053.53410003,7.81683226055,26.3157894737,774.0,0,25.7641142404,-396.0,107.310549777,1123.04761905,-3008.0
14:59:20,3035.0,3053.52380616,7.81931700607,30.0,174.0,0,25.7638122111,-48.0,106.473282443,852.285714286,-3206.0
14:59:20,3033.0,3053.51240722,7.82309306528,22.2222222222,1464.0,0,25.7932511219,-644.0,61.8516086671,958.666666667,-2862.0
14:59:21,3033.0,3053.5010146,7.82685720772,22.2222222222,504.0,0,25.8056617465,156.0,43.4169278997,812.571428571,-2352.0
14:59:21,3033.0,3053.48962831,7.83060945057,22.2222222222,322.0,0,25.8180331374,-232.0,38.3838383838,661.523809524,-2052.0
14:59:22,3034.0,3053.47880374,7.83321512421,26.3157894737,636.0,0,25.8181118135,-310.0,29.42694889,616.952380952,-1474.0
14:59:22,3033.0,3053.46742979,7.83597165479,22.2222222222,560.0,0,25.8357126765,-224.0,29.2349726776,592.476190476,-1302.0
14:59:23,3033.0,3053.45606215,7.83921999064,22.2222222222,812.0,0,25.846422653,-150.0,28.7575616566,650.19047619,-1404.0
14:59:23,3033.0,3053.44470083,7.84195199623,22.2222222222,400.0,0,25.8554302546,222.0,38.1570810142,559.80952381,-538.0
14:59:24,3033.0,3053.43334582,7.8446716799,22.2222222222,408.0,0,25.8643972301,230.0,45.5704270236,522.380952381,-464.0
14:59:24,3033.0,3053.42199711,7.84737905448,22.2222222222,538.0,0,25.8733236218,234.0,49.6124031008,526.666666667,2.0
14:59:25,3033.0,3053.41065471,7.85057888386,22.2222222222,884.0,0,25.8838736692,-22.0,41.7545807884,619.523809524,290.0
14:59:25,3032.0,3053.3987632,7.85446436217,21.0526315789,224.0,0,25.9052254689,124.0,46.9075321494,512.0,638.0
14:59:26,3033.0,3053.3874337,7.85763959469,22.2222222222,328.0,0,25.907153296,262.0,53.9180445722,450.19047619,1050.0
14:59:26,3032.0,3053.3755551,7.86099418346,21.0526315789,312.0,0,25.9267618188,110.0,58.7230883445,406.857142857,938.0
14:59:27,3032.0,3053.36368309,7.86484049248,21.0526315789,382.0,0,25.9394475346,-24.0,52.323838081,387.714285714,684.0
14:59:27,3033.0,3053.35237307,7.86797852762,22.2222222222,390.0,0,25.9412414363,-64.0,49.126984127,372.095238095,386.0
14:59:28,3032.0,3053.34051394,7.87179909472,21.0526315789,684.0,0,25.9623980697,-76.0,45.4310344828,447.523809524,332.0
14:59:28,3033.0,3053.32921679,7.87440718913,22.2222222222,520.0,0,25.9624371551,36.0,47.629969419,485.619047619,244.0
14:59:29,3032.0,3053.31737051,7.87715541735,21.0526315789,278.0,0,25.9800640414,-64.0,42.8682774747,440.476190476,-82.0
14:59:29,3032.0,3053.30553082,7.88093691554,21.0526315789,292.0,0,25.9925360011,-146.0,41.4768263943,401.714285714,-338.0
14:59:30,3032.0,3053.2936977,7.8847052874,21.0526315789,746.0,0,26.0049646682,144.0,33.1271477663,493.619047619,-170.0
14:59:30,3031.0,3053.28131575,7.88918700043,20.0,494.0,0,26.0283305854,-58.0,34.9701393497,496.19047619,-164.0
14:59:31,3032.0,3053.26949608,7.89292849918,21.0526315789,460.0,0,26.0320860791,-62.0,38.853046595,484.095238095,-150.0
14:59:31,3032.0,3053.25768298,7.89665692959,21.0526315789,460.0,0,26.0443830131,-122.0,37.5091575092,482.666666667,-308.0
14:59:32,3032.0,3053.24587643,7.90037231014,21.0526315789,936.0,0,26.0566369068,112.0,40.6729634002,620.095238095,-132.0
14:59:32,3032.0,3053.23407644,7.90407465926,21.0526315789,486.0,0,26.0688478208,310.0,45.5053042993,597.619047619,324.0
14:59:33,3031.0,3053.22172761,7.90895823059,20.0,1154.0,0,26.093560642,-408.0,42.305764411,756.761904762,-228.0
14:59:33,3032.0,3053.20994104,7.91310531981,21.0526315789,498.0,0,26.0986323213,-146.0,40.9614421632,709.047619048,-316.0
14:59:34,3032.0,3053.19816101,7.91676824496,21.0526315789,856.0,0,26.110713209,368.0,39.7494305239,763.428571429,114.0
14:59:34,3031.0,3053.18583212,7.92113908269,20.0,1364.0,0,26.1337482108,-266.0,47.0154892331,944.095238095,-30.0
14:59:35,3032.0,3053.17406548,7.92524702657,21.0526315789,154.0,0,26.1386775283,-36.0,47.3625886525,736.0,-178.0
14:59:35,3032.0,3053.16230538,7.92934224519,21.0526315789,296.0,0,26.152184186,42.0,44.7709393799,605.714285714,-446.0
14:59:36,3032.0,3053.15055181,7.93295302835,21.0526315789,770.0,0,26.1640931014,234.0,54.8247841544,619.904761905,196.0
14:59:36,3032.0,3053.13880476,7.93655092994,21.0526315789,908.0,0,26.1759595315,160.0,45.3771849126,691.80952381,502.0
14:59:37,3032.0,3053.12706425,7.94013596748,21.0526315789,1012.0,0,26.1877835339,110.0,42.6731793961,773.904761905,244.0
14:59:37,3033.0,3053.11588565,7.94302627202,22.2222222222,446.0,0,26.1886787736,-192.0,26.9380925823,686.857142857,318.0
14:59:38,3032.0,3053.10415786,7.94705850059,21.0526315789,548.0,0,26.2106151075,124.0,33.7185929648,672.666666667,478.0
14:59:38,3033.0,3053.09299198,7.95039749278,22.2222222222,708.0,0,26.212982172,-162.0,31.2386156648,685.428571429,274.0
14:59:39,3032.0,3053.08127691,7.95440517753,21.0526315789,336.0,0,26.2348455723,10.0,31.9858514401,572.285714286,50.0
14:59:39,3032.0,3053.06956834,7.95840028574,21.0526315789,928.0,0,26.2480220506,340.0,21.8702865762,648.952380952,230.0
14:59:40,3032.0,3053.05786628,7.96238283632,21.0526315789,396.0,0,26.2611571119,-24.0,29.8631766805,572.666666667,96.0
14:59:40,3032.0,3053.04617071,7.96635284811,21.0526315789,1150.0,0,26.2742508183,-618.0,39.6458435809,741.142857143,-330.0
14:59:41,3033.0,3053.03503704,7.97007084793,22.2222222222,478.0,0,26.2778465148,-86.0,42.8428428428,684.095238095,-540.0
14:59:41,3033.0,3053.02390956,7.97377781474,22.2222222222,912.0,0,26.2900686276,274.0,47.8571428571,754.380952381,-104.0
14:59:42,3033.0,3053.01278825,7.97787700631,22.2222222222,308.0,0,26.3035839311,-68.0,44.343240652,642.380952381,-182.0
14:59:42,3033.0,3053.00167312,7.98156206671,22.2222222222,436.0,0,26.315733817,-208.0,60.1630434783,568.285714286,-730.0
14:59:43,3032.0,3052.99000877,7.98631444669,21.0526315789,1528.0,0,26.3400872252,-1312.0,41.8952618454,829.619047619,-2018.0
14:59:43,3032.0,3052.97835089,7.9910547211,21.0526315789,1890.0,0,26.3557213756,-978.0,55.6916426513,1140.47619048,-2378.0
14:59:44,3033.0,3052.96725489,7.99470588234,22.2222222222,190.0,0,26.3590698396,28.0,53.4954407295,930.380952381,-2264.0
14:59:44,3033.0,3052.95616505,7.99874978175,22.2222222222,162.0,0,26.3724028412,26.0,52.4147097918,726.0,-2512.0
14:59:45,3033.0,3052.94508137,8.00237919868,22.2222222222,1334.0,0,26.384369267,-708.0,31.6245487365,892.19047619,-3152.0
14:59:45,3032.0,3052.93344844,8.00707321858,21.0526315789,768.0,0,26.4085528317,-178.0,27.7929155313,847.80952381,-3122.0
14:59:46,3032.0,3052.92182198,8.0113513169,21.0526315789,628.0,0,26.4226626547,-176.0,31.7779565567,747.619047619,-1986.0
14:59:46,3032.0,3052.91020197,8.01602128379,21.0526315789,676.0,0,26.4380649202,-66.0,1.70303352847,704.0,-1074.0
14:59:47,3032.0,3052.89858842,8.02027521387,21.0526315789,364.0,0,26.4520950325,-192.0,3.35707019328,629.047619048,-1294.0
14:59:47,3031.0,3052.88642592,8.02522054137,20.0,970.0,0,26.4771380448,-58.0,21.94092827,718.952380952,-1378.0
14:59:48,3032.0,3052.87482557,8.02944960965,21.0526315789,1624.0,0,26.4823535938,-160.0,63.9363817097,957.238095238,-830.0
14:59:48,3032.0,3052.86323166,8.03366661653,21.0526315789,426.0,0,26.4962619279,-12.0,79.0955631399,839.428571429,-664.0
14:59:49,3032.0,3052.8516442,8.03787158099,21.0526315789,578.0,0,26.5101305442,244.0,91.1168607158,781.333333333,-244.0
14:59:49,3032.0,3052.84006317,8.04206452192,21.0526315789,762.0,0,26.523959505,-80.0,83.4885690093,778.19047619,-258.0
14:59:50,3032.0,3052.82848857,8.04624545811,21.0526315789,500.0,0,26.5377488724,128.0,75.7201646091,696.095238095,62.0
14:59:50,3031.0,3052.816365,8.05111379458,20.0,906.0,0,26.5625661319,208.0,53.586321935,723.523809524,328.0
14:59:51,3031.0,3052.80424816,8.05596875856,20.0,1098.0,0,26.578583829,430.0,32.6463700234,808.857142857,918.0
14:59:51,3032.0,3052.79269346,8.06011246111,21.0526315789,1746.0,0,26.5834843704,-836.0,18.8193202147,1104.38095238,94.0
14:59:52,3031.0,3052.78058977,8.06534642069,20.0,952.0,0,26.609522998,500.0,2.95103957075,1110.19047619,350.0
14:59:52,3031.0,3052.7684928,8.07016221707,20.0,402.0,0,26.6254114717,210.0,2.17701641684,941.047619048,640.0
14:59:53,3031.0,3052.75640255,8.07536978857,20.0,646.0,0,26.642592506,-114.0,2.99130434782,858.761904762,398.0
14:59:53,3031.0,3052.74431902,8.08093492005,20.0,372.0,0,26.6609532169,62.0,12.231595092,691.238095238,252.0
14:59:54,3032.0,3052.7327976,8.08579286274,21.0526315789,724.0,0,26.668182265,34.0,11.6067740603,649.714285714,-144.0
14:59:54,3032.0,3052.72128257,8.09063930523,21.0526315789,772.0,0,26.684166574,232.0,7.44570837643,639.714285714,924.0
14:59:55,3031.0,3052.70921855,8.09616705532,20.0,272.0,0,26.7112077048,-148.0,18.5069008783,533.238095238,276.0
14:59:55,3031.0,3052.69716122,8.10168188129,20.0,360.0,0,26.7294024457,96.0,23.9033693579,484.285714286,162.0
14:59:56,3031.0,3052.68511059,8.1071838095,20.0,834.0,0,26.7475546338,-288.0,23.1553689262,572.761904762,-12.0
14:59:56,3030.0,3052.67251125,8.11302655751,19.0476190476,1744.0,0,26.7756652063,-350.0,54.9936251594,912.285714286,-424.0
14:59:57,3030.0,3052.65991891,8.11922576871,19.0476190476,890.0,0,26.7961246492,-8.0,63.1362889983,942.476190476,-466.0
14:59:57,3031.0,3052.64788896,8.12468755335,20.0,1502.0,0,26.8053037062,736.0,61.7815066048,1139.61904762,38.0
14:59:58,3031.0,3052.63586569,8.13013654825,20.0,1368.0,0,26.8232812545,168.0,57.2558972828,1263.71428571,354.0
14:59:58,3031.0,3052.62384911,8.13520162494,20.0,742.0,0,26.8399921641,206.0,56.2853107345,1156.76190476,464.0
15:00:00,3031.0,3052.61183919,8.14096215061,20.0,1996.0,0,26.8589975276,24.0,44.8798835234,1389.9047619,776.0
15:00:00,3031.0,3052.59983595,8.1467100788,20.0,0.0,0,26.8779613289,0.0,0,997.428571429,1126.0
15:00:00,3031.0,3052.58783937,8.15244543616,20.0,0.0,0,26.8968836561,0.0,0,688.0,1134.0
15:00:00,3031.0,3052.57584946,8.15847139822,20.0,0.0,0,26.9167647582,0.0,0,420.952380952,398.0
